SBER	
Сбербанк
82 314	
14 152 323 783	
184,21	
183,2	
182	
185,47	
184,78
LKOH	
ЛУКОЙЛ
49 996	
8 971 266 558	
4 673	
4 596	
4 564	
4 734,5	
4 674,5
GAZP	
ГАЗПРОМ ао
53 547	
7 269 914 702	
179,79	
178,03	
177,5	
181,38	
180,06
ROSN	
Роснефть
54 461	
5 785 934 492	
315,25	
308	
304,2	
324,6	
321
SNGS	
Сургнфгз
47 655	
5 386 404 766	
34,14	
33,37	
32,71	
35,4	
35
GMKN	
ГМКНорНик
29 399	
5 201 673 024	
19 026	
19 128	
18 830	
19 244	
18 952
PLZL	
Полюс
40 545	
3 315 173 154	
10 402,5	
10 670	
9 952	
11 089	
10 038
SBERP	
Сбербанк-п
27 884	
2 335 372 600	
174,78	
172	
172	
175,93	
174,1
TATN	
Татнфт 3ао
30 677	
2 232 966 598	
538,5	
538,8	
532	
545,3	
544
SNGSP	
Сургнфгз-п
22 316	
2 049 324 320	
37,995	
37,58	
37,405	
38,49	
37,8
YNDX	
Yandex clA
29 293	
2 011 940 379	
2 634,8	
2 652	
2 591	
2 679,6	
2 605,8
ALRS	
АЛРОСА ао
41 530	
1 977 268 195	
63,04	
63	
61,76	
64,7	
63,43
NVTK	
Новатэк ао
20 100	
1 864 769 291	
898,8	
893,2	
883,2	
910	
891
VTBR	
ВТБ ао
46 846	
1 852 811 346	
0,031975	
0,03164	
0,03156	
0,03238	
0,03203
POLY	
Polymetal
28 445	
1 515 438 943	
1 317,8	
1 349,9	
1 282,3	
1 370,9	
1 283,5
MOEX	
МосБиржа
22 922	
1 461 379 113	
96,33	
95,78	
95,03	
97,24	
96,71
AFLT	
Аэрофлот
33 744	
1 409 078 912	
67,84	
67	
66,5	
68,3	
68
IRAO	
ИнтерРАОао
21 341	
1 390 026 569	
4,8725	
4,8	
4,747	
4,95	
4,9055
MGNT	
Магнит ао
20 211	
1 267 227 558	
3 150,5	
3 157	
3 116,5	
3 189,5	
3 140
CHMF	
СевСт-ао
18 546	
1 029 090 917	
855,2	
851,4	
845	
863,2	
848,4
MTSS	
МТС-ао
13 468	
1 017 474 479	
296,5	
297,6	
294	
299,75	
297
TATNP	
Татнфт 3ап
18 679	
1 004 906 796	
513,6	
506	
488,2	
520,8	
516
NLMK	
НЛМК ао
13 291	
927 642 987	
122,66	
122	
121,28	
124,18	
122,8
MAGN	
ММК
17 796	
803 071 235	
37,95	
37,73	
37,4	
38,485	
38,485
FIVE	
FIVE-гдр
13 434	
696 352 778	
2 116,5	
2 080	
2 036,5	
2 157,5	
2 135
HYDR	
РусГидро
19 369	
648 558 981	
0,5999	
0,593	
0,582	
0,6095	
0,6079
SIBN	
Газпрнефть
9 948	
558 287 521	
299,95	
298,2	
291,25	
302,8	
300,7
AFKS	
Система ао
15 438	
485 699 043	
12,869	
12,853	
12,529	
13,097	
12,93
RSTI	
Россети ао
14 430	
371 983 423	
1,1632	
1,14	
1,1381	
1,1756	
1,167
FEES	
ФСК ЕЭС ао
14 146	
351 622 036	
0,15882	
0,157	
0,15622	
0,1605	
0,15922
TCSG	
TCS-гдр
11 626	
318 614 198	
875,2	
878	
860	
898,8	
860,8
TRNFP	
Транснф ап
1 450	
305 622 000	
146 000	
145 300	
143 150	
147 900	
144 600
RTKM	
Ростел -ао
12 244	
297 961 007	
72,63	
74	
71,18	
74	
72
CBOM	
МКБ ао
15 177	
290 303 841	
5,412	
5,41	
5,374	
5,444	
5,402
RUAL	
RUSAL plc
15 127	
271 878 181	
24,59	
24,7	
24,11	
24,965	
24,755
DSKY	
ДетскийМир
14 087	
213 049 252	
89,7	
88,1	
86,54	
91,72	
90,12
OGKB	
ОГК-2 ао
13 176	
210 677 858	
0,5751	
0,5764	
0,5656	
0,5898	
0,5716
MTLR	
Мечел ао
16 572	
199 780 402	
60,2	
59,8	
58,98	
61,78	
59,76
PHOR	
ФосАгро ао
4 419	
183 783 814	
2 437	
2 470	
2 414	
2 470	
2 431
QIWI	
iQIWI
6 523	
101 297 005	
850	
879,5	
833,5	
879,5	
838
TGKA	
ТГК-1
6 459	
100 364 597	
0,009996	
0,009702	
0,009702	
0,010156	
0,01002
AKRN	
Акрон
1 409	
99 705 998	
5 972	
6 048	
5 936	
6 048	
5 970
RUGR	
Русгрэйн
19 985	
95 973 848	
9,44	
8,968	
8,5	
10,22	
9,36
BANEP	
Башнефт ап
3 778	
92 560 610	
1 310	
1 299,5	
1 283,5	
1 325,5	
1 318,5
LSRG	
ЛСР ао
6 555	
91 628 901	
583,2	
572,2	
567,2	
593	
589,8
UPRO	
Юнипро ао
4 198	
90 020 283	
2,533	
2,501	
2,482	
2,564	
2,54
TRMK	
ТМК ао
4 100	
88 231 455	
41,94	
41,46	
41,32	
42,32	
41,52
MSNG	
+МосЭнерго
2 934	
76 118 191	
1,8095	
1,829	
1,7915	
1,845	
1,815
SELG	
Селигдар
5 550	
72 468 391	
17,76	
16,09	
15,72	
19	
17,98
RASP	
Распадская
2 367	
70 125 761	
97,76	
97	
96,38	
98,64	
97,76
MTLRP	
Мечел ап
2 624	
64 987 555	
62,9	
63,2	
62	
64,15	
62,75
IRGZ	
ИркЭнерго
4 748	
62 814 902	
11,92	
9,18	
9,14	
13,34	
12,26
NKNCP	
НКНХ ап
3 251	
57 005 629	
82,34	
80,28	
80,28	
83,68	
82,3
RTKMP	
Ростел -ап
2 615	
56 811 505	
63,6	
62,5	
62,5	
64,6	
63,95
ENRU	
ЭнелРос ао
2 849	
50 151 368	
0,8565	
0,863	
0,8475	
0,8825	
0,854
LNTA	
Лента др
4 686	
43 918 949	
150,4	
150	
149,4	
152	
150,1
AGRO	
AGRO-гдр
3 107	
37 987 166	
583,4	
570	
569,6	
592,2	
578,6
MRKP	
МРСК ЦП
1 441	
29 291 019	
0,1534	
0,1529	
0,1491	
0,1573	
0,157
APTK	
Аптеки36и6
8 557	
26 669 532	
14,036	
14,2	
13,562	
14,25	
13,9
NKNC	
НКНХ ао
2 686	
25 021 012	
101,05	
95,45	
92,65	
104,95	
100,6
BANE	
Башнефт ао
1 202	
23 866 665	
1 524	
1 505	
1 500,5	
1 545,5	
1 530,5
MVID	
М.видео
1 251	
20 249 146	
388,1	
388,3	
385	
389,9	
385
ENPL	
ENPL-гдр
2 149	
19 455 127	
520,8	
522,8	
516,8	
533	
518,6
ENPG	
ЭН+ГРУП ао
94	
18 449 895	
550,5	
550	
548	
552,1	
551,9
GCHE	
ЧеркизГ-ао
1 077	
17 368 885	
1 889,5	
1 897	
1 840	
1 914,5	
1 905,5
GTRK	
ГТМ ао
2 647	
14 670 453	
32,15	
30,15	
28,3	
33,75	
32,55
PIKK	
ПИК ао
660	
14 333 213	
407,1	
405	
405	
410	
408,5
LIFE	
iФармсинтз
1 379	
13 974 717	
6,53	
6,5	
6,305	
6,86	
6,485
LNZL	
Лензолото
587	
13 918 910	
8 540	
8 750	
8 000	
8 750	
8 540
NMTP	
НМТП ао
2 478	
13 735 809	
8,71	
8,575	
8,535	
8,795	
8,65
SELGP	
Селигдар-п
959	
13 218 105	
28,1	
25,9	
25,9	
29,9	
27
FESH	
ДВМП ао
1 429	
10 826 806	
6,05	
5,72	
5,61	
6,5	
5,97
VSMO	
ВСМПО-АВСМ
277	
9 556 680	
19 160	
18 760	
18 580	
19 400	
19 080
ETLN	
ETLN-гдр
586	
8 646 885	
99,32	
99,44	
98,18	
100,98	
98,18
RSTIP	
Россети ап
544	
8 509 779	
1,375	
1,361	
1,321	
1,389	
1,377
MRKC	
МРСК Центр
539	
8 501 691	
0,2368	
0,236	
0,2342	
0,2384	
0,2376
KZOS	
ОргСинт ао
489	
8 114 180	
85,1	
84,1	
84	
85,5	
85
BSPB	
БСП ао
1 426	
6 277 520	
43,36	
43	
42,62	
43,75	
43,31
TGKB	
ТГК-2
388	
6 146 010	
0,003565	
0,00352	
0,003505	
0,00365	
0,00357
MRKV	
МРСКВол
553	
6 133 160	
0,06535	
0,0645	
0,0645	
0,06645	
0,0657
MSTT	
Мостотрест
740	
5 932 136	
141,6	
139,4	
138,05	
143,9	
142,65
SFIN	
САФМАР ао
546	
5 647 420	
458,4	
470,2	
453,4	
470,2	
457
CNTLP	
Телеграф-п
447	
5 528 784	
16,2	
15,88	
15,8	
16,64	
16,62
KRKNP	
СаратНПЗ-п
128	
5 240 160	
15 020	
15 060	
14 800	
15 360	
15 300
RNFT	
РуссНфт ао
1 836	
5 074 548	
459	
466	
447,6	
469	
460,2
TGKN	
ТГК-14
377	
4 772 680	
0,00298	
0,00294	
0,0029	
0,00319	
0,00295
LNZLP	
Лензол. ап
283	
4 675 705	
3 630	
3 710	
3 450	
3 710	
3 610
OBUV	
ОР ао
1 405	
4 166 076	
31,15	
31	
30,75	
31,85	
31,15
VRSBP	
ТНСэнВор-п
485	
4 104 850	
33	
26,5	
24	
37	
35
KMAZ	
КАМАЗ
577	
3 911 838	
50,9	
51,1	
50,5	
51,9	
51
ISKJ	
iИСКЧ ао
538	
3 698 649	
12,41	
11,74	
11,6	
13,18	
11,96
JNOS	
Славн-ЯНОС
116	
3 550 335	
15	
15,75	
14,9	
15,75	
15,3
MGTSP	
МГТС-4ап
322	
3 489 316	
2 198	
2 200	
2 168	
2 240	
2 180
GAZA	
ГАЗ ао
156	
3 340 805	
372	
383,5	
360	
399	
372
VRSB	
ТНСэнВорон
251	
2 858 420	
50,4	
47,6	
46,2	
53	
49,6
MSRS	
МОЭСК
337	
2 739 273	
0,973	
0,984	
0,96	
0,986	
0,9685
RGSS	
РГС СК ао
961	
2 601 367	
0,137	
0,1408	
0,134	
0,1408	
0,1372
AMEZ	
АшинскийМЗ
581	
2 436 679	
3,715	
3,75	
3,52	
3,78	
3,755
PAZA	
ПавлАвт ао
285	
2 370 800	
5 620	
5 210	
5 090	
6 240	
5 390
USBN	
УралСиб ао
322	
2 089 006	
0,0679	
0,0686	
0,0662	
0,07	
0,0692
SVAV	
СОЛЛЕРС
181	
1 823 070	
249,5	
254	
245	
254	
248
TTLK	
Таттел. ао
210	
1 714 515	
0,2565	
0,2595	
0,253	
0,2595	
0,259
RBCM	
РБК ао
349	
1 672 138	
2,91	
2,926	
2,898	
2,928	
2,918
PRTK	
ПРОТЕК ао
213	
1 376 305	
98,3	
97,7	
96	
99,2	
98,6
YAKG	
ЯТЭК ао
150	
1 370 580	
51,14	
52,48	
48,56	
53,88	
51,4
TGKD	
Квадра
345	
1 305 715	
0,002935	
0,002965	
0,0028	
0,003045	
0,002945
ALNU	
АЛРОСА-Нюр
27	
1 274 200	
47 200	
48 000	
46 600	
48 000	
46 800
RAVN	
Raven
68	
1 273 280	
29,8	
30,2	
26,6	
30,4	
29,8
KZOSP	
ОргСинт ап
951	
971 172	
10,91	
10,82	
10,5	
11,2	
11
MRKZ	
МРСК СЗ
328	
936 188	
0,044	
0,04365	
0,04295	
0,045	
0,04425
MOBB	
МосОблБанк
172	
935 279	
2,14	
2,16	
2,076	
2,21	
2,2
SARE	
СаратЭн-ао
113	
893 088	
0,1102	
0,1022	
0,102	
0,1246	
0,113
RUSP	
Русполимет
74	
843 085	
0,544	
0,5425	
0,5315	
0,552	
0,5485
DASB	
ДагСб ао
271	
794 239	
0,0845	
0,0818	
0,0818	
0,087	
0,0847
IRKT	
ИРКУТ-3
75	
766 752	
28,3	
28	
27,88	
28,72	
28,26
TGKBP	
ТГК-2 ап
77	
763 090	
0,00641	
0,0063	
0,0063	
0,0065	
0,00641
BELU	
Белуга ао
72	
662 780	
1 101	
1 102	
1 096	
1 110	
1 100
HIMCP	
Химпром ап
190	
650 995	
5,45	
5,52	
5,37	
5,56	
5,51
KLSB	
КалужскСК
170	
647 063	
9,45	
9,36	
9,12	
9,68	
9,68
YKEN	
Якутскэнрг
62	
627 830	
0,308	
0,3125	
0,2995	
0,331	
0,2995
AVAN	
Авангрд-ао
88	
627 230	
660	
655	
630	
680	
670
MRKU	
МРСК Ур
143	
625 712	
0,1334	
0,1288	
0,1288	
0,1378	
0,1346
CHEP	
ЧТПЗ ао
68	
598 805	
190,5	
188	
187	
191,5	
190,5
RDRB	
РДБанк ао
95	
598 700	
280	
285	
270	
300	
300
URKZ	
УрКузница
8	
581 900	
10 040	
9 860	
9 860	
10 040	
10 040
TGKDP	
Квадра-п
218	
571 247	
0,00374	
0,0035	
0,0035	
0,00386	
0,003645
VLHZ	
ВХЗ-ао
114	
567 467	
52,15	
53	
50,6	
55,6	
51,1
RKKE	
ЭнергияРКК
40	
550 430	
5 000	
4 810	
4 800	
5 260	
4 950
SLEN	
Сахэнер ао
41	
536 981	
4,27	
4,2	
4,015	
4,3	
4,215
WTCMP	
ЦМТ ап
117	
522 800	
7,62	
7,82	
7,46	
7,82	
7,78
MRKY	
РоссЮг ао
108	
503 149	
0,04845	
0,048	
0,0477	
0,04895	
0,04895
ROSB	
Росбанк ао
136	
489 494	
63,4	
62,8	
61	
68	
63,4
CNTL	
Телеграф
86	
487 705	
19,45	
19	
19	
19,6	
19,6
NKHP	
НКХП ао
72	
464 785	
220,5	
220	
215,5	
224	
222
NNSB	
ТНСэнНН ао
69	
463 430	
1 285	
1 300	
1 245	
1 320	
1 270
DVEC	
ДЭК ао
112	
432 646	
0,78	
0,727	
0,705	
0,799	
0,788
DIOD	
ЗаводДИОД
57	
430 310	
4,89	
4,98	
4,87	
4,98	
4,9
MGTS	
МГТС-5ао
34	
421 585	
2 465	
2 460	
2 440	
2 485	
2 460
ROLO	
Русолово
70	
413 098	
3,898	
3,806	
3,804	
3,99	
3,876
UNAC	
iАвиастКао
138	
412 079	
0,4665	
0,4515	
0,4515	
0,4685	
0,462
PMSBP	
ПермьЭнС-п
98	
387 850	
122,4	
122,6	
120,6	
123	
122,8
LVHK	
Левенгук
166	
373 808	
7,43	
7,12	
7,12	
7,92	
7,4
ABRD	
АбрауДюрсо
92	
364 675	
134	
135	
132,5	
135	
134
SAREP	
СаратЭн-ап
103	
355 894	
0,0864	
0,0782	
0,0782	
0,092	
0,0868
YKENP	
Якутскэн-п
65	
346 345	
0,2815	
0,276	
0,276	
0,2955	
0,282
BLNG	
Белон ао
134	
343 904	
3,994	
3,988	
3,92	
4,1	
4,008
BRZL	
БурЗолото
73	
336 207	
808	
812	
805	
815	
805
NKSH	
Нижкамшина
48	
335 560	
20,34	
20,8	
20,1	
20,8	
20,18
HALS	
Галс-Девел
88	
321 639	
705	
728	
694	
728	
714
VJGZP	
Варьеган-п
43	
314 670	
309	
308	
304	
323	
311
AQUA	
РусАква ао
48	
292 930	
230,5	
234	
229,5	
234	
232
ELTZ	
Электрцинк
113	
276 814	
168,5	
169	
166	
172	
167
TRCN	
ТрансК ао
15	
276 240	
8 370	
8 340	
8 305	
8 435	
8 435
KUZB	
КузнецкийБ
304	
274 782	
0,01503	
0,01442	
0,01442	
0,01553	
0,0147
KRKN	
СаратНПЗ
20	
270 950	
11 800	
11 650	
11 550	
12 000	
11 750
GEMA	
iММЦБ ао
12	
264 210	
732	
731	
728	
732	
732
YRSB	
ТНСэнЯр
57	
253 600	
174	
170	
170	
178	
176
ASSB	
АстрЭнСб
202	
246 271	
0,545	
0,54	
0,53	
0,5545	
0,554
LPSB	
ЛЭСК ао
44	
230 660	
7,2	
7,4	
7,05	
7,5	
7,3
MRKS	
МРСКСиб
29	
222 875	
0,2085	
0,207	
0,199	
0,211	
0,2105
UWGN	
ОВК ао
78	
213 531	
230,8	
227,5	
225,3	
232,6	
232,6
WTCM	
ЦМТ ао
36	
212 904	
8,36	
8,36	
8,3	
8,48	
8,42
KOGK	
КоршГОК ао
5	
209 400	
41 800	
41 400	
41 400	
42 200	
42 200
ZILL	
ЗИЛ ао
26	
179 612	
1 240	
1 248	
1 204	
1 272	
1 248
UNKL	
ЮУНК ао
45	
176 650	
2 850	
2 820	
2 800	
2 940	
2 850
VZRZP	
Возрожд-п
45	
176 178	
288,8	
284	
278,2	
292	
285,6
KAZTP	
Куйбазот-п
32	
163 044	
147	
145,2	
145,2	
148,6	
147,6
KRSB	
Красэсб ао
12	
157 320	
5,24	
5,28	
5,16	
5,37	
5,37
PMSB	
ПермьЭнСб
47	
155 417	
122,4	
119,9	
119,9	
123,6	
122,9
KUBE	
Кубанэнр
44	
147 086	
60,8	
59,9	
59,9	
62,3	
61,9
NSVZ	
НаукаСвяз
44	
146 790	
181	
179	
179	
183,5	
182
ZVEZ	
ЗВЕЗДА ао
24	
144 590	
4,13	
4,165	
4,045	
4,17	
4,165
GAZAP	
ГАЗ ап
18	
143 850	
306	
306,5	
304	
310	
307,5
CHMK	
ЧМК ао
27	
143 455	
2 315	
2 315	
2 295	
2 340	
2 300
IGST	
Ижсталь2ао
65	
143 109	
708	
690	
688	
804	
700
MFGS	
Мегион-ао
23	
135 190	
307,5	
306,5	
302	
309,5	
306
NAUK	
iНПОНаука
44	
134 680	
158,4	
159	
155	
161,4	
159,6
KAZT	
Куйбазот
31	
133 674	
148,6	
150	
147,4	
151	
148,2
YRSBP	
ТНСэнЯр-п
34	
132 565	
76,5	
70,5	
68,5	
79	
75,5
UTAR	
ЮТэйр ао
58	
132 066	
6,23	
6,11	
6,11	
6,34	
6,22
JNOSP	
Слав-ЯНОСп
21	
126 756	
12,44	
12,78	
12,36	
12,78	
12,66
BISVP	
БашИнСв ап
42	
121 653	
6,83	
6,89	
6,61	
7	
6,97
NNSBP	
ТНСэнНН ап
68	
117 323	
515	
456	
456	
543	
535
KRSBP	
Красэсб ап
12	
117 080	
5,32	
5,2	
5,2	
5,46	
5,38
MRSB	
МордЭнСб
19	
116 780	
0,316	
0,31	
0,308	
0,323	
0,323
RLMN	
Роллман
58	
98 809	
15,05	
15,25	
14,95	
15,25	
15,1
KRKOP	
ТКЗКК ап
26	
97 064	
3,775	
3,745	
3,7	
4,49	
3,805
MFGSP	
Мегион-ап
18	
87 410	
282	
282,5	
278	
289,5	
285
KBTK	
КузбТК ао
19	
81 308	
147,8	
149,6	
146,4	
151,8	
147,6
ROST	
РОСИНТЕРао
22	
79 964	
54,8	
55	
54	
55,6	
55
ARSA	
Арсагера
17	
77 620	
3,1	
3,07	
3,04	
3,18	
3,15
NFAZ	
Нефтекамск
28	
74 760	
129	
128,8	
128	
129,8	
128,6
TASBP	
ТамбЭнСб-п
16	
74 180	
0,195	
0,193	
0,1905	
0,1995	
0,1995
IGSTP	
Ижсталь ап
29	
71 734	
646	
630	
630	
684	
640
STSB	
СтаврЭнСб
33	
67 148	
0,3355	
0,333	
0,331	
0,34	
0,333
STSBP	
СтаврЭнСбп
46	
64 349	
0,298	
0,2936	
0,292	
0,3046	
0,2958
MRKK	
Россети СК
26	
63 398	
25,26	
25,1	
25,1	
25,68	
25,24
CHKZ	
ЧКПЗ ао
11	
62 960	
4 200	
4 300	
4 040	
4 300	
4 220
INGR	
ИНГРАД ао
22	
62 637	
764	
754	
754	
768	
760
KCHE	
КамчатЭ ао
15	
58 590	
0,1675	
0,1585	
0,158	
0,1695	
0,169
MAGEP	
МагадЭн ап
10	
56 065	
3,74	
3,73	
3,73	
3,845	
3,75
RLMNP	
Роллман-п
41	
55 015	
16,68	
16,82	
16,52	
16,96	
16,88
SAGOP	
СамарЭн-ап
9	
54 260	
0,362	
0,36	
0,36	
0,366	
0,366
KROTP	
КрасОкт-1п
15	
53 285	
205	
201,5	
201,5	
209	
205
RUSI	
ИКРУСС-ИНВ
10	
49 250	
35,2	
35,1	
33,7	
35,5	
35,1
TORS	
ТРК ао
5	
48 290	
0,371	
0,37	
0,37	
0,378	
0,378
KROT	
КрасОкт-ао
14	
46 640	
291,5	
293	
290	
293	
292
VJGZ	
Варьеган
29	
44 131	
566	
556	
556	
580	
573
KCHEP	
КамчатЭ ап
8	
40 890	
0,315	
0,299	
0,299	
0,32	
0,316
SZPR	
СЗПароход
14	
40 012	
728	
702	
702	
740	
724
KTSB	
КСБ ао
25	
38 060	
0,46	
0,45	
0,434	
0,468	
0,468
KTSBP	
КСБ ап
7	
36 345	
0,214	
0,214	
0,2105	
0,214	
0,214
CHGZ	
РН-ЗапСиб
7	
35 660	
29,8	
28,4	
28,4	
30	
30
UKUZ	
ЮжКузб. ао
26	
33 232	
482	
474	
470	
498	
488
MISBP	
ТНСэМаЭл-п
12	
28 200	
9,8	
9,2	
9,2	
10	
10
MGNZ	
СМЗ-ао
4	
27 700	
3 960	
3 860	
3 860	
4 040	
4 030
KGKC	
КурганГКао
11	
26 900	
52	
52	
50	
53	
51
RTSBP	
ТНСэнРст-п
8	
26 140	
0,261	
0,239	
0,239	
0,268	
0,262
TASB	
ТамбЭнСб
8	
25 660	
0,2565	
0,2545	
0,2545	
0,2595	
0,2595
OMZZP	
ОМЗ-ап
9	
25 350	
2 815	
2 720	
2 720	
2 925	
2 770
RTGZ	
ГазпРнД ао
1	
20 700	
20 700	
20 700	
20 700	
20 700	
20 700
DZRD	
iДонскЗР
11	
20 490	
1 864	
1 886	
1 726	
1 998	
1 926
SAGO	
СамарЭн-ао
4	
18 620	
0,372	
0,37	
0,37	
0,374	
0,374
VSYDP	
ВыбСудЗ ап
6	
18 080	
2 580	
2 560	
2 560	
2 600	
2 600
MAGE	
МагадЭн ао
4	
16 990	
4,25	
4,25	
4,24	
4,25	
4,25
TUZA	
ТЗА ао
8	
16 300	
74	
74	
74	
75	
74
DZRDP	
iДонскЗР п
6	
9 860	
1 410	
1 420	
1 400	
1 420	
1 400
VGSB	
ВолгЭнСб
6	
9 690	
1,385	
1,41	
1,35	
1,41	
1,365
KBSB	
ТНСэКубань
2	
9 405	
134,5	
130,5	
130,5	
135	
135
KGKCP	
КурганГКап
6	
8 640	
54	
51,5	
51,5	
57	
54,5
ALBK	
БестЭфБ ао
10	
8 440	
49,5	
49,5	
49	
50	
49,5
MISB	
ТНСэнМарЭл
5	
8 340	
10,4	
10,5	
10,4	
10,5	
10,5
RZSB	
РязЭнСб
1	
5 610	
5,61	
5,61	
5,61	
5,61	
5,61
KMEZ	
КМЗ
8	
4 946	
412	
410,5	
410,5	
416	
412
UCSS	
ОКС ао
3	
4 430	
1 480	
1 480	
1 470	
1 480	
1 470
TORSP	
ТРК ап
1	
2 555	
0,2555	
0,2555	
0,2555	
0,2555	
0,2555
FTRE	
БУДУЩЕЕ ао
0	
0	
-	
-	
-	
-	
80
KRKO	
ТКЗКК ао
0	
0	
-	
-	
-	
-	
11,8
KUNF	
КУЗОЦМ ао
0	
0	
-	
-	
-	
-	
-
NPOF	
Физика ао
0	
0	
-	
-	
-	
-	
11 850
VSYD	
ВыбСудЗ ао
0	
0	
-	
-	
-	
-	
2 750
GAZC	
ГАЗКОН-ао
0	
0	
-	
-	
-	
-	
295
GTSS	
ГЕОТЕК ао
0	
0	
-	
-	
-	
-	
-
TRFM	
ТрансФ ао
0	
0	
-	
-	
-	
-	
-
VGSBP	
ВолгЭнСб-п
0	
0	
-	
-	
-	
-	
0,89
KMTZ	
КосогМЗ ао
0	
0	
-	
-	
-	
-	
-
KZMS	
КЗМС ао
0	
0	
-	
-	
-	
-	
226
RTSB	
ТНСэнРст
0	
0	
-	
-	
-	
-	
0,3
BISV	
БашИнСв ао
0	
0	
-	
-	
-	
-	
8,7
GAZS	
ГАЗ-сервис
0	
0	
-	
-	
-	
-	
293
HIMC	
Химпром ао
0	
0	
-	
-	
-	
-	
0,99
LSNG	
Ленэнерго
0	
0	
-	
-	
-	
-	
5,66
URKA	
Уркалий-ао
0	
0	
-	
-	
-	
-	
119,04
VZRZ	
Возрожд-ао
0	
0	
-	
-	
-	
-	
480
GAZT	
ГАЗ-Тек ао
0	
0	
-	
-	
-	
-	
85
KSGR	
Кокс ао
0	
0	
-	
-	
-	
-	
-
LSNGP	
Ленэнерг-п
0	
0	
-	
-	
-	
-	
119,95
MFON	
МегаФон ао
0	
0	
-	
-	
-	
-	
650,6
MORI	
Морион ао
0	
0	
-	
-	
-	
-	
4,31
PRMB	
Приморье
0	
0	
-	
-	
-	
-	
17 800
TNSE	
ТНСэнрг ао
0	
0	
-	
-	
-	
-	
1 015
RU000A0JVT35	
ИСУ ЕФГ-3
0	
0	
-	
-	
-	
-	
400