SBER	
Сбербанк
72 076	
13 373 648 342	
203,72	
203,1	
201,81	
205,93	
203,66
GAZP	
ГАЗПРОМ ао
68 436	
10 806 571 897	
199,13	
200,25	
197,15	
202,47	
198,72
LKOH	
ЛУКОЙЛ
36 271	
7 011 079 787	
5 330	
5 349,5	
5 269	
5 412,5	
5 318
GMKN	
ГМКНорНик
23 147	
5 186 011 454	
22 062	
22 378	
21 826	
22 412	
22 026
TATN	
Татнфт 3ао
47 935	
3 986 287 939	
546,4	
545	
541,3	
552,7	
542,5
ROSN	
Роснефть
23 228	
3 165 180 397	
379,4	
380	
376,35	
387	
378,7
AFLT	
Аэрофлот
56 408	
3 021 918 864	
81,36	
78,42	
78,42	
82,7	
81,88
MTSS	
МТС-ао
29 817	
2 386 590 124	
319,85	
323	
316,85	
323,55	
319,6
ALRS	
АЛРОСА ао
35 125	
2 269 840 195	
67,98	
66,26	
66,26	
69,44	
69,02
NVTK	
Новатэк ао
23 299	
2 267 628 732	
1 036,2	
1 050	
1 018	
1 053,6	
1 039,2
SNGS	
Сургнфгз
16 619	
1 995 659 697	
40,005	
40,14	
39,53	
40,48	
39,95
PLZL	
Полюс
19 080	
1 964 401 162	
11 409,5	
11 650	
11 159	
11 686,5	
11 400
YNDX	
Yandex clA
23 589	
1 807 444 109	
2 841,4	
2 849,6	
2 814,4	
2 869,8	
2 846
MGNT	
Магнит ао
21 326	
1 635 529 745	
3 816	
3 750	
3 750	
3 873	
3 832
TRNFP	
Транснф ап
5 522	
1 623 426 200	
133 600	
130 700	
130 650	
135 600	
133 650
VTBR	
ВТБ ао
33 083	
1 404 515 719	
0,03649	
0,03642	
0,03627	
0,03673	
0,03664
SBERP	
Сбербанк-п
18 529	
1 228 403 756	
183,68	
183,3	
182,51	
185,23	
184
RSTI	
Россети ао
21 121	
1 063 515 067	
1,6891	
1,6609	
1,6542	
1,7368	
1,735
MOEX	
МосБиржа
21 939	
1 060 565 816	
114,17	
114,28	
113,39	
115,32	
114,42
POLY	
Polymetal
15 688	
948 714 184	
1 402,1	
1 440	
1 382	
1 440	
1 409
CHMF	
СевСт-ао
17 354	
908 903 512	
939,2	
940,6	
928	
946,2	
939
IRAO	
ИнтерРАОао
13 131	
874 953 864	
4,936	
4,9575	
4,9	
4,98	
4,9485
SNGSP	
Сургнфгз-п
13 111	
864 437 253	
35,535	
35,495	
35,335	
35,89	
35,415
FIVE	
FIVE-гдр
12 845	
659 031 404	
2 101,5	
2 037	
2 037	
2 128	
2 103,5
AFKS	
Система ао
13 579	
621 765 891	
15,553	
15,387	
15,255	
15,796	
15,741
NLMK	
НЛМК ао
12 453	
620 590 893	
137,9	
138,3	
136,8	
139	
137,72
SIBN	
Газпрнефть
9 062	
572 871 132	
336,7	
336	
334,75	
339,7	
337,5
TCSG	
TCS-гдр
16 855	
529 879 029	
1 221,8	
1 259,8	
1 186	
1 268,6	
1 203,8
HYDR	
РусГидро
13 164	
479 393 638	
0,6958	
0,6997	
0,6872	
0,7036	
0,694
MAGN	
ММК
7 541	
441 507 134	
40,715	
40,78	
40,165	
41,15	
41
TATNP	
Татнфт 3ап
10 237	
434 530 754	
522,6	
518,9	
517,4	
534,3	
520,8
FEES	
ФСК ЕЭС ао
11 986	
411 384 851	
0,18306	
0,1776	
0,1776	
0,18476	
0,18398
PHOR	
ФосАгро ао
5 948	
278 776 070	
2 784	
2 786	
2 724	
2 819	
2 802
RUAL	
РУСАЛ ао
12 252	
244 938 210	
28,055	
27,995	
27,515	
28,22	
28,095
CBOM	
МКБ ао
11 576	
241 465 247	
5,43	
5,407	
5,378	
5,461	
5,424
RTKM	
Ростел -ао
8 142	
237 776 510	
82,86	
83	
82,01	
83,52	
83,5
DSKY	
ДетскийМир
11 480	
222 379 619	
98,34	
99,5	
97,52	
99,9	
99,04
UPRO	
Юнипро ао
5 621	
209 707 612	
2,749	
2,75	
2,711	
2,793	
2,753
TGKA	
ТГК-1
9 770	
194 423 606	
0,01304	
0,012974	
0,012762	
0,01327	
0,013196
OGKB	
ОГК-2 ао
7 653	
188 512 345	
0,7151	
0,7123	
0,708	
0,7224	
0,7223
TRMK	
ТМК ао
946	
139 466 836	
59,34	
59,26	
59,24	
59,42	
59,36
NKNCP	
НКНХ ап
6 463	
137 405 423	
85,5	
84,46	
84,08	
86,2	
86,1
MVID	
М.видео
4 405	
136 325 091	
349,2	
346	
346	
352,9	
351,9
MTLR	
Мечел ао
7 057	
100 485 374	
65,24	
64,99	
64,81	
65,77	
65,73
MSNG	
+МосЭнерго
3 369	
99 784 940	
2,082	
2,05	
2,0105	
2,1385	
2,1135
LSRG	
ЛСР ао
5 008	
91 086 474	
591	
589	
586	
593,4	
590,6
RSTIP	
Россети ап
2 970	
85 095 744	
2,378	
2,38	
2,356	
2,397	
2,39
LSNGP	
РСетиЛЭ-п
2 941	
82 199 379	
168,95	
169	
167,35	
171	
168,35
BANEP	
Башнефт ап
2 775	
74 998 785	
1 433,5	
1 442	
1 426,5	
1 442	
1 431
BSPB	
БСП ао
4 336	
65 830 676	
40,39	
41	
40	
41,38	
40,07
KRKNP	
СаратНПЗ-п
1 409	
63 252 660	
20 060	
20 000	
19 880	
20 300	
20 000
MTLRP	
Мечел ап
2 774	
57 470 850	
77,15	
78,15	
75,5	
78,95	
77
PIKK	
ПИК ао
2 036	
54 892 779	
377,7	
384,9	
375	
384,9	
377
RASP	
Распадская
1 952	
51 192 226	
109,36	
108,66	
108,2	
110	
109,56
QIWI	
iQIWI
3 362	
48 462 244	
983	
978	
974,5	
992,5	
974,5
ENRU	
ЭнелРос ао
1 893	
43 835 466	
0,974	
0,9745	
0,97	
0,979	
0,9765
NMTP	
НМТП ао
2 980	
43 656 127	
9,715	
9,51	
9,51	
9,795	
9,77
LNTA	
Лента др
4 522	
41 013 963	
153,5	
153	
152,3	
154,5	
153,6
AKRN	
Акрон
1 586	
39 524 296	
6 172	
6 198	
6 122	
6 224	
6 172
ETLN	
ETLN-гдр
2 884	
38 601 053	
88,22	
90,1	
86,9	
90,9	
87,96
AGRO	
AGRO-гдр
2 473	
29 486 833	
663	
660	
659,2	
667,2	
660,4
APTK	
Аптеки36и6
7 358	
25 304 745	
13,75	
13,636	
13,51	
13,9	
13,51
IRKT	
ИРКУТ-3
1 876	
23 256 790	
36,16	
32,98	
32,12	
39,5	
35,38
RTKMP	
Ростел -ап
1 468	
19 688 933	
74,4	
74,3	
73,65	
75	
74,65
MRKC	
МРСК Центр
1 259	
17 997 695	
0,2598	
0,258	
0,257	
0,2622	
0,261
SFIN	
САФМАР ао
679	
17 525 558	
411,6	
406	
405	
423,8	
416
NKNC	
НКНХ ао
1 145	
17 124 337	
98,6	
97,85	
97,15	
99,25	
98,9
ENPG	
ЭН+ГРУП ао
296	
17 066 106	
619	
615	
613,5	
622	
622
MRKP	
МРСК ЦП
1 294	
16 583 103	
0,1914	
0,19	
0,1881	
0,1938	
0,1919
BANE	
Башнефт ао
920	
15 767 753	
1 831,5	
1 826,5	
1 817,5	
1 858,5	
1 823,5
USBN	
УралСиб ао
1 238	
13 939 981	
0,0752	
0,0703	
0,0698	
0,0792	
0,0767
LIFE	
iФармсинтз
1 683	
13 901 189	
7,19	
7,415	
7,075	
7,415	
7,11
MRKV	
РсетВол ао
854	
9 985 899	
0,0666	
0,06665	
0,066	
0,0671	
0,0667
OBUV	
ОР ао
1 615	
9 868 739	
29,85	
29,7	
29,65	
30,1	
29,75
MRKU	
МРСК Ур
474	
9 831 478	
0,1686	
0,169	
0,166	
0,18	
0,1672
RZSB	
РязЭнСб
420	
9 435 440	
12,52	
12,92	
12,1	
13,2	
12,2
UNAC	
iАвиастКао
521	
8 873 032	
0,4685	
0,4775	
0,4665	
0,4775	
0,473
ISKJ	
iИСКЧ ао
908	
7 737 455	
29,39	
29,4	
28,55	
30,5	
29
FESH	
ДВМП ао
475	
7 338 148	
7,28	
7,2	
7,11	
7,36	
7,36
MSRS	
РСетиМР ао
475	
6 598 610	
1,1585	
1,166	
1,1425	
1,1805	
1,169
VSMO	
ВСМПО-АВСМ
186	
6 521 440	
18 960	
19 160	
18 740	
19 180	
18 860
TGKB	
ТГК-2
449	
6 408 925	
0,004205	
0,004225	
0,00413	
0,00426	
0,004255
SELG	
Селигдар
453	
5 314 584	
24,3	
24,46	
24,12	
24,52	
24,3
MGTSP	
МГТС-4ап
564	
5 184 780	
2 074	
2 084	
2 052	
2 098	
2 068
BELU	
Белуга ао
880	
5 168 269	
1 244	
1 324	
1 220	
1 324	
1 234
KZOS	
ОргСинт ао
656	
5 140 283	
91,4	
89,9	
89,9	
92	
92
MFGSP	
Мегион-ап
130	
5 132 965	
347	
331,5	
314	
350	
344
RNFT	
РуссНфт ао
1 306	
5 096 949	
429,4	
435,2	
423,2	
435,2	
429,4
MRKZ	
МРСК СЗ
513	
4 920 459	
0,0533	
0,0525	
0,0501	
0,0549	
0,05395
AMEZ	
АшинскийМЗ
631	
4 845 253	
4,045	
4,14	
3,99	
4,14	
4,02
KGKCP	
КурганГКап
645	
4 653 290	
64	
64	
59	
77,5	
61
KRKN	
СаратНПЗ
149	
3 904 950	
14 300	
14 000	
14 000	
14 700	
14 300
PRMB	
Приморье
102	
3 647 800	
30 000	
29 200	
28 600	
33 000	
29 800
GCHE	
ЧеркизГ-ао
564	
3 566 539	
1 698,5	
1 695	
1 695	
1 707	
1 696,5
LNZL	
Лензолото
186	
3 279 860	
8 680	
8 730	
8 640	
8 730	
8 690
PMSB	
ПермьЭнСб
285	
3 225 963	
161,8	
163,6	
160,2	
163,6	
161,9
RGSS	
РГС СК ао
394	
3 165 526	
0,152	
0,1496	
0,1492	
0,1568	
0,1528
SVAV	
СОЛЛЕРС
119	
3 093 405	
257	
257	
256	
259	
257
LSNG	
РСетиЛЭ
541	
2 907 185	
6,22	
6,21	
6,17	
6,27	
6,2
CNTLP	
Телеграф-п
435	
2 839 494	
17,24	
17,14	
17	
17,52	
17,4
MAGE	
МагадЭн ао
158	
2 740 170	
5,36	
5,27	
5,1	
5,79	
5,37
AQUA	
РусАква ао
306	
2 463 325	
205,5	
205	
203	
207,5	
205,5
PMSBP	
ПермьЭнС-п
328	
2 419 666	
159,6	
160	
158,4	
160	
159,4
GEMA	
iММЦБ ао
427	
2 184 102	
605	
621,5	
600	
621,5	
608
RUGR	
Русгрэйн
2 103	
2 175 982	
7,72	
7,704	
7,548	
7,9	
7,768
SELGP	
Селигдар-п
242	
2 172 485	
27,2	
26,95	
26,85	
27,5	
27
KGKC	
КурганГКао
269	
2 000 680	
57	
58	
54	
61	
54
KAZT	
Куйбазот
124	
1 972 716	
139,8	
137	
136,6	
141,6	
141
TASB	
ТамбЭнСб
221	
1 862 515	
0,3725	
0,391	
0,3595	
0,4075	
0,365
STSBP	
СтаврЭнСбп
533	
1 842 881	
0,3325	
0,3525	
0,32	
0,36	
0,335
KRSBP	
Красэсб ап
59	
1 793 100	
8,98	
8,96	
8,66	
9,12	
8,84
RBCM	
РБК ао
303	
1 733 405	
3,264	
3,258	
3,24	
3,3	
3,25
ALNU	
АЛРОСА-Нюр
27	
1 644 000	
49 800	
49 600	
49 000	
50 000	
50 000
GTRK	
ГТМ ао
386	
1 620 982	
42,55	
42,7	
41,9	
43,1	
42,85
MSTT	
Мостотрест
276	
1 523 913	
161,9	
162	
161,8	
163,8	
163,05
KMAZ	
КАМАЗ
463	
1 407 100	
56,2	
56,3	
55,4	
56,9	
56
DVEC	
ДЭК ао
219	
1 376 681	
0,843	
0,841	
0,826	
0,855	
0,846
TASBP	
ТамбЭнСб-п
89	
1 365 155	
0,3445	
0,3685	
0,34	
0,387	
0,379
TGKN	
ТГК-14
107	
1 325 010	
0,0033	
0,00329	
0,00325	
0,00333	
0,0033
ASSB	
АстрЭнСб
337	
1 248 304	
0,8085	
0,804	
0,79	
0,82	
0,8155
YKEN	
Якутскэнрг
90	
1 202 420	
0,3645	
0,358	
0,353	
0,376	
0,356
MRKS	
РсетСиб ао
99	
1 139 975	
0,2595	
0,2645	
0,242	
0,2675	
0,257
TTLK	
Таттел. ао
191	
1 135 780	
0,291	
0,2935	
0,29	
0,294	
0,2925
STSB	
СтаврЭнСб
413	
1 105 405	
0,3975	
0,44	
0,3765	
0,44	
0,3955
TGKBP	
ТГК-2 ап
88	
1 104 650	
0,00727	
0,00715	
0,00691	
0,00768	
0,0071
SAREP	
СаратЭн-ап
196	
1 099 872	
0,0868	
0,0952	
0,0828	
0,096	
0,0886
IRGZ	
ИркЭнерго
152	
1 096 102	
12,34	
12,4	
12,2	
12,5	
12,3
GAZAP	
ГАЗ ап
83	
1 081 540	
316	
315	
313	
323	
318
EELT	
ЕвроЭлтех
267	
1 051 938	
7,42	
7,4	
7,26	
7,54	
7,3
CHEP	
ЧТПЗ ао
170	
1 023 905	
206	
204,5	
204	
208,5	
207
KOGK	
КоршГОК ао
21	
991 600	
45 000	
44 800	
44 800	
45 400	
44 800
MOBB	
МосОблБанк
155	
915 282	
2,656	
2,726	
2,612	
2,738	
2,654
KRSB	
Красэсб ао
67	
848 650	
8,84	
8,95	
8,68	
8,95	
8,88
VJGZP	
Варьеган-п
55	
824 980	
339	
329	
329	
341	
341
PRTK	
ПРОТЕК ао
171	
759 046	
98,6	
99	
98	
99	
98,5
YAKG	
ЯТЭК ао
66	
718 015	
39,9	
40,3	
39,65	
40,3	
40,05
KUBE	
Кубанэнр
186	
701 895	
73,1	
74,6	
71	
75,9	
73,2
MRKK	
Россети СК
174	
689 145	
25,78	
26,88	
24,02	
26,88	
26,38
HIMCP	
Химпром ап
66	
675 286	
5,92	
5,88	
5,85	
5,95	
5,95
DIOD	
ЗаводДИОД
212	
673 316	
5,79	
5,73	
5,7	
5,9	
5,79
INGR	
ИНГРАД ао
123	
673 296	
807	
813	
800	
815	
814
MRKY	
РоссЮг ао
141	
645 779	
0,05125	
0,0509	
0,05075	
0,0517	
0,05155
KZOSP	
ОргСинт ап
516	
604 173	
12,24	
12,2	
11,92	
12,4	
12,4
YKENP	
Якутскэн-п
73	
585 735	
0,3445	
0,337	
0,335	
0,367	
0,341
ELTZ	
Электрцинк
183	
584 343	
181	
178,5	
175	
184	
178,5
UWGN	
ОВК ао
185	
573 022	
241,4	
246,3	
238	
246,4	
244
VLHZ	
ВХЗ-ао
91	
523 865	
48,75	
48,7	
48,35	
49	
48,85
UCSS	
ОКС ао
113	
511 210	
1 400	
1 430	
1 310	
1 460	
1 440
JNOSP	
Слав-ЯНОСп
35	
504 962	
14,4	
14,4	
14,16	
14,58	
14,58
RUSP	
Русполимет
44	
503 060	
0,621	
0,614	
0,614	
0,633	
0,6215
NFAZ	
Нефтекамск
50	
502 128	
152,6	
153	
149,6	
153,8	
152,8
VZRZP	
Возрожд-п
67	
428 030	
297,2	
295	
293,4	
314	
295
HALS	
Галс-Девел
90	
416 564	
787	
776	
775	
796	
780
SAGOP	
СамарЭн-ап
68	
404 770	
0,375	
0,389	
0,36	
0,392	
0,386
TORS	
ТРК ао
49	
404 230	
0,396	
0,388	
0,383	
0,405	
0,398
NAUK	
iНПОНаука
73	
396 070	
181,8	
181	
180	
185,4	
183,8
NSVZ	
НаукаСвяз
55	
378 775	
231	
229	
227	
234	
231
ROST	
РОСИНТЕРао
42	
374 026	
59,6	
59,6	
59	
60,2	
59,8
TGKD	
Квадра
109	
347 357	
0,00306	
0,0031	
0,003045	
0,003105	
0,003075
LNZLP	
Лензол. ап
59	
347 015	
3 690	
3 705	
3 670	
3 705	
3 695
CHMK	
ЧМК ао
61	
345 580	
2 505	
2 505	
2 500	
2 515	
2 500
TRCN	
ТрансК ао
31	
342 800	
8 360	
8 300	
8 230	
8 485	
8 375
KLSB	
КалужскСК
65	
335 365	
11,73	
11,89	
11,54	
11,99	
11,7
KAZTP	
Куйбазот-п
33	
316 528	
140,8	
142	
139,8	
142	
141,6
RAVN	
Raven
20	
312 400	
29,75	
29,65	
29,35	
29,85	
29,8
ALBK	
БестЭфБ ао
82	
303 855	
58	
62	
42,5	
62	
58,5
KRKOP	
ТКЗКК ап
139	
298 406	
5,895	
5,885	
5,81	
6,155	
5,88
ROLO	
Русолово
31	
286 236	
3,718	
3,684	
3,68	
3,79	
3,752
KCHE	
КамчатЭ ао
69	
279 285	
0,2025	
0,205	
0,195	
0,2125	
0,2
BISVP	
БашИнСв ап
74	
268 308	
7,56	
7,73	
7,2	
8	
7,48
RKKE	
ЭнергияРКК
35	
256 970	
4 940	
4 860	
4 740	
4 990	
4 990
URKZ	
УрКузница
22	
256 700	
10 700	
10 680	
10 600	
10 760	
10 760
SARE	
СаратЭн-ао
43	
255 380	
0,1216	
0,1244	
0,1186	
0,1244	
0,121
PAZA	
ПавлАвт ао
19	
245 450	
7 670	
7 730	
7 590	
7 730	
7 680
AVAN	
Авангрд-ао
70	
240 780	
760	
770	
745	
775	
755
KCHEP	
КамчатЭ ап
49	
230 580	
0,366	
0,367	
0,347	
0,385	
0,35
LVHK	
Левенгук
40	
199 619	
8,11	
8,19	
8,03	
8,2	
8,1
RLMN	
Роллман
130	
196 962	
19,1	
19,3	
18,9	
19,3	
19,1
WTCM	
ЦМТ ао
43	
194 548	
8,92	
8,92	
8,8	
9	
8,98
SAGO	
СамарЭн-ао
33	
193 880	
0,396	
0,402	
0,388	
0,406	
0,392
ZVEZ	
ЗВЕЗДА ао
28	
193 510	
4,5	
4,46	
4,455	
4,56	
4,525
GAZA	
ГАЗ ао
22	
187 700	
391	
389	
389	
393	
389
VGSB	
ВолгЭнСб
61	
182 430	
1,675	
1,655	
1,63	
1,72	
1,665
SZPR	
СЗПароход
98	
182 248	
804	
772	
772	
840	
840
TGKDP	
Квадра-п
69	
172 643	
0,003985	
0,004085	
0,003915	
0,00413	
0,004
KUZB	
КузнецкийБ
185	
172 009	
0,0168	
0,0168	
0,01661	
0,01705	
0,01692
BRZL	
БурЗолото
37	
147 639	
829	
830	
828	
834	
830
ABRD	
АбрауДюрсо
63	
140 465	
131,5	
131,5	
131	
132	
131,5
ARSA	
Арсагера
15	
139 760	
3,25	
3,29	
3,2	
3,29	
3,23
KMEZ	
КМЗ
55	
135 983	
450,5	
452,5	
444	
455	
452
RDRB	
РДБанк ао
18	
132 750	
255	
255	
250	
260	
255
UTAR	
ЮТэйр ао
33	
132 600	
6,53	
6,55	
6,48	
6,55	
6,51
MRSB	
МордЭнСб
22	
130 520	
0,363	
0,372	
0,36	
0,372	
0,367
CNTL	
Телеграф
38	
129 125	
21,15	
21,05	
21	
21,3	
21,15
VSYD	
ВыбСудЗ ао
18	
124 030	
4 135	
4 185	
4 060	
4 185	
4 165
MGTS	
МГТС-5ао
25	
118 130	
2 570	
2 575	
2 545	
2 590	
2 560
SLEN	
Сахэнер ао
55	
114 102	
4,105	
4,125	
4,02	
4,295	
4,08
KTSBP	
КСБ ап
27	
113 275	
0,2575	
0,2605	
0,257	
0,2605	
0,2575
CHKZ	
ЧКПЗ ао
16	
112 480	
5 360	
5 380	
5 300	
5 440	
5 300
DZRD	
iДонскЗР
17	
106 490	
1 900	
1 910	
1 890	
1 910	
1 900
MAGEP	
МагадЭн ап
8	
105 615	
7,04	
6,995	
6,995	
7,075	
7,075
JNOS	
Славн-ЯНОС
23	
104 900	
19,8	
19,25	
19,25	
20,45	
19,4
VRSBP	
ТНСэнВор-п
19	
104 900	
32	
31,5	
31,5	
32,5	
31,5
KROT	
КрасОкт-ао
15	
104 085	
347	
345	
345	
350	
348,5
VJGZ	
Варьеган
18	
98 420	
604	
607	
601	
607	
604
NKHP	
НКХП ао
28	
98 305	
234	
233	
232,5	
235	
234,5
TUZA	
ТЗА ао
28	
97 100	
95	
96	
94	
96	
95
BLNG	
Белон ао
36	
94 850	
4,002	
4,032	
3,988	
4,032	
4,032
VSYDP	
ВыбСудЗ ап
12	
88 480	
4 020	
4 060	
4 000	
4 120	
4 120
KBTK	
КузбТК ао
24	
86 566	
157,4	
155	
155	
158,2	
157,4
KTSB	
КСБ ао
50	
85 092	
0,576	
0,578	
0,57	
0,58	
0,57
RTGZ	
ГазпРнД ао
4	
83 050	
20 750	
20 800	
20 500	
21 000	
21 000
TORSP	
ТРК ап
22	
80 985	
0,2795	
0,282	
0,271	
0,282	
0,2795
WTCMP	
ЦМТ ап
29	
77 524	
8,26	
8,2	
8,2	
8,44	
8,24
NKSH	
Нижкамшина
15	
72 904	
22,78	
22,58	
22,56	
23,02	
22,8
RTSB	
ТНСэнРст
11	
67 900	
0,34	
0,345	
0,335	
0,345	
0,335
RLMNP	
Роллман-п
111	
66 913	
19,68	
19,44	
19,36	
20	
19,92
VGSBP	
ВолгЭнСб-п
15	
66 530	
1,11	
1,105	
1,09	
1,13	
1,11
OMZZP	
ОМЗ-ап
16	
64 270	
3 385	
3 410	
3 370	
3 410	
3 375
DZRDP	
iДонскЗР п
28	
63 130	
1 580	
1 580	
1 570	
1 600	
1 570
VRSB	
ТНСэнВорон
11	
63 100	
48,6	
50	
47	
50	
48,2
ZILL	
ЗИЛ ао
18	
58 375	
1 425	
1 440	
1 410	
1 440	
1 420
UNKL	
ЮУНК ао
12	
44 800	
3 450	
3 460	
3 420	
3 480	
3 420
RUSI	
ИКРУСС-ИНВ
8	
37 830	
37,8	
38,2	
37,5	
38,2	
37,5
UKUZ	
ЮжКузб. ао
18	
36 906	
528	
516	
516	
536	
530
MGNZ	
СМЗ-ао
7	
36 800	
4 090	
4 080	
4 020	
4 110	
4 100
MFGS	
Мегион-ао
6	
35 020	
350	
350	
350	
352	
352
IGST	
Ижсталь2ао
16	
34 199	
877	
863	
863	
881	
879
MISBP	
ТНСэМаЭл-п
6	
30 040	
10	
10,2	
10	
10,2	
10
LPSB	
ЛЭСК ао
20	
24 760	
8,25	
8,25	
8,2	
8,35	
8,25
RTSBP	
ТНСэнРст-п
6	
17 780	
0,296	
0,302	
0,293	
0,302	
0,293
KROTP	
КрасОкт-1п
3	
16 200	
270	
273,5	
264	
273,5	
271,5
ROSB	
Росбанк ао
17	
15 550	
70,8	
71,6	
70	
71,6	
71,4
YRSB	
ТНСэнЯр
6	
15 320	
170	
166	
166	
174	
166
MISB	
ТНСэнМарЭл
6	
13 700	
11,4	
11,1	
11,1	
11,7	
11,5
IGSTP	
Ижсталь ап
10	
9 800	
700	
701	
698	
701	
698
KBSB	
ТНСэКубань
4	
6 630	
132,5	
133	
132	
133	
132
NNSBP	
ТНСэнНН ап
3	
5 432	
543	
546	
541	
546	
543
CHGZ	
РН-ЗапСиб
1	
3 480	
34,8	
34,8	
34,8	
34,8	
34,8
YRSBP	
ТНСэнЯр-п
2	
1 685	
84,5	
84,5	
84	
84,5	
84
NNSB	
ТНСэнНН ао
1	
1 270	
1 270	
1 270	
1 270	
1 270	
1 270
TNSE	
ТНСэнрг ао
1	
995	
995	
995	
995	
995	
995
GAZC	
ГАЗКОН-ао
0	
0	
-	
-	
-	
-	
295
GTSS	
ГЕОТЕК ао
0	
0	
-	
-	
-	
-	
-
TRFM	
ТрансФ ао
0	
0	
-	
-	
-	
-	
-
KMTZ	
КосогМЗ ао
0	
0	
-	
-	
-	
-	
-
KZMS	
КЗМС ао
0	
0	
-	
-	
-	
-	
226
GAZS	
ГАЗ-сервис
0	
0	
-	
-	
-	
-	
293
HIMC	
Химпром ао
0	
0	
-	
-	
-	
-	
0,99
URKA	
Уркалий-ао
0	
0	
-	
-	
-	
-	
119,04
VZRZ	
Возрожд-ао
0	
0	
-	
-	
-	
-	
480
GAZT	
ГАЗ-Тек ао
0	
0	
-	
-	
-	
-	
85
KSGR	
Кокс ао
0	
0	
-	
-	
-	
-	
-
MFON	
МегаФон ао
0	
0	
-	
-	
-	
-	
650,6
MORI	
Морион ао
0	
0	
-	
-	
-	
-	
4,31
BISV	
БашИнСв ао
0	
0	
-	
-	
-	
-	
8,7
KRKO	
ТКЗКК ао
0	
0	
-	
-	
-	
-	
11,8
KUNF	
КУЗОЦМ ао
0	
0	
-	
-	
-	
-	
-
NPOF	
Физика ао
0	
0	
-	
-	
-	
-	
11 850