YNDX	
Yandex clA
134 641	
18 423 656 591	
5 080,2	
5 080	
4 984,8	
5 177	
5 005
GAZP	
ГАЗПРОМ ао
66 576	
8 813 436 288	
183,45	
181,4	
181,01	
184,87	
183,51
SBER	
Сбербанк
49 030	
8 522 787 145	
226,98	
226,7	
226,01	
227,97	
226,72
GMKN	
ГМКНорНик
31 919	
7 505 083 822	
19 766	
19 450	
19 332	
19 944	
19 900
LKOH	
ЛУКОЙЛ
43 304	
6 369 910 033	
4 949,5	
5 010	
4 917	
5 016	
4 922
PLZL	
Полюс
32 079	
5 391 553 746	
18 174,5	
18 220	
17 707,5	
18 765	
17 740
IRAO	
ИнтерРАОао
31 365	
3 052 867 024	
5,291	
5,227	
5,152	
5,435	
5,42
POLY	
Polymetal
29 812	
2 688 981 608	
2 038	
2 035	
2 005	
2 061,3	
2 008,6
MGNT	
Магнит ао
29 641	
2 470 254 616	
4 434	
4 480	
4 376	
4 540	
4 480
TATN	
Татнфт 3ао
23 228	
1 718 526 896	
547	
549,9	
543,1	
550,8	
546
MOEX	
МосБиржа
23 794	
1 516 643 883	
137,22	
138,01	
135,2	
138,89	
136,7
NLMK	
НЛМК ао
19 791	
1 450 725 459	
158,46	
155,5	
152,4	
161,76	
160,78
MTSS	
МТС-ао
15 552	
1 401 729 824	
336,6	
337,4	
331,6	
341,3	
339,55
ROSN	
Роснефть
14 165	
1 326 562 951	
372,8	
375,3	
369,8	
375,45	
372,3
ALRS	
АЛРОСА ао
23 393	
1 323 036 719	
67,58	
66,47	
66,06	
68,76	
68,4
MAIL	
MAIL-гдр
28 452	
1 261 499 515	
2 391,4	
2 365	
2 341	
2 415,8	
2 390
SNGS	
Сургнфгз
11 955	
1 257 445 302	
36,755	
36,715	
36,38	
37,155	
36,68
CHMF	
СевСт-ао
26 688	
1 246 554 116	
935	
934,6	
919,6	
947,6	
946,2
AFKS	
Система ао
19 185	
1 198 399 911	
21,268	
21,444	
20,9	
21,9	
21,27
NVTK	
Новатэк ао
11 632	
1 177 227 669	
1 103	
1 110	
1 091,6	
1 110	
1 101,4
DSKY	
ДетскийМир
26 834	
968 613 049	
115,12	
116,98	
110,12	
119,5	
112,96
SBERP	
Сбербанк-п
14 863	
963 981 939	
216,55	
216,29	
215,62	
217,37	
216,75
VTBR	
ВТБ ао
25 673	
879 727 612	
0,035735	
0,035435	
0,03537	
0,036085	
0,036085
FIVE	
FIVE-гдр
14 557	
720 724 241	
2 606	
2 706	
2 577	
2 706	
2 601,5
AFLT	
Аэрофлот
14 170	
630 696 710	
81,66	
80,84	
80,24	
82,4	
82
TCSG	
TCS-гдр
17 899	
611 857 398	
1 821,8	
1 878	
1 795,6	
1 878	
1 821,8
SNGSP	
Сургнфгз-п
8 286	
582 401 315	
37,165	
37,225	
36,92	
37,375	
37,23
POGR	
Petropavl
10 783	
528 983 513	
37,17	
36,95	
36,675	
37,89	
36,8
HYDR	
РусГидро
14 272	
508 759 713	
0,7357	
0,7301	
0,7301	
0,7407	
0,7387
UPRO	
Юнипро ао
6 290	
480 041 755	
2,735	
2,704	
2,698	
2,76	
2,75
MAGN	
ММК
7 039	
457 258 528	
38,1	
37,995	
37,65	
38,34	
38,125
CBOM	
МКБ ао
9 979	
412 899 774	
5,864	
5,898	
5,803	
6	
5,905
TRNFP	
Транснф ап
1 397	
335 199 200	
139 450	
137 950	
136 950	
140 450	
140 150
SIBN	
Газпрнефть
6 000	
334 914 072	
317,35	
318,05	
316,1	
318,9	
317,95
TATNP	
Татнфт 3ап
10 740	
306 479 557	
528,6	
532,1	
525,6	
535,4	
528
PHOR	
ФосАгро ао
4 945	
253 820 413	
2 731	
2 791	
2 713	
2 793	
2 716
RTKM	
Ростел -ао
6 029	
246 404 145	
97,28	
96,81	
96,12	
97,94	
97,55
RUAL	
РУСАЛ ао
7 659	
222 574 416	
31,3	
30,6	
30,6	
31,8	
31,47
RSTI	
Россети ао
4 356	
206 518 113	
1,4726	
1,457	
1,447	
1,4869	
1,4845
FEES	
ФСК ЕЭС ао
6 041	
205 194 590	
0,19616	
0,197	
0,19486	
0,1978	
0,19766
MVID	
М.видео
3 359	
169 098 659	
571	
567,8	
562,7	
578,3	
572,5
QIWI	
iQIWI
5 738	
160 229 340	
1 316	
1 342	
1 260	
1 369,5	
1 300
LSRG	
ЛСР ао
5 415	
123 922 498	
784	
783,4	
775	
794	
792,8
PIKK	
ПИК ао
4 092	
123 250 313	
515,2	
507,9	
503,4	
525,5	
519,5
OGKB	
ОГК-2 ао
4 542	
94 562 819	
0,7316	
0,7402	
0,7256	
0,7457	
0,7353
MTLR	
Мечел ао
6 350	
61 503 261	
64,25	
64,26	
63,77	
64,93	
64,93
SELG	
Селигдар
2 241	
59 474 946	
47,93	
48,07	
46,76	
48,67	
47,75
BANEP	
Башнефт ап
2 554	
56 530 176	
1 334	
1 340,5	
1 328,5	
1 342	
1 332
NMTP	
НМТП ао
3 991	
48 695 802	
8,83	
8,905	
8,78	
8,92	
8,79
AKRN	
Акрон
1 164	
44 877 076	
5 886	
5 950	
5 842	
5 968	
5 844
AGRO	
AGRO-гдр
2 558	
39 329 239	
757,4	
763	
750	
766,8	
751
LNTA	
Лента др
3 724	
38 591 345	
203,7	
205,2	
202	
205,3	
203,7
RTKMP	
Ростел -ап
2 049	
31 218 591	
88,15	
88,5	
87,7	
88,85	
88,25
MSNG	
+МосЭнерго
731	
30 529 667	
2,0775	
2,062	
2,0605	
2,099	
2,098
MRKP	
МРСК ЦП
1 427	
30 196 998	
0,2116	
0,2158	
0,208	
0,2191	
0,2117
ENRU	
ЭнелРос ао
2 274	
27 236 036	
0,9145	
0,9195	
0,913	
0,9195	
0,9145
TGKA	
ТГК-1
3 041	
26 757 590	
0,011526	
0,011476	
0,011476	
0,011586	
0,011586
RASP	
Распадская
587	
24 934 393	
115,08	
114,6	
114,56	
115,54	
115
CNTLP	
Телеграф-п
1 871	
23 966 494	
15,7	
16,1	
15,5	
16,18	
15,68
ETLN	
ETLN-гдр
1 674	
21 748 716	
117,22	
116,5	
116,02	
118	
117,52
LNZL	
Лензолото
327	
20 737 050	
18 100	
17 870	
17 870	
18 180	
17 930
RNFT	
РуссНфт ао
1 712	
20 050 045	
429,4	
464	
420	
488,8	
424,4
LIFE	
iФармсинтз
1 131	
19 944 715	
7,41	
7,355	
7,19	
7,62	
7,42
MTLRP	
Мечел ап
2 417	
19 697 149	
71,05	
71,3	
70,6	
71,85	
70,75
RSTIP	
Россети ап
1 082	
19 261 870	
2,043	
2,02	
1,952	
2,093	
2,041
AQUA	
РусАква ао
916	
17 313 220	
225	
225	
224	
227,5	
225
LSNGP	
РСетиЛЭ-п
968	
17 292 586	
150,95	
151,95	
150,15	
151,95	
150,5
SELGP	
Селигдар-п
648	
17 228 745	
35,5	
36,2	
35	
36,7	
35,5
BSPB	
БСП ао
1 308	
15 314 261	
44,14	
44,44	
43,65	
44,73	
44,15
ALBK	
БестЭфБ ао
1 834	
13 080 280	
70	
64,5	
63	
77	
67
NKNCP	
НКНХ ап
914	
12 776 986	
79,78	
79,78	
79,5	
79,98	
79,9
ENPG	
ЭН+ГРУП ао
536	
12 712 122	
687	
691	
682	
692,5	
685
LNZLP	
Лензол. ап
817	
12 569 440	
4 795	
4 670	
4 610	
4 990	
4 660
ABRD	
АбрауДюрсо
1 281	
12 450 690	
213,5	
204	
201	
219	
214,5
TRMK	
ТМК ао
323	
10 234 104	
58,54	
58,64	
58,4	
58,8	
58,8
TGKB	
ТГК-2
508	
9 340 995	
0,00429	
0,00438	
0,00425	
0,00438	
0,00429
BANE	
Башнефт ао
466	
8 753 268	
1 732	
1 733,5	
1 728	
1 741	
1 729,5
OBUV	
ОР ао
934	
8 484 436	
35,3	
35,9	
35	
36,1	
35,2
APTK	
Аптеки36и6
1 741	
8 368 892	
13,428	
13,402	
13,342	
13,5	
13,416
VSMO	
ВСМПО-АВСМ
151	
5 786 480	
17 640	
17 580	
17 580	
17 700	
17 620
GCHE	
ЧеркизГ-ао
479	
5 169 255	
1 900,5	
1 900,5	
1 889,5	
1 907	
1 900
CNTL	
Телеграф
546	
4 918 965	
17,95	
18,1	
17,75	
18,15	
17,9
KRKNP	
СаратНПЗ-п
181	
4 732 420	
15 560	
15 760	
15 500	
15 760	
15 580
FESH	
ДВМП ао
199	
4 629 613	
7,55	
7,56	
7,5	
7,61	
7,56
MSRS	
РСетиМР ао
368	
4 613 762	
1,2045	
1,226	
1,181	
1,226	
1,2085
ROLO	
Русолово
299	
3 815 988	
7,106	
7,098	
7,014	
7,4	
7,12
DIOD	
ЗаводДИОД
582	
3 694 553	
7,22	
7,32	
7,12	
7,43	
7,21
SVAV	
СОЛЛЕРС
155	
3 638 885	
287	
285	
284,5	
289	
287
MRKC	
МРСК Центр
432	
3 629 470	
0,2876	
0,289	
0,285	
0,2904	
0,2886
MGTSP	
МГТС-4ап
151	
3 111 394	
2 008	
2 006	
2 000	
2 016	
2 008
SFIN	
САФМАР ао
147	
3 046 448	
528,8	
528,8	
528	
529,2	
528,8
KMAZ	
КАМАЗ
526	
2 810 681	
63,6	
63,7	
63,1	
64,5	
63,3
RUGR	
Русгрэйн
1 910	
2 792 033	
9,34	
9,504	
9,22	
9,506	
9,388
TGKN	
ТГК-14
166	
2 563 700	
0,00319	
0,00326	
0,00317	
0,00326	
0,00322
ISKJ	
iИСКЧ ао
260	
2 540 848	
22,51	
22,71	
22,35	
22,95	
22,44
UNAC	
iАвиастКао
332	
2 297 641	
0,478	
0,481	
0,4735	
0,482	
0,479
MRKV	
РсетВол ао
357	
2 217 098	
0,07115	
0,071	
0,0707	
0,07175	
0,07115
NKNC	
НКНХ ао
491	
2 099 328	
91,1	
91,85	
90,6	
91,85	
91
BRZL	
БурЗолото
265	
2 077 808	
1 165	
1 167	
1 143	
1 181	
1 143
NKHP	
НКХП ао
317	
2 036 130	
272	
273,5	
268	
283,5	
271,5
PMSBP	
ПермьЭнС-п
106	
1 983 248	
130,4	
130	
129	
131	
129,8
NSVZ	
НаукаСвяз
299	
1 926 300	
225,5	
230	
220	
231	
225,5
RAVN	
Raven
19	
1 737 765	
29,55	
29,7	
29,45	
29,9	
29,6
VRSB	
ТНСэнВорон
152	
1 704 060	
83,6	
83,8	
80	
90	
81,4
EELT	
ЕвроЭлтех
128	
1 630 848	
8,04	
8,4	
7,92	
8,4	
7,96
BELU	
Белуга ао
163	
1 601 719	
1 316	
1 318	
1 307	
1 325	
1 320
KTSBP	
КСБ ап
28	
1 523 800	
0,317	
0,3235	
0,31	
0,324	
0,31
UNKL	
ЮУНК ао
156	
1 509 430	
7 330	
7 280	
7 230	
7 610	
7 280
KZOS	
ОргСинт ао
301	
1 494 984	
86,1	
86,5	
85,7	
86,5	
86,3
TTLK	
Таттел. ао
178	
1 480 505	
0,317	
0,3235	
0,31	
0,3265	
0,3185
KMEZ	
КМЗ
375	
1 322 120	
525,5	
532	
502	
555	
511,5
KLSB	
КалужскСК
212	
1 215 560	
12,97	
13,46	
12,8	
13,46	
12,9
IRGZ	
ИркЭнерго
179	
1 185 104	
12,44	
12,52	
12,28	
12,56	
12,54
GEMA	
iММЦБ ао
166	
1 154 703	
595	
595	
594	
599	
597,5
IRKT	
ИРКУТ-3
108	
1 115 982	
35,76	
36	
35,6	
36,18	
35,8
LSNG	
РСетиЛЭ
225	
1 015 531	
5,97	
6,01	
5,95	
6,04	
5,99
MSTT	
Мостотрест
98	
930 800	
155,15	
155,45	
154	
156,05	
155,7
AMEZ	
АшинскийМЗ
269	
922 774	
4,825	
4,855	
4,795	
4,875	
4,815
PAZA	
ПавлАвт ао
52	
911 350	
8 850	
9 060	
8 730	
9 100	
8 960
ZVEZ	
ЗВЕЗДА ао
111	
901 810	
4,745	
4,64	
4,595	
4,92	
4,67
TGKD	
Квадра
115	
876 971	
0,003515	
0,003515	
0,00348	
0,003545	
0,003525
NFAZ	
Нефтекамск
86	
860 558	
170,8	
170,2	
167,6	
173	
171,4
VJGZP	
Варьеган-п
80	
841 710	
354	
365	
347	
365	
360
UWGN	
ОВК ао
206	
810 533	
230	
230,3	
229	
231,8	
230,3
BISVP	
БашИнСв ап
93	
789 797	
10,57	
10,59	
10,46	
10,73	
10,51
KUZB	
КузнецкийБ
394	
766 603	
0,01615	
0,01602	
0,01581	
0,01645	
0,01624
NAUK	
iНПОНаука
93	
744 928	
211,6	
209	
208,2	
216	
210
TGKBP	
ТГК-2 ап
139	
737 214	
0,00715	
0,00724	
0,00696	
0,0073	
0,00722
KZOSP	
ОргСинт ап
301	
692 406	
11,7	
11,7	
11,61	
11,79	
11,73
HIMCP	
Химпром ап
168	
689 276	
6,32	
6,31	
6,2	
6,48	
6,27
RUSP	
Русполимет
179	
685 906	
0,644	
0,63	
0,63	
0,666	
0,6385
YKEN	
Якутскэнрг
62	
678 605	
0,4015	
0,4185	
0,396	
0,4185	
0,402
MAGE	
МагадЭн ао
67	
668 520	
5,81	
6,13	
5,36	
6,21	
5,93
MRKY	
РоссЮг ао
118	
663 890	
0,04965	
0,05005	
0,04935	
0,05005	
0,04945
SLEN	
Сахэнер ао
102	
642 953	
6,725	
7	
6,59	
7	
6,65
CHEP	
ЧТПЗ ао
132	
606 300	
208,5	
207,5	
207,5	
209	
208,5
DVEC	
ДЭК ао
89	
597 996	
0,924	
0,92	
0,914	
0,929	
0,926
RBCM	
РБК ао
176	
585 985	
3,366	
3,354	
3,33	
3,396	
3,368
NNSB	
ТНСэнНН ао
106	
547 435	
1 935	
2 070	
1 900	
2 110	
1 960
GTRK	
ГТМ ао
209	
539 143	
43,35	
42,65	
42,65	
43,5	
43,25
HALS	
Галс-Девел
144	
530 378	
1 306	
1 311	
1 280	
1 325	
1 293
KOGK	
КоршГОК ао
11	
515 200	
46 800	
47 000	
46 400	
47 000	
46 600
RDRB	
РДБанк ао
69	
500 700	
240	
240	
235	
245	
235
KRKOP	
ТКЗКК ап
116	
494 877	
8,22	
8,355	
8,195	
8,385	
8,205
STSBP	
СтаврЭнСбп
188	
490 389	
0,419	
0,4195	
0,4125	
0,4275	
0,4275
KROT	
КрасОкт-ао
60	
489 950	
383	
378	
374	
387,5	
378
DZRDP	
iДонскЗР п
50	
482 220	
1 890	
1 870	
1 870	
1 910	
1 880
DZRD	
iДонскЗР
98	
481 305	
2 150	
2 250	
2 100	
2 250	
2 140
VGSBP	
ВолгЭнСб-п
95	
472 790	
2,03	
2,15	
1,985	
2,15	
2,045
VRSBP	
ТНСэнВор-п
78	
464 600	
48	
48,5	
47	
49	
48
NKSH	
Нижкамшина
76	
462 852	
23,26	
23,48	
23,06	
23,78	
23,5
NNSBP	
ТНСэнНН ап
108	
436 384	
685	
699	
660	
714	
683
MRKS	
РсетСиб ао
13	
435 410	
0,2365	
0,237	
0,236	
0,237	
0,2365
MRKU	
МРСК Ур
53	
422 382	
0,1482	
0,1478	
0,147	
0,1488	
0,1486
SARE	
СаратЭн-ао
158	
404 074	
0,1524	
0,151	
0,1492	
0,156	
0,1516
CHGZ	
РН-ЗапСиб
46	
365 400	
58	
58,2	
57,6	
58,8	
58,4
MFGS	
Мегион-ао
64	
351 260	
369,5	
378	
363	
378	
368
ALNU	
АЛРОСА-Нюр
6	
334 200	
55 800	
55 400	
55 400	
56 000	
56 000
TUZA	
ТЗА ао
97	
330 480	
105	
105	
102	
108	
106
KUBE	
Кубанэнр
23	
318 576	
73,4	
72,9	
72,8	
73,6	
73,6
PMSB	
ПермьЭнСб
63	
317 910	
131,9	
131,1	
131	
132,9	
132,3
TGKDP	
Квадра-п
61	
304 636	
0,0041	
0,003995	
0,003995	
0,004195	
0,00415
RTSB	
ТНСэнРст
25	
297 350	
0,675	
0,71	
0,67	
0,71	
0,675
KAZT	
Куйбазот
41	
291 046	
150,8	
148,6	
148,6	
153,8	
151,6
RZSB	
РязЭнСб
30	
289 190	
9,32	
9,3	
9,28	
9,42	
9,34
KBTK	
КузбТК ао
53	
282 758	
152	
152	
150,8	
153,4	
152
MRKZ	
МРСК СЗ
85	
276 107	
0,0504	
0,05015	
0,05015	
0,05065	
0,0506
RGSS	
РГС СК ао
93	
265 129	
0,149	
0,1492	
0,1482	
0,1496	
0,1488
RKKE	
ЭнергияРКК
26	
265 060	
7 570	
7 590	
7 500	
7 750	
7 570
VLHZ	
ВХЗ-ао
68	
263 316	
55,2	
55,75	
54,75	
55,95	
54,8
YRSBP	
ТНСэнЯр-п
58	
261 355	
87	
87,5	
85,5	
92	
87,5
IGSTP	
Ижсталь ап
90	
252 266	
911	
892	
880	
930	
914
USBN	
УралСиб ао
31	
243 675	
0,0686	
0,0686	
0,0685	
0,069	
0,0689
STSB	
СтаврЭнСб
84	
232 942	
0,5655	
0,562	
0,56	
0,5775	
0,5645
TNSE	
ТНСэнрг ао
21	
227 485	
1 030	
1 035	
1 010	
1 035	
1 030
URKZ	
УрКузница
12	
223 640	
15 980	
15 920	
15 920	
16 100	
16 020
UTAR	
ЮТэйр ао
41	
223 107	
7,13	
7,16	
7,08	
7,17	
7,13
CHKZ	
ЧКПЗ ао
19	
219 960	
5 640	
5 720	
5 600	
5 740	
5 640
LVHK	
Левенгук
50	
215 098	
8,12	
8,28	
8,08	
8,29	
8,08
ZILL	
ЗИЛ ао
16	
204 950	
2 560	
2 530	
2 530	
2 595	
2 560
MGTS	
МГТС-5ао
33	
204 630	
2 250	
2 245	
2 235	
2 270	
2 260
IGST	
Ижсталь2ао
103	
204 530	
1 013	
991	
979	
1 047	
1 010
VGSB	
ВолгЭнСб
33	
203 870	
4,245	
4,38	
4,15	
4,38	
4,15
YAKG	
ЯТЭК ао
26	
202 705	
42,25	
42,4	
42,1	
42,4	
42,35
GAZA	
ГАЗ ао
31	
200 830	
427,5	
421,5	
421,5	
435	
424,5
KRSB	
Красэсб ао
21	
194 692	
7,13	
7,13	
7,07	
7,22	
7,08
YKENP	
Якутскэн-п
35	
177 005	
0,3935	
0,398	
0,3815	
0,4075	
0,3815
WTCM	
ЦМТ ао
29	
176 458	
9,14	
9,18	
9,02	
9,28	
9,22
ASSB	
АстрЭнСб
69	
169 928	
0,7905	
0,773	
0,773	
0,7995	
0,7875
KRKN	
СаратНПЗ
11	
168 100	
12 950	
13 000	
12 850	
13 050	
13 000
PRMB	
Приморье
6	
167 400	
28 000	
28 000	
27 800	
28 000	
27 800
RUSI	
ИКРУСС-ИНВ
27	
163 340	
38	
38,2	
37,8	
38,6	
38,2
MRSB	
МордЭнСб
24	
161 520	
0,414	
0,415	
0,407	
0,426	
0,414
KRSBP	
Красэсб ап
22	
159 514	
7,16	
7,22	
7,08	
7,22	
7,14
KCHE	
КамчатЭ ао
31	
155 175	
0,2185	
0,218	
0,215	
0,2215	
0,218
RTSBP	
ТНСэнРст-п
19	
154 560	
0,618	
0,63	
0,607	
0,633	
0,622
AVAN	
Авангрд-ао
46	
152 975	
855	
860	
850	
860	
850
VZRZP	
Возрожд-п
14	
151 810	
316,2	
314,8	
314,8	
317,2	
316,4
SAGO	
СамарЭн-ао
20	
146 420	
0,488	
0,486	
0,486	
0,492	
0,486
CHMK	
ЧМК ао
26	
144 780	
2 630	
2 635	
2 620	
2 645	
2 635
BLNG	
Белон ао
52	
139 736	
4,354	
4,428	
4,302	
4,428	
4,348
MAGEP	
МагадЭн ап
17	
137 300	
6,87	
6,99	
6,8	
7	
6,82
RLMN	
Роллман
70	
136 456	
18,8	
18,95	
18,65	
19	
18,8
VSYDP	
ВыбСудЗ ап
21	
136 420	
4 020	
4 040	
3 960	
4 060	
4 000
ROSB	
Росбанк ао
54	
129 978	
79,8	
81,8	
78,8	
82	
79,6
WTCMP	
ЦМТ ап
39	
129 250	
8,28	
8,2	
8,16	
8,36	
8,28
TASBP	
ТамбЭнСб-п
22	
126 500	
0,333	
0,3365	
0,33	
0,343	
0,338
JNOS	
Славн-ЯНОС
19	
99 050	
18,7	
18,85	
18,55	
18,85	
18,75
INGR	
ИНГРАД ао
39	
88 056	
808	
817	
804	
817	
804
ELTZ	
Электрцинк
65	
85 826	
184,5	
185,5	
183,5	
187,5	
185
OMZZP	
ОМЗ-ап
16	
85 825	
3 575	
3 570	
3 530	
3 635	
3 555
UKUZ	
ЮжКузб. ао
35	
72 030	
542	
534	
534	
546	
540
VJGZ	
Варьеган
39	
70 503	
641	
633	
633	
664	
649
ARSA	
Арсагера
14	
66 220	
4,14	
4,05	
4,03	
4,17	
4,17
LPSB	
ЛЭСК ао
28	
65 710	
8,2	
8,25	
8,15	
8,25	
8,2
KBSB	
ТНСэКубань
21	
62 475	
145,5	
144,5	
144	
147	
144,5
MISBP	
ТНСэМаЭл-п
37	
60 880	
11,9	
12,1	
11,8	
12,2	
12
ROST	
РОСИНТЕРао
27	
60 694	
62,6	
62,4	
61,8	
63,2	
62,2
MISB	
ТНСэнМарЭл
21	
58 780	
12,2	
12	
12	
12,4	
12,3
RTGZ	
ГазпРнД ао
2	
53 650	
26 850	
26 850	
26 800	
26 850	
26 800
MRKK	
Россети СК
29	
49 289	
25,28	
25,4	
25,02	
25,4	
25,12
UCSS	
ОКС ао
15	
45 190	
1 460	
1 460	
1 450	
1 470	
1 460
YRSB	
ТНСэнЯр
6	
43 260	
174	
174	
172	
176	
172
SAGOP	
СамарЭн-ап
7	
41 520	
0,415	
0,408	
0,408	
0,418	
0,418
SAREP	
СаратЭн-ап
12	
37 194	
0,12	
0,1202	
0,1192	
0,1208	
0,1192
TASB	
ТамбЭнСб
8	
34 490	
0,431	
0,435	
0,4275	
0,435	
0,433
TORS	
ТРК ао
6	
30 640	
0,438	
0,442	
0,431	
0,442	
0,439
RLMNP	
Роллман-п
21	
25 758	
19,08	
19,16	
18,82	
19,36	
19
MGNZ	
СМЗ-ао
4	
24 180	
4 840	
4 800	
4 800	
4 860	
4 840
KAZTP	
Куйбазот-п
7	
23 556	
147,2	
147,8	
146,4	
148	
146,8
KROTP	
КрасОкт-1п
6	
19 205	
274,5	
278	
272,5	
278	
273
KGKC	
КурганГКао
11	
18 185	
57	
57	
56,5	
57	
57
VSYD	
ВыбСудЗ ао
4	
16 120	
4 030	
4 050	
4 000	
4 050	
4 045
JNOSP	
Слав-ЯНОСп
7	
14 406	
14,4	
14,46	
14,3	
14,48	
14,46
TORSP	
ТРК ап
3	
11 280	
0,282	
0,279	
0,279	
0,283	
0,283
KCHEP	
КамчатЭ ап
2	
7 690	
0,385	
0,385	
0,384	
0,385	
0,385
GAZAP	
ГАЗ ап
2	
6 285	
314,5	
314	
314	
314,5	
314,5
KTSB	
КСБ ао
4	
3 582	
0,716	
0,732	
0,71	
0,732	
0,716
KGKCP	
КурганГКап
4	
2 785	
55,5	
56	
55	
56	
55,5
KUNF	
КУЗОЦМ ао
0	
0	
-	
-	
-	
-	
-
GAZC	
ГАЗКОН-ао
0	
0	
-	
-	
-	
-	
295
GAZS	
ГАЗ-сервис
0	
0	
-	
-	
-	
-	
293
GAZT	
ГАЗ-Тек ао
0	
0	
-	
-	
-	
-	
85
GTSS	
ГЕОТЕК ао
0	
0	
-	
-	
-	
-	
-
HIMC	
Химпром ао
0	
0	
-	
-	
-	
-	
0,99
KMTZ	
КосогМЗ ао
0	
0	
-	
-	
-	
-	
-
KRKO	
ТКЗКК ао
0	
0	
-	
-	
-	
-	
11,8
KSGR	
Кокс ао
0	
0	
-	
-	
-	
-	
-
KUNF	
КУЗОЦМ ао
0	
0	
-	
-	
-	
-	
-
KZMS	
КЗМС ао
0	
0	
-	
-	
-	
-	
226
MFGSP	
Мегион-ап
0	
0	
-	
-	
-	
-	
324
MFON	
МегаФон ао
0	
0	
-	
-	
-	
-	
650,6
MOBB	
МосОблБанк
0	
0	
-	
-	
-	
-	
0,698
MORI	
Морион ао
0	
0	
-	
-	
-	
-	
4,31
NPOF	
Физика ао
0	
0	
-	
-	
-	
-	
11 850
PRTK	
ПРОТЕК ао
0	
0	
-	
-	
-	
-	
99,6
TRCN	
ТрансК ао
0	
0	
-	
-	
-	
-	
8 595
TRFM	
ТрансФ ао
0	
0	
-	
-	
-	
-	
-
URKA	
Уркалий-ао
0	
0	
-	
-	
-	
-	
119,04
VZRZ	
Возрожд-ао
0	
0	
-	
-	
-	
-	
480