SBER	
Сбербанк
87 987	
17 791 063 641	
228,59	
229,08	
226,86	
229,9	
228,85
GAZP	
ГАЗПРОМ ао
123 338	
10 201 677 653	
169,02	
171,16	
167,97	
171,4	
168,4
SNGS	
Сургнфгз
63 898	
6 823 339 982	
35,9	
34,835	
34,04	
37,1	
35,33
YNDX	
Yandex clA
60 796	
6 063 040 492	
5 010,4	
5 070	
4 902	
5 108,6	
4 957,8
LKOH	
ЛУКОЙЛ
41 670	
4 555 590 309	
4 443	
4 489	
4 390,5	
4 506,5	
4 405,5
SBERP	
Сбербанк-п
41 844	
4 325 468 279	
220,94	
222,01	
219,3	
222,5	
221,52
GMKN	
ГМКНорНик
13 970	
2 814 787 144	
18 800	
18 850	
18 708	
18 942	
18 770
SNGSP	
Сургнфгз-п
27 640	
2 265 909 609	
39,155	
38,9	
38,525	
39,79	
39,44
ROSN	
Роснефть
15 195	
2 162 519 879	
385,75	
386,85	
382,1	
389,1	
385
MGNT	
Магнит ао
21 816	
2 062 448 893	
4 911	
4 985	
4 850	
5 022	
4 906
AFKS	
Система ао
36 976	
2 028 749 952	
21,228	
21,081	
20,463	
22,249	
20,74
PLZL	
Полюс
13 476	
1 982 417 224	
16 316,5	
16 348	
16 125	
16 515,5	
16 479,5
IRAO	
ИнтерРАОао
28 119	
1 957 673 677	
5,497	
5,635	
5,4	
5,6445	
5,46
TATN	
Татнфт 3ао
25 284	
1 387 743 282	
461,4	
466,5	
457,3	
468	
458,9
ALRS	
АЛРОСА ао
22 006	
1 271 125 313	
73,87	
74,1	
72,73	
74,58	
74,3
POLY	
Polymetal
16 680	
1 237 876 862	
1 688,6	
1 694,7	
1 666,3	
1 707,9	
1 704,9
MOEX	
МосБиржа
17 044	
1 072 904 689	
146,23	
147,4	
145,13	
147,9	
146
MTSS	
МТС-ао
12 147	
1 064 518 943	
338,6	
340,35	
336,4	
340,8	
339,9
AFLT	
Аэрофлот
31 974	
954 421 491	
72,1	
74,36	
70,5	
74,36	
70,5
MAIL	
MAIL-гдр
21 662	
882 125 477	
2 151	
2 148,8	
2 127	
2 174,8	
2 162,2
NVTK	
Новатэк ао
13 079	
839 990 946	
1 054,6	
1 066	
1 043,4	
1 070,8	
1 056
HYDR	
РусГидро
18 737	
770 855 799	
0,7688	
0,7649	
0,759	
0,777	
0,7648
CHMF	
СевСт-ао
11 277	
580 082 214	
997,8	
998	
986,8	
1 003,4	
998
TATNP	
Татнфт 3ап
20 866	
567 515 298	
440,9	
446	
437	
446,6	
437,8
DSKY	
ДетскийМир
9 758	
549 289 792	
118,52	
117,84	
117,08	
119,54	
119
TCSG	
TCS-гдр
8 124	
500 829 095	
2 028,6	
2 078,8	
1 985,4	
2 078,8	
2 015
VTBR	
ВТБ ао
21 895	
482 164 011	
0,03435	
0,034645	
0,03415	
0,034705	
0,0343
FIVE	
FIVE-гдр
9 698	
476 803 282	
2 834,5	
2 887,5	
2 806	
2 902,5	
2 848,5
POGR	
Petropavl
8 142	
471 737 552	
33,75	
33,8	
33,2	
34,365	
34,12
MAGN	
ММК
6 322	
440 936 664	
38,465	
38,825	
38,13	
38,98	
38,2
NLMK	
НЛМК ао
8 111	
406 575 439	
172,24	
172,6	
171	
174	
172
TRNFP	
Транснф ап
1 527	
404 597 700	
146 950	
148 350	
145 700	
148 600	
147 050
FEES	
ФСК ЕЭС ао
7 122	
377 233 386	
0,1957	
0,19788	
0,19432	
0,1983	
0,19554
CBOM	
МКБ ао
7 405	
358 387 196	
5,826	
5,855	
5,795	
5,869	
5,813
MVID	
М.видео
4 705	
347 131 924	
686	
685	
678	
693,7	
683,7
RUAL	
РУСАЛ ао
10 596	
312 119 738	
31,275	
31,66	
30,855	
31,83	
31,3
RTKM	
Ростел -ао
18 525	
291 460 168	
97,2	
98,45	
96,15	
98,7	
97,3
LNTA	
Лента др
17 818	
289 553 426	
232	
228,4	
226	
234,8	
230,1
RSTI	
Россети ао
7 461	
288 260 528	
1,4508	
1,4821	
1,4336	
1,4821	
1,449
OGKB	
ОГК-2 ао
4 860	
177 295 555	
0,7809	
0,7744	
0,7661	
0,791	
0,7869
PHOR	
ФосАгро ао
3 007	
158 580 049	
2 841	
2 855	
2 821	
2 878	
2 824
SIBN	
Газпрнефть
4 468	
155 981 904	
293,75	
295,95	
292,4	
295,95	
293
LSRG	
ЛСР ао
16 520	
120 189 091	
861,2	
854	
853,2	
867	
861
TGKA	
ТГК-1
6 194	
85 916 307	
0,011042	
0,011238	
0,01088	
0,01135	
0,01088
UPRO	
Юнипро ао
5 045	
74 926 448	
2,761	
2,785	
2,743	
2,794	
2,763
PIKK	
ПИК ао
1 638	
57 859 679	
569	
569,7	
566,2	
571	
568,9
GCHE	
ЧеркизГ-ао
1 400	
43 114 733	
1 900,5	
1 890	
1 880	
1 924,5	
1 902,5
AQUA	
РусАква ао
1 633	
41 020 395	
237,5	
229,5	
228,5	
244,5	
240
QIWI	
iQIWI
1 860	
39 443 272	
1 342	
1 358,5	
1 325,5	
1 359,5	
1 353,5
NMTP	
НМТП ао
2 853	
35 050 360	
8,505	
8,565	
8,47	
8,61	
8,485
FESH	
ДВМП ао
1 447	
32 531 285	
9,49	
9,22	
9,12	
9,75	
9,45
MTLR	
Мечел ао
2 915	
30 185 265	
61,3	
61,6	
60,91	
61,81	
60,91
RASP	
Распадская
810	
29 137 044	
120,72	
122,28	
119,56	
122,44	
119,78
ETLN	
ETLN-гдр
4 402	
29 011 491	
122,74	
122,4	
122,22	
123,92	
122,8
ENRU	
ЭнелРос ао
2 217	
28 504 971	
0,9355	
0,9415	
0,93	
0,9425	
0,9315
BANEP	
Башнефт ап
1 791	
28 168 162	
1 236	
1 242	
1 230	
1 243,5	
1 230
APTK	
Аптеки36и6
7 630	
25 570 598	
14,058	
14,362	
13,854	
14,362	
13,988
RTKMP	
Ростел -ап
2 000	
25 449 608	
87,55	
88,65	
86,7	
89,15	
86,7
AGRO	
AGRO-гдр
1 718	
24 181 251	
745	
744,4	
738,2	
749	
742
ISKJ	
iИСКЧ ао
1 488	
18 868 830	
34,64	
34,48	
33,91	
35,5	
34,49
LIFE	
iФармсинтз
1 399	
18 523 709	
6,94	
7,115	
6,89	
7,165	
6,975
MSNG	
+МосЭнерго
935	
17 473 344	
2,034	
2,074	
2,015	
2,0745	
2,0235
BSPB	
БСП ао
1 856	
15 505 540	
42,64	
42,05	
42,05	
43	
42,8
SELG	
Селигдар
565	
14 390 323	
42,55	
42,5	
42,2	
43,1	
42,48
LNZL	
Лензолото
136	
14 092 810	
18 830	
18 850	
18 720	
18 900	
18 830
MTLRP	
Мечел ап
1 066	
13 708 531	
66,9	
66,5	
66,2	
67,5	
67
AKRN	
Акрон
423	
12 915 886	
6 316	
6 280	
6 226	
6 376	
6 262
TRMK	
ТМК ао
391	
12 859 192	
60,96	
60,96	
60,88	
61,08	
60,92
UNKL	
ЮУНК ао
834	
11 802 660	
6 650	
7 040	
6 350	
7 060	
6 650
NKNCP	
НКНХ ап
1 211	
11 024 576	
76,78	
76,74	
76,5	
77,14	
76,52
HHRU	
iHHRU-адр
317	
10 530 647	
1 890,2	
1 895,8	
1 879,4	
1 899,8	
1 892,6
ENPG	
ЭН+ГРУП ао
359	
9 910 069	
705,5	
708,5	
701	
710,5	
702
LSNGP	
РСетиЛЭ-п
598	
7 646 865	
152,7	
152,75	
152,05	
153,65	
152,9
MRKP	
МРСК ЦП
435	
6 983 057	
0,2182	
0,2156	
0,2156	
0,2197	
0,2174
MRKZ	
МРСК СЗ
124	
5 311 705	
0,04985	
0,04935	
0,04935	
0,0501	
0,04945
BANE	
Башнефт ао
350	
5 225 406	
1 652	
1 641,5	
1 640,5	
1 665,5	
1 658,5
HIMCP	
Химпром ап
341	
4 652 286	
8	
8,02	
7,84	
8,03	
7,88
RSTIP	
Россети ап
290	
3 875 202	
2,015	
2,029	
2,011	
2,03	
2,018
OBUV	
ОР ао
1 039	
3 566 763	
31,6	
31,55	
31,5	
31,7	
31,55
CHEP	
ЧТПЗ ао
219	
3 426 155	
208,5	
207,5	
206	
212	
210
VSMO	
ВСМПО-АВСМ
119	
3 421 760	
17 100	
17 260	
17 000	
17 260	
17 080
CNTLP	
Телеграф-п
293	
2 688 440	
14,32	
14,32	
14,26	
14,42	
14,28
BISVP	
БашИнСв ап
288	
2 586 992	
12,02	
12,1	
11,88	
12,35	
12,08
KMAZ	
КАМАЗ
581	
2 563 977	
60	
59,6	
59,5	
60,5	
59,9
TASB	
ТамбЭнСб
386	
2 519 915	
0,4235	
0,3795	
0,3795	
0,453	
0,4095
KRKNP	
СаратНПЗ-п
98	
2 309 060	
15 500	
15 560	
15 420	
15 580	
15 520
MRKC	
МРСК Центр
378	
2 187 445	
0,2954	
0,2928	
0,2928	
0,2982	
0,2962
MRKV	
РсетВол ао
264	
2 026 188	
0,0687	
0,06965	
0,06825	
0,06965	
0,06835
DIOD	
ЗаводДИОД
273	
2 004 364	
7,47	
7,5	
7,31	
7,69	
7,38
SVAV	
СОЛЛЕРС
130	
1 954 230	
285	
287,5	
280	
287,5	
285,5
LNZLP	
Лензол. ап
143	
1 802 400	
3 990	
4 020	
3 955	
4 055	
4 005
TASBP	
ТамбЭнСб-п
326	
1 799 450	
0,301	
0,2805	
0,2805	
0,324	
0,2835
ABRD	
АбрауДюрсо
253	
1 771 435	
190,5	
194	
186	
194,5	
190,5
RNFT	
РуссНфт ао
509	
1 763 465	
344	
348,2	
340,2	
348,2	
342
SELGP	
Селигдар-п
195	
1 728 470	
35,25	
35,2	
34,95	
35,75	
35,3
RDRB	
РДБанк ао
151	
1 687 550	
225	
220	
215	
235	
235
ZILL	
ЗИЛ ао
66	
1 678 595	
2 445	
2 460	
2 400	
2 500	
2 440
CNTL	
Телеграф
139	
1 637 335	
16,75	
16,7	
16,65	
16,8	
16,8
MRSB	
МордЭнСб
83	
1 586 640	
0,432	
0,436	
0,43	
0,44	
0,431
UWGN	
ОВК ао
191	
1 586 554	
201,8	
201	
200,2	
202	
202
NKNC	
НКНХ ао
272	
1 458 976	
88,25	
89	
87,65	
89	
88,25
TGKB	
ТГК-2
125	
1 443 620	
0,00399	
0,00403	
0,00396	
0,00404	
0,003965
KZOSP	
ОргСинт ап
455	
1 429 048	
11,34	
11,44	
11,22	
11,49	
11,28
MSRS	
РСетиМР ао
155	
1 392 325	
1,1605	
1,1645	
1,1565	
1,169	
1,159
UNAC	
iАвиастКао
306	
1 279 880	
0,425	
0,4285	
0,4205	
0,4325	
0,421
MRKU	
МРСК Ур
129	
1 206 182	
0,1374	
0,14	
0,1356	
0,14	
0,1366
MGTSP	
МГТС-4ап
185	
1 177 428	
1 924	
1 936	
1 910	
1 944	
1 912
GEMA	
iММЦБ ао
100	
1 162 326	
602	
600	
600	
610	
605,5
LVHK	
Левенгук
247	
1 097 353	
8,38	
8,45	
8,25	
8,71	
8,33
RGSS	
РГС СК ао
140	
1 081 843	
0,146	
0,1456	
0,145	
0,147	
0,1464
IRKT	
ИРКУТ-3
126	
1 043 618	
33,24	
33,54	
33,08	
33,54	
33,2
NSVZ	
НаукаСвяз
173	
1 042 550	
198	
200,5	
195	
201,5	
195,5
SAGOP	
СамарЭн-ап
154	
1 018 950	
0,474	
0,495	
0,45	
0,512	
0,472
SAGO	
СамарЭн-ао
111	
977 780	
0,572	
0,562	
0,554	
0,6	
0,564
TNSE	
ТНСэнрг ао
47	
920 215	
1 040	
1 060	
1 010	
1 070	
1 030
IRGZ	
ИркЭнерго
85	
871 894	
11,88	
11,76	
11,76	
12	
11,9
KMEZ	
КМЗ
424	
844 811	
518	
495,5	
495,5	
540	
517,5
KZOS	
ОргСинт ао
223	
809 487	
81,9	
81,6	
81,6	
82,6	
81,9
BELU	
Белуга ао
174	
713 424	
1 274	
1 295	
1 269	
1 295	
1 273
CHKZ	
ЧКПЗ ао
80	
708 600	
5 400	
5 440	
5 240	
5 580	
5 300
SFIN	
САФМАР ао
50	
699 736	
479,2	
480,6	
471,2	
482	
477,8
HALS	
Галс-Девел
125	
691 176	
1 090	
1 145	
1 069	
1 145	
1 079
YAKG	
ЯТЭК ао
60	
678 005	
50,6	
51,45	
50	
51,45	
50,95
VRSB	
ТНСэнВорон
74	
674 200	
68,2	
70,6	
65,6	
71,4	
69
RLMN	
Роллман
171	
669 554	
17,25	
17,55	
17,05	
17,55	
17,25
KRKOP	
ТКЗКК ап
165	
653 272	
8,9	
8,65	
8,475	
9,22	
8,7
AMEZ	
АшинскийМЗ
313	
640 710	
4,655	
4,665	
4,62	
4,695	
4,64
DZRDP	
iДонскЗР п
164	
639 970	
1 530	
1 590	
1 510	
1 590	
1 540
LSNG	
РСетиЛЭ
189	
565 734	
5,52	
5,55	
5,5	
5,57	
5,53
MFGS	
Мегион-ао
45	
550 445	
322	
320	
319,5	
326	
320
ROLO	
Русолово
54	
549 000	
6,31	
6,226	
6,226	
6,404	
6,312
ALNU	
АЛРОСА-Нюр
9	
512 600	
57 000	
56 600	
56 600	
57 600	
57 000
TTLK	
Таттел. ао
49	
504 290	
0,3275	
0,3285	
0,3265	
0,3285	
0,3265
TGKN	
ТГК-14
60	
499 210	
0,00308	
0,00309	
0,00307	
0,0031	
0,00309
RUGR	
Русгрэйн
699	
483 767	
9,104	
9,25	
9,076	
9,25	
9,108
OMZZP	
ОМЗ-ап
73	
480 720	
3 535	
3 490	
3 450	
3 695	
3 500
TGKD	
Квадра
63	
463 690	
0,00364	
0,00364	
0,00363	
0,003665	
0,00365
GTRK	
ГТМ ао
414	
450 594	
42,5	
42,6	
42,05	
42,6	
42,4
ARSA	
Арсагера
49	
417 520	
3,7	
3,75	
3,63	
3,82	
3,67
BRZL	
БурЗолото
128	
412 421	
1 011	
1 020	
1 000	
1 023	
1 014
VRSBP	
ТНСэнВор-п
44	
410 550	
44	
45,5	
43	
45,5	
44,5
PRMB	
Приморье
14	
408 200	
27 200	
27 600	
27 000	
27 600	
27 200
UTAR	
ЮТэйр ао
73	
399 491	
6,82	
6,83	
6,8	
6,92	
6,81
PMSBP	
ПермьЭнС-п
73	
383 400	
130,4	
130	
130	
131,2	
130,6
MAGE	
МагадЭн ао
37	
375 980	
5,97	
5,99	
5,9	
6,03	
5,94
PAZA	
ПавлАвт ао
35	
351 660	
7 990	
8 090	
7 940	
8 100	
7 940
MGTS	
МГТС-5ао
32	
344 185	
2 180	
2 190	
2 170	
2 190	
2 175
RTSB	
ТНСэнРст
37	
326 050	
0,52	
0,515	
0,5	
0,53	
0,51
YKEN	
Якутскэнрг
18	
319 850	
0,4	
0,4005	
0,3965	
0,401	
0,397
NKHP	
НКХП ао
58	
297 960	
263,5	
262	
262	
265,5	
263
MFGSP	
Мегион-ап
30	
275 185	
302,5	
309	
290	
309	
301
ZVEZ	
ЗВЕЗДА ао
38	
273 135	
4,48	
4,49	
4,46	
4,5	
4,49
CHMK	
ЧМК ао
59	
242 295	
2 550	
2 560	
2 525	
2 580	
2 560
RTSBP	
ТНСэнРст-п
17	
232 620	
0,495	
0,5	
0,48	
0,5	
0,496
AVAN	
Авангрд-ао
81	
230 760	
830	
830	
820	
840	
820
MRKY	
РоссЮг ао
189	
230 086	
0,04775	
0,04775	
0,0476	
0,048	
0,0476
RKKE	
ЭнергияРКК
29	
229 610	
6 750	
6 860	
6 720	
6 860	
6 740
KOGK	
КоршГОК ао
5	
228 000	
45 600	
46 000	
45 400	
46 000	
45 600
NNSB	
ТНСэнНН ао
37	
227 150	
1 635	
1 655	
1 605	
1 660	
1 620
KAZT	
Куйбазот
32	
222 034	
157,4	
159	
156,4	
159,2	
157
MRKS	
РсетСиб ао
22	
208 660	
0,232	
0,23	
0,2275	
0,2365	
0,2285
KRSBP	
Красэсб ап
59	
206 194	
7,44	
7,88	
7,3	
7,94	
7,54
KUZB	
КузнецкийБ
230	
199 931	
0,01407	
0,01438	
0,01394	
0,01438	
0,014
ROST	
РОСИНТЕРао
42	
199 174	
61,2	
60,4	
60,4	
62	
61
VGSBP	
ВолгЭнСб-п
49	
185 465	
1,895	
1,9	
1,86	
1,95	
1,885
NFAZ	
Нефтекамск
36	
180 216	
209,6	
207,6	
206,2	
213,2	
207,2
TGKBP	
ТГК-2 ап
80	
175 449	
0,00696	
0,007	
0,00694	
0,00704	
0,00694
PMSB	
ПермьЭнСб
38	
172 288	
132,5	
133,1	
131	
134,8	
132,3
KTSBP	
КСБ ап
40	
172 070	
0,273	
0,2685	
0,2685	
0,284	
0,2705
INGR	
ИНГРАД ао
32	
171 023	
799	
802	
797	
809	
800
USBN	
УралСиб ао
39	
166 229	
0,067	
0,067	
0,0669	
0,0675	
0,0669
TGKDP	
Квадра-п
43	
163 037	
0,00471	
0,004715	
0,00466	
0,004785	
0,00466
KROT	
КрасОкт-ао
23	
156 595	
373	
373,5	
370	
377,5	
371
RUSI	
ИКРУСС-ИНВ
19	
155 080	
37,8	
38,5	
37,6	
38,5	
38
KLSB	
КалужскСК
51	
154 946	
13,24	
13,26	
13,12	
13,31	
13,14
DVEC	
ДЭК ао
90	
147 083	
0,907	
0,914	
0,905	
0,915	
0,908
RUSP	
Русполимет
42	
142 696	
0,634	
0,63	
0,63	
0,6385	
0,6355
ELTZ	
Электрцинк
44	
142 634	
172,5	
175,5	
171,5	
175,5	
172,5
NAUK	
iНПОНаука
33	
141 224	
199	
200,2	
198,2	
200,4	
199,2
RAVN	
Raven
13	
140 390	
29,25	
29,8	
29,05	
29,8	
29,15
VZRZP	
Возрожд-п
23	
124 234	
310,6	
310,4	
307,2	
311,8	
311
SARE	
СаратЭн-ао
52	
124 126	
0,1334	
0,1384	
0,131	
0,1384	
0,1316
WTCMP	
ЦМТ ап
48	
123 186	
8,1	
8,26	
8	
8,26	
8,06
TORSP	
ТРК ап
3	
120 385	
0,28	
0,28	
0,2785	
0,28	
0,2795
ALBK	
БестЭфБ ао
45	
117 595	
58	
58,5	
57,5	
58,5	
58
KRSB	
Красэсб ао
39	
111 214	
7,32	
7,31	
7,21	
7,35	
7,21
KRKN	
СаратНПЗ
8	
110 100	
12 250	
12 300	
12 150	
12 450	
12 200
KBSB	
ТНСэКубань
30	
108 395	
134	
134,5	
133	
135	
133,5
EELT	
ЕвроЭлтех
64	
107 914	
7,3	
7,42	
7,28	
7,42	
7,28
UCSS	
ОКС ао
12	
105 820	
1 470	
1 470	
1 460	
1 470	
1 460
TORS	
ТРК ао
23	
104 870	
0,362	
0,363	
0,336	
0,38	
0,379
BLNG	
Белон ао
38	
102 939	
4,168	
4,154	
4,13	
4,236	
4,202
KTSB	
КСБ ао
45	
100 538	
0,614	
0,618	
0,602	
0,624	
0,61
VGSB	
ВолгЭнСб
16	
100 475	
4,02	
4,08	
3,975	
4,085	
3,98
STSB	
СтаврЭнСб
31	
99 881	
0,558	
0,56	
0,55	
0,5635	
0,551
KUBE	
Кубанэнр
13	
99 411	
70	
70,6	
69,9	
70,6	
70,3
STSBP	
СтаврЭнСбп
34	
95 412	
0,377	
0,3775	
0,375	
0,379	
0,376
JNOSP	
Слав-ЯНОСп
8	
94 544	
14,12	
14,02	
14,02	
14,16	
14,14
URKZ	
УрКузница
5	
93 980	
15 660	
15 800	
15 620	
15 800	
15 620
MGNZ	
СМЗ-ао
19	
89 930	
4 730	
4 730	
4 620	
4 820	
4 680
MAGEP	
МагадЭн ап
12	
89 310	
5,96	
6	
5,9	
6,01	
5,91
SLEN	
Сахэнер ао
25	
79 646	
6,37	
6,5	
6,285	
6,5	
6,38
TUZA	
ТЗА ао
31	
73 880	
104	
105	
103	
105	
104
GAZA	
ГАЗ ао
16	
70 570	
392	
391,5	
390,5	
395,5	
391
ASSB	
АстрЭнСб
30	
68 627	
0,746	
0,7575	
0,7415	
0,7575	
0,746
CHGZ	
РН-ЗапСиб
7	
66 360	
51	
51,6	
50,8	
51,6	
50,8
VJGZ	
Варьеган
37	
60 854	
621	
624	
617	
630	
620
LPSB	
ЛЭСК ао
27	
60 300	
7,95	
8	
7,9	
8	
8
WTCM	
ЦМТ ао
18	
58 588	
9,02	
9,06	
9	
9,12	
9,12
YKENP	
Якутскэн-п
7	
58 420	
0,3895	
0,3895	
0,388	
0,3905	
0,388
RLMNP	
Роллман-п
53	
55 458	
18	
18,36	
17,2	
18,36	
18,08
RBCM	
РБК ао
45	
47 285	
3,306	
3,32	
3,292	
3,33	
3,306
KBTK	
КузбТК ао
22	
46 206	
149	
150,4	
147,8	
150,4	
148
IGSTP	
Ижсталь ап
20	
45 477	
842	
855	
835	
855	
835
UKUZ	
ЮжКузб. ао
9	
42 180	
502	
502	
502	
506	
502
ROSB	
Росбанк ао
13	
41 232	
77,8	
78	
77,6	
78,6	
78
KAZTP	
Куйбазот-п
14	
39 676	
152,6	
150,2	
150,2	
153,8	
153,2
KCHEP	
КамчатЭ ап
10	
38 310	
0,383	
0,384	
0,38	
0,386	
0,38
KGKC	
КурганГКао
11	
38 290	
55,5	
55,5	
55	
55,5	
55
MISBP	
ТНСэМаЭл-п
14	
38 220	
11,9	
11,9	
11,8	
12,1	
12
NNSBP	
ТНСэнНН ап
24	
37 384	
634	
638	
631	
638	
632
VJGZP	
Варьеган-п
11	
37 350	
340	
337	
337	
342	
339
YRSBP	
ТНСэнЯр-п
12	
36 495	
85	
85,5	
84,5	
87	
84,5
JNOS	
Славн-ЯНОС
10	
36 150	
18,1	
18,1	
18,05	
18,1	
18,05
VLHZ	
ВХЗ-ао
15	
35 543	
53,85	
54,45	
53,3	
54,45	
53,95
NKSH	
Нижкамшина
11	
33 790	
22,52	
22,18	
22,18	
22,62	
22,34
RZSB	
РязЭнСб
11	
31 748	
9,08	
9,1	
9,04	
9,1	
9,04
MISB	
ТНСэнМарЭл
10	
30 720	
12,3	
12,3	
12,2	
12,4	
12,3
KCHE	
КамчатЭ ао
5	
30 325	
0,2165	
0,2165	
0,216	
0,217	
0,216
IGST	
Ижсталь2ао
14	
27 867	
961	
962	
955	
974	
960
VSYDP	
ВыбСудЗ ап
6	
27 160	
3 880	
3 880	
3 840	
3 920	
3 920
KROTP	
КрасОкт-1п
7	
26 440	
264,5	
266	
262	
266,5	
262,5
GAZAP	
ГАЗ ап
7	
21 795	
311,5	
312	
308	
313	
308,5
DZRD	
iДонскЗР
10	
20 625	
2 065	
2 045	
2 045	
2 065	
2 065
SAREP	
СаратЭн-ап
12	
19 442	
0,1142	
0,1156	
0,1138	
0,1158	
0,114
VSYD	
ВыбСудЗ ао
1	
3 900	
3 900	
3 900	
3 900	
3 900	
3 900
MRKK	
Россети СК
10	
3 512	
25,08	
24,96	
24,96	
25,38	
25,3
KGKCP	
КурганГКап
1	
540	
54	
54	
54	
54	
54
BISV	
БашИнСв ао
0	
0	
-	
-	
-	
-	
8,7
GAZC	
ГАЗКОН-ао
0	
0	
-	
-	
-	
-	
295
GTSS	
ГЕОТЕК ао
0	
0	
-	
-	
-	
-	
-
KUNF	
КУЗОЦМ ао
0	
0	
-	
-	
-	
-	
-
NPOF	
Физика ао
0	
0	
-	
-	
-	
-	
11 850
RTGZ	
ГазпРнД ао
0	
0	
-	
-	
-	
-	
27 700
TRCN	
ТрансК ао
0	
0	
-	
-	
-	
-	
8 595
MSTT	
Мостотрест
0	
0	
-	
-	
-	
-	
161
TRFM	
ТрансФ ао
0	
0	
-	
-	
-	
-	
-
GAZS	
ГАЗ-сервис
0	
0	
-	
-	
-	
-	
293
KMTZ	
КосогМЗ ао
0	
0	
-	
-	
-	
-	
-
KZMS	
КЗМС ао
0	
0	
-	
-	
-	
-	
226
GAZT	
ГАЗ-Тек ао
0	
0	
-	
-	
-	
-	
85
HIMC	
Химпром ао
0	
0	
-	
-	
-	
-	
0,99
MOBB	
МосОблБанк
0	
0	
-	
-	
-	
-	
0,698
URKA	
Уркалий-ао
0	
0	
-	
-	
-	
-	
119,04
VZRZ	
Возрожд-ао
0	
0	
-	
-	
-	
-	
480
YRSB	
ТНСэнЯр
0	
0	
-	
-	
-	
-	
166
BISV	
БашИнСв ао
0	
0	
-	
-	
-	
-	
8,7
KSGR	
Кокс ао
0	
0	
-	
-	
-	
-	
-
MFON	
МегаФон ао
0	
0	
-	
-	
-	
-	
650,6
MORI	
Морион ао
0	
0	
-	
-	
-	
-	
4,31