SBER	
Сбербанк
49 214	
9 837 842 414	
226,14	
227,96	
224,51	
228,7	
224,6
GAZP	
ГАЗПРОМ ао
66 366	
4 556 085 159	
187,97	
187,49	
186,83	
188,85	
186,83
PLZL	
Полюс
25 616	
4 390 998 077	
17 942	
18 000	
17 710	
18 123,5	
17 881
GMKN	
ГМКНорНик
21 031	
4 333 752 394	
20 538	
20 400	
20 296	
20 698	
20 472
YNDX	
Yandex clA
46 523	
3 613 608 497	
4 268	
4 381	
4 173,8	
4 396	
4 229,4
LKOH	
ЛУКОЙЛ
18 442	
3 325 880 203	
5 121,5	
5 100	
5 090	
5 153	
5 090
MOEX	
МосБиржа
27 156	
1 760 952 470	
141,27	
142,5	
139,52	
143,65	
140,01
ALRS	
АЛРОСА ао
34 169	
1 582 645 467	
69,93	
69,94	
69,02	
71,2	
69,5
TATN	
Татнфт 3ао
16 118	
1 506 444 212	
559,8	
560,1	
555,4	
564	
559
VTBR	
ВТБ ао
40 914	
1 474 899 306	
0,03682	
0,0367	
0,03651	
0,03705	
0,036585
AFLT	
Аэрофлот
23 417	
1 364 630 597	
82,68	
81,6	
81,56	
83,2	
83,04
POGR	
Petropavl
30 327	
1 312 701 018	
32,91	
34,5	
30,6	
35,31	
32,805
NLMK	
НЛМК ао
21 377	
1 304 007 495	
152,72	
149,22	
149,22	
154,74	
154,48
ROSN	
Роснефть
9 784	
1 232 386 671	
368,85	
367,95	
366,6	
370,95	
366,85
MGNT	
Магнит ао
12 454	
1 217 375 800	
4 618	
4 620	
4 577	
4 675	
4 611
POLY	
Polymetal
13 947	
1 044 138 555	
1 946,2	
1 937,5	
1 902	
1 962,7	
1 935,7
MTSS	
МТС-ао
13 029	
999 030 561	
329,45	
330,7	
327,9	
332,3	
328,95
SNGS	
Сургнфгз
8 521	
917 273 444	
37,54	
37,35	
37,26	
37,83	
37,29
SBERP	
Сбербанк-п
14 901	
909 178 039	
210,45	
211	
209,22	
211,91	
210
IRAO	
ИнтерРАОао
9 855	
797 555 198	
5,661	
5,635	
5,611	
5,713	
5,6185
NVTK	
Новатэк ао
7 918	
701 916 546	
1 108,8	
1 106	
1 101,6	
1 116,8	
1 104
TCSG	
TCS-гдр
24 793	
700 934 732	
1 857,6	
1 937	
1 801	
1 944,2	
1 820
SNGSP	
Сургнфгз-п
8 102	
626 058 609	
36,99	
36,8	
36,72	
37,27	
36,855
CHMF	
СевСт-ао
13 818	
586 710 391	
931,4	
925,8	
925,2	
934	
930
AFKS	
Система ао
9 543	
414 010 469	
20,125	
20,1	
19,934	
20,35	
20
HYDR	
РусГидро
14 152	
412 780 599	
0,75	
0,7555	
0,744	
0,7599	
0,7473
MAGN	
ММК
5 488	
300 098 749	
39,485	
39,625	
39,3	
39,735	
39,515
RTKM	
Ростел -ао
9 037	
286 726 077	
96,68	
96,11	
95,75	
97,45	
96,28
CBOM	
МКБ ао
7 718	
280 611 303	
5,924	
5,904	
5,874	
5,948	
5,903
RUAL	
РУСАЛ ао
10 590	
275 351 989	
30,61	
30,3	
30,255	
30,89	
30,635
FIVE	
FIVE-гдр
3 970	
269 160 490	
2 832,5	
2 840,5	
2 804	
2 877,5	
2 804
DSKY	
ДетскийМир
9 094	
237 117 392	
118,7	
120,26	
117,56	
120,86	
118,42
MAIL	
MAIL-гдр
9 800	
234 011 260	
1 999,6	
2 000	
1 970	
2 009	
1 999,4
FEES	
ФСК ЕЭС ао
5 314	
229 920 597	
0,20222	
0,19932	
0,19932	
0,20316	
0,20286
SELG	
Селигдар
7 144	
210 821 383	
53,09	
50,7	
50,6	
54,84	
53,3
SIBN	
Газпрнефть
4 102	
193 980 733	
322	
322,7	
320,7	
323,3	
322,3
RSTI	
Россети ао
4 161	
173 549 219	
1,5941	
1,5852	
1,5777	
1,6034	
1,5858
TATNP	
Татнфт 3ап
5 112	
161 090 891	
540,8	
538	
537,5	
543,6	
543,3
TRNFP	
Транснф ап
710	
157 219 750	
135 900	
135 750	
133 500	
137 100	
136 050
OGKB	
ОГК-2 ао
7 502	
124 726 161	
0,7572	
0,7587	
0,746	
0,7686	
0,7487
ROLO	
Русолово
5 704	
112 291 504	
7,398	
5,626	
5,5	
7,948	
7,948
LSRG	
ЛСР ао
5 606	
98 335 438	
772,2	
771	
763,2	
781	
767,6
LNTA	
Лента др
6 472	
97 690 064	
208,6	
214	
206,6	
214	
207,9
PHOR	
ФосАгро ао
3 117	
96 691 501	
2 700	
2 696	
2 683	
2 718	
2 700
AGRO	
AGRO-гдр
4 348	
86 837 679	
710,4	
719,4	
608	
733,2	
712,6
RTKMP	
Ростел -ап
4 468	
84 210 556	
90,65	
90,05	
89,9	
91,25	
90,95
MVID	
М.видео
2 376	
81 114 052	
469,4	
469	
461	
479,1	
462
UPRO	
Юнипро ао
2 310	
77 550 532	
2,828	
2,82	
2,814	
2,837	
2,835
RASP	
Распадская
1 717	
74 101 388	
112,38	
113,3	
111,06	
113,9	
112
QIWI	
iQIWI
3 286	
70 557 592	
1 515	
1 500	
1 465	
1 534,5	
1 501
CNTLP	
Телеграф-п
4 724	
70 353 038	
17,08	
17,86	
16,86	
18,06	
17,08
TGKB	
ТГК-2
3 026	
57 361 540	
0,004575	
0,004335	
0,004335	
0,00473	
0,00449
MTLR	
Мечел ао
4 961	
55 157 599	
66,24	
66,24	
65,8	
66,78	
65,93
ABRD	
АбрауДюрсо
5 806	
52 402 550	
267,5	
293	
228	
295	
262,5
BANEP	
Башнефт ап
2 802	
49 572 675	
1 355,5	
1 363	
1 350,5	
1 363,5	
1 351
TGKA	
ТГК-1
1 995	
35 100 302	
0,012154	
0,0121	
0,012022	
0,01223	
0,012144
ETLN	
ETLN-гдр
2 703	
32 367 306	
110,68	
110,08	
109,92	
111	
110,14
MSNG	
+МосЭнерго
1 176	
29 561 648	
2,1335	
2,1345	
2,113	
2,1535	
2,133
KMAZ	
КАМАЗ
3 651	
28 838 959	
66,6	
66,3	
63,3	
70,7	
64,9
NSVZ	
НаукаСвяз
3 456	
28 313 880	
285	
307	
252,5	
325	
271,5
LPSB	
ЛЭСК ао
4 418	
27 695 940	
9,5	
8	
8	
10,8	
8,8
PIKK	
ПИК ао
1 165	
27 519 096	
495,9	
495,8	
492	
499,9	
492,6
MRKP	
МРСК ЦП
1 051	
22 415 019	
0,2128	
0,2132	
0,21	
0,216	
0,2115
NMTP	
НМТП ао
2 366	
22 017 797	
9,2	
9,2	
9,16	
9,25	
9,185
LNZL	
Лензолото
682	
21 968 390	
18 130	
18 340	
17 910	
18 340	
18 130
SELGP	
Селигдар-п
832	
20 861 580	
30,25	
30,4	
29,8	
31,3	
30
CNTL	
Телеграф
1 964	
18 568 820	
18,8	
19,35	
18,5	
19,5	
18,8
STSB	
СтаврЭнСб
3 041	
17 715 245	
0,682	
0,72	
0,573	
0,846	
0,613
NKNCP	
НКНХ ап
1 428	
17 448 636	
81,22	
81,46	
80,5	
81,56	
81,16
KUBE	
Кубанэнр
3 559	
16 817 470	
80,9	
71,9	
71,7	
88,3	
78,5
ENRU	
ЭнелРос ао
1 108	
16 517 118	
0,9495	
0,94	
0,94	
0,955	
0,9475
STSBP	
СтаврЭнСбп
2 943	
16 361 098	
0,5195	
0,535	
0,48	
0,58	
0,4855
UNKL	
ЮУНК ао
1 008	
16 274 940	
8 690	
8 180	
8 180	
9 100	
8 600
VGSBP	
ВолгЭнСб-п
1 536	
15 706 105	
2,505	
2,05	
1,985	
2,705	
2,555
CHGZ	
РН-ЗапСиб
1 170	
15 530 540	
58,4	
47	
46,6	
65	
54,8
LSNGP	
РСетиЛЭ-п
685	
14 974 377	
156,05	
156,8	
155,5	
156,8	
156
BSPB	
БСП ао
1 339	
14 779 363	
43,68	
43,08	
43,08	
44,08	
43,72
SLEN	
Сахэнер ао
1 629	
14 632 281	
7,055	
6,49	
6,37	
7,895	
6,45
VSMO	
ВСМПО-АВСМ
337	
14 095 740	
17 920	
18 000	
17 680	
18 080	
17 900
VGSB	
ВолгЭнСб
1 377	
13 964 360	
4,325	
3,415	
3,12	
4,775	
4,775
OBUV	
ОР ао
1 539	
13 654 607	
34,65	
34,5	
34,15	
35,15	
34,5
AQUA	
РусАква ао
804	
12 809 390	
211	
210	
208,5	
213	
211
MTLRP	
Мечел ап
685	
11 838 637	
81,9	
81,85	
81,5	
82,3	
81,75
TNSE	
ТНСэнрг ао
1 377	
11 819 535	
1 205	
1 000	
1 000	
1 360	
1 175
ENPG	
ЭН+ГРУП ао
485	
10 404 928	
692	
693,5	
684	
700,5	
685,5
BELU	
Белуга ао
794	
10 156 426	
1 342	
1 339	
1 321	
1 374	
1 329
RSTIP	
Россети ап
524	
8 461 765	
2,155	
2,13	
2,126	
2,164	
2,149
TRMK	
ТМК ао
371	
7 612 328	
58,74	
58,08	
58,02	
59,16	
58,68
AKRN	
Акрон
385	
7 519 376	
5 834	
5 818	
5 808	
5 850	
5 836
GCHE	
ЧеркизГ-ао
731	
6 920 961	
1 781	
1 760,5	
1 760,5	
1 793	
1 775
LNZLP	
Лензол. ап
521	
6 779 500	
5 565	
5 720	
5 355	
5 720	
5 570
FESH	
ДВМП ао
365	
6 424 107	
7,59	
7,61	
7,53	
7,67	
7,57
NKNC	
НКНХ ао
621	
6 396 281	
94,1	
93,4	
92,95	
95,1	
93,7
URKZ	
УрКузница
210	
6 390 640	
18 160	
16 580	
16 580	
19 780	
17 300
DIOD	
ЗаводДИОД
718	
6 353 765	
7,38	
6,95	
6,95	
7,5	
7,46
IRGZ	
ИркЭнерго
665	
6 081 876	
12,32	
11,9	
11,88	
12,7	
12,22
KBSB	
ТНСэКубань
566	
5 887 510	
152	
149	
147	
160	
153
KOGK	
КоршГОК ао
34	
5 538 400	
49 000	
49 600	
48 600	
49 800	
48 800
RNFT	
РуссНфт ао
819	
5 485 344	
504,8	
513,2	
501	
513,2	
509,4
VRSB	
ТНСэнВорон
379	
5 219 740	
69	
69,2	
64,6	
74,6	
67
LIFE	
iФармсинтз
542	
5 186 923	
7,265	
7,3	
7,19	
7,3	
7,24
BANE	
Башнефт ао
459	
5 049 343	
1 737,5	
1 735	
1 731,5	
1 741,5	
1 740,5
SFIN	
САФМАР ао
360	
5 036 390	
524,2	
524,6	
523,4	
524,6	
524,6
SARE	
СаратЭн-ао
620	
4 691 750	
0,1414	
0,1322	
0,1258	
0,148	
0,1424
SVAV	
СОЛЛЕРС
227	
4 587 405	
278,5	
280,5	
276	
282	
279,5
UNAC	
iАвиастКао
341	
4 192 681	
0,4915	
0,4945	
0,488	
0,496	
0,492
TGKBP	
ТГК-2 ап
289	
4 082 900	
0,00748	
0,0073	
0,0073	
0,00777	
0,00742
APTK	
Аптеки36и6
1 299	
4 072 642	
13,42	
13,21	
13,21	
13,478	
13,404
SAREP	
СаратЭн-ап
348	
3 980 162	
0,1044	
0,1	
0,0928	
0,1186	
0,104
MRKC	
МРСК Центр
440	
3 976 478	
0,2996	
0,3	
0,2964	
0,303	
0,2984
VRSBP	
ТНСэнВор-п
307	
3 929 100	
48	
49,5	
46,5	
50	
48
TGKN	
ТГК-14
221	
3 831 450	
0,00333	
0,00329	
0,00328	
0,00335	
0,00334
NAUK	
iНПОНаука
395	
3 743 352	
204,4	
205,8	
200,8	
210,4	
210,4
AMEZ	
АшинскийМЗ
893	
3 736 658	
4,625	
4,685	
4,53	
4,745	
4,705
ISKJ	
iИСКЧ ао
365	
3 689 543	
24,63	
24,22	
24,21	
25	
24,67
MRKV	
РсетВол ао
418	
3 468 801	
0,0745	
0,0744	
0,0738	
0,075	
0,0742
KRKNP	
СаратНПЗ-п
120	
3 431 600	
15 960	
15 980	
15 860	
16 020	
15 960
PMSBP	
ПермьЭнС-п
208	
3 301 878	
131	
130,4	
130	
131,6	
131,6
YKEN	
Якутскэнрг
289	
3 198 090	
0,411	
0,434	
0,382	
0,4355	
0,41
INGR	
ИНГРАД ао
459	
3 175 111	
818	
840	
790	
840	
800
RKKE	
ЭнергияРКК
238	
3 159 580	
8 430	
8 370	
8 170	
8 800	
8 490
BRZL	
БурЗолото
392	
3 049 620	
1 201	
1 184	
1 171	
1 220	
1 187
RTSB	
ТНСэнРст
301	
2 953 650	
0,55	
0,525	
0,5	
0,585	
0,535
MGTSP	
МГТС-4ап
235	
2 804 228	
2 024	
2 034	
2 002	
2 056	
2 030
RTSBP	
ТНСэнРст-п
239	
2 793 880	
0,437	
0,4	
0,39	
0,529	
0,515
MRSB	
МордЭнСб
231	
2 583 980	
0,372	
0,373	
0,356	
0,39	
0,375
RUGR	
Русгрэйн
1 540	
2 474 815	
9,492	
9,56	
9,306	
9,7	
9,462
ALNU	
АЛРОСА-Нюр
28	
2 170 400	
55 600	
55 400	
54 600	
56 200	
56 200
TASBP	
ТамбЭнСб-п
440	
2 131 140	
0,365	
0,3645	
0,35	
0,3885	
0,3615
MISBP	
ТНСэМаЭл-п
252	
2 066 850	
12,7	
12,8	
12,5	
13	
12,6
GTRK	
ГТМ ао
405	
2 003 392	
44,9	
44,65	
44	
46,4	
44,85
KZOS	
ОргСинт ао
373	
1 854 664	
87,4	
87,9	
86,7	
88	
87,3
ASSB	
АстрЭнСб
463	
1 831 279	
0,8065	
0,8035	
0,7865	
0,8425	
0,7865
TGKD	
Квадра
318	
1 829 801	
0,003615	
0,003505	
0,003505	
0,0037	
0,00366
RGSS	
РГС СК ао
216	
1 733 937	
0,1498	
0,15	
0,149	
0,1506	
0,15
USBN	
УралСиб ао
159	
1 542 093	
0,0686	
0,0694	
0,068	
0,0695	
0,0689
KLSB	
КалужскСК
349	
1 539 400	
12,21	
12,39	
12,07	
12,4	
12,23
CHMK	
ЧМК ао
159	
1 416 460	
2 735	
2 700	
2 685	
2 785	
2 700
MSRS	
РСетиМР ао
113	
1 327 973	
1,1825	
1,179	
1,1705	
1,1905	
1,178
VSYDP	
ВыбСудЗ ап
114	
1 278 920	
4 040	
4 260	
3 900	
4 360	
4 040
ZILL	
ЗИЛ ао
132	
1 250 460	
2 600	
2 585	
2 565	
2 660	
2 605
MRKZ	
МРСК СЗ
259	
1 233 777	
0,0516	
0,052	
0,051	
0,0523	
0,05195
CHKZ	
ЧКПЗ ао
122	
1 201 560	
5 540	
5 460	
5 420	
5 740	
5 540
MSTT	
Мостотрест
138	
1 190 411	
159,15	
156,85	
156,85	
160,3	
158,6
IRKT	
ИРКУТ-3
131	
1 169 726	
35,56	
35,62	
35,14	
35,86	
35,46
CHEP	
ЧТПЗ ао
128	
1 116 750	
208	
208,5	
207,5	
209	
208,5
MAGE	
МагадЭн ао
57	
1 045 200	
6,57	
6,8	
6,5	
6,8	
6,64
YAKG	
ЯТЭК ао
56	
1 037 640	
43,05	
43,25	
42,85	
43,8	
43,75
BISVP	
БашИнСв ап
193	
1 037 490	
9,39	
8,92	
8,92	
9,65	
9,26
RDRB	
РДБанк ао
54	
1 029 750	
230	
235	
230	
235	
235
RBCM	
РБК ао
258	
977 758	
3,404	
3,418	
3,366	
3,44	
3,406
RTGZ	
ГазпРнД ао
19	
968 250	
28 500	
28 200	
28 200	
28 550	
28 500
NKHP	
НКХП ао
132	
942 475	
234,5	
234	
232	
235	
233
MISB	
ТНСэнМарЭл
131	
890 860	
13,1	
13,2	
13	
13,3	
13,1
DVEC	
ДЭК ао
235	
856 202	
0,942	
0,921	
0,921	
0,956	
0,949
VLHZ	
ВХЗ-ао
201	
852 623	
54,8	
54	
54	
55,8	
54,5
YKENP	
Якутскэн-п
65	
850 300	
0,407	
0,427	
0,3975	
0,427	
0,4105
PMSB	
ПермьЭнСб
126	
810 394	
133,5	
133,5	
131,1	
135	
133,8
MRKY	
РоссЮг ао
172	
803 199	
0,05045	
0,04965	
0,04965	
0,0509	
0,0504
VSYD	
ВыбСудЗ ао
87	
793 465	
3 985	
4 110	
3 920	
4 295	
3 925
IGST	
Ижсталь2ао
184	
745 235	
1 019	
1 000	
988	
1 070	
1 013
NNSBP	
ТНСэнНН ап
122	
715 718	
635	
613	
610	
656	
656
LSNG	
РСетиЛЭ
164	
708 982	
6,07	
6,04	
6,04	
6,09	
6,07
MRKU	
МРСК Ур
118	
697 722	
0,154	
0,1546	
0,1536	
0,1548	
0,154
UWGN	
ОВК ао
110	
670 648	
237	
232,2	
232,2	
239,9	
238,7
RUSI	
ИКРУСС-ИНВ
75	
608 400	
38,8	
38,8	
37,5	
40	
39,3
RAVN	
Raven
44	
606 285	
30,45	
30,35	
30,35	
30,85	
30,6
ZVEZ	
ЗВЕЗДА ао
60	
585 000	
4,57	
4,595	
4,495	
4,65	
4,55
ARSA	
Арсагера
73	
582 740	
3,99	
4,04	
3,98	
4,04	
4
KRSB	
Красэсб ао
51	
579 290	
7,24	
7,1	
7,01	
7,36	
7,36
TTLK	
Таттел. ао
100	
570 585	
0,305	
0,31	
0,3035	
0,31	
0,3075
RZSB	
РязЭнСб
31	
562 820	
9,38	
9,36	
9,26	
9,42	
9,34
IGSTP	
Ижсталь ап
169	
552 178	
920	
892	
885	
948	
924
GAZA	
ГАЗ ао
46	
538 980	
396,5	
398,5	
390	
402	
396
KAZT	
Куйбазот
41	
514 326	
149,6	
149	
147,4	
150	
147,8
AVAN	
Авангрд-ао
111	
507 235	
810	
810	
805	
820	
815
KCHE	
КамчатЭ ао
79	
469 905	
0,2185	
0,223	
0,214	
0,2255	
0,22
RUSP	
Русполимет
58	
467 820	
0,641	
0,6665	
0,6315	
0,6665	
0,6435
MRKK	
Россети СК
109	
465 227	
25,98	
26,08	
25,72	
26,22	
25,92
HALS	
Галс-Девел
84	
465 179	
1 160	
1 156	
1 101	
1 176	
1 165
KROT	
КрасОкт-ао
63	
460 675	
387	
388,5	
380	
392,5	
385,5
MGNZ	
СМЗ-ао
57	
454 540	
4 690	
4 660	
4 600	
4 880	
4 640
SAGO	
СамарЭн-ао
32	
428 820	
0,476	
0,482	
0,47	
0,484	
0,47
GEMA	
iММЦБ ао
92	
414 244	
601	
604	
598	
605	
603,5
TUZA	
ТЗА ао
52	
401 330	
100	
100	
99	
104	
100
KZOSP	
ОргСинт ап
245	
384 192	
12,02	
12,07	
11,93	
12,1	
12,01
KTSB	
КСБ ао
112	
384 054	
0,682	
0,708	
0,66	
0,77	
0,7
TGKDP	
Квадра-п
136	
382 381	
0,004345	
0,00431	
0,00427	
0,004425	
0,00436
NFAZ	
Нефтекамск
59	
379 756	
166,6	
165	
162,4	
168	
167,6
DZRDP	
iДонскЗР п
92	
373 150	
1 820	
1 840	
1 790	
1 840	
1 830
TORS	
ТРК ао
29	
364 250	
0,444	
0,439	
0,425	
0,45	
0,438
HIMCP	
Химпром ап
105	
339 397	
6,24	
6,26	
6,18	
6,32	
6,2
DZRD	
iДонскЗР
85	
336 640	
2 290	
2 330	
2 260	
2 335	
2 300
KUZB	
КузнецкийБ
232	
314 403	
0,01496	
0,01515	
0,01488	
0,01515	
0,01502
NKSH	
Нижкамшина
21	
311 478	
22,58	
22,54	
22,5	
22,74	
22,58
BLNG	
Белон ао
67	
311 076	
4,464	
4,418	
4,418	
4,494	
4,462
UTAR	
ЮТэйр ао
66	
295 263	
7,15	
7,18	
7,11	
7,2	
7,15
TASB	
ТамбЭнСб
38	
275 515	
0,475	
0,4775	
0,4575	
0,4875	
0,467
PRMB	
Приморье
11	
271 400	
22 600	
22 400	
22 400	
22 800	
22 800
KAZTP	
Куйбазот-п
48	
247 598	
147,4	
149,8	
145,4	
150	
148,2
RLMNP	
Роллман-п
45	
244 250	
19,68	
19,74	
19,6	
19,9	
19,6
KRSBP	
Красэсб ап
24	
240 660	
7,3	
7,04	
7,04	
7,4	
7,38
NNSB	
ТНСэнНН ао
63	
237 385	
1 440	
1 435	
1 405	
1 510	
1 475
RLMN	
Роллман
83	
232 803	
19,2	
19,6	
18,95	
19,6	
19,4
ROST	
РОСИНТЕРао
60	
227 672	
61,4	
62	
60,6	
62,6	
62
EELT	
ЕвроЭлтех
317	
220 272	
8,24	
8,3	
8,2	
8,3	
8,22
PAZA	
ПавлАвт ао
22	
213 850	
8 910	
9 040	
8 810	
9 040	
8 930
LVHK	
Левенгук
76	
191 122	
8,31	
8,29	
8,14	
8,45	
8,22
MAGEP	
МагадЭн ап
17	
184 260	
7,68	
7,77	
7,44	
7,88	
7,76
KTSBP	
КСБ ап
19	
181 590	
0,2975	
0,304	
0,285	
0,304	
0,2995
ROSB	
Росбанк ао
27	
170 428	
71,4	
70,4	
70,4	
71,8	
71,2
UKUZ	
ЮжКузб. ао
49	
161 532	
548	
554	
540	
560	
542
WTCMP	
ЦМТ ап
29	
161 204	
8,32	
8,68	
8,26	
8,68	
8,26
KRKN	
СаратНПЗ
9	
155 850	
13 000	
12 900	
12 900	
13 100	
12 950
ELTZ	
Электрцинк
89	
153 721	
190,5	
193	
186,5	
193	
191,5
YRSB	
ТНСэнЯр
25	
149 900	
174	
174	
170	
176	
176
OMZZP	
ОМЗ-ап
26	
147 490	
3 510	
3 530	
3 500	
3 565	
3 500
MRKS	
РсетСиб ао
24	
146 060	
0,2395	
0,239	
0,2385	
0,24	
0,2395
KCHEP	
КамчатЭ ап
27	
142 860	
0,386	
0,395	
0,38	
0,399	
0,391
WTCM	
ЦМТ ао
31	
142 366	
9,38	
9,12	
9,12	
9,5	
9,24
VZRZP	
Возрожд-п
23	
138 280	
337,4	
339	
335	
345	
337,2
GAZAP	
ГАЗ ап
23	
129 915	
309,5	
310,5	
307,5	
311	
309
ALBK	
БестЭфБ ао
24	
126 370	
52,5	
52,5	
52	
53	
52,5
KBTK	
КузбТК ао
40	
126 090	
152	
150,2	
150,2	
153	
151,6
KMEZ	
КМЗ
85	
118 777	
512	
512,5	
505,5	
519,5	
510,5
YRSBP	
ТНСэнЯр-п
29	
105 815	
90,5	
90,5	
89	
91	
90,5
KGKC	
КурганГКао
43	
100 380	
55,5	
54	
54	
59	
56
KRKOP	
ТКЗКК ап
40	
96 891	
7,23	
7,275	
7,155	
7,285	
7,21
MFGS	
Мегион-ао
6	
89 625	
373,5	
380,5	
372,5	
380,5	
379,5
UCSS	
ОКС ао
37	
86 170	
1 460	
1 480	
1 450	
1 480	
1 460
MFGSP	
Мегион-ап
12	
79 600	
331,5	
329	
329	
336,5	
330,5
MGTS	
МГТС-5ао
17	
75 055	
2 345	
2 320	
2 320	
2 350	
2 335
SAGOP	
СамарЭн-ап
15	
66 980	
0,419	
0,418	
0,414	
0,421	
0,419
JNOS	
Славн-ЯНОС
11	
54 525	
18,8	
18,8	
18,65	
18,85	
18,8
VJGZP	
Варьеган-п
9	
42 290	
352	
354	
346	
354	
350
KGKCP	
КурганГКап
12	
37 105	
54	
54	
53,5	
54,5	
54,5
TORSP	
ТРК ап
9	
33 025	
0,275	
0,276	
0,273	
0,2775	
0,273
VJGZ	
Варьеган
13	
22 570	
579	
585	
574	
585	
583
JNOSP	
Слав-ЯНОСп
8	
16 032	
14,58	
14,68	
14,5	
14,68	
14,5
KROTP	
КрасОкт-1п
3	
8 270	
275,5	
276	
275,5	
276	
275,5
BISV	
БашИнСв ао
0	
0	
-	
-	
-	
-	
8,7
GAZC	
ГАЗКОН-ао
0	
0	
-	
-	
-	
-	
295
GAZS	
ГАЗ-сервис
0	
0	
-	
-	
-	
-	
293
GAZT	
ГАЗ-Тек ао
0	
0	
-	
-	
-	
-	
85
GTSS	
ГЕОТЕК ао
0	
0	
-	
-	
-	
-	
-
HIMC	
Химпром ао
0	
0	
-	
-	
-	
-	
0,99
KMTZ	
КосогМЗ ао
0	
0	
-	
-	
-	
-	
-
KRKO	
ТКЗКК ао
0	
0	
-	
-	
-	
-	
11,8
KSGR	
Кокс ао
0	
0	
-	
-	
-	
-	
-
KUNF	
КУЗОЦМ ао
0	
0	
-	
-	
-	
-	
-
KZMS	
КЗМС ао
0	
0	
-	
-	
-	
-	
226
MFON	
МегаФон ао
0	
0	
-	
-	
-	
-	
650,6
MOBB	
МосОблБанк
0	
0	
-	
-	
-	
-	
0,698
MORI	
Морион ао
0	
0	
-	
-	
-	
-	
4,31
NPOF	
Физика ао
0	
0	
-	
-	
-	
-	
11 850
PRTK	
ПРОТЕК ао
0	
0	
-	
-	
-	
-	
99,6
TRCN	
ТрансК ао
0	
0	
-	
-	
-	
-	
8 595
TRFM	
ТрансФ ао
0	
0	
-	
-	
-	
-	
-
URKA	
Уркалий-ао
0	
0	
-	
-	
-	
-	
119,04
VZRZ	
Возрожд-ао
0	
0	
-	
-	
-	
-	
480