SBER	
Сбербанк
88 034	
15 594 540 162	
219,03	
218,24	
215,79	
222,15	
221,88
YNDX	
Yandex clA
79 873	
8 361 955 914	
4 670,2	
4 740	
4 585	
4 775	
4 694,6
GAZP	
ГАЗПРОМ ао
68 411	
5 886 902 479	
173,02	
173,9	
171,11	
174,64	
174,27
LKOH	
ЛУКОЙЛ
42 739	
5 009 443 984	
4 669,5	
4 716	
4 631,5	
4 736	
4 672
GMKN	
ГМКНорНик
25 522	
4 905 895 074	
19 582	
19 704	
19 378	
19 804	
19 744
PLZL	
Полюс
20 459	
3 437 357 914	
16 824	
16 700	
16 607	
16 998	
16 924
ALRS	
АЛРОСА ао
56 508	
3 421 206 249	
71,17	
69,14	
68,53	
72,46	
72,1
POLY	
Polymetal
32 423	
2 933 028 874	
1 910,9	
1 917,9	
1 892,8	
1 927,6	
1 917,9
SBERP	
Сбербанк-п
36 064	
2 196 005 216	
211,23	
211,77	
209,5	
213,52	
212,99
CHMF	
СевСт-ао
25 376	
1 955 876 083	
959,4	
947,8	
939,8	
975,2	
975,2
ROSN	
Роснефть
15 587	
1 569 968 060	
368,25	
372,05	
365,65	
373	
368,9
NLMK	
НЛМК ао
19 707	
1 559 245 573	
159,76	
159,34	
156,88	
161,96	
160,36
NVTK	
Новатэк ао
15 114	
1 269 127 520	
1 079	
1 088,8	
1 071	
1 092,8	
1 081
TATN	
Татнфт 3ао
17 882	
1 195 701 897	
526,4	
530,5	
522,3	
531,1	
530,5
MOEX	
МосБиржа
19 154	
1 079 300 012	
138,43	
136,77	
136,28	
140,54	
140,02
SNGS	
Сургнфгз
11 649	
1 052 531 987	
34,71	
35,19	
34,48	
35,26	
34,73
IRAO	
ИнтерРАОао
15 954	
1 025 680 645	
5,381	
5,355	
5,3	
5,47	
5,467
MTSS	
МТС-ао
11 289	
985 096 781	
333,1	
336,05	
331,35	
337,45	
334,1
MGNT	
Магнит ао
11 919	
973 822 345	
4 467,5	
4 472	
4 420	
4 518	
4 500
VTBR	
ВТБ ао
28 777	
865 210 497	
0,035055	
0,03505	
0,034615	
0,035485	
0,035325
SNGSP	
Сургнфгз-п
10 728	
809 105 995	
37,11	
37,595	
36,905	
37,595	
37,065
MAGN	
ММК
12 731	
745 310 645	
36,99	
37,505	
36,53	
37,555	
37,1
MAIL	
MAIL-гдр
15 758	
602 851 540	
2 142,4	
2 169	
2 117	
2 181,2	
2 138,2
HYDR	
РусГидро
14 160	
504 740 737	
0,7424	
0,7395	
0,7338	
0,7517	
0,7517
POGR	
Petropavl
6 480	
497 690 310	
35,35	
35,32	
34,92	
36,09	
35,525
DSKY	
ДетскийМир
11 003	
424 083 825	
111,88	
112,04	
110,84	
113,46	
111,3
TRNFP	
Транснф ап
1 488	
406 465 550	
137 000	
135 950	
135 200	
139 350	
136 800
AKRN	
Акрон
5 191	
402 244 650	
5 912	
5 960	
5 852	
6 006	
5 968
TATNP	
Татнфт 3ап
11 217	
392 756 658	
517,2	
520	
512	
523,4	
523,4
CBOM	
МКБ ао
10 027	
367 695 991	
5,75	
5,804	
5,715	
5,821	
5,74
AFLT	
Аэрофлот
10 914	
295 148 847	
81,76	
82,1	
81,16	
82,12	
81,98
FIVE	
FIVE-гдр
5 713	
286 574 396	
2 606,5	
2 591	
2 585	
2 620,5	
2 611,5
AFKS	
Система ао
7 505	
281 156 869	
20,662	
20,621	
20,42	
20,837	
20,818
RUAL	
РУСАЛ ао
8 803	
246 121 230	
31,715	
31,5	
31,115	
32,745	
32,25
FEES	
ФСК ЕЭС ао
8 182	
226 412 533	
0,19754	
0,1986	
0,19602	
0,19944	
0,1986
SIBN	
Газпрнефть
4 865	
217 879 274	
305,25	
304,6	
302,55	
307,9	
306,05
RSTI	
Россети ао
3 829	
183 769 637	
1,4367	
1,452	
1,4227	
1,453	
1,4483
TCSG	
TCS-гдр
6 769	
171 322 630	
1 829,8	
1 827,2	
1 812,4	
1 859,6	
1 840
UPRO	
Юнипро ао
3 106	
159 872 868	
2,739	
2,755	
2,73	
2,755	
2,754
PIKK	
ПИК ао
3 169	
150 164 738	
567,3	
565	
564	
570	
567,4
MVID	
М.видео
2 699	
121 333 099	
582,7	
592	
573,6	
592	
586,4
RTKM	
Ростел -ао
4 864	
120 063 473	
94,62	
94,68	
94,11	
95,18	
94,94
PHOR	
ФосАгро ао
3 219	
105 762 895	
2 743	
2 756	
2 725	
2 773	
2 739
MTLR	
Мечел ао
5 888	
50 606 505	
61,88	
62,48	
61,1	
62,63	
61,81
LSRG	
ЛСР ао
3 477	
49 120 796	
807,8	
806,8	
802,4	
815,2	
808
OGKB	
ОГК-2 ао
1 999	
49 043 705	
0,7254	
0,731	
0,7181	
0,7353	
0,733
BANEP	
Башнефт ап
2 992	
46 596 697	
1 279	
1 294	
1 274	
1 296	
1 275
ENRU	
ЭнелРос ао
3 256	
35 775 287	
0,914	
0,9095	
0,9095	
0,9175	
0,9165
LNTA	
Лента др
2 672	
32 393 747	
204,1	
203,5	
203,1	
205,6	
203,5
SFIN	
САФМАР ао
117	
31 139 938	
528,8	
527	
527	
529	
528,6
QIWI	
iQIWI
1 740	
27 139 142	
1 212	
1 224,5	
1 200,5	
1 224,5	
1 218
FESH	
ДВМП ао
1 102	
26 654 963	
7,95	
7,67	
7,67	
8,12	
7,98
RTKMP	
Ростел -ап
1 519	
23 968 272	
86,1	
86,65	
85,45	
87	
86,75
SELG	
Селигдар
1 485	
23 139 604	
43,26	
43,13	
42,71	
44,64	
43,25
NMTP	
НМТП ао
1 841	
20 947 959	
8,65	
8,65	
8,56	
8,695	
8,66
RASP	
Распадская
636	
20 572 873	
112,88	
112,88	
112	
113,88	
112,78
ETLN	
ETLN-гдр
1 926	
19 975 123	
118,16	
118,02	
117,52	
118,74	
118,26
VSMO	
ВСМПО-АВСМ
539	
17 949 620	
17 120	
17 420	
17 000	
17 440	
17 160
TGKA	
ТГК-1
1 361	
17 522 720	
0,01138	
0,01142	
0,0113	
0,011448	
0,01142
AGRO	
AGRO-гдр
1 540	
16 664 896	
727,6	
732,8	
724,2	
732,8	
727,8
MTLRP	
Мечел ап
1 313	
13 602 855	
68,75	
68,85	
67,75	
69,5	
68,75
AQUA	
РусАква ао
1 059	
13 387 435	
221	
222	
219,5	
223,5	
222,5
VGSB	
ВолгЭнСб
1 441	
11 900 460	
4,49	
4,005	
4	
4,88	
4,345
LSNGP	
РСетиЛЭ-п
620	
11 677 453	
149,65	
149,6	
149,05	
150	
150
TRMK	
ТМК ао
499	
11 300 184	
58,8	
58,56	
58	
59,2	
59,18
SELGP	
Селигдар-п
521	
11 079 440	
36,45	
36,25	
35,75	
37	
37
NKNCP	
НКНХ ап
1 196	
10 229 696	
77,26	
77,46	
76,6	
78	
77,9
VGSBP	
ВолгЭнСб-п
1 774	
9 365 580	
2,15	
1,89	
1,89	
2,49	
2,14
MSNG	
+МосЭнерго
474	
9 258 270	
2,041	
2,06	
2,03	
2,0725	
2,051
BANE	
Башнефт ао
697	
8 896 885	
1 667,5	
1 666	
1 658,5	
1 678,5	
1 670
ISKJ	
iИСКЧ ао
970	
8 703 052	
24,13	
23,38	
23,3	
24,64	
24,6
BSPB	
БСП ао
720	
8 615 552	
42,49	
42,41	
42,31	
42,68	
42,5
RSTIP	
Россети ап
499	
8 537 815	
2,006	
2	
1,987	
2,021	
2,008
MRKP	
МРСК ЦП
504	
8 465 315	
0,2146	
0,215	
0,213	
0,2164	
0,2154
ENPG	
ЭН+ГРУП ао
421	
8 097 780	
640	
662,5	
637	
662,5	
640,5
AVAN	
Авангрд-ао
979	
7 967 720	
950	
880	
865	
1 245	
950
UNKL	
ЮУНК ао
548	
6 456 080	
6 960	
6 710	
6 660	
7 350	
6 700
RNFT	
РуссНфт ао
488	
6 135 408	
408,4	
426	
405,2	
426	
405,2
GCHE	
ЧеркизГ-ао
510	
5 897 505	
1 873,5	
1 879	
1 857	
1 880,5	
1 875
NFAZ	
Нефтекамск
365	
5 455 688	
193,2	
183,2	
177,2	
208	
195,6
CNTLP	
Телеграф-п
500	
4 853 740	
14,3	
14,42	
14,18	
14,42	
14,36
RLMN	
Роллман
1 190	
4 739 011	
19,1	
17,95	
17,95	
20,65	
18,2
IRKT	
ИРКУТ-3
339	
4 706 312	
35,04	
34,34	
34,18	
35,5	
35,18
LIFE	
iФармсинтз
423	
4 423 175	
7,175	
7,13	
7,125	
7,265	
7,175
LNZL	
Лензолото
72	
4 041 000	
18 040	
18 100	
18 010	
18 130	
18 070
RGSS	
РГС СК ао
489	
3 458 384	
0,1496	
0,1462	
0,145	
0,154	
0,148
BRZL	
БурЗолото
412	
3 421 790	
1 109	
1 120	
1 083	
1 132	
1 111
OBUV	
ОР ао
1 758	
3 052 447	
34,65	
35,15	
34,35	
35,15	
34,7
MRKV	
РсетВол ао
440	
2 682 801	
0,06865	
0,0685	
0,0681	
0,06905	
0,06895
ROLO	
Русолово
212	
2 676 884	
6,642	
6,37	
6,308	
6,8	
6,638
SVAV	
СОЛЛЕРС
103	
2 629 495	
281	
279	
277,5	
284	
283
STSB	
СтаврЭнСб
855	
2 477 595	
0,5865	
0,5755	
0,5	
0,63	
0,5645
HIMCP	
Химпром ап
430	
2 460 377	
7,56	
7,65	
7,44	
7,65	
7,52
LVHK	
Левенгук
538	
2 392 209	
8,25	
8,3	
8,01	
8,8	
8,16
MRKY	
РоссЮг ао
316	
2 301 630	
0,04805	
0,04815	
0,04785	
0,0492	
0,0479
CHEP	
ЧТПЗ ао
126	
2 229 940	
205	
206,5	
201,5	
207	
205
RAVN	
Raven
46	
2 084 095	
29,15	
29,3	
28,5	
29,55	
28,65
MSTT	
Мостотрест
250	
1 979 331	
147,5	
149,9	
146,35	
149,9	
147,85
GAZA	
ГАЗ ао
171	
1 825 075	
402	
410,5	
393	
410,5	
405
AMEZ	
АшинскийМЗ
256	
1 775 685	
4,545	
4,575	
4,475	
4,595	
4,56
CNTL	
Телеграф
293	
1 755 100	
16,7	
16,6	
16,6	
17,1	
16,7
MGTSP	
МГТС-4ап
209	
1 725 140	
1 972	
1 988	
1 960	
1 996	
1 976
KRKNP	
СаратНПЗ-п
63	
1 648 800	
15 560	
15 580	
15 480	
15 620	
15 600
BELU	
Белуга ао
138	
1 519 417	
1 293	
1 303	
1 285	
1 327	
1 301
LNZLP	
Лензол. ап
114	
1 475 860	
4 365	
4 390	
4 340	
4 390	
4 345
APTK	
Аптеки36и6
742	
1 464 181	
13,436	
13,458	
13,402	
13,512	
13,408
KLSB	
КалужскСК
145	
1 458 401	
13,76	
13,48	
13,41	
14	
13,75
TGKB	
ТГК-2
98	
1 426 300	
0,00431	
0,004295	
0,004285	
0,00439	
0,004305
KZOS	
ОргСинт ао
251	
1 401 464	
85	
84,8	
84,7	
85,4	
85,2
RUGR	
Русгрэйн
1 296	
1 395 184	
9,088	
9,14	
9	
9,3	
9,16
KMAZ	
КАМАЗ
383	
1 228 902	
62,5	
63,4	
62,3	
63,4	
62,7
NKNC	
НКНХ ао
229	
1 180 119	
90,15	
90,15	
89,7	
90,55	
90,25
VRSB	
ТНСэнВорон
107	
1 154 940	
79,6	
77,8	
77,8	
82,6	
80,8
SARE	
СаратЭн-ао
248	
1 101 944	
0,1468	
0,148	
0,1424	
0,1532	
0,145
ABRD	
АбрауДюрсо
178	
1 096 550	
204	
206	
203	
206	
204,5
RLMNP	
Роллман-п
560	
1 074 737	
19,44	
18,26	
18,26	
21,02	
18,68
UNAC	
iАвиастКао
236	
1 070 431	
0,4475	
0,4495	
0,446	
0,452	
0,448
STSBP	
СтаврЭнСбп
325	
1 036 253	
0,4095	
0,4	
0,395	
0,422	
0,406
NAUK	
iНПОНаука
127	
1 032 728	
196,8	
200	
193	
201	
197,2
VRSBP	
ТНСэнВор-п
99	
1 012 500	
46	
47	
45,5	
47,5	
47
IRGZ	
ИркЭнерго
105	
994 554	
12,02	
12,12	
11,92	
12,18	
12,02
MSRS	
РСетиМР ао
93	
991 095	
1,159	
1,1685	
1,1535	
1,1685	
1,1645
MRKC	
МРСК Центр
250	
936 751	
0,2904	
0,29	
0,2888	
0,2928	
0,29
ALNU	
АЛРОСА-Нюр
12	
902 000	
56 400	
56 400	
56 000	
56 800	
56 000
TGKD	
Квадра
60	
843 006	
0,00343	
0,00344	
0,00341	
0,00346	
0,00345
NSVZ	
НаукаСвяз
109	
785 195	
218,5	
218,5	
218	
220	
220
LSNG	
РСетиЛЭ
281	
751 029	
5,73	
5,84	
5,64	
5,84	
5,79
SAGO	
СамарЭн-ао
47	
671 700	
0,574	
0,568	
0,568	
0,592	
0,568
MRSB	
МордЭнСб
75	
660 990	
0,411	
0,426	
0,406	
0,426	
0,413
NKHP	
НКХП ао
132	
556 990	
264	
264	
261	
267,5	
266
KUZB	
КузнецкийБ
243	
540 368	
0,01515	
0,01507	
0,01502	
0,01529	
0,01512
MFGS	
Мегион-ао
12	
510 205	
347	
352	
346	
352,5	
347
GEMA	
iММЦБ ао
91	
508 597	
590	
595,5	
588,5	
595,5	
592,5
PMSBP	
ПермьЭнС-п
82	
496 954	
130	
130,8	
129,4	
130,8	
130,4
SAGOP	
СамарЭн-ап
56	
493 220	
0,444	
0,441	
0,439	
0,45	
0,441
RKKE	
ЭнергияРКК
47	
472 870	
7 270	
7 150	
7 150	
7 400	
7 350
BISVP	
БашИнСв ап
75	
456 902	
10,29	
10,15	
10,15	
10,49	
10,28
RTSB	
ТНСэнРст
49	
427 800	
0,61	
0,6	
0,595	
0,63	
0,61
ZILL	
ЗИЛ ао
46	
425 270	
2 430	
2 485	
2 400	
2 485	
2 430
USBN	
УралСиб ао
18	
421 024	
0,0682	
0,069	
0,068	
0,069	
0,0682
DIOD	
ЗаводДИОД
128	
412 398	
6,75	
7,02	
6,71	
7,02	
6,72
DZRDP	
iДонскЗР п
64	
411 780	
1 890	
1 880	
1 860	
1 900	
1 890
NNSB	
ТНСэнНН ао
96	
396 300	
1 740	
1 835	
1 680	
1 840	
1 705
MAGE	
МагадЭн ао
34	
391 580	
5,76	
5,78	
5,7	
5,87	
5,8
RBCM	
РБК ао
133	
381 885	
3,262	
3,266	
3,218	
3,296	
3,292
KROTP	
КрасОкт-1п
63	
368 750	
275	
274,5	
265	
294	
270,5
TTLK	
Таттел. ао
50	
366 650	
0,3245	
0,3225	
0,3225	
0,327	
0,3245
SAREP	
СаратЭн-ап
86	
355 638	
0,1206	
0,113	
0,1126	
0,1238	
0,1172
MRKU	
МРСК Ур
54	
354 630	
0,1448	
0,1456	
0,1428	
0,1456	
0,1448
MRKZ	
МРСК СЗ
107	
349 675	
0,0489	
0,0492	
0,04855	
0,0493	
0,04885
YAKG	
ЯТЭК ао
43	
339 910	
41,45	
41,95	
41,05	
41,95	
41,45
PRMB	
Приморье
11	
336 800	
28 000	
28 000	
27 800	
28 400	
28 000
KCHE	
КамчатЭ ао
61	
323 930	
0,216	
0,205	
0,205	
0,22	
0,2125
ALBK	
БестЭфБ ао
78	
316 725	
60,5	
59,5	
59,5	
62	
61,5
URKZ	
УрКузница
12	
289 940	
16 100	
16 080	
15 940	
16 180	
16 000
HALS	
Галс-Девел
58	
286 648	
1 215	
1 225	
1 203	
1 240	
1 221
TUZA	
ТЗА ао
54	
282 020	
109	
110	
106	
112	
108
KOGK	
КоршГОК ао
6	
275 000	
45 800	
46 200	
45 400	
46 200	
45 600
KRSBP	
Красэсб ап
32	
272 224	
6,92	
6,86	
6,74	
7,06	
7,04
INGR	
ИНГРАД ао
36	
266 191	
790	
787	
787	
797	
789
ASSB	
АстрЭнСб
53	
265 641	
0,7655	
0,7675	
0,755	
0,78	
0,7755
YKEN	
Якутскэнрг
36	
250 025	
0,3845	
0,3975	
0,38	
0,398	
0,383
TGKBP	
ТГК-2 ап
77	
248 149	
0,00709	
0,00712	
0,00701	
0,0072	
0,00709
BLNG	
Белон ао
117	
244 719	
4,1	
4,112	
4,058	
4,146	
4,118
SLEN	
Сахэнер ао
66	
237 756	
6,83	
6,66	
6,66	
7,055	
6,83
RUSP	
Русполимет
63	
231 704	
0,647	
0,658	
0,642	
0,658	
0,648
MGTS	
МГТС-5ао
34	
220 285	
2 270	
2 245	
2 245	
2 280	
2 270
TGKN	
ТГК-14
23	
219 560	
0,00314	
0,00314	
0,00312	
0,00316	
0,00316
MISB	
ТНСэнМарЭл
54	
217 990	
12,5	
12,9	
12,3	
13,1	
12,4
KRSB	
Красэсб ао
21	
208 584	
6,91	
6,88	
6,88	
6,98	
6,92
RDRB	
РДБанк ао
40	
205 300	
230	
230	
225	
230	
230
KZOSP	
ОргСинт ап
239	
199 441	
11,31	
11,21	
11,2	
11,45	
11,32
TNSE	
ТНСэнрг ао
24	
198 975	
980	
1 000	
975	
1 000	
990
MFGSP	
Мегион-ап
15	
196 585	
312	
315	
311,5	
315	
312
YRSB	
ТНСэнЯр
20	
196 560	
166	
168	
164	
168	
168
CHMK	
ЧМК ао
38	
194 635	
2 665	
2 630	
2 620	
2 685	
2 675
RTSBP	
ТНСэнРст-п
26	
191 960	
0,533	
0,545	
0,521	
0,545	
0,528
KUBE	
Кубанэнр
40	
188 577	
74,8	
74	
73,9	
75,7	
74
DVEC	
ДЭК ао
35	
188 190	
0,914	
0,916	
0,912	
0,922	
0,915
VZRZP	
Возрожд-п
21	
187 500	
307,4	
309,2	
306,4	
310,2	
308,2
MISBP	
ТНСэМаЭл-п
24	
185 640	
12,5	
12,2	
12,1	
12,5	
12,4
IGSTP	
Ижсталь ап
35	
182 020	
906	
901	
872	
912	
905
PMSB	
ПермьЭнСб
44	
180 805	
132	
130,3	
129,8	
132,8	
132,2
UWGN	
ОВК ао
54	
174 950	
226	
225	
225	
227,6	
227,1
ZVEZ	
ЗВЕЗДА ао
22	
173 945	
4,7	
4,66	
4,65	
4,8	
4,685
KRKOP	
ТКЗКК ап
116	
168 727	
8,15	
8,305	
7,975	
8,305	
8,19
UKUZ	
ЮжКузб. ао
53	
167 116	
518	
526	
512	
526	
522
EELT	
ЕвроЭлтех
59	
158 604	
7,7	
7,82	
7,44	
7,82	
7,72
GTRK	
ГТМ ао
75	
145 020	
43,05	
42,45	
42,45	
43,5	
43,1
VLHZ	
ВХЗ-ао
40	
144 955	
54,3	
54,45	
54	
55,1	
54,75
OMZZP	
ОМЗ-ап
19	
136 820	
3 510	
3 480	
3 475	
3 560	
3 490
ARSA	
Арсагера
14	
132 480	
4,01	
4	
3,99	
4,02	
4,02
PAZA	
ПавлАвт ао
16	
131 900	
8 240	
8 270	
8 160	
8 290	
8 290
CHKZ	
ЧКПЗ ао
14	
123 060	
5 360	
5 460	
5 280	
5 500	
5 420
KRKN	
СаратНПЗ
9	
114 300	
12 700	
12 750	
12 650	
12 850	
12 650
JNOSP	
Слав-ЯНОСп
30	
111 286	
14,08	
14,48	
14	
14,48	
14,1
VJGZ	
Варьеган
28	
109 649	
623	
620	
615	
646	
618
MAGEP	
МагадЭн ап
10	
100 290	
6,69	
6,68	
6,6	
6,75	
6,68
UTAR	
ЮТэйр ао
45	
98 420	
6,98	
6,98	
6,89	
7,06	
7
GAZAP	
ГАЗ ап
8	
91 120	
303,5	
308,5	
303	
308,5	
303,5
RZSB	
РязЭнСб
22	
89 928	
9,28	
9,3	
9,24	
9,34	
9,26
NKSH	
Нижкамшина
11	
82 792	
22,38	
22,32	
22,3	
22,46	
22,46
LPSB	
ЛЭСК ао
24	
79 770	
8,2	
8,25	
8,15	
8,3	
8,25
ELTZ	
Электрцинк
39	
74 350	
175,5	
173,5	
173	
178,5	
176
CHGZ	
РН-ЗапСиб
9	
73 140	
52,2	
52,2	
52,2	
52,4	
52,2
VJGZP	
Варьеган-п
14	
71 890	
342	
340	
339	
347	
347
KROT	
КрасОкт-ао
12	
65 160	
383,5	
382	
380,5	
385,5	
380,5
KAZTP	
Куйбазот-п
11	
64 346	
149,6	
148,8	
148	
150	
149,8
KMEZ	
КМЗ
48	
64 203	
513,5	
506	
502	
519	
515
KBSB	
ТНСэКубань
18	
61 075	
139	
139	
138	
139,5	
139
MRKS	
РсетСиб ао
12	
60 960	
0,2345	
0,2345	
0,234	
0,237	
0,2345
KAZT	
Куйбазот
17	
59 348	
152,2	
151,4	
150,4	
154,8	
150,4
VSYDP	
ВыбСудЗ ап
12	
58 920	
3 920	
3 880	
3 880	
3 960	
3 940
KTSBP	
КСБ ап
13	
58 555	
0,279	
0,274	
0,274	
0,282	
0,281
ROSB	
Росбанк ао
16	
56 748	
77,8	
77,2	
77	
78,4	
77,8
IGST	
Ижсталь2ао
20	
54 984	
1 000	
1 011	
986	
1 011	
998
UCSS	
ОКС ао
5	
51 040	
1 460	
1 460	
1 450	
1 460	
1 460
MGNZ	
СМЗ-ао
9	
50 710	
4 610	
4 590	
4 590	
4 650	
4 630
TASB	
ТамбЭнСб
8	
49 655	
0,414	
0,413	
0,4105	
0,4165	
0,411
NNSBP	
ТНСэнНН ап
13	
47 374	
667	
662	
662	
673	
670
KBTK	
КузбТК ао
15	
46 582	
150,2	
150,4	
150	
150,6	
150,2
TGKDP	
Квадра-п
9	
29 916	
0,004045	
0,004095	
0,004025	
0,004095	
0,00405
KTSB	
КСБ ао
21	
27 928	
0,62	
0,614	
0,612	
0,632	
0,628
ROST	
РОСИНТЕРао
17	
27 734	
61,6	
61	
61	
62	
62
MRKK	
Россети СК
37	
27 242	
25,22	
24,1	
24,1	
25,9	
25,34
RTGZ	
ГазпРнД ао
1	
26 850	
26 850	
26 850	
26 850	
26 850	
26 850
KGKC	
КурганГКао
20	
24 885	
58	
59	
56	
59	
57
VSYD	
ВыбСудЗ ао
4	
23 905	
3 985	
3 970	
3 970	
3 990	
3 985
DZRD	
iДонскЗР
10	
22 850	
2 075	
2 085	
2 070	
2 085	
2 080
TORSP	
ТРК ап
6	
22 145	
0,277	
0,2765	
0,276	
0,277	
0,277
JNOS	
Славн-ЯНОС
4	
20 400	
18,55	
18,6	
18,5	
18,6	
18,5
TASBP	
ТамбЭнСб-п
5	
19 080	
0,318	
0,317	
0,314	
0,32	
0,32
RUSI	
ИКРУСС-ИНВ
5	
18 740	
37,5	
37,3	
37,3	
37,9	
37,9
WTCMP	
ЦМТ ап
11	
16 368	
8,18	
8,2	
8,14	
8,28	
8,16
YKENP	
Якутскэн-п
4	
14 765	
0,369	
0,3685	
0,367	
0,3725	
0,3725
TORS	
ТРК ао
3	
12 380	
0,413	
0,412	
0,41	
0,416	
0,416
YRSBP	
ТНСэнЯр-п
4	
8 790	
88	
87,5	
87,5	
88	
88
WTCM	
ЦМТ ао
2	
3 632	
9,08	
9,08	
9,08	
9,08	
9,08
KGKCP	
КурганГКап
3	
3 315	
55,5	
55	
55	
55,5	
55,5
KUNF	
КУЗОЦМ ао
0	
0	
-	
-	
-	
-	
-
GAZC	
ГАЗКОН-ао
0	
0	
-	
-	
-	
-	
295
GAZS	
ГАЗ-сервис
0	
0	
-	
-	
-	
-	
293
GAZT	
ГАЗ-Тек ао
0	
0	
-	
-	
-	
-	
85
GTSS	
ГЕОТЕК ао
0	
0	
-	
-	
-	
-	
-
HIMC	
Химпром ао
0	
0	
-	
-	
-	
-	
0,99
KCHEP	
КамчатЭ ап
0	
0	
-	
-	
-	
-	
0,382
KMTZ	
КосогМЗ ао
0	
0	
-	
-	
-	
-	
-
KRKO	
ТКЗКК ао
0	
0	
-	
-	
-	
-	
11,8
KSGR	
Кокс ао
0	
0	
-	
-	
-	
-	
-
KUNF	
КУЗОЦМ ао
0	
0	
-	
-	
-	
-	
-
KZMS	
КЗМС ао
0	
0	
-	
-	
-	
-	
226
MFON	
МегаФон ао
0	
0	
-	
-	
-	
-	
650,6
MOBB	
МосОблБанк
0	
0	
-	
-	
-	
-	
0,698
MORI	
Морион ао
0	
0	
-	
-	
-	
-	
4,31
NPOF	
Физика ао
0	
0	
-	
-	
-	
-	
11 850
PRTK	
ПРОТЕК ао
0	
0	
-	
-	
-	
-	
99,6
TRCN	
ТрансК ао
0	
0	
-	
-	
-	
-	
8 595
TRFM	
ТрансФ ао
0	
0	
-	
-	
-	
-	
-
URKA	
Уркалий-ао
0	
0	
-	
-	
-	
-	
119,04
VZRZ	
Возрожд-ао
0	
0	
-	
-	
-	
-	
480