SBER	
Сбербанк
48 086	
5 800 209 936	
201,69	
201,85	
200,7	
202,75	
201,99
ROSN	
Роснефть
38 710	
4 430 588 335	
344,75	
350	
342,15	
350,05	
344
LKOH	
ЛУКОЙЛ
30 065	
3 653 151 661	
5 098,5	
5 120	
5 064	
5 139,5	
5 130
GAZP	
ГАЗПРОМ ао
32 084	
3 261 865 862	
191,36	
191,89	
190,51	
192,44	
192
GMKN	
ГМКНорНик
17 898	
2 831 998 198	
20 696	
20 910	
20 530	
20 998	
20 650
VTBR	
ВТБ ао
44 996	
2 300 366 141	
0,036355	
0,0362	
0,0355	
0,03678	
0,03659
SNGS	
Сургнфгз
16 020	
1 325 376 256	
36,805	
37,4	
36,25	
37,475	
37,08
PLZL	
Полюс
14 671	
1 261 512 143	
11 362,5	
11 300	
11 101,5	
11 500	
11 401
ALRS	
АЛРОСА ао
24 330	
1 058 628 824	
66,12	
66,8	
65,56	
66,89	
66,35
SBERP	
Сбербанк-п
19 441	
990 619 458	
185,21	
186	
184,46	
187	
185,34
NVTK	
Новатэк ао
12 374	
972 383 357	
1 056,8	
1 070,6	
1 048,6	
1 070,6	
1 062,6
TATN	
Татнфт 3ао
15 263	
878 853 594	
597,5	
601,3	
590	
601,8	
601,4
AFLT	
Аэрофлот
22 272	
858 620 213	
78,3	
78	
76,82	
78,84	
78,8
RSTI	
Россети ао
16 665	
820 801 542	
1,3551	
1,3212	
1,318	
1,378	
1,347
YNDX	
Yandex clA
14 633	
707 293 089	
2 689,8	
2 705,6	
2 671,6	
2 705,6	
2 701
MGNT	
Магнит ао
16 108	
657 623 643	
3 306,5	
3 318	
3 275,5	
3 326,5	
3 321,5
POLY	
Polymetal
14 084	
548 725 610	
1 392,8	
1 395,9	
1 368,4	
1 414,7	
1 408
MTSS	
МТС-ао
10 576	
544 249 643	
309	
311,05	
306,05	
311,3	
310,95
SIBN	
Газпрнефть
10 832	
536 613 827	
338,55	
341,5	
327	
342,2	
337
MOEX	
МосБиржа
15 211	
525 190 612	
105,65	
106,5	
105,14	
106,5	
105,4
TRMK	
ТМК ао
7 158	
472 280 739	
57,74	
57,2	
57,06	
58	
58
SNGSP	
Сургнфгз-п
7 252	
422 771 622	
38,02	
38	
37,585	
38,2	
38,13
IRAO	
ИнтерРАОао
8 112	
366 870 326	
5,219	
5,2405	
5,1555	
5,28	
5,25
FEES	
ФСК ЕЭС ао
9 461	
348 707 672	
0,18032	
0,179	
0,176	
0,1834	
0,1808
TATNP	
Татнфт 3ап
11 468	
294 901 935	
563,9	
567,9	
555,6	
569,8	
567
AFKS	
Система ао
8 555	
284 967 923	
14,186	
14,199	
13,909	
14,35	
14,33
CHMF	
СевСт-ао
9 403	
277 116 095	
896,8	
903,6	
892,8	
903,6	
900
NLMK	
НЛМК ао
6 325	
248 525 140	
131,66	
132,02	
131	
132,08	
131,58
HYDR	
РусГидро
9 136	
246 638 189	
0,6313	
0,633	
0,6257	
0,6358	
0,6312
TCSG	
TCS-гдр
7 645	
215 121 286	
932,6	
939	
916	
941,8	
940,6
FIVE	
FIVE-гдр
6 029	
182 426 388	
2 229,5	
2 253	
2 215	
2 257,5	
2 224
BANEP	
Башнефт ап
5 333	
182 114 867	
1 447,5	
1 433,5	
1 413,5	
1 470	
1 450
CBOM	
МКБ ао
12 365	
181 027 674	
5,657	
5,682	
5,608	
5,699	
5,639
RUAL	
RUSAL plc
10 097	
179 412 410	
25,87	
26,01	
25,635	
26,02	
25,885
UPRO	
Юнипро ао
4 721	
158 815 322	
2,684	
2,666	
2,628	
2,718	
2,705
MAGN	
ММК
3 752	
153 433 819	
39,715	
39,78	
39,45	
39,97	
39,85
RTKM	
Ростел -ао
7 354	
132 731 612	
77,79	
78,89	
77,3	
78,89	
78,17
DSKY	
ДетскийМир
9 230	
115 304 035	
99,72	
101,46	
98,52	
101,62	
100,36
MTLR	
Мечел ао
8 379	
110 124 486	
66,93	
66,37	
65,5	
67,73	
67,32
OGKB	
ОГК-2 ао
5 132	
106 809 534	
0,6059	
0,6	
0,6	
0,6136	
0,6099
RASP	
Распадская
2 353	
100 540 160	
101,54	
102	
100,2	
102,36	
101,1
PHOR	
ФосАгро ао
3 029	
99 513 222	
2 552	
2 599	
2 536	
2 599	
2 542
TRNFP	
Транснф ап
452	
95 998 550	
154 850	
156 650	
154 000	
156 650	
155 300
MTLRP	
Мечел ап
2 761	
73 018 866	
67,35	
66,6	
65,75	
68,8	
67,5
TGKA	
ТГК-1
3 538	
58 825 394	
0,011348	
0,01127	
0,01127	
0,01143	
0,01141
AKRN	
Акрон
1 201	
57 338 366	
6 006	
5 980	
5 966	
6 062	
6 034
LSRG	
ЛСР ао
5 564	
52 205 861	
609,8	
609	
600,4	
614,6	
609,6
GTRK	
ГТМ ао
6 184	
51 731 394	
51,1	
48,45	
46,2	
53,8	
48,5
BSPB	
БСП ао
6 331	
50 067 794	
44,97	
45,79	
44,4	
45,97	
44,86
BANE	
Башнефт ао
1 955	
35 750 357	
1 770,5	
1 730,5	
1 730,5	
1 790	
1 783
MVID	
М.видео
1 453	
35 219 328	
375,5	
380,8	
365	
382,6	
379,5
NKNCP	
НКНХ ап
2 263	
35 132 066	
83,52	
83,26	
82,9	
83,98	
83,64
LNTA	
Лента др
4 841	
34 681 100	
152,2	
155,5	
150,3	
155,5	
152,2
RUGR	
Русгрэйн
11 967	
34 139 133	
8,368	
7,958	
7,53	
8,878	
8,152
RTKMP	
Ростел -ап
2 009	
33 245 610	
66,8	
65,8	
65,25	
67,85	
67,8
NMTP	
НМТП ао
3 415	
32 777 562	
8,515	
8,615	
8,45	
8,615	
8,55
PIKK	
ПИК ао
1 490	
31 929 745	
396	
399,4	
394,8	
399,4	
398
APTK	
Аптеки36и6
9 196	
30 307 774	
12,92	
13,32	
12,752	
13,32	
12,956
AGRO	
AGRO-гдр
3 007	
29 005 956	
619,6	
617	
603,2	
629,8	
628
CNTLP	
Телеграф-п
2 031	
27 686 772	
17,44	
16,3	
16,16	
18,1	
18
MSNG	
+МосЭнерго
1 275	
27 128 377	
2,0235	
2,0035	
2,0025	
2,0345	
2,028
QIWI	
iQIWI
1 819	
24 752 298	
882,5	
877	
877	
885	
883,5
AQUA	
РусАква ао
1 294	
22 179 105	
211	
202,5	
200	
216	
213
MRKP	
МРСК ЦП
909	
15 765 027	
0,1761	
0,1766	
0,1729	
0,1798	
0,179
RBCM	
РБК ао
2 540	
12 864 015	
3,36	
3,216	
3,102	
3,496	
3,306
CNTL	
Телеграф
1 315	
12 552 240	
22,7	
19,65	
19,15	
24,15	
23,25
UWGN	
ОВК ао
1 356	
12 254 941	
257,8	
267,9	
242,5	
284,9	
251,7
AMEZ	
АшинскийМЗ
1 637	
12 227 317	
3,96	
3,84	
3,755	
4,095	
3,93
ENRU	
ЭнелРос ао
1 059	
11 629 729	
0,9265	
0,928	
0,92	
0,933	
0,9295
FESH	
ДВМП ао
865	
10 906 530	
6,95	
6,67	
6,66	
7,18	
7,08
UNKL	
ЮУНК ао
968	
10 170 290	
4 070	
3 100	
3 010	
4 280	
3 940
RSTIP	
Россети ап
767	
9 980 274	
1,54	
1,54	
1,52	
1,554	
1,531
LIFE	
iФармсинтз
870	
9 776 930	
6,215	
6,19	
6,14	
6,31	
6,23
ETLN	
ETLN-гдр
739	
9 574 244	
91,44	
91,08	
91	
92	
91,78
ENPG	
ЭН+ГРУП ао
217	
9 556 154	
558,9	
564,8	
551	
565	
553,8
MSRS	
МОЭСК
513	
9 335 634	
1,0275	
1,032	
1,004	
1,0565	
1,0235
VSMO	
ВСМПО-АВСМ
269	
9 133 880	
20 200	
20 140	
20 000	
20 460	
20 360
UNAC	
iАвиастКао
521	
8 440 466	
0,503	
0,515	
0,494	
0,518	
0,503
OBUV	
ОР ао
1 464	
8 340 912	
32,15	
31,9	
31,6	
32,85	
32,3
TGKB	
ТГК-2
493	
8 006 020	
0,00388	
0,00393	
0,0038	
0,003975	
0,003925
MRKC	
МРСК Центр
830	
7 902 383	
0,251	
0,254	
0,2476	
0,2556	
0,2534
SELG	
Селигдар
728	
7 030 761	
18,19	
17,76	
17,76	
18,5	
18,5
USBN	
УралСиб ао
862	
6 640 612	
0,0707	
0,0689	
0,0681	
0,0747	
0,0715
SFIN	
САФМАР ао
531	
6 580 672	
455,8	
461	
452,8	
461	
457,6
ENPL	
ENPL-гдр
268	
6 154 563	
549,4	
551,6	
543	
557	
543,4
TGKN	
ТГК-14
312	
6 069 060	
0,00368	
0,00363	
0,00362	
0,00377	
0,00368
GCHE	
ЧеркизГ-ао
892	
5 966 116	
1 812,5	
1 849	
1 800	
1 849	
1 812
TTLK	
Таттел. ао
479	
5 964 210	
0,3	
0,297	
0,2885	
0,305	
0,301
LNZL	
Лензолото
270	
5 900 810	
8 260	
8 180	
8 090	
8 300	
8 280
RGSS	
РГС СК ао
957	
5 792 815	
0,155	
0,1528	
0,1464	
0,1588	
0,152
NKNC	
НКНХ ао
701	
5 315 173	
100,7	
100,4	
99,15	
101	
100,95
ALNU	
АЛРОСА-Нюр
73	
5 216 600	
47 400	
47 600	
46 000	
48 400	
47 600
RNFT	
РуссНфт ао
1 612	
5 189 624	
462,4	
477	
459,8	
483	
466
NSVZ	
НаукаСвяз
632	
5 139 780	
253,5	
250	
232	
278	
238
KRKNP	
СаратНПЗ-п
179	
4 673 880	
15 380	
15 480	
15 300	
15 500	
15 400
BRZL	
БурЗолото
236	
4 649 112	
822	
821	
808	
834	
827
MGTSP	
МГТС-4ап
329	
4 489 736	
2 306	
2 308	
2 290	
2 350	
2 300
IGSTP	
Ижсталь ап
825	
4 328 736	
823	
732	
725	
900	
808
IGST	
Ижсталь2ао
787	
4 256 847	
898	
845	
832	
968	
871
KZOS	
ОргСинт ао
440	
4 219 170	
94,5	
93,5	
92,3	
95	
95
MRKV	
МРСКВол
441	
4 026 874	
0,0713	
0,07155	
0,0708	
0,0718	
0,0718
VZRZP	
Возрожд-п
447	
3 944 680	
328,4	
320	
313,2	
348,8	
326
MSTT	
Мостотрест
331	
3 530 083	
158,8	
157,9	
156,55	
160,9	
159
BELU	
Белуга ао
238	
3 073 948	
1 351	
1 346	
1 336	
1 381	
1 350
MRKZ	
МРСК СЗ
271	
2 909 884	
0,0477	
0,046	
0,046	
0,04855	
0,04855
TGKBP	
ТГК-2 ап
197	
2 821 950	
0,00672	
0,00686	
0,00646	
0,007	
0,00686
URKZ	
УрКузница
68	
2 704 100	
10 600	
10 100	
10 080	
11 000	
10 220
KMAZ	
КАМАЗ
482	
2 614 548	
54,5	
54,5	
53,5	
54,8	
54,2
KMEZ	
КМЗ
354	
2 071 743	
428,5	
442	
416	
442	
428
PMSBP	
ПермьЭнС-п
249	
1 833 496	
135	
133,2	
129,2	
137	
135,8
SVAV	
СОЛЛЕРС
137	
1 660 550	
256	
253,5	
251,5	
257	
256
OMZZP	
ОМЗ-ап
181	
1 600 635	
3 680	
3 835	
3 575	
3 895	
3 615
PAZA	
ПавлАвт ао
145	
1 417 230	
8 910	
8 900	
8 750	
9 130	
8 840
MRKY	
РоссЮг ао
196	
1 403 569	
0,05105	
0,05005	
0,04945	
0,05175	
0,0516
SLEN	
Сахэнер ао
36	
1 356 776	
4,31	
4,31	
4,19	
4,365	
4,23
MAGE	
МагадЭн ао
60	
1 348 010	
4,63	
4,58	
4,52	
4,86	
4,82
LNZLP	
Лензол. ап
123	
1 297 300	
3 615	
3 600	
3 590	
3 650	
3 600
MFGS	
Мегион-ао
46	
1 292 635	
348,5	
338	
334	
350	
337,5
IRGZ	
ИркЭнерго
159	
1 267 920	
11,84	
11,7	
11,7	
11,94	
11,92
KROT	
КрасОкт-ао
108	
1 168 775	
316,5	
318,5	
313,5	
325,5	
320,5
KZOSP	
ОргСинт ап
660	
1 116 221	
13,32	
13,2	
13,16	
13,5	
13,28
RAVN	
Raven
18	
1 095 840	
32,2	
32	
32	
32,6	
32,6
MFGSP	
Мегион-ап
71	
1 060 370	
330,5	
327	
319	
350	
326
IRKT	
ИРКУТ-3
88	
1 042 632	
31,22	
31,34	
30,78	
31,58	
31,58
DVEC	
ДЭК ао
151	
1 029 369	
0,814	
0,817	
0,795	
0,82	
0,815
TRCN	
ТрансК ао
57	
1 015 505	
8 325	
8 310	
8 300	
8 350	
8 330
AVAN	
Авангрд-ао
186	
1 007 280	
740	
710	
700	
800	
730
VLHZ	
ВХЗ-ао
124	
959 692	
53,35	
52,6	
52,6	
54,35	
53,55
YKENP	
Якутскэн-п
56	
910 740	
0,3015	
0,307	
0,299	
0,318	
0,3
BLNG	
Белон ао
113	
853 742	
3,976	
3,99	
3,92	
4,058	
3,99
HIMCP	
Химпром ап
156	
851 064	
5,88	
5,85	
5,84	
5,96	
5,9
SELGP	
Селигдар-п
108	
829 745	
26,7	
26,9	
26,35	
27,1	
26,85
MRKS	
МРСКСиб
41	
825 390	
0,2165	
0,2165	
0,2145	
0,2185	
0,217
DASB	
ДагСб ао
192	
814 843	
0,0981	
0,1003	
0,0966	
0,1003	
0,0982
UKUZ	
ЮжКузб. ао
195	
806 226	
524	
474	
470	
580	
510
WTCMP	
ЦМТ ап
95	
767 618	
9,12	
8,6	
8,6	
9,48	
9,1
HALS	
Галс-Девел
85	
738 197	
767	
773	
756	
782	
770
PMSB	
ПермьЭнСб
155	
698 505	
134,1	
135,5	
132	
139,5	
135,3
MAGEP	
МагадЭн ап
73	
678 175	
4,11	
4,165	
3,83	
4,39	
4,085
ISKJ	
iИСКЧ ао
109	
665 260	
12,21	
12,48	
12,1	
12,51	
12,16
MOBB	
МосОблБанк
135	
647 681	
2,488	
2,456	
2,456	
2,518	
2,5
PRTK	
ПРОТЕК ао
101	
631 426	
97,6	
97,7	
96,5	
98,1	
97,9
RUSP	
Русполимет
31	
628 330	
0,551	
0,549	
0,543	
0,5545	
0,553
NFAZ	
Нефтекамск
150	
607 432	
146,8	
140,4	
139,4	
160	
139,4
GEMA	
iММЦБ ао
12	
588 958	
722,5	
728,5	
722,5	
731,5	
723
TUZA	
ТЗА ао
64	
575 350	
82	
80	
80	
85	
82
DIOD	
ЗаводДИОД
79	
542 526	
4,89	
4,92	
4,88	
4,92	
4,89
JNOS	
Славн-ЯНОС
107	
534 665	
17,9	
18,3	
17,5	
18,9	
17,7
ROLO	
Русолово
56	
520 394	
3,798	
3,806	
3,77	
3,84	
3,786
MGTS	
МГТС-5ао
58	
511 725	
2 680	
2 730	
2 600	
2 745	
2 690
NKSH	
Нижкамшина
73	
505 824	
23,32	
23,2	
22,78	
24,02	
23,28
NAUK	
iНПОНаука
91	
496 216	
176	
176,8	
172,8	
181,4	
174
LPSB	
ЛЭСК ао
153	
489 545	
7,85	
7,35	
7,35	
8,1	
7,85
UTAR	
ЮТэйр ао
87	
475 122	
6,6	
6,59	
6,5	
6,75	
6,5
KBTK	
КузбТК ао
89	
469 794	
162,6	
164,2	
160	
164,6	
161,8
KRSB	
Красэсб ао
25	
464 030	
5,59	
5,5	
5,49	
5,74	
5,68
ZILL	
ЗИЛ ао
50	
457 164	
1 398	
1 402	
1 382	
1 412	
1 390
CHEP	
ЧТПЗ ао
100	
445 055	
207	
207	
205	
209	
206
MRKU	
МРСК Ур
65	
433 654	
0,1466	
0,1478	
0,1454	
0,1488	
0,1468
NKHP	
НКХП ао
72	
390 940	
232,5	
235	
229,5	
235	
234,5
ROST	
РОСИНТЕРао
59	
390 188	
58,8	
57,2	
57,2	
59	
58,8
TGKD	
Квадра
100	
388 691	
0,002995	
0,00302	
0,002955	
0,00305	
0,003005
WTCM	
ЦМТ ао
101	
379 816	
9,18	
8,6	
8,5	
9,56	
9,1
GAZAP	
ГАЗ ап
31	
378 885	
341,5	
351	
337	
355	
341,5
KOGK	
КоршГОК ао
6	
359 000	
44 800	
44 200	
44 200	
45 000	
45 000
CHMK	
ЧМК ао
48	
352 480	
2 430	
2 405	
2 390	
2 450	
2 425
KTSBP	
КСБ ап
64	
347 390	
0,2315	
0,2305	
0,2265	
0,2365	
0,231
GAZA	
ГАЗ ао
27	
323 475	
376	
371,5	
371,5	
379,5	
378,5
TASB	
ТамбЭнСб
41	
313 525	
0,28	
0,2805	
0,271	
0,288	
0,278
ABRD	
АбрауДюрсо
58	
306 665	
134,5	
134,5	
134	
135,5	
135
KLSB	
КалужскСК
72	
290 564	
10,53	
10,61	
10,49	
10,62	
10,56
UCSS	
ОКС ао
64	
284 080	
1 500	
1 530	
1 480	
1 530	
1 510
RDRB	
РДБанк ао
53	
281 650	
275	
270	
270	
285	
285
RUSI	
ИКРУСС-ИНВ
40	
276 300	
40	
40,7	
39,4	
41,6	
39,5
ZVEZ	
ЗВЕЗДА ао
34	
263 800	
4,25	
4,265	
4,18	
4,27	
4,25
KAZTP	
Куйбазот-п
43	
253 842	
149,4	
150,2	
148	
150,2	
150
KROTP	
КрасОкт-1п
61	
247 870	
234	
225	
225	
239	
236
VRSBP	
ТНСэнВор-п
31	
239 200	
30,5	
30	
29,5	
31	
30,5
KRKN	
СаратНПЗ
14	
226 400	
11 900	
11 650	
11 600	
12 100	
11 950
LVHK	
Левенгук
114	
224 592	
7,8	
7,61	
7,61	
7,91	
7,8
YKEN	
Якутскэнрг
25	
218 840	
0,322	
0,324	
0,317	
0,3315	
0,317
VJGZP	
Варьеган-п
22	
215 570	
322	
319	
316	
328	
328
CHKZ	
ЧКПЗ ао
31	
212 120	
5 300	
5 340	
5 200	
5 380	
5 380
KUZB	
КузнецкийБ
226	
200 265	
0,01752	
0,0177	
0,01711	
0,018	
0,01747
SZPR	
СЗПароход
64	
190 988	
718	
728	
654	
730	
730
MGNZ	
СМЗ-ао
14	
190 540	
4 230	
4 330	
4 180	
4 330	
4 250
ELTZ	
Электрцинк
112	
188 537	
172	
171,5	
167,5	
175	
172,5
ASSB	
АстрЭнСб
69	
187 665	
0,6055	
0,5975	
0,5905	
0,6285	
0,601
SARE	
СаратЭн-ао
31	
186 020	
0,1122	
0,115	
0,111	
0,1152	
0,1116
KAZT	
Куйбазот
40	
176 012	
148	
148,4	
147	
149,6	
148,6
YAKG	
ЯТЭК ао
20	
168 718	
52,72	
52,98	
52,08	
53	
52,14
VRSB	
ТНСэнВорон
19	
156 680	
47,6	
47,8	
47	
48,2	
47,2
KRSBP	
Красэсб ап
14	
132 380	
5,52	
5,56	
5,32	
5,74	
5,68
TORSP	
ТРК ап
16	
121 120	
0,2575	
0,256	
0,2535	
0,2585	
0,258
MISBP	
ТНСэМаЭл-п
20	
116 000	
11	
10,6	
10,6	
11,2	
10,6
RKKE	
ЭнергияРКК
16	
103 130	
4 910	
4 880	
4 820	
4 950	
4 900
KRKOP	
ТКЗКК ап
30	
96 805	
3,965	
3,8	
3,8	
4	
4
KCHE	
КамчатЭ ао
30	
95 025	
0,1825	
0,1935	
0,175	
0,1935	
0,186
NNSB	
ТНСэнНН ао
43	
91 020	
1 265	
1 240	
1 225	
1 355	
1 235
JNOSP	
Слав-ЯНОСп
19	
76 436	
14,42	
14,4	
14,24	
14,58	
14,58
BISVP	
БашИнСв ап
38	
70 308	
6,96	
6,9	
6,9	
7,09	
6,9
RLMN	
Роллман
62	
68 092	
16,85	
17	
16,65	
17	
16,9
ARSA	
Арсагера
15	
64 230	
3,21	
3,21	
3,2	
3,27	
3,2
RZSB	
РязЭнСб
8	
61 570	
5,6	
5,52	
5,52	
5,63	
5,59
KGKCP	
КурганГКап
24	
60 170	
54,5	
56	
54	
56,5	
56,5
STSBP	
СтаврЭнСбп
46	
59 699	
0,297	
0,2998	
0,295	
0,2998	
0,297
RLMNP	
Роллман-п
22	
51 406	
17,8	
18,22	
17,04	
18,22	
17,94
KUBE	
Кубанэнр
27	
50 176	
63,6	
63	
62	
64,3	
62,8
TGKDP	
Квадра-п
27	
48 588	
0,003825	
0,00387	
0,00374	
0,00387	
0,0038
ALBK	
БестЭфБ ао
18	
47 760	
52,5	
53	
51,5	
53	
53
VJGZ	
Варьеган
25	
38 684	
624	
629	
611	
641	
624
PRMB	
Приморье
2	
34 200	
17 200	
17 200	
17 000	
17 200	
17 000
ROSB	
Росбанк ао
10	
32 286	
64,6	
65	
64,2	
65,8	
64,6
INGR	
ИНГРАД ао
12	
31 684	
754	
754	
754	
758	
755
MRKK	
Россети СК
23	
30 111	
27,62	
27,5	
27,26	
27,94	
27,28
KTSB	
КСБ ао
16	
26 694	
0,494	
0,498	
0,482	
0,51	
0,504
DZRD	
iДонскЗР
10	
21 060	
2 106	
2 104	
2 030	
2 150	
2 128
TORS	
ТРК ао
3	
18 480	
0,369	
0,37	
0,365	
0,371	
0,365
YRSB	
ТНСэнЯр
8	
18 200	
166	
168	
164	
168	
166
NNSBP	
ТНСэнНН ап
12	
17 626	
534	
532	
525	
540	
540
STSB	
СтаврЭнСб
15	
15 883	
0,3455	
0,3455	
0,343	
0,353	
0,343
CHGZ	
РН-ЗапСиб
5	
15 640	
30,8	
30,8	
30,8	
32	
32
KBSB	
ТНСэКубань
10	
14 900	
135,5	
130,5	
130,5	
136,5	
133,5
MISB	
ТНСэнМарЭл
10	
14 510	
11,2	
11,4	
11	
11,4	
11
RTSB	
ТНСэнРст
4	
12 850	
0,32	
0,32	
0,32	
0,325	
0,325
DZRDP	
iДонскЗР п
8	
12 490	
1 560	
1 540	
1 540	
1 570	
1 570
VSYDP	
ВыбСудЗ ап
3	
10 680	
2 680	
2 640	
2 640	
2 680	
2 680
SAREP	
СаратЭн-ап
4	
10 270	
0,0854	
0,0852	
0,0852	
0,0858	
0,0858
SAGO	
СамарЭн-ао
2	
7 760	
0,376	
0,39	
0,386	
0,39	
0,386
SAGOP	
СамарЭн-ап
2	
7 490	
0,375	
0,371	
0,371	
0,378	
0,378
KGKC	
КурганГКао
6	
7 380	
53	
52	
52	
53	
53
VGSB	
ВолгЭнСб
2	
7 205	
1,44	
1,445	
1,44	
1,445	
1,44
KCHEP	
КамчатЭ ап
2	
6 860	
0,34	
0,343	
0,343	
0,343	
0,343
TASBP	
ТамбЭнСб-п
2	
5 900	
0,1965	
0,199	
0,1955	
0,199	
0,1955
VGSBP	
ВолгЭнСб-п
6	
5 765	
0,96	
0,95	
0,95	
0,97	
0,96
MRSB	
МордЭнСб
1	
3 410	
0,341	
0,341	
0,341	
0,341	
0,341
VSYD	
ВыбСудЗ ао
1	
2 800	
2 800	
2 800	
2 800	
2 800	
2 800
RTSBP	
ТНСэнРст-п
1	
2 570	
0,257	
0,257	
0,257	
0,257	
0,257
YRSBP	
ТНСэнЯр-п
1	
1 590	
79	
79,5	
79,5	
79,5	
79,5
TNSE	
ТНСэнрг ао
1	
1 005	
1 005	
1 005	
1 005	
1 005	
1 005
RTGZ	
ГазпРнД ао
0	
0	
-	
-	
-	
-	
22 500
KUNF	
КУЗОЦМ ао
0	
0	
-	
-	
-	
-	
-
NPOF	
Физика ао
0	
0	
-	
-	
-	
-	
11 850
GAZC	
ГАЗКОН-ао
0	
0	
-	
-	
-	
-	
295
GTSS	
ГЕОТЕК ао
0	
0	
-	
-	
-	
-	
-
TRFM	
ТрансФ ао
0	
0	
-	
-	
-	
-	
-
KMTZ	
КосогМЗ ао
0	
0	
-	
-	
-	
-	
-
KZMS	
КЗМС ао
0	
0	
-	
-	
-	
-	
226
GAZS	
ГАЗ-сервис
0	
0	
-	
-	
-	
-	
293
HIMC	
Химпром ао
0	
0	
-	
-	
-	
-	
0,99
LSNG	
Ленэнерго
0	
0	
-	
-	
-	
-	
5,66
URKA	
Уркалий-ао
0	
0	
-	
-	
-	
-	
119,04
VZRZ	
Возрожд-ао
0	
0	
-	
-	
-	
-	
480
BISV	
БашИнСв ао
0	
0	
-	
-	
-	
-	
8,7
GAZT	
ГАЗ-Тек ао
0	
0	
-	
-	
-	
-	
85
KSGR	
Кокс ао
0	
0	
-	
-	
-	
-	
-
LSNGP	
Ленэнерг-п
0	
0	
-	
-	
-	
-	
119,95
MFON	
МегаФон ао
0	
0	
-	
-	
-	
-	
650,6
MORI	
Морион ао
0	
0	
-	
-	
-	
-	
4,31
KRKO	
ТКЗКК ао
0	
0	
-	
-	
-	
-	
11,8
RU000A0JVT35	
ИСУ ЕФГ-3
0	
0	
-	
-	
-	
-	
400