SBER	
Сбербанк
52 160	
10 603 240 361	
209,12	
207,51	
206,57	
212,6	
212,6
GAZP	
ГАЗПРОМ ао
59 419	
7 775 989 351	
199,03	
198,22	
197,22	
201,7	
201,7
LKOH	
ЛУКОЙЛ
31 920	
5 151 587 228	
5 065	
5 048,5	
5 026,5	
5 103	
5 100
PLZL	
Полюс
35 507	
4 398 486 193	
13 365,5	
13 250	
13 056	
13 729,5	
13 299,5
GMKN	
ГМКНорНик
22 459	
4 339 567 260	
18 526	
18 466	
18 402	
18 712	
18 574
MGNT	
Магнит ао
20 376	
2 248 290 512	
4 326,5	
4 320,5	
4 272,5	
4 377	
4 282,5
TATN	
Татнфт 3ао
20 655	
1 933 266 627	
552,5	
548,8	
543,4	
563	
563
MOEX	
МосБиржа
28 945	
1 906 551 496	
125,74	
123,66	
123,09	
126,8	
126,56
YNDX	
Yandex clA
20 842	
1 831 480 541	
3 644	
3 629,6	
3 590,6	
3 684,8	
3 613,6
MTSS	
МТС-ао
25 788	
1 650 312 244	
314,9	
315	
312,5	
317,7	
312,9
POLY	
Polymetal
19 104	
1 561 973 591	
1 441,4	
1 430,1	
1 411	
1 460,7	
1 445,8
ROSN	
Роснефть
13 614	
1 530 573 440	
360,6	
361,05	
356,8	
364,5	
364,5
ALRS	
АЛРОСА ао
22 575	
1 189 559 222	
63,66	
63,69	
63,18	
64,28	
64,06
SBERP	
Сбербанк-п
17 990	
1 076 629 961	
192,09	
191,1	
190,1	
193,68	
193,2
SNGS	
Сургнфгз
10 150	
1 020 304 803	
38,43	
38,265	
38,17	
38,735	
38,62
NVTK	
Новатэк ао
7 910	
797 774 134	
1 034,2	
1 020	
1 020	
1 043	
1 040,8
NLMK	
НЛМК ао
14 215	
785 071 870	
135,02	
136,72	
134,36	
136,86	
134,9
VTBR	
ВТБ ао
21 981	
754 910 362	
0,035095	
0,03494	
0,03486	
0,035255	
0,035155
AFLT	
Аэрофлот
14 991	
710 911 628	
81,02	
80,5	
80,22	
81,76	
81,3
SNGSP	
Сургнфгз-п
6 856	
611 615 249	
36,115	
35,995	
35,935	
36,185	
36,165
CHMF	
СевСт-ао
11 986	
543 449 054	
874,8	
866,8	
866,8	
882,4	
881,4
POGR	
Petropavl
11 237	
509 337 710	
25,225	
24,24	
24,1	
26,035	
25,66
IRAO	
ИнтерРАОао
5 274	
442 237 514	
5,038	
5,0225	
4,951	
5,0795	
5,0795
FIVE	
FIVE-гдр
4 676	
387 039 241	
2 497	
2 508,5	
2 460	
2 549,5	
2 549,5
TATNP	
Татнфт 3ап
8 547	
343 931 223	
533,4	
533	
527,5	
540	
535,8
SIBN	
Газпрнефть
6 541	
334 918 389	
324,6	
321,85	
320	
327,45	
324,6
AFKS	
Система ао
6 536	
323 055 424	
17,879	
17,91	
17,604	
18,043	
17,717
HYDR	
РусГидро
7 473	
316 470 632	
0,7598	
0,7559	
0,7507	
0,7668	
0,7617
CBOM	
МКБ ао
10 251	
265 194 738	
5,611	
5,59	
5,581	
5,638	
5,608
MAGN	
ММК
3 058	
221 444 435	
38,495	
38,505	
38,315	
38,67	
38,64
LNZL	
Лензолото
7 019	
215 898 030	
12 590	
11 350	
10 700	
13 440	
12 160
FEES	
ФСК ЕЭС ао
4 476	
213 676 294	
0,19102	
0,18928	
0,189	
0,19218	
0,19198
TRNFP	
Транснф ап
812	
193 724 550	
137 100	
136 950	
136 500	
137 750	
136 900
DSKY	
ДетскийМир
6 567	
186 985 216	
106,24	
105,28	
104,4	
107,16	
106,8
TCSG	
TCS-гдр
5 934	
173 729 338	
1 495	
1 460,2	
1 445	
1 507,8	
1 504,4
MAIL	
MAIL-гдр
7 589	
161 668 833	
1 819,6	
1 800,8	
1 800,8	
1 838	
1 811,8
OGKB	
ОГК-2 ао
4 624	
125 232 686	
0,7519	
0,762	
0,7421	
0,767	
0,7552
RUAL	
РУСАЛ ао
5 747	
116 180 219	
26,48	
26,4	
26,315	
26,695	
26,445
RTKM	
Ростел -ао
3 779	
111 993 903	
86,79	
85,94	
85,3	
87,56	
87,03
PIKK	
ПИК ао
8 669	
106 612 536	
411,6	
416,1	
409,8	
416,1	
409,8
RSTI	
Россети ао
2 398	
106 052 261	
1,5357	
1,5318	
1,525	
1,55	
1,5342
PHOR	
ФосАгро ао
2 965	
82 674 167	
2 575	
2 591	
2 562	
2 598	
2 563
TGKA	
ТГК-1
4 240	
78 680 587	
0,012146	
0,01234	
0,012046	
0,01234	
0,012118
BANEP	
Башнефт ап
2 989	
68 177 397	
1 355,5	
1 349,5	
1 344,5	
1 362	
1 358,5
RASP	
Распадская
1 723	
59 005 215	
107,78	
109,82	
106,5	
109,82	
107,5
UPRO	
Юнипро ао
1 587	
55 384 204	
2,845	
2,86	
2,834	
2,86	
2,84
CNTLP	
Телеграф-п
2 265	
51 956 548	
26,92	
27,32	
26,5	
27,48	
26,9
AGRO	
AGRO-гдр
2 228	
47 312 342	
650	
651,4	
646	
655,2	
648,4
NMTP	
НМТП ао
2 213	
46 610 617	
10,635	
10,6	
10,59	
10,675	
10,63
AKRN	
Акрон
795	
43 737 662	
5 580	
5 540	
5 510	
5 648	
5 626
NKNCP	
НКНХ ап
4 178	
42 318 100	
82,14	
83,4	
81,62	
83,46	
82,16
ENRU	
ЭнелРос ао
3 401	
41 479 878	
0,9575	
0,9655	
0,952	
0,9655	
0,9565
LSRG	
ЛСР ао
2 400	
36 214 489	
720,8	
716,8	
711	
725,6	
720,8
AQUA	
РусАква ао
1 736	
35 224 245	
193	
200	
189,5	
201,5	
194,5
MVID	
М.видео
1 268	
32 280 324	
399,6	
400	
397,3	
402,5	
401,7
TRMK	
ТМК ао
300	
31 787 642	
60	
59,94	
59,94	
60,06	
59,98
LNTA	
Лента др
2 697	
28 349 041	
174,8	
173,4	
172,2	
176	
175,6
MTLR	
Мечел ао
2 760	
28 314 545	
64,73	
64,51	
64,5	
65,18	
64,89
LNZLP	
Лензол. ап
1 788	
23 977 225	
4 255	
3 980	
3 980	
4 420	
4 165
QIWI	
iQIWI
1 427	
23 499 321	
1 290,5	
1 280	
1 278	
1 304	
1 283,5
RTKMP	
Ростел -ап
1 392	
21 257 859	
80,6	
80,05	
80,05	
81,1	
80,55
MRKV	
РсетВол ао
2 293	
20 564 625	
0,07095	
0,0732	
0,0701	
0,07335	
0,0712
SFIN	
САФМАР ао
209	
18 400 270	
459	
457,4	
456,8	
462	
457
MSNG	
+МосЭнерго
974	
17 670 254	
2,0995	
2,1	
2,0825	
2,115	
2,103
MTLRP	
Мечел ап
752	
14 649 889	
84,5	
84	
83,7	
85	
84,55
LSNGP	
РСетиЛЭ-п
780	
13 726 144	
155,15	
156,6	
154,35	
156,6	
155,5
OBUV	
ОР ао
957	
13 467 505	
32,55	
32	
31,65	
33	
33
MRKP	
МРСК ЦП
627	
13 279 137	
0,1955	
0,1952	
0,194	
0,1967	
0,1964
UNKL	
ЮУНК ао
1 060	
12 951 620	
4 680	
4 000	
3 990	
5 290	
4 860
BSPB	
БСП ао
1 220	
12 324 125	
40,87	
40,01	
40,01	
41,5	
41,06
CNTL	
Телеграф
632	
11 004 815	
28,3	
28,95	
28	
28,95	
28,4
VSMO	
ВСМПО-АВСМ
192	
10 756 940	
18 380	
18 500	
18 300	
18 500	
18 360
BANE	
Башнефт ао
682	
10 390 210	
1 731,5	
1 723,5	
1 722	
1 745,5	
1 740,5
SELG	
Селигдар
886	
10 305 526	
26,43	
26	
26	
26,7	
26,45
ETLN	
ETLN-гдр
1 172	
9 425 189	
97,46	
97,8	
96,86	
97,88	
97,88
STSBP	
СтаврЭнСбп
1 075	
8 055 372	
0,37	
0,369	
0,3455	
0,41	
0,3525
KRKNP	
СаратНПЗ-п
307	
7 731 780	
15 620	
15 780	
15 520	
15 780	
15 700
ASSB	
АстрЭнСб
1 035	
6 992 413	
0,7935	
0,834	
0,781	
0,84	
0,79
NKNC	
НКНХ ао
801	
6 984 479	
94	
95,2	
92,7	
95,2	
94,5
RSTIP	
Россети ап
576	
6 593 744	
2,077	
2,077	
2,053	
2,104	
2,054
RUSP	
Русполимет
280	
5 640 620	
0,663	
0,6425	
0,6275	
0,72	
0,636
ZILL	
ЗИЛ ао
480	
5 428 660	
2 840	
2 620	
2 620	
2 955	
2 835
ISKJ	
iИСКЧ ао
530	
5 303 929	
25,82	
25,74	
25,36	
26,3	
26,11
APTK	
Аптеки36и6
1 378	
4 924 404	
13,856	
14	
13,728	
14,09	
13,868
RNFT	
РуссНфт ао
906	
4 806 220	
530,2	
532,4	
520,6	
534,8	
524,8
MSTT	
Мостотрест
527	
4 343 411	
156,15	
160	
151,2	
160	
155,7
MOBB	
МосОблБанк
1 230	
4 205 222	
0,78	
0,81	
0,764	
0,81	
0,774
BELU	
Белуга ао
222	
4 181 810	
1 384	
1 380	
1 356	
1 412	
1 370
MRKC	
МРСК Центр
408	
3 275 370	
0,2796	
0,2788	
0,2768	
0,2826	
0,2802
YAKG	
ЯТЭК ао
36	
3 105 930	
41,3	
41,3	
41,3	
41,35	
41,3
TGKB	
ТГК-2
170	
3 051 150	
0,003905	
0,00389	
0,003865	
0,00395	
0,003935
MRKS	
РсетСиб ао
66	
3 024 625	
0,238	
0,244	
0,2355	
0,244	
0,2425
GCHE	
ЧеркизГ-ао
404	
2 907 517	
1 735	
1 743	
1 722	
1 744,5	
1 738
ENPG	
ЭН+ГРУП ао
168	
2 873 552	
585	
586	
582,5	
586,5	
586,5
KZOSP	
ОргСинт ап
1 022	
2 846 460	
12	
11,88	
11,65	
12,32	
11,85
UNAC	
iАвиастКао
219	
2 798 321	
0,472	
0,4695	
0,4675	
0,478	
0,4725
FESH	
ДВМП ао
247	
2 549 887	
7,49	
7,36	
7,36	
7,68	
7,58
SELGP	
Селигдар-п
207	
2 427 400	
27,25	
27,05	
26,9	
27,5	
27,45
DVEC	
ДЭК ао
317	
2 255 134	
1,049	
1,02	
1,02	
1,075	
1,032
ALNU	
АЛРОСА-Нюр
22	
2 253 000	
56 400	
55 600	
55 400	
57 000	
56 600
MGTSP	
МГТС-4ап
217	
2 252 468	
1 990	
1 992	
1 980	
2 000	
1 988
LIFE	
iФармсинтз
334	
2 134 238	
6,505	
6,475	
6,455	
6,54	
6,53
AMEZ	
АшинскийМЗ
308	
2 000 195	
4,065	
4,105	
4,035	
4,16	
4,08
URKZ	
УрКузница
70	
1 901 200	
14 080	
14 080	
13 740	
14 500	
14 020
KZOS	
ОргСинт ао
323	
1 776 388	
87,2	
87,5	
86,9	
88	
87,1
VGSB	
ВолгЭнСб
135	
1 747 970	
1,62	
1,585	
1,555	
1,735	
1,57
STSB	
СтаврЭнСб
476	
1 681 963	
0,3845	
0,393	
0,369	
0,409	
0,3835
KAZT	
Куйбазот
141	
1 674 194	
148,6	
152,6	
142,4	
155	
151,8
MSRS	
РСетиМР ао
120	
1 448 633	
1,11	
1,1005	
1,1005	
1,118	
1,1155
KMAZ	
КАМАЗ
284	
1 428 882	
56,3	
57	
55,8	
57,1	
56,2
IRKT	
ИРКУТ-3
106	
1 383 908	
34,1	
34,04	
33,8	
34,26	
34,1
DIOD	
ЗаводДИОД
295	
1 378 486	
6,55	
6,6	
6,44	
6,74	
6,57
RBCM	
РБК ао
329	
1 315 395	
3,174	
3,138	
3,138	
3,23	
3,158
VRSBP	
ТНСэнВор-п
135	
1 303 350	
49	
47,5	
47	
52	
47,5
RUSI	
ИКРУСС-ИНВ
190	
1 230 980	
40,2	
37,4	
37,3	
47,7	
38,7
TGKBP	
ТГК-2 ап
65	
1 207 560	
0,0069	
0,00702	
0,00645	
0,00712	
0,00704
CHGZ	
РН-ЗапСиб
94	
1 154 060	
34,6	
35	
33,8	
36	
34,4
NAUK	
iНПОНаука
240	
1 049 584	
174,6	
181	
165,2	
184,6	
180,8
SVAV	
СОЛЛЕРС
54	
1 026 620	
259	
259,5	
258,5	
260	
259
BRZL	
БурЗолото
185	
962 416	
841	
832	
831	
850	
836
GTRK	
ГТМ ао
161	
834 428	
41,95	
41,55	
41,55	
42,15	
42
KRSBP	
Красэсб ап
60	
809 860	
7,04	
7,08	
6,84	
7,56	
7,04
CHMK	
ЧМК ао
35	
789 835	
2 470	
2 460	
2 460	
2 485	
2 475
VRSB	
ТНСэнВорон
104	
773 240	
50,8	
52	
49,4	
54	
51,6
CHEP	
ЧТПЗ ао
84	
727 765	
201,5	
202	
199,5	
203	
202,5
INGR	
ИНГРАД ао
189	
706 725	
732	
738	
721	
738	
730
LSNG	
РСетиЛЭ
108	
654 012	
6	
6	
5,98	
6,02	
6,01
MRKU	
МРСК Ур
66	
653 174	
0,156	
0,1566	
0,1542	
0,1568	
0,1558
KRKN	
СаратНПЗ
33	
651 500	
12 800	
12 850	
12 700	
12 950	
12 950
UTAR	
ЮТэйр ао
93	
629 346	
7,33	
7,33	
7,25	
7,53	
7,3
ABRD	
АбрауДюрсо
180	
611 260	
130	
129	
129	
130,5	
130
TGKN	
ТГК-14
67	
604 940	
0,0031	
0,00312	
0,00309	
0,00314	
0,00312
ROLO	
Русолово
64	
598 584	
3,938	
3,994	
3,85	
4,038	
3,898
SLEN	
Сахэнер ао
77	
570 131	
4,47	
4,465	
4,41	
4,605	
4,525
GEMA	
iММЦБ ао
57	
524 184	
611	
610	
607	
613	
611,5
PRTK	
ПРОТЕК ао
57	
510 413	
99,5	
99,1	
99,1	
99,7	
99,6
VZRZP	
Возрожд-п
92	
507 970	
317,6	
321,6	
310	
323,8	
312,6
MRKY	
РоссЮг ао
151	
506 882	
0,04865	
0,0488	
0,04835	
0,04915	
0,04915
IRGZ	
ИркЭнерго
100	
418 962	
11,78	
11,7	
11,6	
11,9	
11,7
MAGE	
МагадЭн ао
24	
406 410	
7,01	
7,07	
6,95	
7,19	
7
MGNZ	
СМЗ-ао
53	
377 700	
3 890	
3 910	
3 820	
3 980	
3 880
TTLK	
Таттел. ао
55	
353 030	
0,2825	
0,284	
0,281	
0,284	
0,283
PMSB	
ПермьЭнСб
69	
344 081	
129,4	
130,8	
129	
130,9	
129,1
KUZB	
КузнецкийБ
359	
343 336	
0,01565	
0,01582	
0,01541	
0,0162	
0,01588
KAZTP	
Куйбазот-п
36	
318 642	
150,4	
150,2	
147	
154,2	
152,8
PMSBP	
ПермьЭнС-п
90	
292 014	
129,2	
130	
128,2	
130	
128,8
TASBP	
ТамбЭнСб-п
52	
276 975	
0,3595	
0,362	
0,356	
0,364	
0,3595
MRKZ	
МРСК СЗ
84	
272 650	
0,04955	
0,0492	
0,0492	
0,04985	
0,04945
RTSB	
ТНСэнРст
32	
271 900	
0,4	
0,395	
0,39	
0,41	
0,4
NKHP	
НКХП ао
68	
263 115	
229	
230	
226,5	
231	
228
UWGN	
ОВК ао
81	
254 177	
235,8	
236,3	
234	
237	
235,8
VGSBP	
ВолгЭнСб-п
74	
251 130	
1,095	
1,105	
1,065	
1,15	
1,105
RUGR	
Русгрэйн
349	
251 012	
7,064	
7,04	
7	
7,13	
7,08
USBN	
УралСиб ао
56	
243 561	
0,068	
0,068	
0,0675	
0,0685	
0,068
TGKD	
Квадра
52	
233 011	
0,00307	
0,003055	
0,00305	
0,003095	
0,00309
TRCN	
ТрансК ао
20	
231 920	
8 590	
8 580	
8 575	
8 610	
8 580
UCSS	
ОКС ао
26	
229 910	
1 430	
1 440	
1 420	
1 440	
1 440
GAZA	
ГАЗ ао
30	
191 435	
383	
382	
370,5	
390	
390
MAGEP	
МагадЭн ап
23	
190 310	
6,14	
6,2	
6,05	
6,28	
6,065
MGTS	
МГТС-5ао
29	
182 360	
2 370	
2 375	
2 350	
2 385	
2 360
KLSB	
КалужскСК
41	
173 985	
11,45	
11,53	
11,39	
11,53	
11,46
KRKOP	
ТКЗКК ап
93	
173 955	
5,8	
5,765	
5,765	
5,86	
5,83
HIMCP	
Химпром ап
36	
170 321	
5,96	
5,96	
5,91	
5,97	
5,97
PAZA	
ПавлАвт ао
18	
170 030	
7 730	
7 700	
7 630	
7 790	
7 640
BISVP	
БашИнСв ап
35	
160 880	
8,29	
8,35	
8,16	
8,38	
8,38
NFAZ	
Нефтекамск
28	
160 434	
167,2	
165,6	
163,8	
168	
165
KROT	
КрасОкт-ао
19	
159 945	
347,5	
351	
343,5	
351	
346
RLMN	
Роллман
91	
156 648	
18,75	
18,55	
18,55	
18,9	
18,8
KRSB	
Красэсб ао
19	
142 180	
6,77	
6,77	
6,75	
6,79	
6,75
MRSB	
МордЭнСб
18	
138 450	
0,338	
0,34	
0,334	
0,34	
0,338
JNOSP	
Слав-ЯНОСп
34	
123 044	
14,32	
14,3	
14,14	
14,52	
14,14
NKSH	
Нижкамшина
14	
122 500	
22,28	
22,26	
22,24	
22,38	
22,24
DZRDP	
iДонскЗР п
9	
119 280	
1 590	
1 600	
1 590	
1 600	
1 590
KGKCP	
КурганГКап
19	
115 155	
54	
54	
53,5	
54,5	
54
KUBE	
Кубанэнр
24	
114 256	
71,4	
71,4	
71,2	
72,4	
71,8
KBTK	
КузбТК ао
29	
109 742	
154,6	
153,8	
153,6	
156,4	
156,2
RZSB	
РязЭнСб
9	
109 280	
9,94	
10,12	
9,84	
10,12	
9,86
SAGO	
СамарЭн-ао
12	
102 540	
0,428	
0,434	
0,424	
0,434	
0,43
TGKDP	
Квадра-п
39	
99 311	
0,00394	
0,0039	
0,003855	
0,004	
0,00393
WTCM	
ЦМТ ао
34	
95 544	
8,86	
8,72	
8,72	
8,9	
8,86
GAZAP	
ГАЗ ап
21	
94 225	
314	
316	
313	
316	
313,5
KOGK	
КоршГОК ао
2	
93 400	
46 800	
46 600	
46 600	
46 800	
46 800
NSVZ	
НаукаСвяз
35	
92 675	
226	
227	
223	
228	
225,5
NNSBP	
ТНСэнНН ап
12	
88 506	
615	
613	
600	
620	
601
HALS	
Галс-Девел
21	
85 112	
760	
753	
749	
769	
763
VLHZ	
ВХЗ-ао
38	
82 969	
49,4	
49,9	
49,05	
49,9	
49,45
KMEZ	
КМЗ
58	
82 922	
448	
451	
445	
453	
445
KBSB	
ТНСэКубань
34	
79 535	
169	
171	
165	
174	
168,5
DZRD	
iДонскЗР
26	
79 180	
1 980	
1 930	
1 930	
1 995	
1 985
RAVN	
Raven
9	
70 835	
29,5	
30,25	
29,35	
30,25	
29,45
VSYDP	
ВыбСудЗ ап
15	
70 400	
4 140	
4 240	
4 040	
4 260	
4 060
RTSBP	
ТНСэнРст-п
8	
68 890	
0,313	
0,311	
0,308	
0,319	
0,314
TASB	
ТамбЭнСб
10	
66 510	
0,4435	
0,4475	
0,437	
0,4475	
0,437
RGSS	
РГС СК ао
79	
63 457	
0,148	
0,1486	
0,1472	
0,1486	
0,1484
ARSA	
Арсагера
9	
51 890	
3,24	
3,25	
3,23	
3,28	
3,28
YKENP	
Якутскэн-п
10	
50 930	
0,3395	
0,3375	
0,337	
0,347	
0,34
RKKE	
ЭнергияРКК
7	
50 090	
5 010	
5 020	
4 980	
5 040	
5 000
RTGZ	
ГазпРнД ао
2	
46 400	
23 200	
23 050	
23 050	
23 350	
23 350
MISB	
ТНСэнМарЭл
14	
42 890	
12,6	
12,8	
12,5	
12,9	
12,6
TORSP	
ТРК ап
13	
42 145	
0,2635	
0,2625	
0,262	
0,264	
0,262
TNSE	
ТНСэнрг ао
13	
41 780	
970	
990	
970	
990	
970
VSYD	
ВыбСудЗ ао
8	
40 355	
4 035	
4 020	
4 000	
4 050	
4 050
IGSTP	
Ижсталь ап
10	
33 586	
659	
656	
654	
662	
654
ELTZ	
Электрцинк
42	
32 569	
159,5	
160	
158,5	
161	
159,5
MISBP	
ТНСэМаЭл-п
9	
32 220	
12,4	
12,4	
12,2	
12,4	
12,2
JNOS	
Славн-ЯНОС
15	
31 970	
18,8	
18,8	
18,75	
18,9	
18,75
KROTP	
КрасОкт-1п
6	
31 180	
260	
262	
256	
262	
260
AVAN	
Авангрд-ао
13	
31 135	
690	
680	
680	
695	
695
YRSBP	
ТНСэнЯр-п
12	
30 780	
88	
87,5	
87	
89,5	
87
RLMNP	
Роллман-п
46	
28 280	
19,78	
19,7	
19,38	
19,98	
19,8
ROSB	
Росбанк ао
27	
28 190	
72,4	
71,6	
70,2	
73	
71,8
VJGZ	
Варьеган
22	
28 030	
584	
582	
579	
592	
587
LVHK	
Левенгук
17	
26 634	
7,83	
7,89	
7,7	
7,9	
7,89
BLNG	
Белон ао
18	
22 307	
4,056	
4,076	
4,02	
4,1	
4,044
MRKK	
Россети СК
44	
20 904	
26,14	
25,9	
25,9	
26,44	
26,06
LPSB	
ЛЭСК ао
7	
18 470	
7,7	
7,7	
7,65	
7,7	
7,7
NNSB	
ТНСэнНН ао
9	
17 325	
1 335	
1 360	
1 315	
1 360	
1 315
YRSB	
ТНСэнЯр
2	
16 800	
168	
168	
168	
168	
168
OMZZP	
ОМЗ-ап
5	
16 485	
3 295	
3 325	
3 270	
3 325	
3 285
SARE	
СаратЭн-ао
6	
16 468	
0,1176	
0,1178	
0,1176	
0,1178	
0,1176
CHKZ	
ЧКПЗ ао
3	
15 800	
5 260	
5 200	
5 200	
5 300	
5 300
ROST	
РОСИНТЕРао
11	
15 268	
61,2	
60,4	
60,4	
61,6	
61
KCHE	
КамчатЭ ао
6	
14 600	
0,2085	
0,2085	
0,2085	
0,209	
0,2085
KGKC	
КурганГКао
11	
13 940	
54	
54	
53	
55	
54
TUZA	
ТЗА ао
9	
12 210	
94	
94	
93	
94	
94
WTCMP	
ЦМТ ап
9	
12 114	
8,08	
8,18	
8,04	
8,18	
8,06
VJGZP	
Варьеган-п
3	
10 260	
342	
336	
336	
345	
345
IGST	
Ижсталь2ао
9	
10 119	
843	
859	
835	
859	
845
MFGSP	
Мегион-ап
1	
9 960	
332	
332	
332	
332	
332
UKUZ	
ЮжКузб. ао
10	
9 486	
528	
526	
524	
530	
524
ZVEZ	
ЗВЕЗДА ао
2	
9 115	
4,56	
4,555	
4,555	
4,56	
4,56
RDRB	
РДБанк ао
3	
7 450	
250	
250	
245	
250	
245
MFGS	
Мегион-ао
2	
7 410	
370,5	
370,5	
370,5	
370,5	
370,5
KCHEP	
КамчатЭ ап
2	
7 070	
0,354	
0,35	
0,35	
0,357	
0,357
SAREP	
СаратЭн-ап
3	
5 446	
0,0908	
0,0906	
0,0906	
0,0908	
0,0908
KTSBP	
КСБ ап
2	
5 185	
0,2595	
0,254	
0,254	
0,2645	
0,2595
SAGOP	
СамарЭн-ап
1	
4 010	
0,401	
0,401	
0,401	
0,401	
0,401
YKEN	
Якутскэнрг
1	
3 585	
0,3585	
0,3585	
0,3585	
0,3585	
0,3585
ALBK	
БестЭфБ ао
2	
3 170	
53	
52,5	
52,5	
53,5	
53,5
KTSB	
КСБ ао
3	
1 804	
0,602	
0,598	
0,598	
0,608	
0,608
BISV	
БашИнСв ао
0	
0	
-	
-	
-	
-	
8,7
GAZC	
ГАЗКОН-ао
0	
0	
-	
-	
-	
-	
295
GAZS	
ГАЗ-сервис
0	
0	
-	
-	
-	
-	
293
GAZT	
ГАЗ-Тек ао
0	
0	
-	
-	
-	
-	
85
GTSS	
ГЕОТЕК ао
0	
0	
-	
-	
-	
-	
-
HIMC	
Химпром ао
0	
0	
-	
-	
-	
-	
0,99
KMTZ	
КосогМЗ ао
0	
0	
-	
-	
-	
-	
-
KRKO	
ТКЗКК ао
0	
0	
-	
-	
-	
-	
11,8
KSGR	
Кокс ао
0	
0	
-	
-	
-	
-	
-
KUNF	
КУЗОЦМ ао
0	
0	
-	
-	
-	
-	
-
KZMS	
КЗМС ао
0	
0	
-	
-	
-	
-	
226
MFON	
МегаФон ао
0	
0	
-	
-	
-	
-	
650,6
MORI	
Морион ао
0	
0	
-	
-	
-	
-	
4,31
NPOF	
Физика ао
0	
0	
-	
-	
-	
-	
11 850
PRMB	
Приморье
0	
0	
-	
-	
-	
-	
23 400
TORS	
ТРК ао
0	
0	
-	
-	
-	
-	
0,376
TRFM	
ТрансФ ао
0	
0	
-	
-	
-	
-	
-
URKA	
Уркалий-ао
0	
0	
-	
-	
-	
-	
119,04
VZRZ	
Возрожд-ао
0	
0	
-	
-	
-	
-	
480