SBER	
Сбербанк
95 253	
19 662 728 516	
213,96	
217	
211,82	
217,58	
212,53
GAZP	
ГАЗПРОМ ао
59 751	
8 410 065 484	
202,51	
204,84	
200,53	
205,27	
201,75
GMKN	
ГМКНорНик
38 194	
8 392 653 308	
20 142	
20 304	
19 870	
20 360	
20 240
LKOH	
ЛУКОЙЛ
41 952	
8 162 884 568	
5 362	
5 410	
5 314	
5 432	
5 342
AFLT	
Аэрофлот
85 686	
5 259 775 672	
89,8	
92,62	
87,58	
93,98	
89,28
TATN	
Татнфт 3ао
45 167	
4 508 397 987	
592,1	
592	
581,2	
599,4	
595,9
ROSN	
Роснефть
23 943	
3 525 049 769	
400	
401,6	
397,25	
403,75	
400,3
MGNT	
Магнит ао
28 053	
3 207 574 895	
3 981	
3 931	
3 911	
4 050	
3 995
PLZL	
Полюс
22 876	
2 841 210 039	
10 601,5	
10 538	
10 456	
10 790	
10 589,5
FIVE	
FIVE-гдр
26 535	
2 159 710 362	
2 161,5	
2 075	
2 070,5	
2 204,5	
2 188,5
ALRS	
АЛРОСА ао
44 148	
2 000 961 464	
64,22	
65,4	
63,6	
65,7	
64,15
SNGSP	
Сургнфгз-п
24 923	
1 927 457 423	
34,505	
34,3	
33,875	
34,945	
34,83
SNGS	
Сургнфгз
14 706	
1 722 102 629	
40,735	
40,505	
40,205	
41,155	
41,1
POLY	
Polymetal
21 051	
1 672 362 080	
1 301,8	
1 285,5	
1 272,8	
1 319,8	
1 306,6
MTSS	
МТС-ао
15 398	
1 654 504 864	
327,75	
329,15	
324,8	
331,2	
326,85
NVTK	
Новатэк ао
16 331	
1 583 385 449	
1 077,8	
1 078	
1 060	
1 093,4	
1 092
IRAO	
ИнтерРАОао
14 208	
1 320 173 617	
4,9785	
5,026	
4,94	
5,087	
4,97
CHMF	
СевСт-ао
17 213	
1 143 226 708	
948,4	
950	
942,6	
952,8	
950,4
SBERP	
Сбербанк-п
18 152	
1 120 052 063	
196,63	
198,75	
195,42	
198,97	
195,85
HYDR	
РусГидро
22 394	
1 032 224 976	
0,7839	
0,7791	
0,764	
0,7988	
0,793
YNDX	
Yandex clA
15 698	
1 021 970 898	
2 894	
2 896,2	
2 867	
2 919,4	
2 881,2
RSTI	
Россети ао
16 824	
932 665 337	
1,5608	
1,5615	
1,5337	
1,5758	
1,5641
FEES	
ФСК ЕЭС ао
15 356	
902 076 117	
0,18652	
0,18394	
0,18216	
0,18828	
0,188
SIBN	
Газпрнефть
11 118	
862 639 912	
358,7	
359,7	
354,6	
362,5	
357,5
VTBR	
ВТБ ао
16 932	
855 350 225	
0,037575	
0,03777	
0,037365	
0,037815	
0,03758
MOEX	
МосБиржа
15 911	
850 746 232	
115,8	
115,39	
115,1	
116,5	
115,42
NLMK	
НЛМК ао
11 489	
769 120 418	
138,04	
137	
136,12	
139,3	
138,66
MAGN	
ММК
9 868	
653 473 781	
42,925	
42,42	
42,12	
43,83	
42,78
AFKS	
Система ао
12 762	
564 436 563	
16,875	
16,97	
16,635	
17,298	
16,742
TATNP	
Татнфт 3ап
9 316	
548 835 265	
574,7	
570	
566,8	
579,6	
579
TRNFP	
Транснф ап
1 155	
323 889 000	
138 650	
138 450	
138 150	
139 200	
138 650
DSKY	
ДетскийМир
11 288	
271 596 529	
98,1	
98,82	
96,16	
99,2	
98,52
RTKM	
Ростел -ао
6 106	
257 220 025	
84,66	
84,36	
84,02	
85,3	
84,98
CBOM	
МКБ ао
9 756	
224 598 871	
5,49	
5,51	
5,458	
5,529	
5,51
LSRG	
ЛСР ао
10 094	
221 832 289	
670,8	
668	
660,8	
678	
676,6
RUAL	
РУСАЛ ао
11 233	
199 532 192	
27,68	
27,85	
27,35	
28	
27,525
TCSG	
TCS-гдр
6 006	
188 759 246	
1 207	
1 205,2	
1 191	
1 224	
1 211,4
UPRO	
Юнипро ао
4 545	
184 598 227	
2,794	
2,816	
2,771	
2,827	
2,796
LSNGP	
РСетиЛЭ-п
9 776	
176 436 691	
156,85	
156,5	
154,5	
158,8	
157,25
OGKB	
ОГК-2 ао
6 399	
141 725 289	
0,709	
0,7044	
0,7015	
0,7147	
0,714
MVID	
М.видео
3 827	
136 247 123	
415,8	
421,8	
408,1	
423,8	
415
LNTA	
Лента др
9 970	
131 521 930	
171,1	
174	
168,1	
175,9	
170,9
TRMK	
ТМК ао
1 197	
120 348 030	
59,78	
59,76	
59,64	
59,9	
59,74
MRKV	
РсетВол ао
6 533	
111 085 811	
0,0727	
0,0696	
0,0695	
0,0765	
0,0737
RSTIP	
Россети ап
3 387	
110 425 573	
2,373	
2,38	
2,35	
2,395	
2,387
MTLR	
Мечел ао
8 292	
106 806 567	
68,29	
68,5	
67,26	
69,11	
67,58
PHOR	
ФосАгро ао
2 617	
103 130 030	
2 807	
2 801	
2 786	
2 826	
2 824
BANEP	
Башнефт ап
3 026	
88 591 798	
1 462	
1 460	
1 453,5	
1 471,5	
1 463
TGKA	
ТГК-1
6 461	
87 389 333	
0,01297	
0,013068	
0,0129	
0,013182	
0,01301
VSMO	
ВСМПО-АВСМ
1 214	
60 398 940	
20 240	
19 660	
19 660	
20 860	
20 420
PIKK	
ПИК ао
1 914	
58 286 531	
394,2	
390,6	
390,6	
397,2	
396,3
APTK	
Аптеки36и6
9 873	
55 973 865	
13,852	
13,658	
13,52	
14	
13,776
RASP	
Распадская
1 133	
52 785 930	
108,58	
108,76	
107,72	
109,74	
108,42
MOBB	
МосОблБанк
7 996	
48 581 198	
1,398	
1,388	
1,3	
1,436	
1,3
KRKNP	
СаратНПЗ-п
1 472	
41 115 000	
16 400	
16 500	
16 220	
16 880	
16 380
NKNCP	
НКНХ ап
2 695	
39 732 537	
88,36	
88,6	
87,74	
89	
87,96
MSNG	
+МосЭнерго
1 968	
38 174 558	
2,1195	
2,123	
2,1005	
2,153	
2,111
OBUV	
ОР ао
3 317	
36 383 618	
35,9	
36,2	
34,8	
37,4	
35,5
ETLN	
ETLN-гдр
1 259	
35 726 616	
92,16	
92	
91,7	
92,6	
92,24
AKRN	
Акрон
1 403	
31 061 262	
5 634	
5 666	
5 612	
5 676	
5 614
QIWI	
iQIWI
1 652	
30 592 664	
1 030	
1 042,5	
1 013	
1 042,5	
1 024
BSPB	
БСП ао
2 776	
29 993 579	
43,63	
43,99	
43,2	
44,23	
43,31
ENRU	
ЭнелРос ао
1 933	
27 967 299	
0,994	
0,9955	
0,9905	
0,997	
0,995
NMTP	
НМТП ао
2 165	
23 568 332	
9,435	
9,52	
9,355	
9,52	
9,45
MRKP	
МРСК ЦП
1 470	
21 724 062	
0,1921	
0,1928	
0,19	
0,1948	
0,1917
MTLRP	
Мечел ап
1 173	
21 016 273	
81,05	
81,3	
80,25	
82	
80,5
TGKB	
ТГК-2
1 048	
20 332 305	
0,004465	
0,004325	
0,004325	
0,00462	
0,0044
AGRO	
AGRO-гдр
2 171	
19 012 221	
651	
647,6	
646,4	
658,2	
650
RTKMP	
Ростел -ап
1 065	
17 381 085	
75	
75,5	
74,5	
75,5	
74,95
UNAC	
iАвиастКао
1 658	
17 079 545	
0,498	
0,487	
0,4745	
0,508	
0,4995
BANE	
Башнефт ао
1 056	
15 076 953	
1 814	
1 827	
1 802	
1 830,5	
1 818
VSYD	
ВыбСудЗ ао
1 547	
14 940 565	
4 680	
4 035	
3 990	
5 505	
4 820
UTAR	
ЮТэйр ао
2 087	
14 339 335	
8,08	
7,95	
7,7	
8,6	
8,07
GCHE	
ЧеркизГ-ао
1 290	
13 551 204	
1 746,5	
1 710	
1 710	
1 774,5	
1 751
TGKBP	
ТГК-2 ап
691	
13 531 370	
0,00801	
0,00748	
0,00721	
0,00889	
0,00733
ZILL	
ЗИЛ ао
1 042	
13 431 125	
2 595	
2 895	
2 500	
2 900	
2 515
ENPG	
ЭН+ГРУП ао
136	
13 032 380	
619	
619,5	
613	
621	
621
SFIN	
САФМАР ао
673	
12 762 246	
462,6	
474	
461	
474	
461
ALNU	
АЛРОСА-Нюр
170	
10 302 200	
55 400	
58 800	
52 600	
59 400	
54 000
MRKC	
МРСК Центр
1 232	
9 080 566	
0,27	
0,2672	
0,2638	
0,2762	
0,2692
TASB	
ТамбЭнСб
899	
8 874 495	
0,427	
0,4265	
0,373	
0,49	
0,438
NKNC	
НКНХ ао
963	
8 373 073	
98	
98,6	
97	
99,3	
98
VSYDP	
ВыбСудЗ ап
629	
6 610 720	
4 880	
4 140	
4 100	
5 380	
5 000
FESH	
ДВМП ао
795	
6 164 994	
7,42	
7,69	
7,21	
7,75	
7,38
CHEP	
ЧТПЗ ао
405	
5 999 855	
209,5	
215	
202	
215	
210
LSNG	
РСетиЛЭ
807	
5 985 853	
6,04	
6,05	
5,9	
6,15	
6,08
TASBP	
ТамбЭнСб-п
577	
5 134 950	
0,443	
0,43	
0,384	
0,516	
0,432
USBN	
УралСиб ао
385	
4 926 315	
0,0702	
0,0724	
0,069	
0,0738	
0,0707
MAGE	
МагадЭн ао
227	
4 770 260	
8,25	
8,29	
7,56	
9,96	
8,34
YAKG	
ЯТЭК ао
219	
4 644 255	
40,75	
39,9	
39,85	
42,8	
40,3
RNFT	
РуссНфт ао
834	
4 459 256	
444	
455	
440	
455	
446
SELG	
Селигдар
387	
4 395 249	
24,47	
24,63	
24,3	
24,63	
24,31
MSTT	
Мостотрест
239	
4 180 204	
158,4	
159,45	
157,75	
159,8	
159,4
IRKT	
ИРКУТ-3
269	
3 947 946	
36,36	
37	
34,98	
37,4	
35,76
MGTSP	
МГТС-4ап
490	
3 568 878	
2 008	
2 020	
2 002	
2 022	
2 004
GEMA	
iММЦБ ао
256	
3 561 675	
622,5	
622,5	
618,5	
629	
620,5
AQUA	
РусАква ао
237	
3 247 065	
218,5	
221,5	
214,5	
222	
218,5
MRKS	
РсетСиб ао
109	
3 220 655	
0,236	
0,238	
0,2315	
0,244	
0,2345
INGR	
ИНГРАД ао
345	
3 152 186	
809	
811	
799	
829	
800
LIFE	
iФармсинтз
499	
3 138 166	
7,195	
7,275	
7,12	
7,29	
7,17
MFGS	
Мегион-ао
255	
3 041 440	
392,5	
358,5	
358,5	
433,5	
360,5
SVAV	
СОЛЛЕРС
168	
2 999 505	
258	
256,5	
255,5	
260	
258,5
MFGSP	
Мегион-ап
240	
2 970 075	
355,5	
330,5	
323,5	
378	
334,5
DIOD	
ЗаводДИОД
241	
2 967 258	
5,8	
5,77	
5,75	
5,86	
5,83
PRTK	
ПРОТЕК ао
142	
2 901 017	
99,4	
98,6	
98,5	
99,6	
99,6
MRKZ	
МРСК СЗ
306	
2 654 427	
0,0511	
0,0513	
0,049	
0,0523	
0,0518
PMSBP	
ПермьЭнС-п
332	
2 653 876	
158,4	
157	
157	
159,4	
157,6
LNZL	
Лензолото
129	
2 641 430	
8 440	
8 490	
8 380	
8 490	
8 440
KMAZ	
КАМАЗ
440	
2 504 913	
58,5	
58,4	
57,3	
59,3	
58,7
RUGR	
Русгрэйн
1 867	
2 302 646	
7,444	
7,548	
7,332	
7,628	
7,402
PAZA	
ПавлАвт ао
172	
2 293 440	
8 100	
7 710	
7 710	
8 450	
8 000
TGKN	
ТГК-14
92	
2 136 530	
0,00327	
0,00327	
0,00324	
0,00329	
0,00327
PMSB	
ПермьЭнСб
285	
2 101 731	
158,7	
163,7	
155,5	
163,7	
157
SELGP	
Селигдар-п
119	
2 025 060	
26,2	
25,9	
25,9	
26,5	
26,25
ISKJ	
iИСКЧ ао
267	
1 847 376	
27,25	
27,05	
26,87	
27,63	
27,33
KMEZ	
КМЗ
660	
1 799 716	
495	
460	
460	
511,5	
473
DVEC	
ДЭК ао
150	
1 793 420	
0,947	
0,979	
0,938	
0,989	
0,943
KZOS	
ОргСинт ао
326	
1 719 049	
90,7	
91,3	
90,2	
91,8	
90,2
TUZA	
ТЗА ао
318	
1 605 760	
97	
94	
94	
103	
95
MSRS	
РСетиМР ао
198	
1 559 084	
1,1275	
1,1305	
1,123	
1,1325	
1,1235
GTRK	
ГТМ ао
217	
1 476 061	
42,45	
42,4	
42,3	
42,85	
42,5
MAGEP	
МагадЭн ап
97	
1 353 335	
7,735	
7,355	
7,355	
7,98	
7,72
RTSB	
ТНСэнРст
132	
1 222 850	
0,365	
0,35	
0,34	
0,4	
0,365
UWGN	
ОВК ао
168	
1 174 442	
243,5	
241,1	
241,1	
245	
244,8
KRKN	
СаратНПЗ
52	
1 084 950	
13 550	
13 900	
13 350	
13 900	
13 600
YRSBP	
ТНСэнЯр-п
152	
1 042 920	
90	
87	
83,5	
95	
89
JNOS	
Славн-ЯНОС
185	
994 435	
19,2	
18,95	
18,55	
20,7	
18,55
MRKU	
МРСК Ур
144	
966 198	
0,1598	
0,1608	
0,1572	
0,1614	
0,1586
LNZLP	
Лензол. ап
103	
948 635	
3 620	
3 695	
3 575	
3 695	
3 625
KRSB	
Красэсб ао
75	
922 250	
7,95	
8	
7,84	
8,1	
7,88
DZRD	
iДонскЗР
261	
917 505	
1 960	
1 900	
1 880	
2 070	
1 920
AMEZ	
АшинскийМЗ
193	
811 897	
4,045	
4,06	
4,025	
4,075	
4,04
KLSB	
КалужскСК
107	
791 005	
11,02	
11,18	
10,98	
11,18	
11
TTLK	
Таттел. ао
75	
777 115	
0,288	
0,287	
0,286	
0,289	
0,2865
BELU	
Белуга ао
127	
756 421	
1 336	
1 325	
1 325	
1 373	
1 353
ASSB	
АстрЭнСб
179	
750 991	
0,793	
0,805	
0,782	
0,805	
0,794
KZOSP	
ОргСинт ап
453	
718 367	
12,13	
12,22	
11,96	
12,25	
12,02
KOGK	
КоршГОК ао
15	
715 800	
47 800	
48 000	
47 000	
48 200	
48 000
CNTLP	
Телеграф-п
121	
712 166	
17,16	
17,36	
17,1	
17,36	
17,3
NFAZ	
Нефтекамск
100	
707 840	
170,2	
174,4	
163,2	
175,8	
167
CHKZ	
ЧКПЗ ао
87	
704 560	
5 600	
5 380	
5 300	
5 880	
5 340
TRCN	
ТрансК ао
40	
673 790	
8 530	
8 525	
8 510	
8 575	
8 540
URKZ	
УрКузница
20	
629 240	
11 240	
11 120	
11 120	
11 380	
11 240
PRMB	
Приморье
23	
621 000	
24 800	
24 800	
23 600	
25 800	
25 400
RZSB	
РязЭнСб
51	
619 980	
10,16	
10,3	
10	
10,3	
10,04
BISVP	
БашИнСв ап
109	
609 555	
8,11	
8,24	
7,92	
8,3	
7,97
TORSP	
ТРК ап
32	
596 985	
0,2845	
0,287	
0,281	
0,2875	
0,285
MRKY	
РоссЮг ао
113	
565 076	
0,05135	
0,05135	
0,0511	
0,05195	
0,05155
IRGZ	
ИркЭнерго
98	
551 910	
11,98	
12,08	
11,84	
12,08	
11,88
VGSBP	
ВолгЭнСб-п
61	
551 510	
1,175	
1,14	
1,1	
1,25	
1,175
UCSS	
ОКС ао
76	
526 890	
1 480	
1 440	
1 440	
1 520	
1 480
EELT	
ЕвроЭлтех
170	
499 838	
7,52	
7,54	
7,38	
7,54	
7,5
RLMN	
Роллман
203	
497 130	
19,4	
19,05	
19	
19,8	
19,3
KAZT	
Куйбазот
125	
477 280	
143	
144,6	
141	
145,6	
144,6
ALBK	
БестЭфБ ао
36	
465 410	
54	
55	
54	
55	
55
KGKC	
КурганГКао
69	
412 040	
54	
55	
53	
56	
55
KRSBP	
Красэсб ап
41	
392 900	
8,2	
8,28	
8	
8,4	
8,04
IGSTP	
Ижсталь ап
115	
381 950	
669	
682	
651	
684	
677
YKEN	
Якутскэнрг
49	
380 800	
0,366	
0,3685	
0,357	
0,379	
0,3595
VJGZP	
Варьеган-п
36	
377 900	
353	
365	
350	
365	
351
VGSB	
ВолгЭнСб
46	
368 745	
1,63	
1,73	
1,57	
1,735	
1,645
UKUZ	
ЮжКузб. ао
109	
358 332	
586	
592	
568	
600	
576
ABRD	
АбрауДюрсо
82	
338 850	
130,5	
129,5	
129,5	
131	
130,5
JNOSP	
Слав-ЯНОСп
63	
336 544	
14,76	
14,8	
14,3	
15,38	
14,48
RBCM	
РБК ао
120	
324 285	
3,32	
3,328	
3,294	
3,342	
3,334
KAZTP	
Куйбазот-п
65	
320 686	
146,4	
149,4	
143,2	
149,6	
148,4
RGSS	
РГС СК ао
109	
319 357	
0,1518	
0,1526	
0,1508	
0,1534	
0,1522
TGKD	
Квадра
107	
314 732	
0,00303	
0,00304	
0,003015	
0,00307	
0,00305
NNSB	
ТНСэнНН ао
34	
283 255	
1 340	
1 285	
1 265	
1 395	
1 270
RAVN	
Raven
12	
279 535	
31,75	
32	
31,65	
32	
31,8
BRZL	
БурЗолото
51	
271 621	
828	
830	
827	
832	
827
STSB	
СтаврЭнСб
106	
268 807	
0,3925	
0,3985	
0,3805	
0,404	
0,4
NKHP	
НКХП ао
42	
268 360	
231,5	
233	
230,5	
233	
232
HIMCP	
Химпром ап
67	
264 118	
5,86	
5,89	
5,81	
5,96	
5,93
VZRZP	
Возрожд-п
65	
262 074	
315,8	
321,4	
310	
321,4	
314
ROST	
РОСИНТЕРао
51	
254 490	
62,8	
63	
62	
63,2	
63,2
VLHZ	
ВХЗ-ао
71	
246 784	
51	
50,55	
50,5	
51,6	
50,75
GAZAP	
ГАЗ ап
39	
245 115	
322,5	
321,5	
317,5	
325	
319,5
LVHK	
Левенгук
30	
243 594	
8,12	
8,09	
8,08	
8,18	
8,14
CHMK	
ЧМК ао
25	
240 065	
2 500	
2 530	
2 485	
2 530	
2 500
KUZB	
КузнецкийБ
236	
238 891	
0,01699	
0,01698	
0,0167	
0,01729	
0,01692
KRKOP	
ТКЗКК ап
67	
232 549	
5,755	
5,98	
5,71	
5,98	
5,775
ROLO	
Русолово
31	
213 472	
3,882	
3,98	
3,836	
3,98	
3,882
NAUK	
iНПОНаука
47	
212 142	
181,4	
179,8	
179,8	
183,2	
183,2
DZRDP	
iДонскЗР п
101	
206 930	
1 620	
1 590	
1 570	
1 660	
1 590
TNSE	
ТНСэнрг ао
4	
202 935	
980	
970	
970	
995	
995
KTSB	
КСБ ао
129	
201 768	
0,59	
0,602	
0,574	
0,614	
0,602
HALS	
Галс-Девел
27	
200 278	
782	
773	
771	
788	
784
CNTL	
Телеграф
33	
194 950	
20,75	
20,75	
20,5	
20,8	
20,7
MGTS	
МГТС-5ао
26	
193 985	
2 455	
2 435	
2 415	
2 480	
2 465
LPSB	
ЛЭСК ао
42	
193 340	
7,95	
8	
7,9	
8	
7,95
KUBE	
Кубанэнр
67	
184 606	
72,4	
72,2	
72,1	
73,1	
72,1
CHGZ	
РН-ЗапСиб
22	
182 920	
33,4	
33,4	
32,8	
34,4	
34,4
ZVEZ	
ЗВЕЗДА ао
21	
179 620	
4,605	
4,59	
4,59	
4,65	
4,59
SZPR	
СЗПароход
41	
176 584	
796	
798	
788	
800	
790
VJGZ	
Варьеган
40	
174 921	
607	
604	
601	
620	
613
SAREP	
СаратЭн-ап
25	
165 672	
0,09	
0,0902	
0,0898	
0,0924	
0,0906
MRSB	
МордЭнСб
18	
156 690	
0,364	
0,365	
0,36	
0,369	
0,36
YKENP	
Якутскэн-п
31	
156 010	
0,3465	
0,3475	
0,3375	
0,355	
0,338
RDRB	
РДБанк ао
20	
152 900	
245	
245	
245	
255	
250
AVAN	
Авангрд-ао
30	
150 515	
715	
720	
715	
725	
725
KTSBP	
КСБ ап
33	
146 655	
0,2445	
0,245	
0,242	
0,251	
0,246
IGST	
Ижсталь2ао
33	
134 751	
853	
835	
831	
862	
854
UNKL	
ЮУНК ао
22	
130 460	
3 430	
3 450	
3 400	
3 470	
3 410
MGNZ	
СМЗ-ао
11	
125 610	
4 050	
4 050	
4 030	
4 090	
4 070
TGKDP	
Квадра-п
42	
123 309	
0,004045	
0,004075	
0,004	
0,0041	
0,004045
ELTZ	
Электрцинк
59	
122 118	
171,5	
171	
170	
172,5	
171
MISB	
ТНСэнМарЭл
17	
121 600	
11,1	
11,2	
11	
11,2	
11,2
RKKE	
ЭнергияРКК
12	
113 920	
4 950	
4 920	
4 900	
5 010	
5 000
SAGO	
СамарЭн-ао
16	
109 100	
0,404	
0,398	
0,398	
0,408	
0,408
WTCM	
ЦМТ ао
33	
107 400	
8,96	
8,94	
8,88	
9,04	
8,9
OMZZP	
ОМЗ-ап
27	
106 495	
3 435	
3 450	
3 415	
3 465	
3 450
KROTP	
КрасОкт-1п
23	
102 185	
269	
253	
253	
277	
261,5
ARSA	
Арсагера
10	
99 730	
3,32	
3,31	
3,3	
3,36	
3,33
GAZA	
ГАЗ ао
15	
96 305	
385	
383	
383	
388,5	
387
TORS	
ТРК ао
11	
94 990	
0,396	
0,41	
0,39	
0,41	
0,4
WTCMP	
ЦМТ ап
28	
93 580	
8,22	
8,32	
8,12	
8,32	
8,2
KBTK	
КузбТК ао
17	
89 834	
157,6	
156,2	
156,2	
159,4	
157,2
NSVZ	
НаукаСвяз
27	
86 635	
228	
228	
226	
229,5	
229
MRKK	
Россети СК
41	
86 452	
26,2	
26	
26	
26,4	
26,32
KROT	
КрасОкт-ао
16	
82 630	
344,5	
345	
342	
346	
346
VRSB	
ТНСэнВорон
6	
70 920	
47,4	
47,2	
47,2	
47,8	
47,6
NKSH	
Нижкамшина
11	
70 880	
22,86	
23,14	
22,74	
23,14	
22,98
KBSB	
ТНСэКубань
14	
64 725	
137,5	
139,5	
137	
140	
140
STSBP	
СтаврЭнСбп
41	
56 316	
0,335	
0,33	
0,33	
0,34	
0,339
KGKCP	
КурганГКап
19	
55 305	
59,5	
58,5	
58	
61	
60
SAGOP	
СамарЭн-ап
13	
54 620	
0,39	
0,396	
0,381	
0,396	
0,393
YRSB	
ТНСэнЯр
10	
45 860	
170	
170	
168	
170	
170
SLEN	
Сахэнер ао
15	
42 846	
4,16	
4,09	
4,09	
4,205	
4,19
ROSB	
Росбанк ао
26	
42 524	
72,2	
72,6	
71,4	
72,8	
71,6
VRSBP	
ТНСэнВор-п
5	
37 350	
31	
31	
30,5	
31,5	
31
RTSBP	
ТНСэнРст-п
2	
26 070	
0,29	
0,295	
0,289	
0,295	
0,289
SARE	
СаратЭн-ао
11	
25 052	
0,1194	
0,1222	
0,1188	
0,1222	
0,1188
RUSP	
Русполимет
4	
24 390	
0,61	
0,6105	
0,609	
0,6105	
0,6095
MISBP	
ТНСэМаЭл-п
3	
21 040	
10	
10,2	
10	
10,2	
10,2
BLNG	
Белон ао
10	
18 314	
4,07	
4,14	
4,06	
4,14	
4,064
KCHE	
КамчатЭ ао
6	
18 000	
0,2	
0,2	
0,2	
0,2	
0,2
RLMNP	
Роллман-п
23	
10 832	
19,7	
19,78	
19,5	
19,86	
19,58
KCHEP	
КамчатЭ ап
3	
10 460	
0,349	
0,35	
0,346	
0,35	
0,349
RUSI	
ИКРУСС-ИНВ
2	
7 700	
38,5	
38,2	
38,2	
38,8	
38,8
NNSBP	
ТНСэнНН ап
2	
6 474	
540	
539	
539	
542	
542
GAZC	
ГАЗКОН-ао
0	
0	
-	
-	
-	
-	
295
GTSS	
ГЕОТЕК ао
0	
0	
-	
-	
-	
-	
-
TRFM	
ТрансФ ао
0	
0	
-	
-	
-	
-	
-
KMTZ	
КосогМЗ ао
0	
0	
-	
-	
-	
-	
-
KZMS	
КЗМС ао
0	
0	
-	
-	
-	
-	
226
GAZS	
ГАЗ-сервис
0	
0	
-	
-	
-	
-	
293
HIMC	
Химпром ао
0	
0	
-	
-	
-	
-	
0,99
URKA	
Уркалий-ао
0	
0	
-	
-	
-	
-	
119,04
VZRZ	
Возрожд-ао
0	
0	
-	
-	
-	
-	
480
GAZT	
ГАЗ-Тек ао
0	
0	
-	
-	
-	
-	
85
KSGR	
Кокс ао
0	
0	
-	
-	
-	
-	
-
MFON	
МегаФон ао
0	
0	
-	
-	
-	
-	
650,6
MORI	
Морион ао
0	
0	
-	
-	
-	
-	
4,31
BISV	
БашИнСв ао
0	
0	
-	
-	
-	
-	
8,7
KRKO	
ТКЗКК ао
0	
0	
-	
-	
-	
-	
11,8
RTGZ	
ГазпРнД ао
0	
0	
-	
-	
-	
-	
20 750
KUNF	
КУЗОЦМ ао
0	
0	
-	
-	
-	
-	
-
NPOF	
Физика ао
0	
0	
-	
-	
-	
-	
11 850