SBER	
Сбербанк
61 596	
10 116 610 895	
221,42	
221,46	
219,75	
223,15	
220,53
YNDX	
Yandex clA
62 758	
6 954 274 617	
4 643,6	
4 629,8	
4 572,2	
4 692,2	
4 675,4
GAZP	
ГАЗПРОМ ао
75 029	
6 520 672 307	
176,47	
174,43	
173,1	
178,27	
177,94
GMKN	
ГМКНорНик
36 852	
5 979 003 404	
19 320	
19 500	
19 174	
19 520	
19 378
PLZL	
Полюс
22 623	
4 080 619 656	
17 125	
16 820	
16 762	
17 395	
17 199
LKOH	
ЛУКОЙЛ
30 685	
3 868 722 621	
4 703,5	
4 667,5	
4 645,5	
4 749	
4 734,5
ALRS	
АЛРОСА ао
62 841	
3 185 755 377	
74,04	
71,9	
71,77	
74,96	
74,51
IRAO	
ИнтерРАОао
22 523	
2 139 843 510	
5,5605	
5,417	
5,391	
5,647	
5,5945
POLY	
Polymetal
20 912	
1 826 422 073	
1 910,4	
1 915,9	
1 897,9	
1 923,5	
1 922
MGNT	
Магнит ао
15 574	
1 482 253 347	
4 598,5	
4 499,5	
4 468	
4 685	
4 668,5
SBERP	
Сбербанк-п
21 864	
1 332 838 545	
213,81	
212,88	
210,94	
215,15	
213,7
TATN	
Татнфт 3ао
19 354	
1 321 913 764	
534,4	
528	
527	
537,6	
537,6
ROSN	
Роснефть
9 242	
1 195 886 875	
369,5	
367	
365,5	
371,7	
371,45
SNGS	
Сургнфгз
8 805	
1 107 497 123	
35	
34,67	
34,605	
35,435	
35,15
NLMK	
НЛМК ао
14 506	
1 027 376 322	
161,78	
160,3	
159,02	
164,66	
163,62
CHMF	
СевСт-ао
11 202	
997 458 574	
968	
970,8	
964,2	
973	
969,2
NVTK	
Новатэк ао
11 090	
929 135 837	
1 076	
1 078	
1 070,2	
1 084,8	
1 078,2
MAGN	
ММК
12 160	
922 124 294	
37,28	
37,095	
36,89	
37,645	
37,645
MTSS	
МТС-ао
12 721	
918 337 955	
332,1	
332,85	
330,25	
333,75	
332,15
MOEX	
МосБиржа
10 870	
609 650 387	
138,89	
139,31	
137,85	
139,85	
138,06
MAIL	
MAIL-гдр
12 252	
538 091 839	
2 129,2	
2 145	
2 120	
2 155,6	
2 129
SNGSP	
Сургнфгз-п
7 244	
492 237 616	
37,165	
37,2	
37,005	
37,295	
37,13
FIVE	
FIVE-гдр
7 499	
477 553 286	
2 586,5	
2 617,5	
2 561,5	
2 619,5	
2 587
VTBR	
ВТБ ао
15 954	
468 069 851	
0,035305	
0,03524	
0,03509	
0,03544	
0,03538
AFKS	
Система ао
13 097	
440 849 306	
20,86	
20,769	
20,618	
21,076	
20,966
HYDR	
РусГидро
9 782	
433 447 813	
0,7446	
0,746	
0,7382	
0,7512	
0,7465
CBOM	
МКБ ао
10 855	
401 981 673	
5,833	
5,777	
5,743	
5,878	
5,849
AFLT	
Аэрофлот
9 960	
368 745 458	
81,9	
81,54	
81,4	
82,8	
81,88
TATNP	
Татнфт 3ап
9 006	
321 196 430	
522,9	
521,9	
519,7	
527,9	
521,5
DSKY	
ДетскийМир
8 467	
307 004 286	
111,9	
111,9	
110	
112,88	
112
RSTI	
Россети ао
5 467	
300 599 650	
1,4671	
1,44	
1,4335	
1,4847	
1,481
TCSG	
TCS-гдр
7 251	
257 321 226	
1 827,4	
1 840,2	
1 803,6	
1 859,8	
1 804
TRNFP	
Транснф ап
924	
245 625 200	
137 850	
136 000	
136 000	
138 450	
138 450
FEES	
ФСК ЕЭС ао
4 477	
233 144 045	
0,19808	
0,19818	
0,19652	
0,19928	
0,198
POGR	
Petropavl
4 236	
226 760 357	
35,46	
35,135	
34,965	
35,85	
35,57
RUAL	
РУСАЛ ао
8 558	
209 198 617	
32,035	
32,1	
31,62	
32,47	
32,16
SIBN	
Газпрнефть
4 352	
204 189 754	
307,55	
303,7	
303,7	
309,2	
307,15
RTKM	
Ростел -ао
3 991	
169 695 655	
95,03	
94,79	
94,46	
95,47	
94,99
AKRN	
Акрон
1 775	
165 011 078	
5 906	
5 968	
5 880	
5 982	
5 916
PHOR	
ФосАгро ао
2 647	
141 948 416	
2 727	
2 760	
2 716	
2 760	
2 735
ISKJ	
iИСКЧ ао
10 074	
113 393 681	
27,52	
24,7	
24,61	
29,79	
27,4
SFIN	
САФМАР ао
128	
94 591 404	
528,8	
528,2	
528,2	
529	
528,8
QIWI	
iQIWI
4 009	
79 190 636	
1 211	
1 207	
1 192	
1 239,5	
1 192,5
PIKK	
ПИК ао
2 151	
75 776 154	
561,3	
569,2	
555	
570	
565
OGKB	
ОГК-2 ао
3 566	
59 761 682	
0,738	
0,7278	
0,723	
0,7512	
0,7487
LNTA	
Лента др
3 989	
59 405 907	
205,8	
204	
203,3	
207,4	
206
LSRG	
ЛСР ао
3 096	
54 715 254	
808	
807,8	
804,4	
817	
812,6
UPRO	
Юнипро ао
1 181	
44 373 989	
2,744	
2,75	
2,733	
2,77	
2,751
MVID	
М.видео
1 095	
42 758 672	
584,1	
588,5	
579,1	
591,7	
583
FESH	
ДВМП ао
2 365	
41 955 134	
8,3	
8	
7,86	
8,6	
8,26
RASP	
Распадская
904	
40 883 329	
114,52	
113,02	
112,7	
115,14	
114,52
ETLN	
ETLN-гдр
2 020	
38 850 673	
118	
118,52	
117,28	
118,98	
117,96
ENRU	
ЭнелРос ао
1 846	
38 578 694	
0,9215	
0,9165	
0,911	
0,926	
0,924
AGRO	
AGRO-гдр
2 547	
37 759 584	
728,4	
731,2	
722,8	
736,6	
724,8
MTLR	
Мечел ао
3 264	
32 968 605	
62,42	
61,82	
61,69	
62,77	
62,65
BANEP	
Башнефт ап
1 808	
31 146 097	
1 287	
1 275,5	
1 275,5	
1 294,5	
1 286,5
MTLRP	
Мечел ап
1 201	
24 609 279	
68,85	
68,7	
68,55	
69,4	
69
TGKA	
ТГК-1
1 382	
22 521 402	
0,011442	
0,011448	
0,011328	
0,011542	
0,011504
SELG	
Селигдар
1 212	
21 071 682	
43,23	
43,28	
42,59	
44	
43,1
NMTP	
НМТП ао
2 488	
19 151 413	
8,615	
8,67	
8,59	
8,67	
8,63
CNTLP	
Телеграф-п
1 924	
18 332 196	
15,2	
14,3	
14,2	
16,08	
15,02
RTKMP	
Ростел -ап
1 306	
14 719 324	
86,55	
86,15	
86,05	
86,9	
86,3
MSNG	
+МосЭнерго
495	
12 321 440	
2,0435	
2,0505	
2,03	
2,0505	
2,043
AVAN	
Авангрд-ао
1 488	
12 222 720	
1 010	
960	
950	
1 090	
980
TRMK	
ТМК ао
400	
10 907 468	
58,96	
59,2	
58,46	
59,2	
58,46
LSNGP	
РСетиЛЭ-п
583	
9 752 733	
150,6	
150,05	
150,05	
150,9	
150,75
NKNCP	
НКНХ ап
1 244	
8 607 509	
77,52	
78	
77,1	
78	
77,8
SELGP	
Селигдар-п
402	
7 890 045	
37,15	
37,1	
36,55	
37,85	
37,2
RSTIP	
Россети ап
580	
7 636 750	
2,037	
2,01	
2	
2,059	
2,051
VSMO	
ВСМПО-АВСМ
243	
7 626 680	
17 340	
17 260	
17 120	
17 460	
17 380
BSPB	
БСП ао
819	
7 006 812	
42,74	
42,2	
42,2	
42,94	
42,82
CNTL	
Телеграф
764	
6 782 175	
17,25	
16,55	
16,55	
17,8	
17,2
MRKP	
МРСК ЦП
391	
6 724 420	
0,215	
0,2159	
0,2138	
0,2161	
0,2159
BELU	
Белуга ао
349	
6 570 584	
1 305	
1 320	
1 294	
1 320	
1 308
LNZL	
Лензолото
102	
6 351 950	
18 100	
17 950	
17 940	
18 160	
18 090
AQUA	
РусАква ао
565	
6 269 685	
223,5	
222	
221,5	
225	
224,5
LIFE	
iФармсинтз
476	
5 938 404	
7,195	
7,17	
7,12	
7,27	
7,21
GCHE	
ЧеркизГ-ао
483	
5 747 630	
1 885,5	
1 879	
1 875,5	
1 898,5	
1 875,5
RNFT	
РуссНфт ао
417	
5 681 505	
403,2	
411	
402	
411	
406,6
BANE	
Башнефт ао
429	
5 464 082	
1 672,5	
1 666,5	
1 661,5	
1 680	
1 678,5
MRKV	
РсетВол ао
466	
5 217 757	
0,0693	
0,06845	
0,0681	
0,07015	
0,07
BRZL	
БурЗолото
459	
4 941 513	
1 089	
1 115	
1 080	
1 115	
1 090
ENPG	
ЭН+ГРУП ао
344	
4 861 698	
641,5	
646,5	
637,5	
647	
644,5
GEMA	
iММЦБ ао
332	
4 663 546	
603	
587,5	
585,5	
614	
600
VGSBP	
ВолгЭнСб-п
831	
4 334 775	
2,26	
2,195	
2,105	
2,465	
2,225
KRKNP	
СаратНПЗ-п
117	
4 206 880	
15 520	
15 640	
15 460	
15 640	
15 520
OBUV	
ОР ао
1 759	
4 092 002	
34,7	
34,6	
34,3	
35	
35
MSRS	
РСетиМР ао
326	
3 815 212	
1,185	
1,165	
1,164	
1,2035	
1,1805
SVAV	
СОЛЛЕРС
125	
3 527 795	
286	
283	
282,5	
288,5	
288,5
VGSB	
ВолгЭнСб
431	
3 444 625	
4,32	
4,405	
4,1	
4,7	
4,255
GAZA	
ГАЗ ао
221	
2 940 540	
414,5	
410	
401	
428,5	
407
UNKL	
ЮУНК ао
252	
2 858 540	
6 860	
6 740	
6 700	
7 060	
6 820
NKNC	
НКНХ ао
402	
2 560 105	
90,95	
90,5	
90,25	
92,75	
90,45
ROLO	
Русолово
196	
2 376 138	
6,674	
6,684	
6,4	
6,83	
6,68
APTK	
Аптеки36и6
642	
2 240 248	
13,41	
13,4	
13,362	
13,458	
13,44
RKKE	
ЭнергияРКК
188	
2 231 730	
7 720	
7 430	
7 400	
8 000	
7 660
TGKB	
ТГК-2
119	
2 127 755	
0,0043	
0,004305	
0,004225	
0,00434	
0,00431
IRKT	
ИРКУТ-3
175	
2 127 630	
35,06	
35,26	
34,62	
35,44	
35,04
ABRD	
АбрауДюрсо
265	
2 022 100	
203,5	
204,5	
200	
206,5	
203,5
DIOD	
ЗаводДИОД
278	
1 999 300	
6,68	
6,73	
6,63	
6,78	
6,71
KLSB	
КалужскСК
190	
1 788 061	
13,72	
13,78	
13,33	
14,3	
13,85
SLEN	
Сахэнер ао
227	
1 787 584	
6,705	
6,98	
4,955	
7,365	
6,99
RGSS	
РГС СК ао
346	
1 722 736	
0,1498	
0,1474	
0,1466	
0,1518	
0,1506
NSVZ	
НаукаСвяз
261	
1 690 635	
220,5	
219	
217,5	
226	
222
NFAZ	
Нефтекамск
105	
1 489 820	
191,4	
194,6	
189,4	
195	
191,8
MRKC	
МРСК Центр
306	
1 403 497	
0,2916	
0,2876	
0,2874	
0,293	
0,2926
KMAZ	
КАМАЗ
386	
1 336 266	
62,5	
62,6	
62	
63	
62,6
HIMCP	
Химпром ап
288	
1 259 900	
7,57	
7,57	
7,5	
7,64	
7,56
RLMN	
Роллман
384	
1 184 700	
18,5	
18,4	
18,2	
19	
18,25
LNZLP	
Лензол. ап
112	
1 144 935	
4 370	
4 390	
4 325	
4 390	
4 370
RBCM	
РБК ао
322	
1 076 036	
3,304	
3,298	
3,264	
3,36	
3,3
KZOS	
ОргСинт ао
295	
1 061 849	
85,2	
84,7	
84,7	
85,6	
85,4
TUZA	
ТЗА ао
132	
1 000 860	
112	
115	
107	
120	
109
AMEZ	
АшинскийМЗ
242	
960 900	
4,515	
4,53	
4,48	
4,58	
4,52
ALNU	
АЛРОСА-Нюр
15	
960 800	
56 600	
56 200	
56 200	
56 600	
56 600
MRSB	
МордЭнСб
109	
947 280	
0,408	
0,409	
0,406	
0,415	
0,409
UNAC	
iАвиастКао
230	
893 537	
0,4475	
0,4455	
0,445	
0,452	
0,4475
ARSA	
Арсагера
70	
833 720	
4,03	
3,98	
3,95	
4,23	
4,04
RAVN	
Raven
50	
783 545	
28,3	
28,6	
28,2	
29,4	
29,4
RUGR	
Русгрэйн
1 024	
759 000	
9,196	
9,17	
9,074	
9,298	
9,198
YKEN	
Якутскэнрг
54	
741 195	
0,392	
0,382	
0,381	
0,403	
0,4005
MRKY	
РоссЮг ао
125	
727 906	
0,04805	
0,0479	
0,0479	
0,04845	
0,048
IRGZ	
ИркЭнерго
106	
723 652	
12,18	
12,12	
11,98	
12,3	
12,28
SARE	
СаратЭн-ао
172	
698 630	
0,14	
0,144	
0,1374	
0,1462	
0,1404
MGTSP	
МГТС-4ап
109	
691 296	
1 980	
1 990	
1 970	
1 990	
1 990
MSTT	
Мостотрест
91	
680 770	
148,65	
147,25	
147,2	
149,5	
148,8
LSNG	
РСетиЛЭ
223	
671 859	
5,83	
5,73	
5,73	
5,86	
5,81
NAUK	
iНПОНаука
142	
666 144	
196	
195,2	
193,2	
199,6	
199,6
KGKC	
КурганГКао
120	
663 965	
56,5	
59	
55	
60,5	
56,5
GTRK	
ГТМ ао
96	
649 056	
43,2	
43	
42,8	
43,6	
43,4
NNSB	
ТНСэнНН ао
134	
629 920	
1 750	
1 665	
1 665	
1 960	
1 775
KAZT	
Куйбазот
52	
598 622	
153,4	
151,6	
151	
155	
152
ROST	
РОСИНТЕРао
72	
593 158	
64	
61,2	
61	
67	
62,6
SAGOP	
СамарЭн-ап
65	
592 780	
0,436	
0,435	
0,431	
0,45	
0,437
KZOSP	
ОргСинт ап
393	
584 807	
11,24	
11,42	
11,11	
11,42	
11,2
BISVP	
БашИнСв ап
81	
553 480	
10,21	
10,49	
10,17	
10,49	
10,22
VRSB	
ТНСэнВорон
56	
543 820	
80	
80,8	
77,8	
82	
79,2
MRKU	
МРСК Ур
63	
534 096	
0,1452	
0,1456	
0,1444	
0,1458	
0,1458
USBN	
УралСиб ао
54	
533 871	
0,0681	
0,0678	
0,0676	
0,0687	
0,0685
ALBK	
БестЭфБ ао
151	
532 895	
61	
61	
60	
62	
61
UWGN	
ОВК ао
158	
513 295	
225,1	
227	
224,1	
227	
225,2
ZVEZ	
ЗВЕЗДА ао
84	
512 770	
4,885	
5	
4,72	
5	
4,935
MRKZ	
МРСК СЗ
184	
510 149	
0,04875	
0,04865	
0,0485	
0,0491	
0,0487
TGKD	
Квадра
64	
498 578	
0,003425	
0,003415	
0,003415	
0,00348	
0,003425
VJGZP	
Варьеган-п
43	
496 610	
340	
345	
333	
345	
340
NKHP	
НКХП ао
86	
485 675	
265,5	
269	
263,5	
269	
266,5
TTLK	
Таттел. ао
57	
471 295	
0,325	
0,3215	
0,3215	
0,3265	
0,3255
STSBP	
СтаврЭнСбп
235	
462 833	
0,404	
0,4075	
0,3955	
0,419	
0,406
RUSP	
Русполимет
73	
458 242	
0,648	
0,643	
0,643	
0,6525	
0,646
CHEP	
ЧТПЗ ао
59	
441 390	
205,5	
205	
203,5	
206,5	
206,5
INGR	
ИНГРАД ао
42	
440 919	
799	
796	
791	
802	
800
VRSBP	
ТНСэнВор-п
53	
440 850	
46,5	
47,5	
45	
47,5	
47
VSYDP	
ВыбСудЗ ап
76	
436 460	
4 000	
3 960	
3 960	
4 200	
4 000
DVEC	
ДЭК ао
60	
431 967	
0,909	
0,912	
0,905	
0,917	
0,912
YKENP	
Якутскэн-п
43	
429 130	
0,3765	
0,363	
0,362	
0,3965	
0,3815
LVHK	
Левенгук
95	
411 632	
8,14	
8,1	
8,08	
8,21	
8,1
KAZTP	
Куйбазот-п
34	
405 912	
148,6	
148,8	
145,2	
149,6	
148,4
VSYD	
ВыбСудЗ ао
50	
385 395	
4 100	
3 995	
3 995	
4 290	
4 025
VLHZ	
ВХЗ-ао
127	
381 856	
54,95	
54,9	
53,65	
59,55	
54,1
SAGO	
СамарЭн-ао
43	
352 600	
0,568	
0,564	
0,56	
0,586	
0,568
MAGE	
МагадЭн ао
23	
342 080	
5,8	
5,88	
5,72	
5,93	
5,85
STSB	
СтаврЭнСб
187	
306 337	
0,556	
0,564	
0,5455	
0,5885	
0,5545
ROSB	
Росбанк ао
77	
285 908	
80,4	
77,2	
77,2	
83	
81,6
KRKN	
СаратНПЗ
16	
280 850	
12 750	
12 600	
12 550	
12 900	
12 650
PAZA	
ПавлАвт ао
33	
275 910	
8 360	
8 450	
8 190	
8 470	
8 470
KRKOP	
ТКЗКК ап
136	
263 297	
8,255	
8,14	
8,03	
8,4	
8,315
ZILL	
ЗИЛ ао
33	
258 365	
2 415	
2 410	
2 400	
2 455	
2 445
KOGK	
КоршГОК ао
5	
227 200	
45 400	
45 400	
45 400	
45 600	
45 600
RTSB	
ТНСэнРст
28	
224 650	
0,605	
0,61	
0,595	
0,615	
0,6
MISB	
ТНСэнМарЭл
33	
216 480	
12,7	
12,7	
12,4	
13	
12,7
VZRZP	
Возрожд-п
16	
192 950	
311,2	
310	
309,4	
313	
311,2
PMSBP	
ПермьЭнС-п
49	
192 278	
130,8	
130,8	
130	
131,2	
131
MFGSP	
Мегион-ап
5	
187 800	
313	
313	
313	
313	
313
KROT	
КрасОкт-ао
24	
186 800	
381	
384	
375	
385	
382
KCHE	
КамчатЭ ао
43	
184 615	
0,22	
0,218	
0,218	
0,2215	
0,219
RTSBP	
ТНСэнРст-п
30	
177 700	
0,538	
0,538	
0,527	
0,549	
0,545
ELTZ	
Электрцинк
63	
173 406	
174	
177	
172	
177	
176
PRMB	
Приморье
6	
168 400	
28 000	
28 000	
28 000	
28 200	
28 200
WTCM	
ЦМТ ао
33	
165 008	
9,06	
9,1	
9,02	
9,1	
9,1
TGKBP	
ТГК-2 ап
33	
156 606	
0,00709	
0,00714	
0,00705	
0,00714	
0,00706
KUZB	
КузнецкийБ
139	
147 181	
0,01524	
0,0151	
0,0151	
0,0153	
0,01528
KRSB	
Красэсб ао
35	
143 031	
7,01	
6,95	
6,95	
7,07	
7,01
RDRB	
РДБанк ао
19	
139 350	
230	
230	
225	
230	
230
DZRDP	
iДонскЗР п
30	
137 960	
1 890	
1 890	
1 880	
1 900	
1 880
MISBP	
ТНСэМаЭл-п
30	
137 020	
12,3	
12,3	
12,2	
12,5	
12,5
YAKG	
ЯТЭК ао
12	
133 160	
41,6	
41,6	
41,5	
41,7	
41,6
VJGZ	
Варьеган
36	
125 668	
622	
621	
613	
636	
628
MGTS	
МГТС-5ао
20	
119 940	
2 265	
2 250	
2 245	
2 280	
2 275
JNOSP	
Слав-ЯНОСп
17	
117 996	
14,04	
14,28	
14	
14,34	
14,16
OMZZP	
ОМЗ-ап
19	
117 685	
3 565	
3 480	
3 480	
3 640	
3 535
GAZAP	
ГАЗ ап
28	
117 435	
309	
307,5	
305,5	
312	
311
IGSTP	
Ижсталь ап
17	
117 109	
901	
905	
896	
905	
901
EELT	
ЕвроЭлтех
79	
116 527	
7,82	
8,1	
7,5	
8,4	
7,84
MAGEP	
МагадЭн ап
10	
114 560	
6,74	
6,76	
6,67	
6,84	
6,78
CHMK	
ЧМК ао
28	
111 365	
2 650	
2 695	
2 635	
2 700	
2 650
PMSB	
ПермьЭнСб
34	
105 041	
131,3	
129,8	
129,8	
132,9	
132,3
TGKN	
ТГК-14
17	
101 190	
0,00316	
0,00315	
0,00315	
0,00317	
0,00317
WTCMP	
ЦМТ ап
25	
98 634	
8,16	
8,26	
8,08	
8,3	
8,18
UTAR	
ЮТэйр ао
34	
93 705	
6,99	
6,91	
6,91	
7,05	
7,04
HALS	
Галс-Девел
30	
91 523	
1 220	
1 224	
1 209	
1 240	
1 237
NKSH	
Нижкамшина
18	
81 484	
22,64	
22,76	
22,28	
22,76	
22,48
MRKS	
РсетСиб ао
11	
70 380	
0,2345	
0,234	
0,234	
0,237	
0,237
ASSB	
АстрЭнСб
49	
67 978	
0,7725	
0,7615	
0,7615	
0,7835	
0,7685
KUBE	
Кубанэнр
16	
65 561	
74,5	
75	
74,2	
75	
74,7
URKZ	
УрКузница
4	
64 360	
16 100	
16 080	
16 060	
16 140	
16 060
KGKCP	
КурганГКап
5	
53 155	
55,5	
55,5	
55	
55,5	
55,5
KMEZ	
КМЗ
32	
48 297	
519,5	
522	
516	
524	
516,5
BLNG	
Белон ао
33	
46 347	
4,138	
4,142	
4,106	
4,144	
4,144
TNSE	
ТНСэнрг ао
8	
45 660	
995	
995	
985	
1 000	
1 000
KBSB	
ТНСэКубань
18	
44 470	
139	
139	
138,5	
139,5	
139,5
RZSB	
РязЭнСб
12	
43 566	
9,26	
9,32	
9,22	
9,32	
9,26
KRSBP	
Красэсб ап
13	
41 606	
6,94	
7,08	
6,88	
7,08	
7
LPSB	
ЛЭСК ао
24	
40 605	
8,1	
8,15	
8	
8,25	
8,25
IGST	
Ижсталь2ао
26	
37 847	
996	
970	
970	
1 005	
1 000
CHGZ	
РН-ЗапСиб
6	
36 680	
52,4	
52,2	
52	
52,8	
52,8
KBTK	
КузбТК ао
14	
36 206	
150,8	
151,4	
149,8	
152,2	
152
KTSB	
КСБ ао
18	
33 666	
0,624	
0,636	
0,616	
0,642	
0,624
RLMNP	
Роллман-п
42	
32 538	
18,92	
19,14	
18,6	
19,4	
18,7
MGNZ	
СМЗ-ао
7	
32 220	
4 600	
4 630	
4 550	
4 630	
4 620
UCSS	
ОКС ао
5	
27 740	
1 460	
1 460	
1 460	
1 460	
1 460
CHKZ	
ЧКПЗ ао
5	
27 120	
5 420	
5 400	
5 400	
5 480	
5 400
RUSI	
ИКРУСС-ИНВ
7	
26 780	
38,3	
38,1	
38	
38,5	
38,5
MRKK	
Россети СК
32	
26 193	
25,42	
24,1	
24,1	
25,94	
25,34
TGKDP	
Квадра-п
28	
25 369	
0,004025	
0,004	
0,004	
0,00405	
0,004035
DZRD	
iДонскЗР
10	
23 000	
2 090	
2 080	
2 075	
2 110	
2 095
UKUZ	
ЮжКузб. ао
10	
22 346	
520	
520	
514	
522	
522
JNOS	
Славн-ЯНОС
5	
22 285	
18,55	
18,6	
18,55	
18,6	
18,6
NNSBP	
ТНСэнНН ап
13	
21 859	
683	
668	
662	
690	
689
KTSBP	
КСБ ап
6	
20 000	
0,2855	
0,292	
0,28	
0,293	
0,2855
TASBP	
ТамбЭнСб-п
5	
18 975	
0,3165	
0,3155	
0,315	
0,32	
0,32
KROTP	
КрасОкт-1п
5	
16 320	
272	
276	
268,5	
276	
274,5
KCHEP	
КамчатЭ ап
4	
15 580	
0,39	
0,392	
0,386	
0,392	
0,39
YRSB	
ТНСэнЯр
1	
8 400	
168	
168	
168	
168	
168
SAREP	
СаратЭн-ап
7	
8 248	
0,1178	
0,1164	
0,1164	
0,1194	
0,1182
MFGS	
Мегион-ао
1	
3 565	
356,5	
356,5	
356,5	
356,5	
356,5
KUNF	
КУЗОЦМ ао
0	
0	
-	
-	
-	
-	
-
PRTK	
ПРОТЕК ао
0	
0	
-	
-	
-	
-	
99,6
TORSP	
ТРК ап
0	
0	
-	
-	
-	
-	
0,277
GAZC	
ГАЗКОН-ао
0	
0	
-	
-	
-	
-	
295
GTSS	
ГЕОТЕК ао
0	
0	
-	
-	
-	
-	
-
NPOF	
Физика ао
0	
0	
-	
-	
-	
-	
11 850
RTGZ	
ГазпРнД ао
0	
0	
-	
-	
-	
-	
26 850
TRCN	
ТрансК ао
0	
0	
-	
-	
-	
-	
8 595
KMTZ	
КосогМЗ ао
0	
0	
-	
-	
-	
-	
-
KZMS	
КЗМС ао
0	
0	
-	
-	
-	
-	
226
TRFM	
ТрансФ ао
0	
0	
-	
-	
-	
-	
-
GAZS	
ГАЗ-сервис
0	
0	
-	
-	
-	
-	
293
HIMC	
Химпром ао
0	
0	
-	
-	
-	
-	
0,99
TASB	
ТамбЭнСб
0	
0	
-	
-	
-	
-	
0,411
GAZT	
ГАЗ-Тек ао
0	
0	
-	
-	
-	
-	
85
KSGR	
Кокс ао
0	
0	
-	
-	
-	
-	
-
MOBB	
МосОблБанк
0	
0	
-	
-	
-	
-	
0,698
URKA	
Уркалий-ао
0	
0	
-	
-	
-	
-	
119,04
VZRZ	
Возрожд-ао
0	
0	
-	
-	
-	
-	
480
BISV	
БашИнСв ао
0	
0	
-	
-	
-	
-	
8,7
MFON	
МегаФон ао
0	
0	
-	
-	
-	
-	
650,6
YRSBP	
ТНСэнЯр-п
0	
0	
-	
-	
-	
-	
88
KRKO	
ТКЗКК ао
0	
0	
-	
-	
-	
-	
11,8
MORI	
Морион ао
0	
0	
-	
-	
-	
-	
4,31
TORS	
ТРК ао
0	
0	
-	
-	
-	
-	
0,416