GMKN	
ГМКНорНик
69 623	
15 943 273 932	
19 510	
19 948	
19 134	
20 000	
19 482
SBER	
Сбербанк
79 185	
14 524 836 993	
207,4	
208,91	
206,01	
209,24	
208,35
GAZP	
ГАЗПРОМ ао
84 580	
9 665 766 602	
197,33	
200,2	
195,15	
200,2	
196,74
LKOH	
ЛУКОЙЛ
39 028	
7 636 533 088	
5 304	
5 305	
5 269	
5 355,5	
5 350
ROSN	
Роснефть
45 160	
5 905 293 816	
376,8	
382,9	
370,5	
382,9	
376,1
PLZL	
Полюс
29 537	
3 652 166 026	
10 795,5	
10 801	
10 616	
10 970	
10 888
MGNT	
Магнит ао
30 688	
3 173 306 303	
4 038	
3 955	
3 930	
4 104	
4 004
TATN	
Татнфт 3ао
32 103	
3 073 641 067	
578	
586,4	
571	
587,2	
577
AFLT	
Аэрофлот
49 028	
3 059 017 215	
86,92	
87,94	
85,24	
88,84	
87,7
FIVE	
FIVE-гдр
42 701	
2 826 773 477	
2 296,5	
2 175	
2 166	
2 421	
2 345
CHMF	
СевСт-ао
24 932	
2 233 252 991	
942,4	
945	
936,2	
950	
939
SNGS	
Сургнфгз
18 074	
2 019 699 387	
39,94	
40,735	
39,44	
40,9	
39,98
POLY	
Polymetal
25 374	
1 867 971 331	
1 343,3	
1 324,6	
1 320,1	
1 365,3	
1 356
NVTK	
Новатэк ао
15 804	
1 796 751 731	
1 074,2	
1 077	
1 050	
1 091,2	
1 068,4
SNGSP	
Сургнфгз-п
19 713	
1 635 922 681	
34,745	
34,815	
34,34	
35,24	
34,77
MTSS	
МТС-ао
17 092	
1 534 319 714	
324,25	
326,5	
322,05	
326,5	
322,8
SBERP	
Сбербанк-п
26 966	
1 476 574 468	
191,93	
194	
190,56	
194,02	
191,4
ALRS	
АЛРОСА ао
30 900	
1 414 766 843	
63,13	
63,81	
62,62	
63,93	
62,95
YNDX	
Yandex clA
17 524	
1 359 168 547	
2 844,8	
2 873	
2 817,6	
2 879,8	
2 850
VTBR	
ВТБ ао
31 532	
1 356 638 526	
0,036705	
0,03727	
0,03644	
0,03728	
0,036745
IRAO	
ИнтерРАОао
15 881	
1 190 679 628	
4,8715	
4,941	
4,811	
4,941	
4,8435
SIBN	
Газпрнефть
15 538	
1 107 136 274	
351,45	
355,95	
348	
355,95	
348,8
HYDR	
РусГидро
23 064	
1 042 942 399	
0,7859	
0,7812	
0,7731	
0,797	
0,78
RSTI	
Россети ао
22 823	
1 038 987 216	
1,4667	
1,486	
1,4364	
1,4917	
1,4616
MOEX	
МосБиржа
15 873	
958 973 502	
115,26	
115,18	
114,06	
116,46	
116,05
RUAL	
РУСАЛ ао
24 340	
593 716 972	
26,625	
27,3	
26,255	
27,47	
26,77
TRNFP	
Транснф ап
2 197	
577 829 850	
137 250	
138 050	
136 000	
138 900	
137 000
MAGN	
ММК
8 199	
572 319 963	
41,495	
42,5	
40,91	
42,5	
41,08
FEES	
ФСК ЕЭС ао
12 887	
553 136 235	
0,18498	
0,186	
0,18374	
0,18634	
0,1855
AFKS	
Система ао
11 726	
548 871 963	
16,182	
16,582	
15,962	
16,608	
16,11
TATNP	
Татнфт 3ап
9 799	
514 386 211	
563,9	
570,2	
555,7	
572,3	
566,3
NLMK	
НЛМК ао
10 563	
510 818 792	
135,68	
137,3	
134,82	
137,46	
135,6
TCSG	
TCS-гдр
8 316	
284 949 650	
1 199,2	
1 197,6	
1 172,2	
1 212,8	
1 205
UPRO	
Юнипро ао
6 400	
272 647 306	
2,754	
2,789	
2,727	
2,803	
2,733
DSKY	
ДетскийМир
7 404	
266 602 207	
98,06	
97,12	
96,86	
99,34	
97,9
CBOM	
МКБ ао
10 000	
258 085 270	
5,448	
5,511	
5,406	
5,518	
5,442
RTKM	
Ростел -ао
14 043	
250 367 994	
83,7	
84,54	
82,71	
85,35	
84
MVID	
М.видео
4 750	
242 003 488	
411	
410	
404	
419,4	
412,6
TRMK	
ТМК ао
1 945	
233 109 318	
59,72	
59,72	
59,32	
59,86	
59,86
LSRG	
ЛСР ао
9 555	
185 348 959	
662,2	
672	
648,8	
672	
668
MTLR	
Мечел ао
10 619	
140 099 807	
66,15	
67,2	
65	
67,38	
66,29
LNTA	
Лента др
9 433	
137 538 697	
166,4	
168	
164,4	
168,9	
165
PHOR	
ФосАгро ао
3 101	
125 021 261	
2 779	
2 795	
2 748	
2 795	
2 789
BANEP	
Башнефт ап
4 055	
119 433 057	
1 447,5	
1 459	
1 438,5	
1 459	
1 439,5
OGKB	
ОГК-2 ао
5 536	
119 314 097	
0,6975	
0,7002	
0,6917	
0,7089	
0,697
RSTIP	
Россети ап
4 701	
97 874 793	
2,197	
2,224	
2,155	
2,224	
2,165
APTK	
Аптеки36и6
16 633	
94 252 383	
13,976	
14,05	
13,634	
14,15	
13,95
LSNGP	
РСетиЛЭ-п
4 925	
89 443 070	
159,4	
156,8	
155	
161,7	
159
TGKA	
ТГК-1
4 513	
80 172 816	
0,012864	
0,01286	
0,01274	
0,012988	
0,012878
MSNG	
+МосЭнерго
3 709	
79 646 192	
2,0595	
2,075	
2,027	
2,104	
2,049
NMTP	
НМТП ао
4 929	
73 881 274	
9,295	
9,445	
8,785	
9,655	
9,19
AKRN	
Акрон
2 748	
55 626 628	
5 510	
5 604	
5 460	
5 616	
5 476
NKNCP	
НКНХ ап
3 287	
50 805 490	
87,2	
87,7	
86,46	
87,9	
86,92
SFIN	
САФМАР ао
702	
46 758 918	
464	
468	
461	
468	
462
BSPB	
БСП ао
3 505	
46 692 693	
42,28	
43,12	
41,58	
43,99	
42,2
FESH	
ДВМП ао
3 303	
45 206 117	
6,96	
7,24	
6,8	
7,36	
7
AGRO	
AGRO-гдр
4 321	
43 036 212	
645,6	
650	
640	
654,8	
651,4
ETLN	
ETLN-гдр
1 441	
42 156 718	
91,48	
92,24	
90,24	
92,5	
92
ENRU	
ЭнелРос ао
2 306	
41 978 523	
0,984	
0,9955	
0,9805	
0,9965	
0,982
QIWI	
iQIWI
2 482	
36 755 774	
998	
1 012,5	
980	
1 012,5	
999
MOBB	
МосОблБанк
9 307	
36 619 413	
1,112	
1,274	
0,928	
1,274	
1,05
RASP	
Распадская
949	
34 600 158	
107,54	
107,02	
106,78	
108,22	
107,5
PIKK	
ПИК ао
2 150	
32 463 198	
393,6	
391,9	
390	
396,8	
395,6
MTLRP	
Мечел ап
1 623	
27 669 908	
79,05	
80	
78,35	
80	
78,95
VSMO	
ВСМПО-АВСМ
573	
26 037 920	
19 700	
20 380	
19 200	
20 420	
19 660
OBUV	
ОР ао
2 458	
25 504 434	
33,75	
35,05	
33,05	
35,05	
33,7
KRKNP	
СаратНПЗ-п
965	
24 156 480	
16 100	
16 240	
16 020	
16 380	
16 080
MRKV	
РсетВол ао
1 664	
19 339 066	
0,07165	
0,0735	
0,0705	
0,0735	
0,0712
GTRK	
ГТМ ао
2 565	
18 807 140	
44,65	
42,6	
42,55	
47	
42,9
MRKP	
МРСК ЦП
1 357	
18 775 000	
0,1892	
0,1906	
0,1868	
0,1913	
0,1889
GCHE	
ЧеркизГ-ао
1 669	
18 710 210	
1 774,5	
1 750	
1 731	
1 799	
1 771
RTKMP	
Ростел -ап
1 158	
18 393 697	
74,7	
74,6	
74,25	
75,25	
74,8
BANE	
Башнефт ао
1 030	
16 345 854	
1 800,5	
1 815	
1 785,5	
1 818	
1 791
ISKJ	
iИСКЧ ао
1 593	
14 239 856	
28,36	
27,5	
26,89	
29,69	
28,08
INGR	
ИНГРАД ао
971	
10 611 836	
824	
827	
810	
860	
817
SELG	
Селигдар
846	
9 849 140	
24,62	
24,59	
24	
24,99	
24,4
NKNC	
НКНХ ао
993	
9 779 292	
96,75	
98,2	
95,85	
98,2	
96,45
ENPG	
ЭН+ГРУП ао
280	
8 707 182	
607,5	
615,5	
598	
615,5	
603
TGKB	
ТГК-2
431	
7 870 195	
0,00431	
0,00439	
0,004275	
0,004415	
0,00428
UCSS	
ОКС ао
871	
7 776 840	
1 610	
1 460	
1 450	
1 890	
1 490
MRKC	
МРСК Центр
1 091	
7 437 143	
0,2662	
0,27	
0,2626	
0,27	
0,263
UTAR	
ЮТэйр ао
813	
6 670 111	
7,72	
8,39	
7,51	
8,39	
7,66
MSRS	
РСетиМР ао
476	
6 195 953	
1,1025	
1,1235	
1,0915	
1,1235	
1,11
MRKZ	
МРСК СЗ
543	
6 042 317	
0,0496	
0,05135	
0,04865	
0,05165	
0,0498
ZILL	
ЗИЛ ао
571	
5 978 675	
2 540	
2 460	
2 355	
2 700	
2 565
MSTT	
Мостотрест
351	
5 978 006	
160,25	
160,9	
158,45	
161,75	
159,45
RNFT	
РуссНфт ао
1 313	
5 917 287	
447,2	
454	
439,8	
454	
450
MGTSP	
МГТС-4ап
403	
5 536 244	
2 032	
2 020	
2 002	
2 058	
2 040
UNAC	
iАвиастКао
591	
5 380 619	
0,4865	
0,4995	
0,4745	
0,5	
0,4875
PMSBP	
ПермьЭнС-п
728	
5 349 734	
154	
157,2	
147,2	
157,8	
153
VSYD	
ВыбСудЗ ао
504	
5 070 125	
4 675	
4 600	
4 445	
5 000	
4 485
LNZL	
Лензолото
263	
4 661 080	
8 510	
8 490	
8 410	
8 680	
8 580
PMSB	
ПермьЭнСб
571	
4 418 235	
153,6	
159,9	
140,2	
160	
153
LIFE	
iФармсинтз
492	
4 387 675	
7,13	
7,175	
7,06	
7,235	
7,105
PRTK	
ПРОТЕК ао
170	
4 162 957	
99,4	
98,9	
98,8	
99,6	
99,3
SVAV	
СОЛЛЕРС
190	
3 985 475	
255,5	
255,5	
254,5	
257,5	
256
CHEP	
ЧТПЗ ао
394	
3 895 695	
200,5	
203,5	
192	
205	
202
AQUA	
РусАква ао
356	
3 784 340	
211,5	
215	
209	
216,5	
210
GEMA	
iММЦБ ао
179	
3 512 531	
616	
617	
612	
623	
614
TGKBP	
ТГК-2 ап
234	
3 489 080	
0,0073	
0,0073	
0,007	
0,00759	
0,00726
RUGR	
Русгрэйн
1 394	
3 242 809	
7,524	
7,448	
7,39	
7,74	
7,476
IRKT	
ИРКУТ-3
263	
2 951 600	
34,56	
35,66	
34,04	
35,68	
34,94
RBCM	
РБК ао
499	
2 862 797	
3,402	
3,34	
3,25	
3,52	
3,326
MAGE	
МагадЭн ао
165	
2 849 730	
8,71	
8,12	
7,91	
9,43	
8,62
ALNU	
АЛРОСА-Нюр
43	
2 666 800	
52 200	
53 400	
51 400	
53 800	
52 600
KRSB	
Красэсб ао
136	
2 597 330	
8,07	
7,9	
7,9	
8,16	
8,05
TTLK	
Таттел. ао
153	
2 176 690	
0,284	
0,2885	
0,283	
0,2885	
0,2835
KMAZ	
КАМАЗ
366	
2 126 804	
57,7	
59,1	
57,2	
59,8	
57,3
VSYDP	
ВыбСудЗ ап
209	
1 870 100	
4 860	
4 820	
4 320	
5 200	
4 360
KZOS	
ОргСинт ао
352	
1 675 760	
90,5	
90,2	
90	
91,4	
90,6
MGTS	
МГТС-5ао
126	
1 646 010	
2 365	
2 485	
2 300	
2 485	
2 395
DVEC	
ДЭК ао
113	
1 587 440	
0,949	
0,941	
0,938	
0,963	
0,938
LSNG	
РСетиЛЭ
310	
1 424 528	
6,09	
6,26	
6,05	
6,26	
6,07
CNTLP	
Телеграф-п
187	
1 400 612	
17,1	
17,16	
17	
17,38	
17,12
BELU	
Белуга ао
159	
1 393 293	
1 347	
1 353	
1 339	
1 379	
1 350
TGKN	
ТГК-14
88	
1 339 950	
0,00324	
0,00326	
0,0032	
0,00327	
0,00323
VZRZP	
Возрожд-п
114	
1 325 862	
306,2	
319	
301	
319	
301
KRSBP	
Красэсб ап
106	
1 256 520	
8	
8,1	
7,66	
8,2	
8,06
YAKG	
ЯТЭК ао
94	
1 243 035	
39,85	
40,45	
39,65	
40,45	
39,9
KAZT	
Куйбазот
104	
1 229 234	
140,6	
142	
140	
143,8	
140
IRGZ	
ИркЭнерго
219	
1 196 802	
11,7	
11,78	
11,28	
11,9	
11,68
AMEZ	
АшинскийМЗ
266	
1 194 076	
4,015	
4,03	
4	
4,05	
4,01
TASBP	
ТамбЭнСб-п
184	
1 054 915	
0,417	
0,457	
0,39	
0,495	
0,4035
NNSB	
ТНСэнНН ао
261	
1 036 485	
1 425	
1 295	
1 285	
1 660	
1 380
NKHP	
НКХП ао
111	
1 000 135	
230,5	
230,5	
228,5	
233	
229
ZVEZ	
ЗВЕЗДА ао
85	
823 380	
4,6	
4,56	
4,505	
4,815	
4,52
LNZLP	
Лензол. ап
74	
798 980	
3 630	
3 645	
3 585	
3 685	
3 640
UWGN	
ОВК ао
182	
760 476	
242,6	
246	
240,4	
246	
240,9
JNOS	
Славн-ЯНОС
35	
738 535	
18,5	
18,55	
18,5	
18,85	
18,5
SELGP	
Селигдар-п
109	
714 630	
26,35	
26,5	
26,1	
26,9	
26,3
KZOSP	
ОргСинт ап
404	
673 144	
12,02	
12,26	
11,91	
12,26	
12,08
USBN	
УралСиб ао
97	
663 444	
0,0701	
0,0701	
0,0695	
0,0706	
0,0703
KLSB	
КалужскСК
126	
662 769	
10,88	
10,92	
10,71	
11,12	
10,81
RUSP	
Русполимет
69	
655 750	
0,591	
0,6085	
0,575	
0,6125	
0,591
RGSS	
РГС СК ао
119	
629 735	
0,1508	
0,1512	
0,1502	
0,153	
0,1502
NNSBP	
ТНСэнНН ап
275	
608 033	
595	
540	
540	
637	
587
KMEZ	
КМЗ
257	
572 781	
466,5	
471,5	
461	
487	
468,5
MRKU	
МРСК Ур
104	
500 470	
0,1584	
0,1574	
0,1568	
0,16	
0,1596
MRKS	
РсетСиб ао
36	
485 365	
0,231	
0,2315	
0,23	
0,233	
0,233
VLHZ	
ВХЗ-ао
71	
481 690	
50,35	
51	
49,75	
51,1	
50,2
TRCN	
ТрансК ао
24	
448 800	
8 470	
8 420	
8 420	
8 535	
8 500
TASB	
ТамбЭнСб
66	
439 380	
0,431	
0,4555	
0,4135	
0,46	
0,4135
BISVP	
БашИнСв ап
69	
427 257	
7,94	
7,97	
7,89	
8,08	
7,9
MRKY	
РоссЮг ао
98	
399 676	
0,0509	
0,051	
0,05065	
0,05145	
0,05105
BRZL	
БурЗолото
52	
393 280	
828	
834	
827	
837	
830
TGKD	
Квадра
83	
386 059	
0,003005	
0,003015	
0,003	
0,003025	
0,00302
PAZA	
ПавлАвт ао
35	
385 310	
7 860	
8 150	
7 760	
8 150	
7 850
KRKN	
СаратНПЗ
26	
378 000	
13 500	
13 400	
13 400	
13 700	
13 450
KOGK	
КоршГОК ао
8	
375 200	
47 000	
47 200	
46 600	
47 200	
46 600
MAGEP	
МагадЭн ап
37	
369 870	
7,705	
7,855	
7,53	
7,855	
7,645
ASSB	
АстрЭнСб
92	
362 929	
0,7875	
0,7945	
0,78	
0,7945	
0,79
DIOD	
ЗаводДИОД
74	
357 929	
5,78	
5,78	
5,77	
5,81	
5,78
YKEN	
Якутскэнрг
54	
352 565	
0,36	
0,365	
0,3505	
0,374	
0,352
CHMK	
ЧМК ао
40	
351 695	
2 510	
2 510	
2 500	
2 525	
2 520
EELT	
ЕвроЭлтех
94	
343 965	
7,56	
7,38	
7,38	
7,54	
7,44
PRMB	
Приморье
12	
334 800	
25 800	
25 800	
25 000	
26 000	
25 000
HIMCP	
Химпром ап
88	
325 114	
5,86	
5,93	
5,74	
5,93	
5,89
ROST	
РОСИНТЕРао
26	
315 970	
62,8	
62,8	
62,8	
64	
64
ABRD	
АбрауДюрсо
60	
299 220	
130	
129,5	
129,5	
130,5	
130
KTSB	
КСБ ао
95	
291 992	
0,596	
0,618	
0,582	
0,69	
0,602
UKUZ	
ЮжКузб. ао
84	
291 600	
548	
566	
532	
566	
546
GAZAP	
ГАЗ ап
46	
275 920	
317	
318	
313,5	
321	
320
MRKK	
Россети СК
120	
274 789	
26,22	
26,5	
26,08	
26,62	
26,16
MGNZ	
СМЗ-ао
34	
253 640	
4 030	
4 080	
3 980	
4 110	
4 030
TUZA	
ТЗА ао
38	
243 300	
95	
95	
94	
96	
94
RZSB	
РязЭнСб
23	
238 180	
9,92	
9,74	
9,74	
10,1	
10
SLEN	
Сахэнер ао
57	
234 307	
4,17	
4,205	
4,03	
4,25	
4,04
LPSB	
ЛЭСК ао
33	
221 960	
7,9	
7,95	
7,85	
7,95	
7,95
RKKE	
ЭнергияРКК
20	
208 410	
4 960	
4 890	
4 880	
5 010	
4 990
ROLO	
Русолово
16	
205 752	
3,882	
3,846	
3,842	
3,914	
3,886
MRSB	
МордЭнСб
27	
201 640	
0,354	
0,357	
0,35	
0,362	
0,352
WTCM	
ЦМТ ао
39	
190 884	
8,92	
9	
8,78	
9	
8,92
KAZTP	
Куйбазот-п
60	
189 972	
145	
148	
140,2	
148	
147,6
RAVN	
Raven
11	
169 240	
31,95	
31,8	
31,7	
32	
31,75
AVAN	
Авангрд-ао
50	
168 720	
710	
715	
705	
720	
710
WTCMP	
ЦМТ ап
37	
167 864	
8,12	
8,2	
8,02	
8,22	
8,08
TGKDP	
Квадра-п
71	
164 717	
0,00399	
0,0041	
0,00391	
0,0041	
0,003925
KROT	
КрасОкт-ао
22	
158 230	
344	
343,5	
342	
346	
343
KRKOP	
ТКЗКК ап
61	
153 638	
5,755	
5,73	
5,705	
5,94	
5,79
LVHK	
Левенгук
47	
150 568	
8,05	
8,1	
7,98	
8,12	
8,03
CNTL	
Телеграф
39	
149 790	
20,5	
20,65	
20,4	
20,7	
20,55
KUBE	
Кубанэнр
57	
146 279	
70,7	
71,6	
70	
72	
70,8
DZRD	
iДонскЗР
33	
144 815	
1 905	
1 900	
1 880	
1 930	
1 900
KGKCP	
КурганГКап
22	
142 770	
58	
58,5	
57,5	
59,5	
59
OMZZP	
ОМЗ-ап
28	
136 605	
3 415	
3 420	
3 395	
3 450	
3 445
YRSBP	
ТНСэнЯр-п
40	
132 550	
88	
89,5	
85	
90,5	
86
NFAZ	
Нефтекамск
36	
125 502	
165,2	
166,4	
162,4	
167,8	
165
KUZB	
КузнецкийБ
151	
121 879	
0,01681	
0,01681	
0,01644	
0,01706	
0,01698
KBTK	
КузбТК ао
24	
119 920	
155,8	
156,4	
155	
157	
155
RUSI	
ИКРУСС-ИНВ
26	
109 890	
37,9	
38	
37	
38,2	
37,2
MFGSP	
Мегион-ап
20	
102 740	
342,5	
332	
332	
349	
341,5
STSB	
СтаврЭнСб
44	
101 042	
0,39	
0,401	
0,384	
0,401	
0,391
ELTZ	
Электрцинк
56	
99 147	
170	
170	
169	
171	
169,5
SAREP	
СаратЭн-ап
24	
98 974	
0,0916	
0,0914	
0,0908	
0,0922	
0,0922
KGKC	
КурганГКао
15	
95 680	
54	
54	
54	
55	
55
KROTP	
КрасОкт-1п
24	
93 420	
259,5	
267,5	
254,5	
267,5	
254,5
RTSB	
ТНСэнРст
13	
91 700	
0,355	
0,355	
0,35	
0,36	
0,36
NAUK	
iНПОНаука
32	
88 154	
180	
182	
178,4	
182	
179,8
VJGZP	
Варьеган-п
14	
87 720	
351	
343	
343	
356	
351
RLMN	
Роллман
51	
83 300	
19,35	
19,05	
19	
19,55	
19,2
SAGO	
СамарЭн-ао
7	
80 160	
0,402	
0,406	
0,4	
0,406	
0,4
URKZ	
УрКузница
7	
78 460	
11 200	
11 300	
11 120	
11 300	
11 200
VRSB	
ТНСэнВорон
14	
75 500	
47,2	
46,2	
46,2	
47,6	
47
TORSP	
ТРК ап
14	
73 225	
0,2815	
0,28	
0,28	
0,285	
0,2815
YKENP	
Якутскэн-п
10	
64 660	
0,3405	
0,3405	
0,3365	
0,343	
0,3385
VGSB	
ВолгЭнСб
21	
63 040	
1,66	
1,67	
1,63	
1,705	
1,685
MFGS	
Мегион-ао
10	
61 355	
361	
358,5	
356	
365	
356,5
IGSTP	
Ижсталь ап
59	
61 163	
672	
678	
670	
678	
670
UNKL	
ЮУНК ао
10	
61 070	
3 390	
3 400	
3 380	
3 420	
3 390
GAZA	
ГАЗ ао
8	
57 645	
384,5	
383,5	
383,5	
385	
384,5
SARE	
СаратЭн-ао
22	
56 698	
0,1182	
0,1188	
0,1166	
0,121	
0,1172
CHGZ	
РН-ЗапСиб
8	
55 940	
35	
36,2	
34,4	
36,2	
34,4
SZPR	
СЗПароход
32	
53 252	
784	
788	
780	
788	
780
DZRDP	
iДонскЗР п
11	
50 970	
1 590	
1 590	
1 590	
1 610	
1 610
VRSBP	
ТНСэнВор-п
10	
49 400	
31	
31,5	
30,5	
31,5	
31
CHKZ	
ЧКПЗ ао
5	
47 680	
5 300	
5 360	
5 280	
5 360	
5 280
ROSB	
Росбанк ао
23	
41 894	
71	
71,4	
70,6	
71,4	
71
RTGZ	
ГазпРнД ао
2	
41 500	
20 750	
20 750	
20 750	
20 750	
20 750
HALS	
Галс-Девел
12	
38 751	
775	
777	
770	
782	
770
RDRB	
РДБанк ао
14	
37 350	
250	
245	
245	
250	
250
TORS	
ТРК ао
8	
35 470	
0,394	
0,387	
0,387	
0,402	
0,392
KBSB	
ТНСэКубань
10	
34 185	
136,5	
142,5	
135,5	
142,5	
138,5
JNOSP	
Слав-ЯНОСп
12	
31 948	
14,52	
14,56	
14,32	
14,6	
14,6
ALBK	
БестЭфБ ао
28	
31 385	
54	
53,5	
53,5	
55	
55
BLNG	
Белон ао
31	
29 703	
4,07	
4,052	
4,02	
4,11	
4,108
NSVZ	
НаукаСвяз
11	
29 540	
227	
229	
226	
229	
228
IGST	
Ижсталь2ао
6	
27 749	
841	
842	
840	
842	
840
RLMNP	
Роллман-п
20	
27 021	
19,44	
19,76	
19,28	
19,76	
19,38
MISB	
ТНСэнМарЭл
8	
25 560	
11,1	
11,1	
11	
11,2	
11,2
KTSBP	
КСБ ап
8	
24 800	
0,248	
0,2455	
0,2455	
0,25	
0,247
VJGZ	
Варьеган
12	
24 098	
602	
611	
600	
611	
603
STSBP	
СтаврЭнСбп
19	
23 475	
0,3305	
0,329	
0,329	
0,3385	
0,334
MISBP	
ТНСэМаЭл-п
5	
23 160	
10,2	
10,2	
10	
10,2	
10,2
KCHE	
КамчатЭ ао
8	
21 965	
0,1995	
0,2	
0,1985	
0,2005	
0,1985
NKSH	
Нижкамшина
5	
18 436	
23,06	
23,12	
23	
23,12	
23
VGSBP	
ВолгЭнСб-п
4	
13 340	
1,11	
1,115	
1,1	
1,115	
1,11
SAGOP	
СамарЭн-ап
1	
11 700	
0,39	
0,39	
0,39	
0,39	
0,39
ARSA	
Арсагера
3	
9 930	
3,31	
3,31	
3,3	
3,32	
3,31
YRSB	
ТНСэнЯр
3	
5 120	
172	
170	
170	
172	
172
RTSBP	
ТНСэнРст-п
1	
2 940	
0,294	
0,294	
0,294	
0,294	
0,294
TNSE	
ТНСэнрг ао
2	
1 960	
980	
970	
970	
990	
990
GAZC	
ГАЗКОН-ао
0	
0	
-	
-	
-	
-	
295
GTSS	
ГЕОТЕК ао
0	
0	
-	
-	
-	
-	
-
TRFM	
ТрансФ ао
0	
0	
-	
-	
-	
-	
-
KMTZ	
КосогМЗ ао
0	
0	
-	
-	
-	
-	
-
KZMS	
КЗМС ао
0	
0	
-	
-	
-	
-	
226
GAZS	
ГАЗ-сервис
0	
0	
-	
-	
-	
-	
293
HIMC	
Химпром ао
0	
0	
-	
-	
-	
-	
0,99
URKA	
Уркалий-ао
0	
0	
-	
-	
-	
-	
119,04
VZRZ	
Возрожд-ао
0	
0	
-	
-	
-	
-	
480
GAZT	
ГАЗ-Тек ао
0	
0	
-	
-	
-	
-	
85
KCHEP	
КамчатЭ ап
0	
0	
-	
-	
-	
-	
0,349
KSGR	
Кокс ао
0	
0	
-	
-	
-	
-	
-
MFON	
МегаФон ао
0	
0	
-	
-	
-	
-	
650,6
MORI	
Морион ао
0	
0	
-	
-	
-	
-	
4,31
BISV	
БашИнСв ао
0	
0	
-	
-	
-	
-	
8,7
KRKO	
ТКЗКК ао
0	
0	
-	
-	
-	
-	
11,8
KUNF	
КУЗОЦМ ао
0	
0	
-	
-	
-	
-	
-
NPOF	
Физика ао
0	
0	
-	
-	
-	
-	
11 850