SBER	
Сбербанк
101 810	
18 901 430 661	
230,87	
226,43	
226,21	
234,73	
234,6
GAZP	
ГАЗПРОМ ао
84 510	
9 898 524 762	
190,58	
187,88	
187,88	
192,4	
191,65
GMKN	
ГМКНорНик
37 370	
8 730 391 506	
20 608	
20 570	
20 352	
20 834	
20 612
AFKS	
Система ао
137 592	
8 180 751 729	
21,532	
20,002	
20,002	
22,761	
21,427
PLZL	
Полюс
52 934	
7 629 314 278	
17 112	
17 291,5	
16 750	
17 599,5	
17 185
LKOH	
ЛУКОЙЛ
36 515	
6 738 036 359	
5 172	
5 115	
5 113	
5 210	
5 197
YNDX	
Yandex clA
54 632	
5 590 493 998	
4 239,8	
4 228,2	
4 135,2	
4 329	
4 220
TATN	
Татнфт 3ао
36 994	
3 268 246 761	
577,9	
561,9	
560,2	
590	
586
POLY	
Polymetal
44 825	
3 015 599 584	
1 849,7	
1 907	
1 786,3	
1 907	
1 836,1
ROSN	
Роснефть
16 280	
2 295 344 821	
370,15	
369	
366,7	
371,85	
371,15
VTBR	
ВТБ ао
45 446	
2 193 169 530	
0,03714	
0,03665	
0,036605	
0,037455	
0,037215
SBERP	
Сбербанк-п
24 535	
2 012 666 748	
213,93	
210,72	
210,72	
216,4	
216,02
MOEX	
МосБиржа
24 797	
1 778 633 307	
143,13	
140,48	
140,48	
144,9	
144,6
MGNT	
Магнит ао
19 592	
1 706 287 529	
4 622	
4 602,5	
4 563,5	
4 655	
4 645
CHMF	
СевСт-ао
26 327	
1 633 724 414	
943,6	
934	
933,2	
952	
951,8
IRAO	
ИнтерРАОао
19 770	
1 607 610 881	
5,585	
5,6695	
5,5355	
5,6695	
5,562
MTSS	
МТС-ао
23 702	
1 604 603 296	
329,55	
329,55	
328,2	
331,65	
330,1
NLMK	
НЛМК ао
23 450	
1 379 835 417	
157,86	
154,6	
153,84	
159,84	
159
NVTK	
Новатэк ао
16 617	
1 339 741 064	
1 119,8	
1 109,6	
1 108	
1 128	
1 125,4
SNGS	
Сургнфгз
11 744	
1 306 945 690	
37,785	
37,395	
37,33	
38,07	
38,01
ALRS	
АЛРОСА ао
25 130	
1 300 818 389	
69,45	
69,7	
68,9	
70,25	
69,65
POGR	
Petropavl
26 322	
1 140 237 375	
30,89	
32,6	
29,75	
32,79	
30,205
AFLT	
Аэрофлот
20 813	
1 128 402 216	
83,3	
83,2	
82,7	
83,8	
83,7
SNGSP	
Сургнфгз-п
12 071	
1 119 482 292	
37,24	
36,94	
36,94	
37,445	
37,4
UPRO	
Юнипро ао
20 996	
889 644 707	
2,788	
2,8	
2,773	
2,82	
2,78
TRNFP	
Транснф ап
2 647	
693 386 900	
137 450	
135 300	
135 100	
138 450	
137 800
TATNP	
Татнфт 3ап
15 573	
684 400 682	
562,3	
543,4	
543,2	
572,7	
569,7
MAIL	
MAIL-гдр
17 154	
568 320 423	
1 986,2	
2 006	
1 970	
2 008	
1 973
MAGN	
ММК
8 839	
561 931 952	
39,47	
39,655	
39,34	
39,655	
39,43
TCSG	
TCS-гдр
15 577	
510 288 696	
1 833,2	
1 878	
1 790	
1 888	
1 798
RTKM	
Ростел -ао
10 613	
408 994 036	
97,31	
96,68	
96	
98,11	
97,48
SIBN	
Газпрнефть
6 113	
398 364 460	
324,4	
323	
321,9	
326,15	
325
FIVE	
FIVE-гдр
6 722	
393 795 063	
2 826	
2 827	
2 802	
2 860	
2 816,5
HYDR	
РусГидро
13 256	
375 105 418	
0,7507	
0,7503	
0,7477	
0,7563	
0,753
OBUV	
ОР ао
25 607	
343 902 177	
39,85	
37,9	
35	
43,35	
37,8
RUAL	
РУСАЛ ао
14 620	
343 130 639	
30,695	
30,73	
30,5	
30,96	
30,69
FEES	
ФСК ЕЭС ао
6 782	
281 467 861	
0,20212	
0,20284	
0,2001	
0,2039	
0,20068
CBOM	
МКБ ао
6 628	
252 214 476	
5,919	
5,885	
5,885	
5,943	
5,943
DSKY	
ДетскийМир
8 625	
205 841 825	
119,58	
119,28	
118,16	
121,78	
119,6
PHOR	
ФосАгро ао
4 364	
177 804 729	
2 724	
2 700	
2 700	
2 736	
2 735
SELG	
Селигдар
8 794	
176 794 883	
49,01	
52,07	
47	
52,2	
47,67
RSTI	
Россети ао
2 993	
162 966 250	
1,592	
1,5897	
1,5808	
1,6	
1,5937
RASP	
Распадская
2 171	
149 321 872	
113,12	
111,26	
111,26	
115,3	
113,34
LNTA	
Лента др
7 885	
122 954 757	
206,6	
209,2	
204	
210	
205,6
RTKMP	
Ростел -ап
4 145	
113 931 956	
91,65	
91	
91	
92,2	
92,2
BANEP	
Башнефт ап
3 892	
102 549 405	
1 359	
1 359	
1 353,5	
1 362,5	
1 361,5
MTLR	
Мечел ао
5 946	
100 156 013	
66,01	
66,2	
65,71	
66,64	
66,07
OGKB	
ОГК-2 ао
4 405	
98 472 890	
0,7523	
0,7539	
0,7474	
0,7596	
0,75
QIWI	
iQIWI
3 769	
94 556 818	
1 487	
1 502	
1 440	
1 551,5	
1 455
MVID	
М.видео
2 228	
85 558 402	
470,2	
463	
462	
474,5	
469,2
LSRG	
ЛСР ао
5 188	
69 804 644	
777,6	
765,2	
765,2	
785	
784,4
TRMK	
ТМК ао
911	
62 323 067	
58,16	
58,5	
57,82	
58,94	
58,36
NMTP	
НМТП ао
5 938	
56 891 687	
9,155	
9,21	
9,105	
9,24	
9,12
ROLO	
Русолово
3 551	
56 807 142	
7,062	
8,196	
6,33	
8,262	
6,65
LNZL	
Лензолото
1 530	
53 497 870	
17 160	
17 700	
16 710	
17 700	
16 980
ENRU	
ЭнелРос ао
2 957	
53 307 907	
0,9445	
0,9495	
0,9365	
0,9535	
0,9425
MRSB	
МордЭнСб
3 245	
52 733 000	
0,48	
0,381	
0,368	
0,526	
0,473
CNTLP	
Телеграф-п
2 033	
34 037 846	
16,98	
17,02	
16,86	
17,2	
17,1
PIKK	
ПИК ао
1 985	
33 846 146	
490	
488,8	
484,9	
495	
485,8
AGRO	
AGRO-гдр
2 189	
31 611 645	
716,4	
717,4	
710,8	
720,8	
717,6
TGKA	
ТГК-1
1 889	
31 341 944	
0,012122	
0,01202	
0,01202	
0,0122	
0,01211
MSNG	
+МосЭнерго
1 096	
30 210 514	
2,1465	
2,137	
2,132	
2,1545	
2,149
NKNCP	
НКНХ ап
2 272	
28 601 102	
81,64	
80,98	
80,98	
82,06	
81,94
VGSB	
ВолгЭнСб
1 948	
28 033 065	
5,88	
5,09	
4,33	
6,58	
4,52
ETLN	
ETLN-гдр
2 259	
25 807 376	
110,72	
110,96	
110,22	
111	
110,82
RKKE	
ЭнергияРКК
1 328	
24 306 350	
9 300	
8 510	
8 510	
10 000	
8 720
ABRD	
АбрауДюрсо
3 123	
23 723 030	
234,5	
269	
211,5	
270	
224,5
MTLRP	
Мечел ап
1 004	
22 823 720	
81,9	
81,6	
81,5	
82,4	
81,7
RUGR	
Русгрэйн
6 767	
21 249 277	
9,888	
9,472	
9,188	
10,35	
9,818
CNTL	
Телеграф
1 711	
19 832 965	
18,45	
18,55	
18,05	
18,95	
18,9
VGSBP	
ВолгЭнСб-п
1 775	
18 964 665	
2,945	
2,555	
2,46	
3,395	
2,495
MRKP	
МРСК ЦП
821	
18 877 811	
0,2131	
0,2114	
0,2114	
0,2146	
0,2142
AQUA	
РусАква ао
797	
18 092 890	
213,5	
211	
211	
215	
214
BSPB	
БСП ао
1 440	
17 747 019	
43,58	
43,79	
43,3	
43,89	
43,48
STSBP	
СтаврЭнСбп
2 686	
15 668 447	
0,5185	
0,482	
0,481	
0,5525	
0,508
LSNGP	
РСетиЛЭ-п
898	
15 190 357	
155,6	
156	
154,85	
156,3	
155,2
STSB	
СтаврЭнСб
2 657	
15 047 996	
0,7515	
0,649	
0,63	
0,8	
0,6635
BRZL	
БурЗолото
1 600	
15 042 012	
1 095	
1 157	
1 050	
1 157	
1 079
SELGP	
Селигдар-п
703	
13 744 815	
28,8	
30,4	
28,45	
30,4	
28,65
TGKB	
ТГК-2
839	
13 538 750	
0,004535	
0,004495	
0,00444	
0,0046	
0,00451
RTSBP	
ТНСэнРст-п
1 016	
13 442 220	
0,537	
0,55	
0,4	
0,72	
0,466
RTSB	
ТНСэнРст
1 097	
13 161 350	
0,61	
0,54	
0,535	
0,69	
0,57
SFIN	
САФМАР ао
142	
12 854 308	
522,6	
523,4	
520	
524,2	
524
AKRN	
Акрон
514	
12 803 068	
5 850	
5 842	
5 822	
5 880	
5 856
SARE	
СаратЭн-ао
1 179	
12 587 952	
0,16	
0,1424	
0,1274	
0,199	
0,1598
BANE	
Башнефт ао
714	
12 440 058	
1 744,5	
1 740,5	
1 736	
1 752,5	
1 745,5
VSMO	
ВСМПО-АВСМ
280	
12 239 060	
17 900	
18 020	
17 860	
18 020	
17 900
KMAZ	
КАМАЗ
1 625	
11 638 622	
64,3	
64,6	
62,4	
65,8	
63,8
KUBE	
Кубанэнр
1 490	
11 306 182	
85,2	
80	
80	
92,8	
83,5
LNZLP	
Лензол. ап
919	
11 216 290	
5 235	
5 420	
5 020	
5 420	
5 250
DIOD	
ЗаводДИОД
856	
11 191 442	
7,74	
7,5	
7,36	
7,94	
7,71
LIFE	
iФармсинтз
768	
10 702 719	
7,245	
7,24	
7,175	
7,35	
7,21
ENPG	
ЭН+ГРУП ао
405	
9 398 700	
688,5	
689,5	
685	
690,5	
687,5
AMEZ	
АшинскийМЗ
2 338	
9 317 412	
4,91	
4,715	
4,71	
5,24	
4,815
UNKL	
ЮУНК ао
555	
9 084 120	
8 460	
8 800	
8 110	
9 000	
8 460
MRKV	
РсетВол ао
864	
9 001 310	
0,07415	
0,07435	
0,0731	
0,0749	
0,0744
KOGK	
КоршГОК ао
41	
7 938 600	
49 000	
48 800	
48 800	
49 200	
49 000
NSVZ	
НаукаСвяз
1 019	
7 527 370	
250,5	
274	
245	
274	
257,5
SAREP	
СаратЭн-ап
531	
7 479 404	
0,113	
0,1078	
0,1	
0,1386	
0,1186
HALS	
Галс-Девел
535	
6 627 079	
1 285	
1 170	
1 140	
1 380	
1 281
KRKNP	
СаратНПЗ-п
194	
6 305 880	
15 920	
16 100	
15 800	
16 100	
15 900
VRSB	
ТНСэнВорон
257	
5 871 240	
68,4	
69,6	
64,6	
71,6	
66,4
TGKN	
ТГК-14
340	
5 670 450	
0,0034	
0,00336	
0,00336	
0,00346	
0,00343
RSTIP	
Россети ап
475	
5 468 862	
2,149	
2,162	
2,134	
2,162	
2,138
IRGZ	
ИркЭнерго
299	
5 083 438	
12,2	
12,46	
12,12	
12,5	
12,2
RNFT	
РуссНфт ао
913	
5 059 069	
517,2	
510	
510	
520,8	
520,4
NKNC	
НКНХ ао
521	
4 703 941	
93,7	
94	
93	
94,4	
93,95
MGTSP	
МГТС-4ап
363	
4 476 240	
2 036	
2 020	
2 004	
2 098	
2 036
KLSB	
КалужскСК
621	
4 395 308	
12,48	
12,23	
12,11	
12,73	
12,61
CHEP	
ЧТПЗ ао
324	
4 389 170	
207,5	
208,5	
205	
210	
209,5
APTK	
Аптеки36и6
1 247	
4 172 049	
13,46	
13,45	
13,4	
13,544	
13,47
SVAV	
СОЛЛЕРС
236	
4 125 195	
279	
279,5	
276,5	
282	
280
BELU	
Белуга ао
559	
4 079 343	
1 315	
1 345	
1 291	
1 345	
1 319
LPSB	
ЛЭСК ао
883	
3 986 975	
8,65	
8,7	
8,25	
9,4	
8,35
NNSBP	
ТНСэнНН ап
561	
3 964 525	
686	
630	
620	
762	
625
MSRS	
РСетиМР ао
213	
3 825 051	
1,179	
1,185	
1,1705	
1,1895	
1,179
YKEN	
Якутскэнрг
323	
3 780 870	
0,43	
0,404	
0,3975	
0,4605	
0,4405
ASSB	
АстрЭнСб
719	
3 685 640	
0,823	
0,786	
0,785	
0,8415	
0,837
SLEN	
Сахэнер ао
423	
3 519 928	
6,35	
6,69	
6,11	
6,85	
6,53
CHGZ	
РН-ЗапСиб
267	
3 458 380	
55,6	
56,8	
50,4	
60	
51
TNSE	
ТНСэнрг ао
421	
3 406 225	
1 115	
1 175	
1 065	
1 195	
1 105
INGR	
ИНГРАД ао
270	
3 401 904	
794	
807	
787	
807	
794
FESH	
ДВМП ао
353	
3 393 297	
7,58	
7,66	
7,49	
7,68	
7,56
GCHE	
ЧеркизГ-ао
432	
3 209 124	
1 775	
1 790	
1 770	
1 790	
1 779
MRKC	
МРСК Центр
392	
3 104 484	
0,2996	
0,3014	
0,298	
0,3018	
0,2994
RZSB	
РязЭнСб
159	
3 025 940	
9,68	
9,44	
9,44	
9,96	
9,56
NNSB	
ТНСэнНН ао
530	
2 778 200	
1 740	
1 510	
1 510	
1 925	
1 665
RAVN	
Raven
96	
2 693 895	
30,15	
30,65	
30,05	
30,8	
30,05
NAUK	
iНПОНаука
365	
2 679 494	
204,6	
214,2	
201	
214,2	
202,2
KBSB	
ТНСэКубань
302	
2 666 515	
156	
154,5	
152	
161	
154
ALNU	
АЛРОСА-Нюр
23	
2 519 600	
56 000	
56 400	
55 400	
56 400	
56 000
TTLK	
Таттел. ао
198	
2 485 935	
0,3095	
0,309	
0,303	
0,3155	
0,309
ISKJ	
iИСКЧ ао
288	
2 362 270	
24,56	
24,75	
24,12	
24,8	
24,53
IRKT	
ИРКУТ-3
160	
2 324 116	
35,82	
35,46	
35,32	
36,04	
35,82
KZOS	
ОргСинт ао
376	
2 231 363	
87,2	
87,3	
87	
87,6	
87,4
PMSBP	
ПермьЭнС-п
208	
2 177 096	
132	
132	
131,2	
132,2	
132,2
VRSBP	
ТНСэнВор-п
121	
2 037 900	
48	
48	
47,5	
48,5	
47,5
JNOS	
Славн-ЯНОС
187	
2 009 735	
19,3	
19,1	
18,9	
20,4	
19,1
GEMA	
iММЦБ ао
135	
1 929 556	
602,5	
600	
597	
604	
603
TGKD	
Квадра
231	
1 928 643	
0,003565	
0,0037	
0,0035	
0,00373	
0,00357
SAGO	
СамарЭн-ао
120	
1 903 580	
0,468	
0,472	
0,45	
0,49	
0,458
JNOSP	
Слав-ЯНОСп
281	
1 811 366	
15,44	
14,64	
14,5	
16,54	
14,98
USBN	
УралСиб ао
126	
1 802 260	
0,0693	
0,0692	
0,0684	
0,0698	
0,0691
SAGOP	
СамарЭн-ап
104	
1 790 690	
0,404	
0,42	
0,4	
0,425	
0,407
GAZA	
ГАЗ ао
65	
1 783 915	
398	
401	
390,5	
401,5	
398,5
URKZ	
УрКузница
67	
1 688 220	
18 360	
17 920	
17 720	
18 800	
18 640
GTRK	
ГТМ ао
345	
1 647 280	
45,2	
44,8	
44,55	
46,05	
44,6
MAGE	
МагадЭн ао
104	
1 620 590	
6,43	
6,52	
6,2	
6,65	
6,47
MAGEP	
МагадЭн ап
35	
1 600 630	
7,85	
7,65	
7,35	
7,9	
7,61
NKHP	
НКХП ао
225	
1 578 295	
238	
234,5	
233,5	
242,5	
239,5
YKENP	
Якутскэн-п
102	
1 541 845	
0,425	
0,417	
0,4015	
0,4595	
0,4205
MSTT	
Мостотрест
122	
1 532 502	
158,3	
159,55	
157,75	
159,55	
159
MRKU	
МРСК Ур
162	
1 531 704	
0,1538	
0,1548	
0,153	
0,155	
0,1532
VLHZ	
ВХЗ-ао
227	
1 400 842	
55,2	
54,9	
54,45	
58,25	
55,7
DZRDP	
iДонскЗР п
199	
1 357 210	
1 840	
1 830	
1 800	
1 870	
1 820
KZOSP	
ОргСинт ап
531	
1 336 998	
11,87	
12	
11,6	
12,1	
11,95
KTSB	
КСБ ао
281	
1 333 626	
0,754	
0,7	
0,67	
0,85	
0,79
UNAC	
iАвиастКао
264	
1 308 608	
0,493	
0,495	
0,4885	
0,499	
0,493
PMSB	
ПермьЭнСб
167	
1 291 716	
134,7	
134,9	
132,1	
135	
134,9
YAKG	
ЯТЭК ао
46	
1 264 560	
43	
42,95	
42,9	
43,65	
43,05
UWGN	
ОВК ао
188	
1 254 422	
237,4	
240,5	
234,5	
240,5	
237,6
LSNG	
РСетиЛЭ
281	
1 241 174	
6,08	
6,05	
6,03	
6,14	
6,1
KUZB	
КузнецкийБ
468	
1 240 578	
0,01511	
0,01508	
0,01494	
0,01557	
0,01519
ZILL	
ЗИЛ ао
95	
1 229 155	
2 620	
2 655	
2 590	
2 685	
2 595
KTSBP	
КСБ ап
103	
1 222 465	
0,3125	
0,3045	
0,2875	
0,326	
0,319
UTAR	
ЮТэйр ао
123	
1 137 861	
7,29	
7,12	
7,11	
7,4	
7,2
ELTZ	
Электрцинк
150	
1 126 230	
189,5	
191,5	
186	
194	
190
RDRB	
РДБанк ао
83	
1 027 100	
230	
235	
230	
235	
235
HIMCP	
Химпром ап
117	
938 473	
6,26	
6,29	
6,15	
6,31	
6,28
TGKBP	
ТГК-2 ап
70	
926 970	
0,00748	
0,00756	
0,00734	
0,00756	
0,00745
MRKY	
РоссЮг ао
132	
922 269	
0,05055	
0,0504	
0,0496	
0,05105	
0,0506
MRKZ	
МРСК СЗ
178	
908 592	
0,05175	
0,0521	
0,05105	
0,0523	
0,05225
TGKDP	
Квадра-п
98	
893 405	
0,004275	
0,00443	
0,0042	
0,00444	
0,00424
RBCM	
РБК ао
264	
859 081	
3,428	
3,424	
3,402	
3,46	
3,416
RGSS	
РГС СК ао
126	
793 420	
0,1498	
0,1492	
0,1492	
0,1504	
0,15
BISVP	
БашИнСв ап
99	
782 829	
9,52	
9,44	
9,4	
9,65	
9,48
BLNG	
Белон ао
125	
782 184	
4,45	
4,446	
4,424	
4,494	
4,44
RLMN	
Роллман
178	
770 244	
19,05	
19,4	
18,85	
19,4	
18,95
EELT	
ЕвроЭлтех
209	
769 314	
8,14	
8,3	
8	
8,3	
8,14
RUSP	
Русполимет
57	
727 305	
0,638	
0,6405	
0,63	
0,6435	
0,6415
KAZTP	
Куйбазот-п
19	
661 266	
149	
148	
148	
149	
149
IGST	
Ижсталь2ао
164	
642 421	
1 041	
1 005	
1 000	
1 067	
1 024
MISB	
ТНСэнМарЭл
110	
639 500	
13,5	
13,3	
13,1	
14,2	
13,7
PAZA	
ПавлАвт ао
33	
597 330	
8 920	
9 030	
8 860	
9 030	
8 890
CHKZ	
ЧКПЗ ао
57	
563 920	
5 480	
5 440	
5 420	
5 640	
5 540
KMEZ	
КМЗ
240	
558 099	
505,5	
516,5	
494	
519,5	
501,5
TORS	
ТРК ао
36	
531 180	
0,446	
0,457	
0,428	
0,458	
0,458
DVEC	
ДЭК ао
109	
512 283	
0,945	
0,955	
0,936	
0,955	
0,945
TUZA	
ТЗА ао
58	
511 500	
99	
102	
99	
102	
100
DZRD	
iДонскЗР
115	
495 930	
2 340	
2 285	
2 240	
2 385	
2 335
VSYD	
ВыбСудЗ ао
48	
459 000	
3 955	
3 950	
3 930	
3 990	
3 985
YRSB	
ТНСэнЯр
63	
450 140	
180	
170	
170	
186	
178
IGSTP	
Ижсталь ап
148	
440 281	
937	
935	
910	
979	
927
GAZAP	
ГАЗ ап
42	
386 735	
309,5	
306	
306	
311	
309,5
MGNZ	
СМЗ-ао
51	
382 180	
4 660	
4 960	
4 600	
4 960	
4 620
VZRZP	
Возрожд-п
38	
378 158	
334,8	
335,8	
331	
340	
337,6
CHMK	
ЧМК ао
62	
377 965	
2 720	
2 750	
2 705	
2 750	
2 710
ARSA	
Арсагера
43	
371 690	
4	
3,98	
3,97	
4,04	
4,03
KRSB	
Красэсб ао
34	
363 900	
7,12	
7,05	
7,05	
7,28	
7,21
VJGZP	
Варьеган-п
27	
349 710	
357	
353	
352	
360	
355
KROT	
КрасОкт-ао
52	
343 605	
390,5	
385	
383,5	
397,5	
391
MRKS	
РсетСиб ао
45	
342 695	
0,238	
0,24	
0,2365	
0,24	
0,239
RUSI	
ИКРУСС-ИНВ
45	
330 970	
38,5	
39,9	
38	
39,9	
38,7
NFAZ	
Нефтекамск
37	
321 272	
164,8	
167,6	
164	
167,6	
164,2
TASBP	
ТамбЭнСб-п
58	
316 105	
0,359	
0,363	
0,353	
0,3675	
0,355
UKUZ	
ЮжКузб. ао
64	
310 896	
560	
550	
548	
566	
560
YRSBP	
ТНСэнЯр-п
43	
305 535	
91,5	
91	
90	
93	
92
TORSP	
ТРК ап
38	
294 645	
0,278	
0,274	
0,274	
0,28	
0,2775
VJGZ	
Варьеган
85	
276 929	
584	
574	
573	
593	
584
MGTS	
МГТС-5ао
50	
274 005	
2 305	
2 305	
2 230	
2 365	
2 345
KRKOP	
ТКЗКК ап
92	
259 497	
7,19	
7,215	
7,14	
7,27	
7,175
MISBP	
ТНСэМаЭл-п
61	
258 680	
12,7	
13,1	
12,5	
13,1	
12,8
MFGS	
Мегион-ао
14	
257 595	
373,5	
371,5	
371,5	
382	
378,5
NKSH	
Нижкамшина
26	
244 846	
22,26	
22,22	
22,16	
22,48	
22,48
LVHK	
Левенгук
47	
232 776	
8,34	
8,29	
8,21	
8,44	
8,33
TASB	
ТамбЭнСб
32	
219 200	
0,4765	
0,479	
0,471	
0,485	
0,4795
MRKK	
Россети СК
59	
215 168	
26,06	
26,1	
25,8	
26,14	
25,86
AVAN	
Авангрд-ао
92	
211 210	
810	
815	
805	
820	
820
PRMB	
Приморье
9	
201 600	
22 400	
22 600	
22 200	
22 600	
22 400
KRSBP	
Красэсб ап
21	
197 000	
7,28	
7,84	
7,1	
7,84	
7,12
UCSS	
ОКС ао
45	
193 970	
1 470	
1 480	
1 450	
1 480	
1 450
VSYDP	
ВыбСудЗ ап
32	
167 200	
4 080	
4 100	
4 040	
4 120	
4 100
ZVEZ	
ЗВЕЗДА ао
22	
165 855	
4,605	
4,635	
4,58	
4,635	
4,59
KCHE	
КамчатЭ ао
39	
164 720	
0,2165	
0,218	
0,215	
0,22	
0,2175
KBTK	
КузбТК ао
37	
163 028	
152,4	
151,2	
151,2	
153	
152,8
KGKC	
КурганГКао
29	
155 000	
56	
58	
54	
58	
55,5
ALBK	
БестЭфБ ао
35	
139 175	
53	
53	
52,5	
53,5	
53
KGKCP	
КурганГКап
23	
136 915	
54	
54,5	
53,5	
54,5	
54,5
KRKN	
СаратНПЗ
8	
129 650	
12 950	
12 950	
12 900	
13 050	
13 000
KAZT	
Куйбазот
12	
117 012	
148,2	
149,2	
147,2	
149,2	
147,6
ROST	
РОСИНТЕРао
35	
113 250	
62	
62,4	
60,8	
62,8	
61,6
KROTP	
КрасОкт-1п
19	
90 965	
275,5	
275	
275	
277,5	
276
WTCMP	
ЦМТ ап
25	
80 440	
8,3	
8,32	
8,24	
8,48	
8,28
RLMNP	
Роллман-п
46	
73 641	
19,44	
19,66	
19,36	
19,74	
19,4
WTCM	
ЦМТ ао
26	
70 356	
9,38	
9,48	
9,2	
9,5	
9,28
KCHEP	
КамчатЭ ап
10	
42 510	
0,386	
0,39	
0,38	
0,39	
0,387
ROSB	
Росбанк ао
16	
39 762	
71	
70,6	
70,4	
71,8	
71,6
MFGSP	
Мегион-ап
3	
39 630	
330,5	
330,5	
329	
330,5	
329
OMZZP	
ОМЗ-ап
9	
35 065	
3 505	
3 500	
3 490	
3 525	
3 495
BISV	
БашИнСв ао
0	
0	
-	
-	
-	
-	
8,7
PRTK	
ПРОТЕК ао
0	
0	
-	
-	
-	
-	
99,6
GAZC	
ГАЗКОН-ао
0	
0	
-	
-	
-	
-	
295
GTSS	
ГЕОТЕК ао
0	
0	
-	
-	
-	
-	
-
NPOF	
Физика ао
0	
0	
-	
-	
-	
-	
11 850
RTGZ	
ГазпРнД ао
0	
0	
-	
-	
-	
-	
28 500
TRCN	
ТрансК ао
0	
0	
-	
-	
-	
-	
8 595
KMTZ	
КосогМЗ ао
0	
0	
-	
-	
-	
-	
-
KZMS	
КЗМС ао
0	
0	
-	
-	
-	
-	
226
TRFM	
ТрансФ ао
0	
0	
-	
-	
-	
-	
-
GAZS	
ГАЗ-сервис
0	
0	
-	
-	
-	
-	
293
HIMC	
Химпром ао
0	
0	
-	
-	
-	
-	
0,99
GAZT	
ГАЗ-Тек ао
0	
0	
-	
-	
-	
-	
85
KSGR	
Кокс ао
0	
0	
-	
-	
-	
-	
-
MOBB	
МосОблБанк
0	
0	
-	
-	
-	
-	
0,698
URKA	
Уркалий-ао
0	
0	
-	
-	
-	
-	
119,04
VZRZ	
Возрожд-ао
0	
0	
-	
-	
-	
-	
480
BISV	
БашИнСв ао
0	
0	
-	
-	
-	
-	
8,7
MFON	
МегаФон ао
0	
0	
-	
-	
-	
-	
650,6
KRKO	
ТКЗКК ао
0	
0	
-	
-	
-	
-	
11,8
MORI	
Морион ао
0	
0	
-	
-	
-	
-	
4,31