SBER	
Сбербанк
93 600	
13 070 048 550	
193,18	
193,3	
191,2	
198	
191,4
GAZP	
ГАЗПРОМ ао
81 963	
9 246 811 221	
185	
184,89	
183,2	
187,2	
186,17
GMKN	
ГМКНорНик
37 305	
8 629 924 802	
20 736	
20 350	
20 276	
21 126	
21 016
LKOH	
ЛУКОЙЛ
38 098	
6 422 465 004	
4 894,5	
4 841	
4 824	
4 928	
4 897,5
ROSN	
Роснефть
32 954	
3 931 538 536	
351,5	
347,8	
345,2	
355,7	
351,1
MOEX	
МосБиржа
41 438	
2 623 020 012	
127,71	
127,54	
125,7	
128,74	
128,3
POLY	
Polymetal
37 865	
2 024 178 252	
1 451,8	
1 496,3	
1 428,5	
1 500	
1 465
PLZL	
Полюс
18 943	
1 960 599 490	
11 882	
11 926	
11 682,5	
12 047	
11 979
TATN	
Татнфт 3ао
28 082	
1 959 427 372	
543,2	
545,9	
539,3	
547,3	
541,9
MGNT	
Магнит ао
21 831	
1 931 744 553	
3 606	
3 669,5	
3 573	
3 669,5	
3 575,5
SBERP	
Сбербанк-п
33 691	
1 777 842 279	
178,28	
179,38	
176,57	
180,6	
177,9
ALRS	
АЛРОСА ао
37 502	
1 522 409 714	
62,82	
62,54	
61,82	
63,73	
62,86
NVTK	
Новатэк ао
15 407	
1 425 466 704	
1 018,2	
1 026,4	
1 005	
1 034	
1 028
IRAO	
ИнтерРАОао
23 881	
1 392 863 808	
4,84	
4,8995	
4,7655	
4,913	
4,8235
CHMF	
СевСт-ао
32 361	
1 187 534 714	
859,8	
862,4	
853,4	
867,6	
853,4
SNGS	
Сургнфгз
17 440	
1 171 298 295	
37,105	
37	
36,8	
37,49	
37,16
MTSS	
МТС-ао
14 144	
1 120 786 412	
323,8	
324,6	
320,3	
325,8	
323,6
NLMK	
НЛМК ао
19 917	
937 657 211	
122,78	
124,3	
122,1	
124,48	
122,1
AFLT	
Аэрофлот
27 483	
881 586 141	
72,5	
73	
71,9	
73,42	
72,32
YNDX	
Yandex clA
19 374	
835 505 398	
2 957,4	
2 968,2	
2 927	
2 979,8	
2 977
VTBR	
ВТБ ао
23 787	
719 283 307	
0,035265	
0,03536	
0,0351	
0,03551	
0,035185
SIBN	
Газпрнефть
12 246	
603 923 830	
328,05	
330	
325	
331,5	
328,3
MAGN	
ММК
11 215	
554 713 896	
37,71	
38,155	
37,355	
38,26	
37,955
TATNP	
Татнфт 3ап
8 975	
532 167 503	
518,4	
519	
513,3	
523,4	
520,4
SNGSP	
Сургнфгз-п
8 622	
524 077 355	
35,875	
35,735	
35,725	
36,06	
35,725
HYDR	
РусГидро
13 463	
442 237 281	
0,6381	
0,632	
0,6276	
0,642	
0,64
TRNFP	
Транснф ап
2 312	
439 536 500	
134 350	
135 300	
133 550	
135 850	
133 550
UPRO	
Юнипро ао
12 636	
415 385 110	
2,603	
2,596	
2,55	
2,634	
2,613
CBOM	
МКБ ао
15 382	
353 025 106	
5,39	
5,394	
5,354	
5,429	
5,404
FEES	
ФСК ЕЭС ао
11 357	
340 125 802	
0,18864	
0,1863	
0,1853	
0,19042	
0,188
FIVE	
FIVE-гдр
6 440	
339 824 574	
2 226	
2 225,5	
2 206	
2 258,5	
2 215
RSTI	
Россети ао
7 324	
269 107 469	
1,3089	
1,2975	
1,2873	
1,323	
1,3076
AFKS	
Система ао
6 831	
253 697 333	
14,428	
14,55	
14,3	
14,59	
14,407
RUAL	
RUSAL plc
15 543	
245 046 817	
25,63	
25,845	
25,44	
25,935	
25,79
TCSG	
TCS-гдр
7 689	
242 856 335	
1 035,8	
1 044,6	
1 025,4	
1 048,6	
1 043
OGKB	
ОГК-2 ао
12 380	
230 158 707	
0,6252	
0,645	
0,6161	
0,6459	
0,6194
BANEP	
Башнефт ап
7 043	
199 405 153	
1 462,5	
1 428	
1 427	
1 483,5	
1 481
MTLR	
Мечел ао
13 653	
178 847 024	
62,75	
63,18	
61,51	
63,92	
63,35
LSRG	
ЛСР ао
15 795	
153 198 387	
586,2	
600	
580	
600	
580
DSKY	
ДетскийМир
10 377	
139 909 826	
86,1	
86,64	
85,2	
86,64	
86,1
TRMK	
ТМК ао
1 978	
129 372 122	
57,26	
57,28	
57,02	
57,46	
57,02
RTKM	
Ростел -ао
5 847	
123 318 466	
82,12	
82,79	
81,7	
82,97	
81,8
RASP	
Распадская
2 605	
98 926 062	
106,8	
105,34	
104,8	
107,96	
107,76
TGKA	
ТГК-1
6 956	
90 685 204	
0,011578	
0,0117	
0,011412	
0,011728	
0,011492
MTLRP	
Мечел ап
3 453	
87 787 900	
71,75	
71,3	
70	
73,9	
73,6
PHOR	
ФосАгро ао
3 142	
85 018 881	
2 741	
2 730	
2 720	
2 765	
2 745
LNTA	
Лента др
6 909	
74 244 376	
154,3	
157	
150,8	
157,8	
153,6
QIWI	
iQIWI
2 995	
52 272 296	
959,5	
964,5	
947	
967	
962,5
NKNCP	
НКНХ ап
4 340	
43 526 219	
76,06	
77,84	
74,8	
78	
75,36
ETLN	
ETLN-гдр
2 396	
39 621 630	
83,04	
84,5	
82,3	
85,36	
82,98
RSTIP	
Россети ап
2 042	
33 081 876	
1,951	
1,91	
1,901	
1,965	
1,955
PIKK	
ПИК ао
1 430	
32 868 960	
378,6	
379	
376,1	
382	
378,3
BANE	
Башнефт ао
1 674	
27 697 986	
1 767,5	
1 769,5	
1 748	
1 782	
1 764
ENRU	
ЭнелРос ао
2 373	
24 957 262	
0,9155	
0,928	
0,901	
0,929	
0,9125
MSNG	
+МосЭнерго
1 857	
24 815 096	
1,949	
1,98	
1,9235	
1,98	
1,9465
BSPB	
БСП ао
3 250	
22 673 478	
39,99	
40,39	
39,76	
40,39	
39,94
TTLK	
Таттел. ао
1 745	
21 467 530	
0,326	
0,33	
0,322	
0,333	
0,3265
NMTP	
НМТП ао
1 345	
20 731 504	
8,74	
8,715	
8,6	
8,8	
8,72
KRKNP	
СаратНПЗ-п
381	
19 142 660	
16 580	
16 580	
16 520	
16 640	
16 580
VSMO	
ВСМПО-АВСМ
648	
18 827 960	
17 740	
18 000	
17 520	
18 000	
17 660
AKRN	
Акрон
892	
16 971 566	
5 878	
5 854	
5 802	
5 898	
5 886
MVID	
М.видео
1 030	
16 937 872	
362	
362	
360	
364,7	
360
SELG	
Селигдар
1 367	
15 850 195	
23,6	
24,83	
22,43	
24,83	
23,75
OBUV	
ОР ао
2 722	
15 756 805	
30,3	
30,3	
29,95	
30,95	
30,2
RTKMP	
Ростел -ап
1 215	
15 416 645	
71,85	
72,2	
71,35	
72,55	
72
AGRO	
AGRO-гдр
1 464	
15 388 852	
623,4	
623	
620	
628	
621
LIFE	
iФармсинтз
1 837	
14 094 194	
7,775	
8,06	
7,605	
8,06	
7,71
NKNC	
НКНХ ао
1 376	
12 705 474	
89,7	
91,05	
87	
91,7	
89,95
MRKP	
МРСК ЦП
839	
12 472 929	
0,1721	
0,172	
0,171	
0,174	
0,1711
ISKJ	
iИСКЧ ао
1 083	
9 851 418	
33,37	
34,14	
32,27	
34,15	
33,2
TGKB	
ТГК-2
462	
9 826 520	
0,004725	
0,00468	
0,00464	
0,00484	
0,00467
MRKV	
МРСКВол
1 071	
8 683 922	
0,06445	
0,0647	
0,0638	
0,06555	
0,06395
SVAV	
СОЛЛЕРС
329	
7 799 225	
261,5	
259,5	
254,5	
264	
264
CHKZ	
ЧКПЗ ао
844	
7 560 720	
6 100	
5 080	
5 080	
6 700	
5 500
SFIN	
САФМАР ао
629	
7 055 066	
464,6	
473,6	
453,6	
473,6	
464,4
APTK	
Аптеки36и6
4 783	
6 325 666	
13,502	
13,796	
13,374	
13,796	
13,494
MGTSP	
МГТС-4ап
524	
6 145 920	
2 510	
2 490	
2 484	
2 520	
2 508
MSTT	
Мостотрест
401	
5 781 097	
158,15	
156,85	
156,15	
160,5	
158,75
GEMA	
iММЦБ ао
444	
5 512 344	
677,5	
698	
666	
702	
678,5
AMEZ	
АшинскийМЗ
595	
5 479 689	
4	
4,075	
3,94	
4,105	
4,045
MRKU	
МРСК Ур
94	
5 135 592	
0,1528	
0,1512	
0,1504	
0,153	
0,1514
RNFT	
РуссНфт ао
1 719	
4 812 022	
431,6	
428,8	
428	
433	
431
CNTLP	
Телеграф-п
407	
4 647 958	
18,48	
18,16	
18,08	
18,68	
18,48
UNAC	
iАвиастКао
497	
4 525 890	
0,4805	
0,48	
0,47	
0,489	
0,47
FESH	
ДВМП ао
370	
4 520 909	
6,45	
6,51	
6,39	
6,52	
6,5
RBCM	
РБК ао
834	
3 986 047	
3,312	
3,398	
3,23	
3,458	
3,262
MRKC	
МРСК Центр
647	
3 906 578	
0,241	
0,242	
0,239	
0,2448	
0,2408
GCHE	
ЧеркизГ-ао
400	
2 993 658	
1 724,5	
1 722	
1 716	
1 734	
1 717
PMSBP	
ПермьЭнС-п
363	
2 883 656	
130,8	
127,4	
127,4	
132	
131,8
ZILL	
ЗИЛ ао
322	
2 775 410	
1 410	
1 315	
1 310	
1 485	
1 385
YAKG	
ЯТЭК ао
173	
2 527 210	
43	
43,9	
42,4	
43,9	
43,25
KMAZ	
КАМАЗ
395	
2 464 790	
55,5	
56,6	
54,9	
57,5	
55,3
OMZZP	
ОМЗ-ап
391	
2 415 785	
3 730	
3 585	
3 505	
3 915	
3 510
ENPG	
ЭН+ГРУП ао
111	
2 392 453	
627,5	
631	
620,5	
632	
620,5
INGR	
ИНГРАД ао
571	
2 276 802	
771	
769	
750	
807	
761
RLMN	
Роллман
533	
2 174 305	
21,6	
22,55	
20,65	
22,55	
22,2
SELGP	
Селигдар-п
203	
2 154 160	
28,05	
28,4	
27,7	
28,45	
28,15
BELU	
Белуга ао
126	
2 105 865	
1 498	
1 500	
1 489	
1 513	
1 500
YKEN	
Якутскэнрг
156	
1 878 680	
0,3545	
0,3645	
0,34	
0,377	
0,3475
IRGZ	
ИркЭнерго
218	
1 769 720	
13,16	
13,24	
13	
13,42	
13,24
AQUA	
РусАква ао
199	
1 692 915	
195,5	
196	
194	
197,5	
194,5
TGKBP	
ТГК-2 ап
151	
1 624 580	
0,00725	
0,00734	
0,00711	
0,00741	
0,00714
LNZL	
Лензолото
137	
1 573 460	
8 370	
8 390	
8 310	
8 470	
8 380
CHMK	
ЧМК ао
178	
1 568 290	
2 160	
2 200	
2 140	
2 200	
2 165
MSRS	
МОЭСК
217	
1 541 463	
1,0345	
1,021	
1,0205	
1,038	
1,036
VSYD	
ВыбСудЗ ао
242	
1 540 710	
4 245	
4 445	
4 045	
4 500	
4 200
RUGR	
Русгрэйн
1 195	
1 490 931	
7,644	
7,708	
7,61	
7,79	
7,614
RGSS	
РГС СК ао
236	
1 466 091	
0,1502	
0,153	
0,1464	
0,153	
0,1508
KZOS	
ОргСинт ао
315	
1 447 380	
89,7	
89,8	
89	
90,3	
89,9
ALNU	
АЛРОСА-Нюр
29	
1 407 800	
48 600	
51 400	
47 800	
51 400	
48 400
USBN	
УралСиб ао
94	
1 401 418	
0,0699	
0,0711	
0,069	
0,0711	
0,0705
IRKT	
ИРКУТ-3
124	
1 228 248	
30,72	
30,04	
30,04	
31,24	
30,46
NNSB	
ТНСэнНН ао
250	
1 193 315	
1 475	
1 470	
1 300	
1 600	
1 305
TRCN	
ТрансК ао
74	
1 117 070	
8 275	
8 250	
8 110	
8 350	
8 245
KRKOP	
ТКЗКК ап
342	
1 116 661	
6,025	
6,215	
5,9	
6,4	
5,965
VSYDP	
ВыбСудЗ ап
111	
1 109 540	
4 720	
4 440	
4 400	
5 000	
4 480
CHEP	
ЧТПЗ ао
135	
1 065 855	
200,5	
200	
198,5	
204	
202
ASSB	
АстрЭнСб
342	
1 050 528	
0,6435	
0,62	
0,616	
0,6725	
0,627
BLNG	
Белон ао
121	
1 023 316	
3,954	
3,96	
3,87	
4	
3,97
YKENP	
Якутскэн-п
132	
1 019 390	
0,364	
0,345	
0,3415	
0,395	
0,3625
VGSBP	
ВолгЭнСб-п
287	
1 012 705	
1,075	
1,045	
1,005	
1,21	
1,03
KOGK	
КоршГОК ао
16	
961 000	
45 800	
45 800	
45 000	
46 000	
45 800
DIOD	
ЗаводДИОД
185	
940 011	
5,95	
6	
5,87	
6,07	
5,98
VGSB	
ВолгЭнСб
261	
907 965	
1,58	
1,535	
1,46	
1,71	
1,51
GTRK	
ГТМ ао
255	
866 342	
42,1	
43,05	
41,6	
43,05	
42,1
PMSB	
ПермьЭнСб
146	
829 651	
131,5	
129,9	
129,6	
132,8	
132,3
MAGE	
МагадЭн ао
93	
817 500	
4,9	
4,88	
4,75	
5,05	
4,83
UWGN	
ОВК ао
183	
800 417	
249	
251,9	
245	
257,8	
249,6
RZSB	
РязЭнСб
47	
769 000	
8,02	
7,8	
7,8	
8,24	
8
RAVN	
Raven
75	
707 890	
31,45	
33,8	
30,7	
33,8	
31,3
PRTK	
ПРОТЕК ао
117	
702 106	
98,3	
98,3	
97,6	
98,9	
98,4
KLSB	
КалужскСК
161	
670 454	
11,42	
11,56	
10,91	
11,99	
11,34
KZOSP	
ОргСинт ап
758	
629 390	
12,68	
12,54	
12,5	
12,88	
12,61
NNSBP	
ТНСэнНН ап
200	
590 443	
586	
630	
540	
650	
561
TGKD	
Квадра
129	
536 593	
0,003195	
0,00326	
0,00315	
0,00326	
0,00323
TGKN	
ТГК-14
69	
503 780	
0,00331	
0,00333	
0,00328	
0,00334	
0,00333
DASB	
ДагСб ао
108	
496 695	
0,0964	
0,096	
0,0942	
0,0987	
0,0962
LNZLP	
Лензол. ап
70	
489 790	
3 710	
3 730	
3 695	
3 735	
3 715
BRZL	
БурЗолото
130	
487 973	
834	
833	
828	
843	
833
WTCMP	
ЦМТ ап
142	
483 498	
8,42	
8,42	
8,2	
8,52	
8,4
SZPR	
СЗПароход
193	
466 014	
782	
784	
770	
800	
776
RLMNP	
Роллман-п
135	
462 950	
20,94	
21,42	
20,2	
22,34	
20,8
VLHZ	
ВХЗ-ао
99	
434 873	
48,8	
49,4	
48,15	
49,4	
48,7
MRKZ	
МРСК СЗ
105	
411 108	
0,04965	
0,04985	
0,0493	
0,05	
0,04965
TGKDP	
Квадра-п
97	
393 489	
0,004295	
0,00445	
0,00425	
0,00445	
0,004395
ELTZ	
Электрцинк
129	
373 857	
175	
178,5	
170,5	
179	
175
KROT	
КрасОкт-ао
73	
364 825	
341	
348	
325	
419	
336
KTSB	
КСБ ао
117	
364 430	
0,622	
0,628	
0,582	
0,708	
0,604
MRKS	
МРСКСиб
23	
364 300	
0,217	
0,219	
0,216	
0,2195	
0,2165
KBTK	
КузбТК ао
47	
363 748	
158,2	
158,4	
155	
159,8	
157
VJGZP	
Варьеган-п
42	
360 160	
337	
330	
327	
347	
343
MAGEP	
МагадЭн ап
34	
341 515	
6,21	
6,25	
5,91	
6,275	
6,265
KMEZ	
КМЗ
144	
329 967	
456	
464	
448	
475	
454
HIMCP	
Химпром ап
105	
329 280	
5,97	
5,97	
5,87	
6,08	
5,98
TORSP	
ТРК ап
54	
320 710	
0,2695	
0,2685	
0,262	
0,275	
0,2735
KGKC	
КурганГКао
41	
313 640	
53	
53	
52	
54	
53
KAZTP	
Куйбазот-п
66	
309 946	
139	
141,8	
136,2	
142	
140,4
KRKN	
СаратНПЗ
22	
309 500	
12 400	
12 750	
12 200	
12 800	
12 200
KRSBP	
Красэсб ап
33	
300 180	
6,68	
6,68	
6,58	
6,76	
6,68
MGTS	
МГТС-5ао
44	
299 825	
2 775	
2 755	
2 750	
2 805	
2 765
DVEC	
ДЭК ао
75	
298 620	
0,827	
0,826	
0,819	
0,835	
0,825
TASB	
ТамбЭнСб
25	
292 965	
0,29	
0,3005	
0,28	
0,3005	
0,289
NKHP	
НКХП ао
56	
288 970	
233	
235,5	
231	
235,5	
232,5
AVAN	
Авангрд-ао
44	
267 085	
790	
805	
760	
805	
770
KGKCP	
КурганГКап
27	
263 995	
54,5	
53,5	
53,5	
55,5	
54,5
CNTL	
Телеграф
46	
262 005	
22,4	
22,25	
22,2	
22,65	
22,55
KUZB	
КузнецкийБ
256	
260 275	
0,01656	
0,01665	
0,01631	
0,01675	
0,01665
ABRD	
АбрауДюрсо
99	
251 705	
130,5	
131	
129,5	
131,5	
130,5
RUSP	
Русполимет
23	
240 380	
0,6325	
0,634	
0,63	
0,634	
0,63
TORS	
ТРК ао
17	
235 830	
0,363	
0,362	
0,36	
0,37	
0,367
MOBB	
МосОблБанк
70	
230 898	
2,38	
2,406	
2,37	
2,406	
2,37
RTSBP	
ТНСэнРст-п
40	
230 440	
0,288	
0,303	
0,28	
0,303	
0,286
ROLO	
Русолово
40	
225 816	
3,764	
3,822	
3,73	
3,822	
3,784
UTAR	
ЮТэйр ао
64	
224 756	
6,33	
6,25	
6,25	
6,42	
6,32
ZVEZ	
ЗВЕЗДА ао
37	
220 620	
4,41	
4,39	
4,335	
4,5	
4,435
KTSBP	
КСБ ап
46	
219 720	
0,2645	
0,268	
0,2595	
0,277	
0,2635
YRSB	
ТНСэнЯр
49	
218 920	
160	
156	
156	
164	
160
WTCM	
ЦМТ ао
71	
215 770	
9,3	
9,18	
9,1	
9,6	
9,22
TUZA	
ТЗА ао
36	
199 000	
95	
99	
94	
99	
94
KRSB	
Красэсб ао
25	
197 310	
6,36	
6,35	
6,31	
6,43	
6,36
JNOSP	
Слав-ЯНОСп
41	
194 908	
14,24	
14,16	
14,06	
14,6	
14,1
MRKY	
РоссЮг ао
65	
193 062	
0,0503	
0,0502	
0,05015	
0,0507	
0,05025
NFAZ	
Нефтекамск
48	
189 346	
151,6	
151,8	
147,8	
161,8	
150,2
RTGZ	
ГазпРнД ао
9	
188 550	
20 950	
21 600	
20 550	
21 650	
20 850
LVHK	
Левенгук
46	
188 436	
8,23	
8,29	
8,17	
8,29	
8,25
NSVZ	
НаукаСвяз
36	
184 235	
222	
225	
220	
226,5	
220,5
RTSB	
ТНСэнРст
31	
175 450	
0,365	
0,37	
0,36	
0,37	
0,365
SAREP	
СаратЭн-ап
81	
174 648	
0,0914	
0,0942	
0,0892	
0,0942	
0,092
BISVP	
БашИнСв ап
55	
170 747	
7,03	
7,03	
6,99	
7,12	
7,01
RKKE	
ЭнергияРКК
27	
167 870	
4 940	
5 060	
4 870	
5 070	
4 920
PAZA	
ПавлАвт ао
17	
145 770	
8 100	
8 110	
8 030	
8 140	
8 110
NKSH	
Нижкамшина
18	
137 010	
22,46	
22,58	
22,3	
22,86	
22,54
NAUK	
iНПОНаука
25	
126 686	
173,6	
173	
172,4	
175,2	
174,6
DZRD	
iДонскЗР
37	
126 015	
2 035	
2 110	
2 000	
2 110	
2 015
VJGZ	
Варьеган
11	
122 940	
615	
615	
613	
618	
617
UNKL	
ЮУНК ао
20	
117 060	
3 350	
3 370	
3 300	
3 390	
3 350
TASBP	
ТамбЭнСб-п
32	
115 980	
0,215	
0,22	
0,207	
0,22	
0,218
VRSBP	
ТНСэнВор-п
16	
114 250	
33,5	
34	
33	
34,5	
33,5
KUBE	
Кубанэнр
32	
108 763	
64	
64	
63,3	
64,5	
63,6
SARE	
СаратЭн-ао
35	
107 960	
0,1136	
0,1148	
0,1132	
0,117	
0,1154
KBSB	
ТНСэКубань
35	
107 045	
132	
133,5	
131	
133,5	
133
KAZT	
Куйбазот
23	
106 952	
139	
140	
138	
140	
138,8
SLEN	
Сахэнер ао
37	
91 565	
4,05	
4,1	
4	
4,12	
4,02
RUSI	
ИКРУСС-ИНВ
21	
90 520	
39,4	
39,8	
36,2	
40,4	
39,3
MISB	
ТНСэнМарЭл
17	
87 750	
11	
11,1	
10,8	
11,2	
10,8
GAZA	
ГАЗ ао
11	
79 760	
380	
380,5	
379	
380,5	
379,5
JNOS	
Славн-ЯНОС
13	
79 310	
18,45	
18,4	
18,1	
19,05	
18,5
LPSB	
ЛЭСК ао
34	
77 525	
7,9	
7,9	
7,75	
8,15	
7,85
ROST	
РОСИНТЕРао
23	
77 228	
59	
58,8	
58,4	
59	
58,8
STSBP	
СтаврЭнСбп
23	
73 688	
0,289	
0,2885	
0,2885	
0,289	
0,289
ALBK	
БестЭфБ ао
17	
69 835	
53,5	
53,5	
53	
54	
54
YRSBP	
ТНСэнЯр-п
27	
68 320	
81,5	
83,5	
80,5	
83,5	
82
IGST	
Ижсталь2ао
15	
65 648	
864	
864	
861	
874	
864
ARSA	
Арсагера
4	
65 640	
3,28	
3,28	
3,28	
3,3	
3,3
KROTP	
КрасОкт-1п
10	
53 870	
234	
233	
232	
237	
232,5
MRKK	
Россети СК
27	
52 151	
26,48	
26,6	
26,24	
26,6	
26,28
UCSS	
ОКС ао
16	
51 800	
1 440	
1 430	
1 430	
1 450	
1 450
VZRZP	
Возрожд-п
14	
49 754	
292,8	
294,8	
291,2	
295	
292,4
MRSB	
МордЭнСб
7	
45 590	
0,351	
0,346	
0,346	
0,353	
0,352
URKZ	
УрКузница
4	
40 500	
10 120	
10 120	
10 100	
10 160	
10 120
VRSB	
ТНСэнВорон
8	
38 820	
48,6	
49,4	
48,2	
49,6	
48,2
SAGO	
СамарЭн-ао
8	
32 360	
0,406	
0,408	
0,398	
0,41	
0,398
IGSTP	
Ижсталь ап
12	
29 253	
697	
698	
690	
699	
691
HALS	
Галс-Девел
12	
27 560	
745	
751	
740	
751	
745
MISBP	
ТНСэМаЭл-п
12	
25 460	
9,8	
9,8	
9,6	
9,8	
9,8
PRMB	
Приморье
1	
17 400	
17 400	
17 400	
17 400	
17 400	
17 400
MGNZ	
СМЗ-ао
4	
16 950	
4 240	
4 290	
4 180	
4 290	
4 180
CHGZ	
РН-ЗапСиб
5	
16 860	
33,8	
34,4	
32,4	
34,6	
34
KCHE	
КамчатЭ ао
8	
16 395	
0,182	
0,183	
0,1755	
0,184	
0,1795
DZRDP	
iДонскЗР п
5	
14 650	
1 630	
1 620	
1 620	
1 630	
1 630
ROSB	
Росбанк ао
9	
10 736	
71,6	
71,4	
71,2	
72	
71,4
UKUZ	
ЮжКузб. ао
13	
7 772	
518	
514	
514	
524	
524
GAZAP	
ГАЗ ап
1	
6 560	
328	
328	
328	
328	
328
SAGOP	
СамарЭн-ап
1	
3 850	
0,385	
0,385	
0,385	
0,385	
0,385
KCHEP	
КамчатЭ ап
1	
3 430	
0,343	
0,343	
0,343	
0,343	
0,343
MFGSP	
Мегион-ап
1	
3 170	
317	
317	
317	
317	
317
TNSE	
ТНСэнрг ао
3	
2 905	
970	
965	
965	
975	
975
STSB	
СтаврЭнСб
5	
2 790	
0,349	
0,3505	
0,3475	
0,3505	
0,348
RDRB	
РДБанк ао
1	
2 500	
250	
250	
250	
250	
250
KUNF	
КУЗОЦМ ао
0	
0	
-	
-	
-	
-	
-
GAZC	
ГАЗКОН-ао
0	
0	
-	
-	
-	
-	
295
GAZS	
ГАЗ-сервис
0	
0	
-	
-	
-	
-	
293
GAZT	
ГАЗ-Тек ао
0	
0	
-	
-	
-	
-	
85
GTSS	
ГЕОТЕК ао
0	
0	
-	
-	
-	
-	
-
HIMC	
Химпром ао
0	
0	
-	
-	
-	
-	
0,99
KMTZ	
КосогМЗ ао
0	
0	
-	
-	
-	
-	
-
KRKO	
ТКЗКК ао
0	
0	
-	
-	
-	
-	
11,8
KSGR	
Кокс ао
0	
0	
-	
-	
-	
-	
-
KUNF	
КУЗОЦМ ао
0	
0	
-	
-	
-	
-	
-
KZMS	
КЗМС ао
0	
0	
-	
-	
-	
-	
226
LSNG	
Ленэнерго
0	
0	
-	
-	
-	
-	
5,66
LSNGP	
Ленэнерг-п
0	
0	
-	
-	
-	
-	
119,95
MFGS	
Мегион-ао
0	
0	
-	
-	
-	
-	
348
MFON	
МегаФон ао
0	
0	
-	
-	
-	
-	
650,6
MORI	
Морион ао
0	
0	
-	
-	
-	
-	
4,31
NPOF	
Физика ао
0	
0	
-	
-	
-	
-	
11 850
TRFM	
ТрансФ ао
0	
0	
-	
-	
-	
-	
-
URKA	
Уркалий-ао
0	
0	
-	
-	
-	
-	
119,04
VZRZ	
Возрожд-ао
0	
0	
-	
-	
-	
-	
480