SBER	
Сбербанк
126 720	
24 086 072 932	
238,43	
233,12	
233,03	
242,5	
241,4
GMKN	
ГМКНорНик
27 791	
6 909 680 948	
20 604	
20 418	
20 308	
20 822	
20 800
GAZP	
ГАЗПРОМ ао
55 440	
6 818 166 072	
191,39	
190,5	
189,32	
193,29	
193,29
PLZL	
Полюс
44 958	
6 650 809 195	
17 176	
16 829	
16 526	
17 595	
17 455
AFLT	
Аэрофлот
88 473	
5 927 664 082	
86,44	
83,58	
83,12	
89,18	
85,5
LKOH	
ЛУКОЙЛ
29 791	
5 716 837 644	
5 249,5	
5 188,5	
5 188	
5 303,5	
5 300
YNDX	
Yandex clA
43 452	
5 206 608 560	
4 263,4	
4 208,2	
4 182	
4 330	
4 322
TATN	
Татнфт 3ао
49 854	
3 995 032 692	
597,6	
582	
582	
608,4	
601
AFKS	
Система ао
55 820	
3 193 225 425	
21,833	
22,002	
21,184	
22,727	
21,49
ROSN	
Роснефть
18 879	
2 777 635 074	
373,75	
369	
368,55	
379,05	
377,7
SBERP	
Сбербанк-п
42 064	
2 662 022 874	
218,48	
214,52	
214,5	
220,64	
219,51
POLY	
Polymetal
35 071	
2 643 563 673	
1 865,2	
1 797	
1 791,2	
1 929	
1 910,5
MTSS	
МТС-ао
21 108	
1 822 544 346	
333,7	
329,75	
329,5	
338,25	
334,8
CHMF	
СевСт-ао
24 538	
1 635 998 754	
960,8	
941,8	
941,8	
978	
978
MGNT	
Магнит ао
17 740	
1 583 376 725	
4 606,5	
4 641,5	
4 581	
4 646	
4 614,5
VTBR	
ВТБ ао
38 394	
1 495 584 698	
0,037425	
0,03717	
0,036935	
0,0377	
0,03756
POGR	
Petropavl
29 439	
1 492 971 720	
30,885	
29,85	
29	
32	
31,7
NLMK	
НЛМК ао
18 937	
1 215 590 181	
160,68	
157,52	
157,26	
163,04	
162,9
NVTK	
Новатэк ао
14 230	
1 167 585 026	
1 132,8	
1 120,6	
1 114	
1 154,8	
1 145
MOEX	
МосБиржа
17 726	
1 154 959 620	
143,92	
143,15	
142	
144,97	
144,78
IRAO	
ИнтерРАОао
14 591	
1 115 975 975	
5,621	
5,571	
5,52	
5,699	
5,69
SNGSP	
Сургнфгз-п
14 727	
1 083 560 662	
37,75	
37,215	
37,215	
38	
38
SNGS	
Сургнфгз
11 628	
980 169 845	
38,17	
37,76	
37,65	
38,76	
38,565
UPRO	
Юнипро ао
16 117	
919 276 701	
2,76	
2,776	
2,721	
2,814	
2,738
MAGN	
ММК
11 065	
831 020 475	
39,78	
39,395	
39,195	
40,995	
39,915
SIBN	
Газпрнефть
10 315	
812 902 901	
327,2	
325,95	
325	
328,75	
328,75
ALRS	
АЛРОСА ао
14 629	
666 273 571	
69,59	
69,59	
68,8	
70,11	
70,08
FIVE	
FIVE-гдр
9 703	
615 561 349	
2 780	
2 818,5	
2 751	
2 840	
2 800
TATNP	
Татнфт 3ап
12 351	
597 917 132	
577,6	
573	
562,5	
589,2	
576,8
TRNFP	
Транснф ап
2 330	
593 981 850	
139 400	
137 850	
136 850	
140 750	
139 950
HYDR	
РусГидро
16 844	
535 715 896	
0,7495	
0,7499	
0,7411	
0,7542	
0,749
RUAL	
РУСАЛ ао
11 004	
422 798 331	
30,615	
30,345	
30,15	
31,105	
30,745
PHOR	
ФосАгро ао
3 261	
411 883 929	
2 747	
2 734	
2 711	
2 767	
2 757
TCSG	
TCS-гдр
15 055	
405 199 342	
1 782,6	
1 804	
1 757	
1 848,8	
1 773,2
RTKM	
Ростел -ао
9 497	
329 038 619	
97,08	
96,87	
96,55	
97,71	
97
CBOM	
МКБ ао
7 213	
275 532 981	
5,93	
5,94	
5,886	
5,975	
5,972
MAIL	
MAIL-гдр
7 736	
263 137 250	
1 978,4	
1 983	
1 957	
1 989,4	
1 986,6
DSKY	
ДетскийМир
7 886	
228 663 036	
120,56	
119,62	
119,62	
122,4	
120,4
BANEP	
Башнефт ап
4 400	
224 789 116	
1 361	
1 360	
1 354	
1 368,5	
1 361
FEES	
ФСК ЕЭС ао
4 020	
211 097 578	
0,20194	
0,2005	
0,20046	
0,20326	
0,20198
OGKB	
ОГК-2 ао
9 032	
206 081 544	
0,7698	
0,7533	
0,7481	
0,7874	
0,763
SELG	
Селигдар
8 302	
193 250 442	
47,42	
45,66	
43,14	
49,97	
48,79
RSTI	
Россети ао
2 876	
165 633 748	
1,5951	
1,593	
1,583	
1,6022	
1,5935
LNTA	
Лента др
7 748	
128 094 959	
206	
207	
201,8	
208,8	
206,6
RASP	
Распадская
1 971	
103 419 866	
114,84	
112,52	
112,52	
115,8	
115,04
RTKMP	
Ростел -ап
4 391	
86 816 244	
91,8	
92,5	
90,55	
92,65	
92,1
MRKP	
МРСК ЦП
2 513	
77 385 641	
0,2184	
0,214	
0,214	
0,221	
0,2183
QIWI	
iQIWI
3 290	
69 891 787	
1 442,5	
1 469,5	
1 377	
1 476,5	
1 435
LSRG	
ЛСР ао
4 159	
65 383 987	
783,8	
779,4	
776	
793,8	
786
MTLR	
Мечел ао
3 830	
63 679 136	
65,96	
65,94	
65,7	
66,19	
65,91
MVID	
М.видео
1 665	
59 300 435	
469,6	
469,7	
466,5	
476	
467
PIKK	
ПИК ао
1 906	
55 568 018	
490,3	
486,2	
484,1	
501	
491,2
ETLN	
ETLN-гдр
2 889	
50 492 560	
110,78	
110,92	
110,2	
111,6	
110,96
LNZL	
Лензолото
1 443	
48 028 660	
17 090	
16 900	
16 020	
17 800	
17 200
OBUV	
ОР ао
3 324	
42 699 062	
38	
38,3	
37,15	
38,9	
37,65
TGKA	
ТГК-1
3 274	
41 921 874	
0,012182	
0,01216	
0,012114	
0,01222	
0,01217
NMTP	
НМТП ао
3 904	
39 057 557	
9,15	
9,16	
9,125	
9,175	
9,16
AGRO	
AGRO-гдр
2 208	
34 108 854	
718,2	
719	
714,8	
723,2	
719,2
CNTLP	
Телеграф-п
1 950	
29 186 354	
17,4	
17	
17	
17,64	
17,44
BSPB	
БСП ао
1 563	
26 574 626	
43,67	
43,5	
43,36	
43,86	
43,74
ROLO	
Русолово
1 745	
25 998 722	
6,566	
6,65	
6,13	
6,9	
6,85
NKNCP	
НКНХ ап
1 634	
25 475 473	
82,34	
81,1	
81,1	
82,8	
82,18
BRZL	
БурЗолото
2 357	
25 465 279	
1 082	
1 051	
975	
1 300	
1 088
MTLRP	
Мечел ап
854	
24 445 270	
81,65	
81,6	
81,35	
82,2	
81,5
LSNGP	
РСетиЛЭ-п
966	
24 379 677	
155,85	
155,95	
155	
156,35	
156,35
VSMO	
ВСМПО-АВСМ
391	
22 182 000	
17 960	
17 760	
17 760	
18 240	
17 900
ENRU	
ЭнелРос ао
1 393	
22 059 752	
0,946	
0,943	
0,9405	
0,95	
0,9435
VJGZ	
Варьеган
4 595	
18 823 860	
711	
580	
580	
814	
771
CNTL	
Телеграф
1 342	
18 108 785	
19,55	
19,1	
18,4	
20	
19,65
AQUA	
РусАква ао
874	
18 008 780	
216	
214,5	
212,5	
219	
217
MSNG	
+МосЭнерго
783	
17 078 241	
2,144	
2,1545	
2,14	
2,1545	
2,14
VGSB	
ВолгЭнСб
1 386	
16 231 210	
5,38	
4,61	
4,61	
6,105	
5,38
RSTIP	
Россети ап
535	
15 147 171	
2,163	
2,149	
2,142	
2,177	
2,164
SARE	
СаратЭн-ао
1 754	
14 811 436	
0,1754	
0,17	
0,16	
0,195	
0,1644
MRSB	
МордЭнСб
1 381	
14 771 370	
0,44	
0,488	
0,421	
0,497	
0,426
LIFE	
iФармсинтз
1 027	
13 290 931	
7,38	
7,215	
7,215	
7,49	
7,33
ABRD	
АбрауДюрсо
1 606	
13 116 190	
233,5	
223,5	
220,5	
244,5	
234
AKRN	
Акрон
417	
13 070 966	
5 838	
5 824	
5 816	
5 862	
5 836
ENPG	
ЭН+ГРУП ао
577	
12 720 461	
682,5	
685,5	
675,5	
691,5	
677,5
TGKB	
ТГК-2
744	
12 651 535	
0,0046	
0,004525	
0,004465	
0,004715	
0,00462
VJGZP	
Варьеган-п
1 292	
12 066 140	
408	
355	
355	
445	
414
RTSB	
ТНСэнРст
804	
11 314 700	
0,645	
0,57	
0,54	
0,7	
0,635
KMAZ	
КАМАЗ
1 549	
10 560 984	
65,3	
65	
64	
66,6	
65,1
BANE	
Башнефт ао
709	
10 229 981	
1 748	
1 730,5	
1 730	
1 756	
1 750
LNZLP	
Лензол. ап
625	
9 996 460	
5 315	
5 175	
5 040	
5 545	
5 380
SELGP	
Селигдар-п
535	
9 221 545	
28,55	
28,95	
27,95	
29	
28,85
YKEN	
Якутскэнрг
524	
8 077 165	
0,4685	
0,4455	
0,43	
0,4875	
0,478
SAREP	
СаратЭн-ап
1 086	
7 638 708	
0,1404	
0,1254	
0,1254	
0,1548	
0,1354
KRKNP	
СаратНПЗ-п
185	
7 456 400	
15 960	
15 920	
15 900	
16 060	
16 000
MRKC	
МРСК Центр
620	
7 426 021	
0,298	
0,3004	
0,2968	
0,3004	
0,2978
SFIN	
САФМАР ао
75	
6 698 352	
523,8	
523	
522,6	
524,6	
524,4
CHGZ	
РН-ЗапСиб
312	
6 681 140	
57	
52,8	
52,6	
61	
55,2
EELT	
ЕвроЭлтех
198	
6 549 749	
8,02	
8,12	
7,98	
8,18	
8,18
ALNU	
АЛРОСА-Нюр
19	
6 401 800	
56 200	
56 200	
55 600	
56 600	
55 600
TRMK	
ТМК ао
303	
6 314 858	
58,48	
58,62	
58,04	
58,66	
58,5
GCHE	
ЧеркизГ-ао
578	
5 641 973	
1 777,5	
1 779,5	
1 761	
1 790	
1 780
NKNC	
НКНХ ао
482	
5 483 417	
94,05	
93,4	
93,05	
94,5	
94
STSB	
СтаврЭнСб
1 428	
5 339 242	
0,6945	
0,67	
0,633	
0,776	
0,709
RTSBP	
ТНСэнРст-п
529	
5 181 090	
0,469	
0,465	
0,431	
0,505	
0,447
MRKV	
РсетВол ао
487	
4 965 177	
0,0748	
0,0749	
0,07445	
0,07495	
0,0745
RGSS	
РГС СК ао
374	
4 772 056	
0,151	
0,1504	
0,1494	
0,1528	
0,1504
INGR	
ИНГРАД ао
230	
4 572 748	
804	
792	
791	
820	
818
MGTSP	
МГТС-4ап
290	
4 559 342	
2 018	
2 012	
1 986	
2 040	
2 034
KUBE	
Кубанэнр
712	
4 505 393	
79,3	
82,5	
77,3	
83,9	
79,2
SVAV	
СОЛЛЕРС
216	
4 142 025	
281,5	
280,5	
278	
285	
279
VGSBP	
ВолгЭнСб-п
569	
4 075 785	
2,765	
2,55	
2,465	
3,085	
2,615
HALS	
Галс-Девел
516	
3 795 097	
1 307	
1 274	
1 224	
1 405	
1 241
RUGR	
Русгрэйн
1 756	
3 481 559	
9,658	
9,904	
9,502	
9,904	
9,59
RNFT	
РуссНфт ао
427	
3 457 119	
514,2	
516,6	
510	
521,4	
515,4
KUZB	
КузнецкийБ
1 604	
3 403 698	
0,01539	
0,01529	
0,01497	
0,01636	
0,01555
APTK	
Аптеки36и6
1 411	
3 351 896	
13,466	
13,47	
13,366	
13,55	
13,484
PMSB	
ПермьЭнСб
99	
3 300 611	
134,9	
133,3	
133,2	
135,8	
134,6
USBN	
УралСиб ао
300	
3 067 331	
0,0703	
0,0698	
0,069	
0,0716	
0,0707
ROST	
РОСИНТЕРао
432	
3 009 188	
64	
62,4	
61	
69	
62,8
VRSBP	
ТНСэнВор-п
213	
2 922 150	
50,5	
48	
48	
54	
49
FESH	
ДВМП ао
266	
2 871 992	
7,53	
7,5	
7,5	
7,58	
7,53
STSBP	
СтаврЭнСбп
509	
2 723 441	
0,504	
0,5005	
0,484	
0,5145	
0,508
AMEZ	
АшинскийМЗ
684	
2 615 610	
4,795	
4,805	
4,745	
4,885	
4,795
UNKL	
ЮУНК ао
208	
2 540 640	
8 440	
8 310	
8 250	
8 550	
8 390
RKKE	
ЭнергияРКК
183	
2 512 000	
8 520	
8 600	
8 330	
8 800	
8 640
TGKBP	
ТГК-2 ап
163	
2 506 450	
0,00757	
0,00756	
0,00746	
0,00769	
0,00754
DIOD	
ЗаводДИОД
329	
2 497 310	
7,74	
7,8	
7,6	
7,85	
7,77
YAKG	
ЯТЭК ао
82	
2 470 515	
42,75	
42,95	
42,15	
43,15	
42,95
CHEP	
ЧТПЗ ао
204	
2 391 585	
209	
209	
207	
212	
212
RTGZ	
ГазпРнД ао
67	
2 382 500	
29 800	
28 700	
28 700	
31 150	
30 000
IRKT	
ИРКУТ-3
237	
2 371 716	
36,04	
35,74	
35,66	
36,3	
36,22
PMSBP	
ПермьЭнС-п
179	
2 339 810	
132,6	
132,2	
131,2	
133,2	
133,2
BELU	
Белуга ао
276	
2 164 706	
1 323	
1 320	
1 310	
1 342	
1 324
TGKN	
ТГК-14
140	
2 144 650	
0,00343	
0,00344	
0,00338	
0,00346	
0,00338
MSRS	
РСетиМР ао
112	
2 076 389	
1,1805	
1,1825	
1,173	
1,1895	
1,179
KROT	
КрасОкт-ао
117	
2 031 065	
410,5	
390,5	
388,5	
422	
418,5
SAGO	
СамарЭн-ао
152	
1 865 960	
0,456	
0,454	
0,448	
0,476	
0,45
YKENP	
Якутскэн-п
186	
1 856 470	
0,4485	
0,4295	
0,428	
0,4795	
0,4475
UNAC	
iАвиастКао
307	
1 823 797	
0,4965	
0,494	
0,493	
0,499	
0,4985
KMEZ	
КМЗ
883	
1 804 749	
525,5	
502	
500	
546,5	
545,5
NSVZ	
НаукаСвяз
314	
1 676 190	
250	
259	
242	
259	
252
GTRK	
ГТМ ао
358	
1 662 687	
45,1	
45,4	
44,55	
45,9	
44,95
LPSB	
ЛЭСК ао
494	
1 658 580	
8,85	
8,3	
8,25	
9,5	
8,6
PAZA	
ПавлАвт ао
93	
1 630 650	
9 210	
8 900	
8 890	
9 500	
9 180
KGKC	
КурганГКао
243	
1 625 405	
58,5	
55,5	
54,5	
68	
56
KZOS	
ОргСинт ао
275	
1 507 978	
87,7	
87,3	
87,2	
88,7	
87,8
IRGZ	
ИркЭнерго
242	
1 487 740	
12,18	
12,1	
12,02	
12,46	
12,16
MSTT	
Мостотрест
182	
1 432 996	
159,2	
159	
158	
159,95	
158,9
VRSB	
ТНСэнВорон
101	
1 345 860	
67	
67,8	
63,2	
71,4	
67
LSNG	
РСетиЛЭ
265	
1 337 482	
6,11	
6,15	
6,04	
6,15	
6,12
UWGN	
ОВК ао
175	
1 248 206	
237,7	
241,4	
234,7	
241,4	
237,7
KAZT	
Куйбазот
39	
1 205 106	
148,2	
148,8	
146,8	
149	
149
MRKU	
МРСК Ур
141	
1 191 688	
0,1534	
0,1528	
0,1526	
0,154	
0,153
ISKJ	
iИСКЧ ао
137	
1 187 141	
24,48	
24,46	
24,26	
24,7	
24,47
RAVN	
Raven
71	
1 170 960	
30,35	
30,25	
30	
30,8	
30,7
RBCM	
РБК ао
240	
1 156 441	
3,446	
3,44	
3,4	
3,478	
3,458
NNSB	
ТНСэнНН ао
190	
1 143 400	
1 760	
1 735	
1 595	
1 955	
1 615
KLSB	
КалужскСК
250	
1 096 248	
12,54	
12,4	
12,4	
12,72	
12,63
RZSB	
РязЭнСб
85	
1 034 100	
9,5	
9,84	
9,32	
9,92	
9,38
KRSB	
Красэсб ао
82	
1 027 400	
7,34	
7,23	
7,23	
7,44	
7,41
NAUK	
iНПОНаука
185	
1 023 810	
203,6	
202,4	
201	
206,4	
205
TTLK	
Таттел. ао
107	
982 470	
0,309	
0,312	
0,306	
0,312	
0,3075
MRKS	
РсетСиб ао
100	
940 095	
0,2405	
0,2465	
0,237	
0,2465	
0,2375
NFAZ	
Нефтекамск
106	
877 540	
169,8	
167,4	
165,4	
172,4	
167,4
NKHP	
НКХП ао
136	
814 155	
240	
242	
237,5	
242,5	
239
KBSB	
ТНСэКубань
111	
781 120	
151,5	
151,5	
149	
158	
150,5
JNOSP	
Слав-ЯНОСп
102	
774 612	
14,52	
14,94	
14,26	
15	
14,5
DVEC	
ДЭК ао
151	
726 492	
0,942	
0,944	
0,935	
0,949	
0,942
CHKZ	
ЧКПЗ ао
88	
687 960	
5 500	
5 460	
5 400	
5 640	
5 580
VLHZ	
ВХЗ-ао
139	
676 889	
55,35	
55	
54,75	
56,7	
55,2
ASSB	
АстрЭнСб
197	
675 593	
0,832	
0,84	
0,821	
0,84	
0,836
GEMA	
iММЦБ ао
119	
672 239	
600,5	
603	
600	
603	
601
ARSA	
Арсагера
58	
666 550	
4,02	
4,03	
3,95	
4,11	
4,05
VSYD	
ВыбСудЗ ао
94	
647 620	
4 075	
3 985	
3 940	
4 380	
3 955
KGKCP	
КурганГКап
132	
628 890	
57	
54,5	
54,5	
58,5	
56
ELTZ	
Электрцинк
253	
607 929	
189,5	
193	
185	
193	
192
DZRDP	
iДонскЗР п
136	
599 970	
1 850	
1 830	
1 800	
1 880	
1 830
JNOS	
Славн-ЯНОС
105	
582 625	
18,9	
19,5	
18,35	
19,5	
19
VZRZP	
Возрожд-п
76	
580 832	
332	
334,2	
328,6	
345,8	
330,8
NNSBP	
ТНСэнНН ап
118	
577 552	
633	
637	
622	
656	
627
YRSBP	
ТНСэнЯр-п
33	
549 155	
92,5	
92,5	
91	
94,5	
93
KZOSP	
ОргСинт ап
344	
519 126	
11,98	
11,99	
11,9	
12,04	
11,97
RUSP	
Русполимет
45	
516 480	
0,6375	
0,632	
0,632	
0,6425	
0,6365
IGSTP	
Ижсталь ап
95	
501 336	
912	
950	
901	
950	
914
MRKZ	
МРСК СЗ
86	
499 388	
0,052	
0,0521	
0,05175	
0,0522	
0,052
MRKY	
РоссЮг ао
111	
496 987	
0,0509	
0,05055	
0,05055	
0,051	
0,05085
CHMK	
ЧМК ао
89	
494 950	
2 735	
2 710	
2 690	
2 755	
2 750
SLEN	
Сахэнер ао
100	
494 014	
6,45	
6,3	
6,3	
6,68	
6,45
ZILL	
ЗИЛ ао
37	
476 200	
2 590	
2 585	
2 575	
2 610	
2 590
KTSB	
КСБ ао
197	
476 194	
0,756	
0,8	
0,726	
0,808	
0,75
BISVP	
БашИнСв ап
96	
475 944	
9,41	
9,42	
9,25	
9,55	
9,52
AVAN	
Авангрд-ао
109	
458 625	
820	
815	
805	
830	
825
KROTP	
КрасОкт-1п
43	
425 410	
280	
276	
271	
288,5	
285
TUZA	
ТЗА ао
40	
416 910	
99	
99	
99	
100	
100
URKZ	
УрКузница
20	
402 740	
18 300	
18 100	
18 100	
18 600	
18 420
KOGK	
КоршГОК ао
4	
394 800	
49 400	
49 400	
49 200	
49 400	
49 200
KAZTP	
Куйбазот-п
29	
387 102	
149	
149,2	
146,6	
149,2	
149
KTSBP	
КСБ ап
68	
348 620	
0,303	
0,32	
0,2975	
0,324	
0,306
GAZA	
ГАЗ ао
24	
344 090	
400	
400,5	
397	
402	
399,5
GAZAP	
ГАЗ ап
51	
325 480	
310	
307	
307	
312	
309
KRSBP	
Красэсб ап
25	
320 380	
7,24	
7,68	
7,06	
7,68	
7,4
MISB	
ТНСэнМарЭл
43	
313 950	
13,5	
13,5	
13,4	
13,7	
13,6
VSYDP	
ВыбСудЗ ап
52	
307 620	
4 040	
4 140	
4 000	
4 140	
4 040
HIMCP	
Химпром ап
64	
306 582	
6,3	
6,21	
6,21	
6,33	
6,29
UTAR	
ЮТэйр ао
58	
299 224	
7,23	
7,34	
7,16	
7,34	
7,23
KRKN	
СаратНПЗ
10	
298 850	
13 000	
13 000	
12 950	
13 050	
13 050
TGKD	
Квадра
110	
298 850	
0,003555	
0,003515	
0,003515	
0,00359	
0,00355
IGST	
Ижсталь2ао
82	
296 270	
1 008	
1 005	
989	
1 052	
1 025
PRMB	
Приморье
12	
289 600	
22 200	
22 400	
22 200	
22 400	
22 400
TNSE	
ТНСэнрг ао
53	
266 370	
1 085	
1 080	
1 045	
1 115	
1 080
MFGS	
Мегион-ао
24	
265 295	
384,5	
384	
381	
389,5	
381
RDRB	
РДБанк ао
32	
265 000	
230	
230	
230	
235	
235
BLNG	
Белон ао
86	
260 230	
4,472	
4,494	
4,4	
4,494	
4,478
KCHE	
КамчатЭ ао
54	
254 320	
0,219	
0,215	
0,215	
0,221	
0,2175
ZVEZ	
ЗВЕЗДА ао
26	
253 200	
4,605	
4,58	
4,55	
4,635	
4,58
UCSS	
ОКС ао
38	
236 540	
1 470	
1 490	
1 450	
1 500	
1 480
SAGOP	
СамарЭн-ап
34	
236 310	
0,407	
0,405	
0,401	
0,415	
0,406
MAGE	
МагадЭн ао
31	
233 730	
6,49	
6,41	
6,3	
6,59	
6,41
MGTS	
МГТС-5ао
36	
217 905	
2 345	
2 365	
2 305	
2 365	
2 335
MISBP	
ТНСэМаЭл-п
31	
207 820	
12,6	
12,7	
12,5	
12,8	
12,6
RLMN	
Роллман
55	
202 839	
19,1	
19,05	
19	
19,25	
19,25
TGKDP	
Квадра-п
63	
202 371	
0,00425	
0,00425	
0,004155	
0,004345	
0,00422
LVHK	
Левенгук
49	
169 770	
8,28	
8,3	
8,22	
8,4	
8,24
WTCMP	
ЦМТ ап
26	
167 490	
8,34	
8,22	
8,22	
8,36	
8,32
KBTK	
КузбТК ао
50	
163 162	
152,6	
150,6	
150,6	
153,2	
152,8
MAGEP	
МагадЭн ап
14	
154 110	
7,71	
7,77	
7,55	
7,83	
7,55
TORS	
ТРК ао
11	
143 980	
0,464	
0,44	
0,44	
0,47	
0,468
MRKK	
Россети СК
42	
137 869	
25,92	
26,02	
25,82	
26,06	
26
TASBP	
ТамбЭнСб-п
31	
112 130	
0,3505	
0,354	
0,348	
0,3545	
0,3515
DZRD	
iДонскЗР
25	
101 040	
2 350	
2 335	
2 290	
2 365	
2 345
TASB	
ТамбЭнСб
21	
99 200	
0,4725	
0,479	
0,461	
0,479	
0,473
WTCM	
ЦМТ ао
12	
96 392	
9,36	
9,42	
9,26	
9,46	
9,26
MFGSP	
Мегион-ап
12	
96 110	
331,5	
328	
328	
336,5	
330,5
RLMNP	
Роллман-п
40	
76 669	
19,36	
19,96	
19,3	
19,96	
19,4
ROSB	
Росбанк ао
31	
69 814	
71,2	
70,6	
70,6	
72	
71,8
MGNZ	
СМЗ-ао
6	
69 600	
4 640	
4 660	
4 600	
4 660	
4 660
YRSB	
ТНСэнЯр
9	
65 320	
182	
178	
178	
184	
180
NKSH	
Нижкамшина
13	
62 466	
22,32	
22,06	
22,06	
22,6	
22,38
KCHEP	
КамчатЭ ап
12	
61 880	
0,387	
0,386	
0,38	
0,389	
0,389
KRKOP	
ТКЗКК ап
31	
48 995	
7,205	
7,275	
7,15	
7,275	
7,245
RUSI	
ИКРУСС-ИНВ
9	
38 650	
38,7	
38,4	
38,4	
38,9	
38,9
OMZZP	
ОМЗ-ап
9	
31 690	
3 520	
3 545	
3 495	
3 545	
3 495
ALBK	
БестЭфБ ао
13	
31 470	
53,5	
52,5	
52,5	
53,5	
53
TORSP	
ТРК ап
6	
25 140	
0,2795	
0,276	
0,276	
0,28	
0,28
UKUZ	
ЮжКузб. ао
17	
13 858	
554	
562	
548	
562	
556
PRTK	
ПРОТЕК ао
0	
0	
-	
-	
-	
-	
99,6
KUNF	
КУЗОЦМ ао
0	
0	
-	
-	
-	
-	
-
NPOF	
Физика ао
0	
0	
-	
-	
-	
-	
11 850
TRCN	
ТрансК ао
0	
0	
-	
-	
-	
-	
8 595
GAZC	
ГАЗКОН-ао
0	
0	
-	
-	
-	
-	
295
GTSS	
ГЕОТЕК ао
0	
0	
-	
-	
-	
-	
-
TRFM	
ТрансФ ао
0	
0	
-	
-	
-	
-	
-
KMTZ	
КосогМЗ ао
0	
0	
-	
-	
-	
-	
-
KZMS	
КЗМС ао
0	
0	
-	
-	
-	
-	
226
GAZS	
ГАЗ-сервис
0	
0	
-	
-	
-	
-	
293
HIMC	
Химпром ао
0	
0	
-	
-	
-	
-	
0,99
MOBB	
МосОблБанк
0	
0	
-	
-	
-	
-	
0,698
URKA	
Уркалий-ао
0	
0	
-	
-	
-	
-	
119,04
VZRZ	
Возрожд-ао
0	
0	
-	
-	
-	
-	
480
GAZT	
ГАЗ-Тек ао
0	
0	
-	
-	
-	
-	
85
KSGR	
Кокс ао
0	
0	
-	
-	
-	
-	
-
BISV	
БашИнСв ао
0	
0	
-	
-	
-	
-	
8,7
MFON	
МегаФон ао
0	
0	
-	
-	
-	
-	
650,6
MORI	
Морион ао
0	
0	
-	
-	
-	
-	
4,31
KRKO	
ТКЗКК ао
0	
0	
-	
-	
-	
-	
11,8