SBER	
Сбербанк
80 823	
10 804 190 711	
206,5	
205,97	
204,57	
208,49	
205,58
GAZP	
ГАЗПРОМ ао
59 242	
6 576 754 568	
168,77	
167,5	
166,87	
169,8	
169
GMKN	
ГМКНорНик
30 262	
6 356 849 966	
19 634	
19 400	
19 284	
19 822	
19 474
YNDX	
Yandex clA
44 204	
4 591 643 244	
4 753,2	
4 697,8	
4 685	
4 794	
4 731
LKOH	
ЛУКОЙЛ
20 500	
2 731 834 479	
4 461	
4 444	
4 428	
4 493,5	
4 453,5
AFLT	
Аэрофлот
61 194	
2 303 282 809	
59,84	
60,92	
59,4	
60,94	
59,7
PLZL	
Полюс
12 851	
2 092 665 827	
16 878,5	
17 039	
16 715	
17 039	
16 848
MGNT	
Магнит ао
18 162	
2 051 109 420	
4 790	
4 695	
4 676	
4 863	
4 835
ALRS	
АЛРОСА ао
38 110	
1 895 423 164	
77,43	
75,6	
75,02	
78,44	
77,85
MAIL	
MAIL-гдр
31 806	
1 728 756 044	
2 224	
2 175	
2 170	
2 250	
2 239,8
MOEX	
МосБиржа
23 880	
1 725 376 282	
151,6	
149,96	
149,09	
153,1	
150,98
ROSN	
Роснефть
12 308	
1 701 588 940	
384,35	
386,1	
382,7	
387,15	
384,3
POLY	
Polymetal
18 886	
1 699 034 515	
1 722,5	
1 713,4	
1 700	
1 730,7	
1 725,5
AFKS	
Система ао
27 705	
1 651 359 453	
24,242	
23,42	
23,42	
24,628	
24,25
TATN	
Татнфт 3ао
27 716	
1 369 152 987	
454,2	
459	
452	
459	
453,5
TCSG	
TCS-гдр
27 576	
1 341 413 085	
1 929,4	
1 980,2	
1 871,8	
2 019	
1 875
FLOT	
Совкомфлот
19 209	
1 338 775 861	
103,69	
103,48	
103,01	
104,5	
103,55
SBERP	
Сбербанк-п
24 382	
1 236 850 102	
198,9	
199,1	
198	
200,08	
198,01
IRAO	
ИнтерРАОао
10 965	
1 034 547 926	
5,337	
5,33	
5,282	
5,373	
5,282
MTSS	
МТС-ао
11 217	
807 946 269	
331,65	
330,15	
329,55	
333,3	
331,5
MAGN	
ММК
15 586	
784 419 653	
35,905	
35,945	
35,66	
36,25	
35,775
NLMK	
НЛМК ао
11 119	
694 655 112	
171,92	
169,26	
169	
173,52	
173,46
NVTK	
Новатэк ао
11 038	
650 360 816	
1 100	
1 096,6	
1 091,4	
1 105	
1 099,6
SNGSP	
Сургнфгз-п
10 196	
645 606 717	
37,995	
37,83	
37,8	
38,15	
38,095
SNGS	
Сургнфгз
7 725	
626 119 266	
34,55	
34,52	
34,34	
34,8	
34,58
FIVE	
FIVE-гдр
9 850	
611 140 548	
2 916,5	
2 834,5	
2 821	
2 955	
2 954,5
CHMF	
СевСт-ао
10 030	
577 811 913	
1 007,8	
1 004,6	
998,2	
1 012	
1 007
HYDR	
РусГидро
12 920	
513 403 107	
0,7197	
0,7173	
0,7134	
0,7248	
0,7184
MVID	
М.видео
9 783	
493 068 443	
643	
660,7	
625,1	
660,7	
646
VTBR	
ВТБ ао
30 738	
444 534 796	
0,03329	
0,033195	
0,033115	
0,03354	
0,033225
POGR	
Petropavl
11 225	
401 110 783	
31,18	
31,76	
30,905	
31,995	
30,98
RTKM	
Ростел -ао
7 377	
368 352 975	
93,73	
92,9	
92,56	
94,29	
94
TATNP	
Татнфт 3ап
17 326	
347 566 425	
438,9	
442,6	
437,1	
444	
437,5
CBOM	
МКБ ао
6 926	
320 918 232	
5,691	
5,669	
5,658	
5,708	
5,67
FEES	
ФСК ЕЭС ао
8 627	
289 390 365	
0,19476	
0,1945	
0,1936	
0,1968	
0,1936
RUAL	
РУСАЛ ао
13 505	
264 130 493	
32,705	
32,05	
32,01	
33,185	
32,805
TRNFP	
Транснф ап
740	
174 921 150	
146 850	
146 050	
146 050	
147 250	
146 800
RSTI	
Россети ао
3 407	
149 019 062	
1,4283	
1,4158	
1,4143	
1,439	
1,4242
LNTA	
Лента др
15 106	
119 805 909	
222,1	
217,2	
216,3	
224,8	
223,5
DSKY	
ДетскийМир
5 542	
118 598 590	
118,34	
116,2	
116,2	
119,24	
118,56
SIBN	
Газпрнефть
4 114	
112 572 331	
286,65	
287,2	
284,2	
288,85	
286,3
UPRO	
Юнипро ао
3 031	
109 936 391	
2,727	
2,747	
2,713	
2,747	
2,715
PIKK	
ПИК ао
2 416	
103 936 161	
565,3	
567,7	
562,2	
571,5	
570
LSRG	
ЛСР ао
8 328	
98 152 267	
864,2	
846	
842,4	
881	
873
PHOR	
ФосАгро ао
2 577	
83 026 552	
2 860	
2 850	
2 845	
2 872	
2 854
MTLR	
Мечел ао
5 920	
58 091 076	
60,41	
60,6	
60	
61,18	
60
RASP	
Распадская
2 003	
53 964 861	
118,96	
119,4	
118,26	
121,12	
119,02
AGRO	
AGRO-гдр
2 738	
47 667 870	
748,2	
742,4	
733,2	
755,8	
748
APTK	
Аптеки36и6
9 484	
42 105 869	
14,078	
14,082	
13,864	
14,276	
13,992
OGKB	
ОГК-2 ао
2 045	
35 043 929	
0,7493	
0,7401	
0,7373	
0,7574	
0,7479
ETLN	
ETLN-гдр
8 761	
33 253 271	
123,3	
122,44	
121	
124	
123,92
ENRU	
ЭнелРос ао
1 619	
31 775 378	
0,916	
0,9185	
0,9105	
0,9195	
0,9175
MRKV	
РсетВол ао
1 925	
31 240 705	
0,0707	
0,06865	
0,0685	
0,0718	
0,07115
QIWI	
iQIWI
2 293	
29 511 326	
1 323	
1 319,5	
1 299	
1 340	
1 329
LNZL	
Лензолото
101	
29 050 960	
19 090	
19 060	
19 040	
19 100	
19 050
BANEP	
Башнефт ап
2 324	
28 999 292	
1 220,5	
1 220	
1 215,5	
1 226,5	
1 216,5
HHRU	
iHHRU-адр
300	
27 323 579	
1 842,6	
1 825,2	
1 805,2	
1 849	
1 842
TGKA	
ТГК-1
2 292	
24 216 455	
0,010724	
0,0108	
0,01063	
0,010836	
0,01068
AKRN	
Акрон
840	
22 159 306	
6 034	
6 094	
5 906	
6 094	
6 084
AQUA	
РусАква ао
1 027	
18 940 775	
242	
240	
233	
250,5	
248,5
LSNGP	
РСетиЛЭ-п
904	
18 853 369	
153,8	
153,9	
152,25	
155,45	
153,85
RTKMP	
Ростел -ап
2 062	
17 687 461	
85	
84,9	
84,35	
85,85	
84,65
OBUV	
ОР ао
5 387	
17 159 287	
31,8	
30,75	
30,5	
32,7	
32,4
NKNCP	
НКНХ ап
1 765	
15 601 110	
76,14	
76,52	
75,9	
76,84	
75,9
ISKJ	
iИСКЧ ао
1 247	
15 044 062	
31,03	
31,6	
30,31	
32,19	
30,4
NMTP	
НМТП ао
2 428	
15 004 995	
8,34	
8,34	
8,3	
8,415	
8,32
FESH	
ДВМП ао
1 017	
14 911 943	
10,21	
10,17	
9,94	
10,54	
10,52
MRKP	
МРСК ЦП
652	
13 286 515	
0,2201	
0,22	
0,2185	
0,2221	
0,2201
INGR	
ИНГРАД ао
900	
12 502 172	
921	
875	
875	
942	
916
MTLRP	
Мечел ап
1 101	
11 328 032	
67,85	
67,1	
66,5	
68,75	
68,15
SELG	
Селигдар
638	
9 376 178	
42,37	
42,5	
41,7	
42,89	
42,2
MRKS	
РсетСиб ао
373	
8 718 420	
0,2665	
0,2455	
0,245	
0,2845	
0,267
TRMK	
ТМК ао
346	
7 825 981	
60,76	
60,64	
60,54	
60,94	
60,88
BSPB	
БСП ао
2 762	
7 738 104	
41,7	
41,77	
41,48	
41,89	
41,76
GCHE	
ЧеркизГ-ао
695	
7 607 140	
1 854,5	
1 854	
1 848	
1 862	
1 849,5
TTLK	
Таттел. ао
251	
6 950 160	
0,3435	
0,3355	
0,335	
0,3465	
0,3465
MSNG	
+МосЭнерго
509	
6 445 723	
2,0345	
2,046	
2,0245	
2,0485	
2,0335
LIFE	
iФармсинтз
580	
5 489 665	
6,68	
6,695	
6,61	
6,76	
6,675
KRKNP	
СаратНПЗ-п
201	
4 878 380	
15 240	
15 280	
15 200	
15 320	
15 260
VSMO	
ВСМПО-АВСМ
132	
3 821 740	
17 060	
17 180	
17 020	
17 180	
17 040
BRZL	
БурЗолото
492	
3 662 515	
1 021	
1 021	
1 010	
1 068	
1 010
BANE	
Башнефт ао
385	
3 521 830	
1 635	
1 631	
1 627,5	
1 640	
1 634,5
ENPG	
ЭН+ГРУП ао
1 099	
3 476 851	
697,5	
699,5	
693	
704	
696
RSTIP	
Россети ап
430	
3 249 628	
1,995	
1,999	
1,99	
2	
1,996
SELGP	
Селигдар-п
261	
3 229 080	
35,3	
35,65	
34,9	
35,8	
34,95
MRKC	
МРСК Центр
976	
3 070 075	
0,302	
0,302	
0,2984	
0,3046	
0,3018
TGKD	
Квадра
1 711	
3 039 323	
0,00383	
0,00384	
0,003735	
0,00389	
0,00383
YAKG	
ЯТЭК ао
158	
3 032 755	
47,6	
49,5	
46,35	
49,5	
47,35
CNTLP	
Телеграф-п
379	
2 920 120	
14,14	
14,16	
14,08	
14,22	
14,14
BELU	
Белуга ао
259	
2 836 745	
1 257	
1 275	
1 251	
1 275	
1 260
RNFT	
РуссНфт ао
1 284	
2 771 850	
338,4	
340,2	
335,6	
342,8	
336,6
ABRD	
АбрауДюрсо
476	
2 587 050	
201	
202	
198,5	
203,5	
203,5
RUGR	
Русгрэйн
2 723	
2 142 256	
9,28	
9,148	
9,064	
9,498	
9,248
HALS	
Галс-Девел
383	
2 071 333	
1 156	
1 150	
1 116	
1 200	
1 153
KZOS	
ОргСинт ао
443	
2 023 696	
79	
80,5	
78,7	
80,5	
79
MGTSP	
МГТС-4ап
199	
1 929 846	
1 906	
1 890	
1 890	
1 924	
1 900
UNKL	
ЮУНК ао
151	
1 904 730	
6 590	
6 550	
6 450	
6 830	
6 520
LNZLP	
Лензол. ап
190	
1 893 635	
3 840	
3 835	
3 795	
3 885	
3 825
KMAZ	
КАМАЗ
741	
1 809 943	
59,9	
60	
59,1	
60,5	
60,3
SVAV	
СОЛЛЕРС
70	
1 806 215	
289,5	
286	
286	
291,5	
288
HIMCP	
Химпром ап
351	
1 569 071	
7,03	
7	
6,97	
7,09	
6,98
NKNC	
НКНХ ао
406	
1 358 378	
87,85	
88,1	
87,5	
88,1	
88,1
IRKT	
ИРКУТ-3
104	
1 357 786	
32,1	
32,1	
31,86	
32,58	
32,24
KZOSP	
ОргСинт ап
1 587	
1 167 532	
10,95	
10,99	
10,87	
11,19	
10,91
UNAC	
iАвиастКао
568	
1 093 434	
0,4135	
0,41	
0,41	
0,417	
0,412
CNTL	
Телеграф
174	
1 082 580	
16,55	
16,5	
16,4	
16,6	
16,5
ALNU	
АЛРОСА-Нюр
11	
1 022 200	
56 800	
56 800	
56 600	
56 800	
56 800
GTRK	
ГТМ ао
1 835	
944 679	
42,65	
42,1	
42,1	
42,8	
42,5
MRSB	
МордЭнСб
69	
930 140	
0,441	
0,44	
0,438	
0,443	
0,443
MRKU	
МРСК Ур
93	
900 720	
0,1354	
0,1348	
0,1342	
0,1374	
0,1372
KOGK	
КоршГОК ао
18	
892 400	
47 000	
45 800	
45 800	
47 600	
47 000
KRSB	
Красэсб ао
64	
816 724	
7,16	
7,19	
7,09	
7,3	
7,24
NKHP	
НКХП ао
108	
809 110	
257	
259	
253	
259	
255
CHEP	
ЧТПЗ ао
101	
783 545	
208,5	
210	
207	
210	
209
BISVP	
БашИнСв ап
180	
761 777	
9,94	
9,78	
9,78	
10,08	
9,91
NSVZ	
НаукаСвяз
174	
729 120	
203,5	
207	
200,5	
207,5	
203
AMEZ	
АшинскийМЗ
953	
711 498	
4,695	
4,695	
4,65	
4,71	
4,7
BLNG	
Белон ао
169	
673 848	
4,088	
4,238	
4	
4,238	
4,086
RGSS	
РГС СК ао
130	
669 553	
0,1424	
0,1434	
0,141	
0,145	
0,1428
TGKB	
ТГК-2
78	
664 170	
0,003955	
0,003965	
0,00393	
0,00399	
0,003935
KROT	
КрасОкт-ао
57	
657 850	
367,5	
362	
360	
380	
368
YRSB	
ТНСэнЯр
65	
647 600	
176	
170	
170	
178	
176
RBCM	
РБК ао
127	
603 284	
3,288	
3,386	
3,282	
3,386	
3,3
LSNG	
РСетиЛЭ
315	
601 657	
5,52	
5,53	
5,48	
5,55	
5,53
SFIN	
САФМАР ао
39	
593 780	
478,8	
467,4	
462,6	
481,4	
480,4
RTGZ	
ГазпРнД ао
14	
581 150	
27 650	
27 150	
27 150	
28 600	
27 850
MRKZ	
МРСК СЗ
350	
536 581	
0,04955	
0,04875	
0,04875	
0,0501	
0,04975
KGKCP	
КурганГКап
106	
527 345	
57	
56,5	
56,5	
57	
57
RKKE	
ЭнергияРКК
41	
523 810	
6 470	
6 390	
6 390	
6 640	
6 530
KAZT	
Куйбазот
83	
491 794	
151,8	
152,6	
151	
154	
153
ROLO	
Русолово
42	
464 978	
6,2	
6,162	
6,16	
6,286	
6,21
IRGZ	
ИркЭнерго
88	
462 784	
11,42	
11,56	
11,3	
11,56	
11,46
ROST	
РОСИНТЕРао
58	
422 470	
62,8	
61,2	
61,2	
63,4	
62,8
URKZ	
УрКузница
6	
420 640	
16 180	
16 140	
15 940	
16 320	
16 140
PMSB	
ПермьЭнСб
55	
412 972	
130,7	
130,6	
130,5	
132,2	
130,8
ZVEZ	
ЗВЕЗДА ао
73	
410 045	
4,225	
4,325	
4,02	
4,375	
4,205
PMSBP	
ПермьЭнС-п
105	
400 984	
129,8	
130	
129,2	
130,8	
130
EELT	
ЕвроЭлтех
150	
392 866	
8,08	
8,34	
8,02	
8,48	
8,1
DIOD	
ЗаводДИОД
88	
366 907	
7,17	
7,23	
7,1	
7,28	
7,11
MRKY	
РоссЮг ао
453	
364 534	
0,0472	
0,0473	
0,04695	
0,04745	
0,047
MSRS	
РСетиМР ао
102	
364 260	
1,1675	
1,1555	
1,1555	
1,1735	
1,1675
MFGS	
Мегион-ао
15	
362 710	
318	
318	
318	
320	
318,5
RLMN	
Роллман
165	
350 307	
17,35	
17,3	
17	
17,8	
17,55
AVAN	
Авангрд-ао
69	
337 580	
815	
820	
805	
830	
815
KRSBP	
Красэсб ап
67	
335 836	
7,28	
7,02	
7,02	
7,48	
7,28
YKEN	
Якутскэнрг
30	
328 550	
0,382	
0,381	
0,381	
0,387	
0,3815
CHKZ	
ЧКПЗ ао
23	
325 920	
5 180	
5 260	
5 100	
5 260	
5 160
UWGN	
ОВК ао
504	
322 207	
198,5	
196,7	
196,7	
200,9	
198,9
SAGO	
СамарЭн-ао
20	
272 340	
0,592	
0,58	
0,58	
0,596	
0,58
RUSP	
Русполимет
141	
262 232	
0,6365	
0,6305	
0,6305	
0,644	
0,6415
ELTZ	
Электрцинк
116	
261 946	
162,5	
162,5	
160	
164	
164
NFAZ	
Нефтекамск
29	
259 716	
207,8	
205,2	
205,2	
209,8	
209,6
KLSB	
КалужскСК
64	
258 652	
13	
12,88	
12,87	
13,22	
13,03
VZRZP	
Возрожд-п
35	
255 434	
300,6	
296	
296	
310	
302,6
RTSB	
ТНСэнРст
15	
252 350	
0,535	
0,55	
0,535	
0,55	
0,535
KRKN	
СаратНПЗ
10	
249 900	
11 900	
11 850	
11 850	
12 000	
12 000
KUZB	
КузнецкийБ
138	
248 938	
0,01352	
0,01367	
0,01341	
0,01367	
0,01351
MAGE	
МагадЭн ао
19	
243 770	
5,95	
5,87	
5,87	
6,03	
5,97
CHMK	
ЧМК ао
63	
233 710	
2 460	
2 490	
2 435	
2 505	
2 440
VRSB	
ТНСэнВорон
25	
222 780	
67,6	
67,6	
66,6	
69,6	
69,6
UTAR	
ЮТэйр ао
53	
220 758	
6,73	
6,78	
6,66	
6,78	
6,75
TGKBP	
ТГК-2 ап
115	
210 737	
0,00673	
0,0066	
0,0066	
0,00684	
0,00667
TGKN	
ТГК-14
36	
201 610	
0,00305	
0,00308	
0,00305	
0,00308	
0,00305
LPSB	
ЛЭСК ао
40	
201 390	
7,95	
7,95	
7,9	
8,1	
8,1
KCHE	
КамчатЭ ао
14	
196 220	
0,218	
0,201	
0,201	
0,2205	
0,2125
STSBP	
СтаврЭнСбп
53	
189 082	
0,375	
0,3775	
0,3685	
0,3805	
0,3805
GAZA	
ГАЗ ао
26	
187 445	
390,5	
390	
388	
393	
388
KBTK	
КузбТК ао
73	
178 858	
144,2	
147,8	
143	
147,8	
144,2
VLHZ	
ВХЗ-ао
36	
167 583	
53,7	
54,15	
53,35	
54,15	
54,05
IGSTP	
Ижсталь ап
32	
164 212	
842	
852	
835	
852	
849
TORS	
ТРК ао
13	
159 820	
0,381	
0,383	
0,378	
0,392	
0,383
MGNZ	
СМЗ-ао
28	
153 570	
4 950	
5 110	
4 870	
5 110	
4 870
VGSB	
ВолгЭнСб
20	
153 245	
3,83	
3,88	
3,8	
3,895	
3,86
SAGOP	
СамарЭн-ап
23	
151 290	
0,473	
0,462	
0,459	
0,48	
0,476
STSB	
СтаврЭнСб
93	
146 998	
0,5365	
0,555	
0,533	
0,555	
0,5485
GEMA	
iММЦБ ао
45	
146 572	
596	
602,5	
593,5	
602,5	
597
DVEC	
ДЭК ао
107	
135 411	
0,909	
0,906	
0,906	
0,912	
0,908
SLEN	
Сахэнер ао
36	
126 028	
5,705	
5,845	
5,66	
5,845	
5,68
TNSE	
ТНСэнрг ао
44	
122 840	
990	
1 000	
985	
1 000	
990
NAUK	
iНПОНаука
25	
121 324	
195,6	
195	
195	
196,6	
195,4
ARSA	
Арсагера
24	
118 220	
3,69	
3,73	
3,65	
3,86	
3,65
WTCM	
ЦМТ ао
37	
114 800	
8,76	
8,82	
8,72	
8,86	
8,84
TORSP	
ТРК ап
8	
98 105	
0,2805	
0,2815	
0,28	
0,2835	
0,281
KRKOP	
ТКЗКК ап
28	
89 529	
8,365	
8,465	
8,33	
8,465	
8,385
ZILL	
ЗИЛ ао
8	
87 535	
2 500	
2 480	
2 480	
2 525	
2 500
KAZTP	
Куйбазот-п
16	
83 630	
152	
151,8	
151,2	
155	
152,2
USBN	
УралСиб ао
19	
80 960	
0,0669	
0,0666	
0,0665	
0,0673	
0,0671
MFGSP	
Мегион-ап
6	
80 870	
289	
288,5	
286	
290	
289,5
ROSB	
Росбанк ао
24	
79 478	
75,6	
75,2	
75,2	
77,6	
76,2
TGKDP	
Квадра-п
51	
78 611	
0,004825	
0,00482	
0,004705	
0,004855	
0,004785
SARE	
СаратЭн-ао
39	
77 134	
0,133	
0,1314	
0,1314	
0,1348	
0,1322
TASB	
ТамбЭнСб
5	
76 075	
0,4005	
0,4	
0,4	
0,401	
0,4005
JNOSP	
Слав-ЯНОСп
21	
72 362	
13,66	
13,64	
13,5	
13,94	
13,9
ALBK	
БестЭфБ ао
26	
67 750	
57,5	
58	
57	
58	
57,5
PAZA	
ПавлАвт ао
8	
64 380	
8 050	
8 170	
8 000	
8 170	
8 030
WTCMP	
ЦМТ ап
11	
62 700	
8,14	
8,14	
8,1	
8,16	
8,14
KGKC	
КурганГКао
19	
61 940	
55,5	
56	
55	
56	
55,5
YRSBP	
ТНСэнЯр-п
23	
58 620	
89	
86	
86	
90,5	
89
TUZA	
ТЗА ао
9	
58 350	
104	
103	
103	
105	
105
NKSH	
Нижкамшина
4	
58 172	
22,38	
22,48	
22,36	
22,48	
22,36
MISBP	
ТНСэМаЭл-п
14	
51 950	
11,8	
11,8	
11,6	
11,9	
11,9
YKENP	
Якутскэн-п
5	
51 655	
0,369	
0,3695	
0,3685	
0,3695	
0,369
LVHK	
Левенгук
26	
50 847	
8,2	
8,16	
8,16	
8,27	
8,21
MGTS	
МГТС-5ао
11	
45 345	
2 160	
2 160	
2 155	
2 170	
2 170
VRSBP	
ТНСэнВор-п
7	
45 050	
45	
45	
44,5	
45,5	
45,5
TASBP	
ТамбЭнСб-п
14	
43 665	
0,291	
0,297	
0,286	
0,302	
0,293
RUSI	
ИКРУСС-ИНВ
7	
41 780	
38	
37,8	
37,7	
38,3	
38,3
KMEZ	
КМЗ
36	
39 407	
505	
508	
500,5	
514	
508,5
NNSBP	
ТНСэнНН ап
22	
38 606	
702	
678	
678	
709	
701
MISB	
ТНСэнМарЭл
11	
38 530	
12	
12	
12	
12,2	
12,1
GAZAP	
ГАЗ ап
5	
36 960	
308	
308	
308	
308	
308
SAREP	
СаратЭн-ап
27	
36 196	
0,1096	
0,114	
0,1048	
0,114	
0,1088
UKUZ	
ЮжКузб. ао
18	
34 844	
504	
506	
502	
506	
506
IGST	
Ижсталь2ао
12	
34 551	
934	
933	
933	
939	
936
KTSBP	
КСБ ап
10	
34 400	
0,2865	
0,2865	
0,284	
0,2895	
0,284
RZSB	
РязЭнСб
13	
32 604	
9,06	
9,08	
9,02	
9,1	
9,08
KROTP	
КрасОкт-1п
5	
31 675	
264	
267	
261,5	
267	
263,5
JNOS	
Славн-ЯНОС
10	
30 510	
17,95	
18	
17,85	
18	
17,95
VJGZ	
Варьеган
17	
29 990	
600	
603	
595	
604	
604
ASSB	
АстрЭнСб
12	
28 810	
0,758	
0,757	
0,7565	
0,76	
0,7575
VGSBP	
ВолгЭнСб-п
11	
27 675	
1,845	
1,825	
1,825	
1,89	
1,835
DZRDP	
iДонскЗР п
16	
26 270	
1 550	
1 540	
1 540	
1 560	
1 550
PRMB	
Приморье
1	
25 800	
25 800	
25 800	
25 800	
25 800	
25 800
KCHEP	
КамчатЭ ап
6	
22 260	
0,371	
0,355	
0,355	
0,382	
0,371
KBSB	
ТНСэКубань
13	
21 750	
136	
135,5	
135	
136,5	
136,5
RTSBP	
ТНСэнРст-п
4	
19 770	
0,494	
0,489	
0,489	
0,499	
0,499
NNSB	
ТНСэнНН ао
7	
17 275	
1 920	
1 910	
1 910	
1 935	
1 935
CHGZ	
РН-ЗапСиб
3	
15 660	
52,2	
52	
52	
52,6	
52,6
VSYDP	
ВыбСудЗ ап
4	
15 580	
3 900	
3 900	
3 880	
3 900	
3 880
RLMNP	
Роллман-п
14	
14 667	
18,1	
18,02	
17,98	
18,48	
18,22
RAVN	
Raven
3	
14 035	
28,05	
28,05	
28	
28,25	
28,25
VSYD	
ВыбСудЗ ао
2	
12 020	
4 005	
4 010	
4 000	
4 010	
4 000
MRKK	
Россети СК
18	
11 122	
24,72	
24,66	
24,5	
24,84	
24,78
RDRB	
РДБанк ао
5	
11 050	
220	
220	
215	
225	
225
DZRD	
iДонскЗР
5	
10 165	
2 035	
2 030	
2 030	
2 040	
2 040
VJGZP	
Варьеган-п
3	
9 890	
330	
331	
327	
331	
327
KUBE	
Кубанэнр
9	
9 875	
70,5	
70,2	
70,2	
70,8	
70,8
UCSS	
ОКС ао
6	
8 700	
1 450	
1 440	
1 440	
1 460	
1 450
KTSB	
КСБ ао
5	
7 426	
0,618	
0,618	
0,616	
0,62	
0,618
OMZZP	
ОМЗ-ап
2	
6 920	
3 460	
3 460	
3 460	
3 460	
3 460
MAGEP	
МагадЭн ап
1	
6 170	
6,17	
6,17	
6,17	
6,17	
6,17
BISV	
БашИнСв ао
0	
0	
-	
-	
-	
-	
8,7
DERZP	
Держава ап
0	
0	
-	
-	
-	
-	
-
GAZC	
ГАЗКОН-ао
0	
0	
-	
-	
-	
-	
295
GAZS	
ГАЗ-сервис
0	
0	
-	
-	
-	
-	
293
GAZT	
ГАЗ-Тек ао
0	
0	
-	
-	
-	
-	
85
GTSS	
ГЕОТЕК ао
0	
0	
-	
-	
-	
-	
-
HIMC	
Химпром ао
0	
0	
-	
-	
-	
-	
0,99
KMTZ	
КосогМЗ ао
0	
0	
-	
-	
-	
-	
-
KRKO	
ТКЗКК ао
0	
0	
-	
-	
-	
-	
11,8
KSGR	
Кокс ао
0	
0	
-	
-	
-	
-	
-
KUNF	
КУЗОЦМ ао
0	
0	
-	
-	
-	
-	
-
KZMS	
КЗМС ао
0	
0	
-	
-	
-	
-	
226
MFON	
МегаФон ао
0	
0	
-	
-	
-	
-	
650,6
MOBB	
МосОблБанк
0	
0	
-	
-	
-	
-	
0,698
MORI	
Морион ао
0	
0	
-	
-	
-	
-	
4,31
MSTT	
Мостотрест
0	
0	
-	
-	
-	
-	
161
NPOF	
Физика ао
0	
0	
-	
-	
-	
-	
11 850
PRTK	
ПРОТЕК ао
0	
0	
-	
-	
-	
-	
99,6
TRCN	
ТрансК ао
0	
0	
-	
-	
-	
-	
8 595
MOBB	
МосОблБанк
0	
0	
-	
-	
-	
-	
0,698
URKA	
Уркалий-ао
0	
0	
-	
-	
-	
-	
119,04
VZRZ	
Возрожд-ао
0	
0	
-	
-	
-	
-	
480