SBER	
Сбербанк
102 654	
20 686 038 716	
241,32	
242,2	
238,57	
244,04	
242,54
YNDX	
Yandex clA
154 477	
16 661 870 109	
4 460,6	
4 411	
4 317,4	
4 554,2	
4 457
GMKN	
ГМКНорНик
30 593	
8 076 326 904	
20 926	
20 790	
20 678	
21 136	
20 950
GAZP	
ГАЗПРОМ ао
72 502	
7 317 911 952	
193,13	
192,51	
191,25	
194,44	
194,44
LKOH	
ЛУКОЙЛ
27 739	
5 429 684 992	
5 303	
5 300	
5 252,5	
5 387	
5 323
ROSN	
Роснефть
29 279	
4 070 585 646	
384,35	
379	
376	
389,7	
389,35
PLZL	
Полюс
27 548	
3 780 637 131	
17 314,5	
17 315	
17 122	
17 630	
17 469
TATN	
Татнфт 3ао
29 293	
2 655 184 088	
607	
604,8	
598	
615,6	
609,3
MGNT	
Магнит ао
24 310	
2 400 426 020	
4 711,5	
4 619,5	
4 593,5	
4 780	
4 731
SBERP	
Сбербанк-п
30 851	
2 083 469 481	
220,07	
220,06	
218,23	
222,57	
220,22
AFLT	
Аэрофлот
38 076	
1 804 764 220	
86,94	
85,5	
85,48	
88	
86,22
MOEX	
МосБиржа
23 438	
1 733 609 458	
145,85	
144,76	
143,76	
147,5	
146,82
MTSS	
МТС-ао
17 158	
1 700 706 762	
337,65	
337	
335,4	
339,1	
338,05
IRAO	
ИнтерРАОао
22 324	
1 514 466 298	
5,642	
5,6675	
5,58	
5,7295	
5,64
POLY	
Polymetal
17 365	
1 325 709 725	
1 903,7	
1 885,8	
1 872,9	
1 931	
1 918
VTBR	
ВТБ ао
32 655	
1 303 649 694	
0,037745	
0,03759	
0,037455	
0,037985	
0,037795
SNGS	
Сургнфгз
13 422	
1 298 786 600	
38,635	
38,745	
38,16	
39,17	
38,67
NVTK	
Новатэк ао
16 828	
1 241 596 116	
1 153,6	
1 148,6	
1 136,8	
1 168	
1 154,2
NLMK	
НЛМК ао
19 634	
1 232 317 885	
160,72	
163,24	
159,28	
166,98	
160,24
TRNFP	
Транснф ап
4 876	
1 204 801 250	
144 200	
139 950	
139 450	
146 850	
146 450
CHMF	
СевСт-ао
17 588	
1 080 398 624	
970,8	
973,8	
962,8	
976,6	
972,6
FIVE	
FIVE-гдр
14 620	
1 036 058 489	
2 847,5	
2 804,5	
2 804,5	
2 889	
2 875
AFKS	
Система ао
21 990	
959 212 481	
21,535	
21,45	
21,241	
21,879	
21,4
SNGSP	
Сургнфгз-п
11 074	
902 919 384	
38,105	
37,955	
37,61	
38,295	
38,24
ALRS	
АЛРОСА ао
15 809	
863 558 766	
69,72	
70,21	
69,25	
70,21	
69,6
MAGN	
ММК
10 455	
852 305 778	
40,07	
40,165	
39,68	
40,38	
40,185
MAIL	
MAIL-гдр
18 280	
800 962 275	
2 019,2	
1 990	
1 975	
2 055	
2 044
HYDR	
РусГидро
16 472	
795 184 393	
0,7534	
0,753	
0,748	
0,7606	
0,7481
SIBN	
Газпрнефть
10 445	
773 639 628	
331,5	
329,25	
328,75	
333,3	
331
RUAL	
РУСАЛ ао
16 973	
691 982 426	
30,52	
30,2	
29,78	
31,03	
30,95
POGR	
Petropavl
12 252	
624 604 809	
31,31	
32	
31,005	
32	
31,285
TCSG	
TCS-гдр
15 444	
477 047 993	
1 774,6	
1 818	
1 751	
1 818	
1 758
TATNP	
Татнфт 3ап
8 897	
384 764 217	
582,3	
580,2	
576,1	
589,6	
582,4
RTKM	
Ростел -ао
10 484	
384 138 550	
97,94	
97,57	
97,31	
98,49	
97,75
CBOM	
МКБ ао
7 624	
350 106 212	
5,943	
5,961	
5,9	
5,977	
5,964
RSTI	
Россети ао
4 973	
333 666 957	
1,6025	
1,5961	
1,593	
1,618	
1,603
UPRO	
Юнипро ао
7 808	
316 763 309	
2,752	
2,737	
2,727	
2,77	
2,757
PHOR	
ФосАгро ао
5 595	
308 460 632	
2 802	
2 758	
2 741	
2 825	
2 801
FEES	
ФСК ЕЭС ао
7 079	
270 799 071	
0,20316	
0,203	
0,20164	
0,20396	
0,2024
LNTA	
Лента др
9 086	
218 965 877	
209,8	
206,2	
206,2	
211,9	
210,9
DSKY	
ДетскийМир
7 217	
192 076 423	
120,8	
120,42	
118,24	
122,36	
121,8
BANEP	
Башнефт ап
4 440	
182 844 044	
1 365	
1 367	
1 361	
1 369	
1 362
MTLR	
Мечел ао
7 776	
125 285 246	
66,73	
66	
65,74	
67,5	
66,6
BSPB	
БСП ао
6 210	
108 261 325	
45,07	
43,71	
43,69	
46,9	
44,51
LSRG	
ЛСР ао
5 527	
98 021 266	
790,4	
799,8	
783	
799,8	
783
OGKB	
ОГК-2 ао
4 254	
95 929 785	
0,7725	
0,7693	
0,7633	
0,7777	
0,767
RASP	
Распадская
1 742	
85 081 693	
116,28	
116	
114,12	
117,4	
116,84
RTKMP	
Ростел -ап
3 749	
76 557 028	
92,7	
92,65	
91,9	
93,15	
92,9
TGKA	
ТГК-1
3 484	
72 873 382	
0,012146	
0,012178	
0,01201	
0,012248	
0,012166
QIWI	
iQIWI
2 861	
71 765 227	
1 463,5	
1 459,5	
1 440,5	
1 481	
1 472
ROLO	
Русолово
4 433	
70 919 000	
7,436	
7,01	
6,8	
7,92	
7,38
SFIN	
САФМАР ао
158	
69 798 456	
524,8	
524	
524	
525,6	
525,4
LIFE	
iФармсинтз
3 996	
61 086 024	
7,695	
7,375	
7,29	
8,05	
7,9
VRSB	
ТНСэнВорон
3 017	
54 167 700	
85,6	
68,6	
63,8	
93,2	
92,8
ETLN	
ETLN-гдр
2 673	
48 187 414	
111,22	
111,6	
110,52	
112	
111
OBUV	
ОР ао
3 806	
46 061 040	
36,65	
37,75	
36	
37,75	
36,5
ENRU	
ЭнелРос ао
1 834	
45 388 615	
0,95	
0,943	
0,943	
0,9555	
0,954
SELG	
Селигдар
2 240	
44 292 667	
48,57	
47,88	
47,88	
49,6	
48,2
MVID	
М.видео
1 474	
42 766 953	
472	
470	
467,5	
474,2	
471,1
PIKK	
ПИК ао
1 551	
42 668 999	
495,2	
494,9	
492	
500	
495,1
TRMK	
ТМК ао
427	
42 398 985	
58,48	
58,68	
58,14	
58,76	
58,7
MTLRP	
Мечел ап
1 417	
41 688 237	
81,3	
81,85	
80,8	
82	
80,9
NMTP	
НМТП ао
2 661	
36 485 473	
9,195	
9,155	
9,155	
9,23	
9,215
BANE	
Башнефт ао
1 683	
34 178 995	
1 760,5	
1 750	
1 748,5	
1 772	
1 751
AGRO	
AGRO-гдр
1 872	
33 659 755	
721,4	
719,4	
716,2	
726	
718,6
MSNG	
+МосЭнерго
1 297	
32 491 285	
2,1465	
2,1465	
2,134	
2,1625	
2,1405
VRSBP	
ТНСэнВор-п
2 128	
32 321 900	
57	
49,5	
49	
63	
57
MRKP	
МРСК ЦП
1 332	
25 411 453	
0,217	
0,2208	
0,2132	
0,2208	
0,2162
AKRN	
Акрон
809	
23 943 540	
5 878	
5 836	
5 820	
5 916	
5 890
TGKB	
ТГК-2
966	
20 448 990	
0,004685	
0,004695	
0,00458	
0,004785	
0,0046
NKNCP	
НКНХ ап
1 671	
19 621 995	
82,78	
82,2	
82,2	
82,98	
82,72
LNZL	
Лензолото
521	
17 857 610	
17 440	
17 570	
17 100	
17 700	
17 570
LSNGP	
РСетиЛЭ-п
876	
17 849 076	
155,95	
156,2	
155,2	
156,8	
155,55
VSMO	
ВСМПО-АВСМ
296	
17 363 880	
18 060	
18 020	
17 900	
18 160	
18 080
ENPG	
ЭН+ГРУП ао
858	
14 028 023	
673	
676,5	
666,5	
681	
670
AQUA	
РусАква ао
967	
13 933 815	
219,5	
218	
216	
222	
221,5
YKEN	
Якутскэнрг
787	
13 104 300	
0,484	
0,49	
0,449	
0,522	
0,4505
VGSB	
ВолгЭнСб
907	
12 346 435	
5,92	
5,5	
5,5	
6,445	
5,92
CNTLP	
Телеграф-п
909	
10 998 948	
17,42	
17,56	
17,22	
17,6	
17,26
CNTL	
Телеграф
780	
10 891 685	
19,55	
19,85	
19,3	
19,85	
19,55
VJGZ	
Варьеган
2 311	
10 876 692	
721	
770	
679	
830	
710
ROSB	
Росбанк ао
2 408	
9 391 764	
82,6	
71,8	
71,4	
92	
76,4
RSTIP	
Россети ап
647	
8 751 649	
2,16	
2,176	
2,116	
2,177	
2,12
BISVP	
БашИнСв ап
1 689	
8 397 763	
10,56	
9,62	
9,35	
12,94	
9,86
VSYD	
ВыбСудЗ ао
962	
8 397 325	
4 530	
3 970	
3 970	
4 900	
4 390
ABRD	
АбрауДюрсо
958	
8 204 305	
236	
229,5	
229,5	
240	
233,5
NKNC	
НКНХ ао
549	
7 462 125	
94,45	
94,4	
93,7	
94,95	
94,5
MGTSP	
МГТС-4ап
453	
7 461 438	
2 068	
2 038	
2 020	
2 100	
2 070
SLEN	
Сахэнер ао
203	
7 409 922	
6,74	
6,995	
6,53	
6,995	
6,695
IRKT	
ИРКУТ-3
551	
7 305 940	
36,76	
36,3	
36	
38	
36,14
KRKNP	
СаратНПЗ-п
200	
7 221 340	
15 980	
16 020	
15 920	
16 080	
15 960
CHGZ	
РН-ЗапСиб
275	
7 205 060	
58,8	
58	
54,6	
62,6	
56,8
BRZL	
БурЗолото
869	
7 049 702	
1 085	
1 088	
1 065	
1 113	
1 079
GCHE	
ЧеркизГ-ао
644	
6 707 043	
1 789,5	
1 781	
1 767,5	
1 798,5	
1 785
MRKC	
МРСК Центр
431	
6 678 851	
0,3	
0,2992	
0,2976	
0,3018	
0,3
MFGS	
Мегион-ао
38	
5 189 535	
388,5	
380	
379,5	
395,5	
387
WTCM	
ЦМТ ао
742	
5 171 958	
10,2	
9,48	
9,16	
11,4	
10,1
PMSBP	
ПермьЭнС-п
488	
4 847 786	
136,6	
133	
130,6	
139	
139
MSRS	
РСетиМР ао
243	
4 663 060	
1,1795	
1,1715	
1,168	
1,19	
1,188
FESH	
ДВМП ао
377	
4 648 383	
7,57	
7,56	
7,47	
7,7	
7,62
SVAV	
СОЛЛЕРС
189	
4 529 360	
282	
279,5	
278,5	
284	
282,5
KMAZ	
КАМАЗ
733	
4 405 507	
64,9	
65	
64,3	
65,8	
64,8
VSYDP	
ВыбСудЗ ап
491	
4 184 140	
4 480	
4 080	
4 060	
5 000	
4 200
PMSB	
ПермьЭнСб
523	
4 123 191	
139,6	
136	
134,1	
143,4	
139,5
YKENP	
Якутскэн-п
258	
4 092 470	
0,4735	
0,465	
0,441	
0,5285	
0,4575
MRSB	
МордЭнСб
396	
3 776 580	
0,417	
0,417	
0,402	
0,435	
0,412
INGR	
ИНГРАД ао
277	
3 673 418	
830	
821	
813	
840	
818
MAGE	
МагадЭн ао
223	
3 647 190	
6,49	
6,6	
6,32	
6,86	
6,49
DIOD	
ЗаводДИОД
353	
3 591 165	
7,8	
7,64	
7,64	
7,88	
7,85
SELGP	
Селигдар-п
338	
3 590 425	
28,6	
28,55	
28,25	
29,25	
29,25
RNFT	
РуссНфт ао
337	
3 541 889	
512,4	
511,8	
509,2	
517,2	
514
MRKV	
РсетВол ао
409	
3 525 549	
0,07485	
0,07495	
0,0745	
0,075	
0,07465
APTK	
Аптеки36и6
1 396	
3 434 927	
13,544	
13,45	
13,408	
13,6	
13,588
WTCMP	
ЦМТ ап
426	
3 353 196	
8,7	
8,3	
8,24	
9,12	
8,5
PRMB	
Приморье
114	
3 257 000	
24 800	
22 600	
22 600	
28 400	
23 600
VJGZP	
Варьеган-п
326	
3 217 330	
389	
426	
375	
427	
392
BELU	
Белуга ао
459	
3 167 128	
1 315	
1 328	
1 310	
1 334	
1 314
AMEZ	
АшинскийМЗ
385	
2 999 551	
4,8	
4,785	
4,745	
4,875	
4,825
LPSB	
ЛЭСК ао
620	
2 975 860	
9	
8,5	
8,35	
9,4	
8,9
STSBP	
СтаврЭнСбп
600	
2 904 991	
0,5125	
0,518	
0,5005	
0,519	
0,509
LSNG	
РСетиЛЭ
323	
2 902 157	
6,12	
6,07	
6,07	
6,15	
6,13
ISKJ	
iИСКЧ ао
331	
2 766 000	
24,54	
24,58	
24,12	
24,8	
24,54
NSVZ	
НаукаСвяз
416	
2 670 420	
258	
258	
243,5	
270	
261
RTSBP	
ТНСэнРст-п
227	
2 599 680	
0,438	
0,458	
0,423	
0,475	
0,429
RTSB	
ТНСэнРст
174	
2 548 650	
0,605	
0,65	
0,58	
0,65	
0,61
VGSBP	
ВолгЭнСб-п
393	
2 524 715	
2,65	
2,7	
2,365	
2,97	
2,65
ALNU	
АЛРОСА-Нюр
21	
2 401 400	
55 800	
56 000	
55 400	
56 600	
55 600
UNAC	
iАвиастКао
361	
2 382 539	
0,4955	
0,4985	
0,49	
0,499	
0,4945
TGKD	
Квадра
396	
2 304 897	
0,003595	
0,003565	
0,0035	
0,00372	
0,003555
OMZZP	
ОМЗ-ап
348	
2 281 980	
3 780	
3 505	
3 505	
3 955	
3 610
RUGR	
Русгрэйн
1 220	
2 273 563	
9,646	
9,75	
9,58	
9,76	
9,604
KZOS	
ОргСинт ао
326	
2 243 549	
87,5	
87,9	
87,2	
87,9	
87,7
STSB	
СтаврЭнСб
533	
2 241 009	
0,6835	
0,705	
0,6605	
0,7265	
0,666
NNSBP	
ТНСэнНН ап
306	
2 162 216	
684	
620	
620	
712	
700
SAREP	
СаратЭн-ап
337	
1 921 032	
0,1288	
0,1418	
0,1244	
0,1426	
0,1258
NAUK	
iНПОНаука
231	
1 885 898	
201,4	
202,2	
199,6	
203,4	
202,6
MAGEP	
МагадЭн ап
130	
1 804 590	
7,88	
7,84	
7,45	
8,78	
7,74
TGKBP	
ТГК-2 ап
81	
1 757 930	
0,00764	
0,00759	
0,00754	
0,00773	
0,0076
SARE	
СаратЭн-ао
348	
1 748 638	
0,155	
0,1696	
0,1434	
0,1696	
0,1592
UNKL	
ЮУНК ао
164	
1 741 340	
8 410	
8 410	
8 300	
8 550	
8 330
DZRDP	
iДонскЗР п
391	
1 700 520	
1 880	
1 840	
1 840	
1 910	
1 850
USBN	
УралСиб ао
185	
1 677 807	
0,0705	
0,071	
0,0696	
0,0713	
0,0705
TGKN	
ТГК-14
131	
1 620 990	
0,00337	
0,00336	
0,00335	
0,0034	
0,00336
RKKE	
ЭнергияРКК
119	
1 576 180	
8 430	
8 500	
8 220	
8 640	
8 220
KZOSP	
ОргСинт ап
545	
1 460 551	
12,16	
11,94	
11,94	
12,45	
12
KAZTP	
Куйбазот-п
24	
1 458 852	
149	
147,2	
147	
149,4	
149
IRGZ	
ИркЭнерго
228	
1 450 706	
12,26	
12,22	
12,06	
12,44	
12,4
RGSS	
РГС СК ао
241	
1 400 123	
0,1508	
0,1528	
0,15	
0,1528	
0,1508
MISB	
ТНСэнМарЭл
136	
1 289 230	
13	
13	
12,7	
13,7	
13,1
KUBE	
Кубанэнр
245	
1 225 753	
79,5	
79,1	
78,7	
80,9	
79,8
LNZLP	
Лензол. ап
130	
1 180 185	
5 390	
5 250	
5 250	
5 435	
5 410
RBCM	
РБК ао
268	
1 172 284	
3,468	
3,478	
3,436	
3,5	
3,478
KLSB	
КалужскСК
213	
1 154 618	
12,59	
12,6	
12,46	
12,76	
12,58
MSTT	
Мостотрест
129	
1 126 133	
159,5	
159,8	
158	
160	
160
RAVN	
Raven
58	
1 101 305	
30,35	
30,4	
30,15	
30,5	
30,35
VLHZ	
ВХЗ-ао
154	
1 083 725	
54,85	
55,25	
54,2	
55,55	
54,8
KUZB	
КузнецкийБ
412	
1 049 443	
0,01528	
0,01551	
0,015	
0,01555	
0,01535
TTLK	
Таттел. ао
113	
1 034 375	
0,308	
0,3085	
0,306	
0,311	
0,3085
KROT	
КрасОкт-ао
102	
1 030 210	
412	
420	
393	
430	
401
UWGN	
ОВК ао
145	
1 022 629	
237,3	
237,2	
235,4	
240,5	
237,2
GTRK	
ГТМ ао
230	
986 175	
44,85	
44,65	
44,3	
45,35	
44,3
KRSB	
Красэсб ао
48	
976 130	
7,45	
7,45	
7,31	
7,58	
7,43
ASSB	
АстрЭнСб
210	
945 765	
0,8355	
0,82	
0,82	
0,845	
0,8315
MRKZ	
МРСК СЗ
191	
894 834	
0,0521	
0,052	
0,0516	
0,05245	
0,0521
KBSB	
ТНСэКубань
142	
869 515	
149	
150,5	
146	
151,5	
150
CHEP	
ЧТПЗ ао
117	
868 420	
211	
212	
210	
212	
211
YAKG	
ЯТЭК ао
38	
813 960	
42,85	
42,8	
42,65	
43,2	
42,85
MRKU	
МРСК Ур
122	
754 366	
0,1534	
0,1544	
0,1528	
0,155	
0,1532
KMEZ	
КМЗ
298	
697 654	
541,5	
547	
528	
554	
528,5
KOGK	
КоршГОК ао
12	
695 800	
49 800	
49 800	
49 600	
50 000	
49 800
PAZA	
ПавлАвт ао
58	
686 320	
9 030	
9 030	
8 910	
9 200	
9 010
HALS	
Галс-Девел
105	
677 677	
1 248	
1 237	
1 228	
1 291	
1 239
IGSTP	
Ижсталь ап
124	
666 041	
910	
904	
895	
933	
912
RDRB	
РДБанк ао
102	
651 000	
235	
230	
230	
240	
235
ZVEZ	
ЗВЕЗДА ао
70	
638 745	
4,66	
4,64	
4,58	
4,75	
4,615
DZRD	
iДонскЗР
93	
635 975	
2 375	
2 330	
2 285	
2 420	
2 360
NKHP	
НКХП ао
118	
621 550	
237	
237,5	
233	
241,5	
236
ARSA	
Арсагера
66	
615 240	
4,1	
4,08	
4,08	
4,15	
4,11
MRKY	
РоссЮг ао
117	
600 764	
0,05115	
0,05105	
0,0509	
0,05125	
0,05125
ROST	
РОСИНТЕРао
106	
589 816	
63,2	
61	
61	
64,8	
63,8
GAZA	
ГАЗ ао
38	
572 405	
395	
402	
389,5	
402	
396,5
ZILL	
ЗИЛ ао
38	
566 580	
2 650	
2 575	
2 575	
2 700	
2 665
CHMK	
ЧМК ао
72	
557 780	
2 750	
2 685	
2 685	
2 770	
2 750
MFGSP	
Мегион-ап
44	
537 300	
333,5	
334,5	
317	
338	
328
CHKZ	
ЧКПЗ ао
54	
502 860	
5 580	
5 560	
5 500	
5 780	
5 700
RZSB	
РязЭнСб
40	
488 220	
9,58	
9,5	
9,46	
9,64	
9,64
UTAR	
ЮТэйр ао
87	
462 323	
7,28	
7,28	
7,27	
7,37	
7,29
ELTZ	
Электрцинк
140	
460 067	
191	
193	
188	
193	
192,5
NNSB	
ТНСэнНН ао
124	
430 630	
1 645	
1 615	
1 525	
1 825	
1 555
DVEC	
ДЭК ао
100	
415 641	
0,942	
0,941	
0,935	
0,947	
0,946
IGST	
Ижсталь2ао
114	
411 196	
1 013	
1 034	
996	
1 034	
1 011
GAZAP	
ГАЗ ап
46	
409 495	
310	
308	
307,5	
312,5	
311
JNOS	
Славн-ЯНОС
48	
407 945	
19,25	
19,2	
19	
19,5	
19,15
URKZ	
УрКузница
18	
403 360	
18 340	
18 000	
18 000	
18 500	
18 140
RUSP	
Русполимет
43	
395 360	
0,6375	
0,64	
0,6305	
0,6415	
0,635
GEMA	
iММЦБ ао
71	
381 326	
602,5	
600,5	
600	
603,5	
603
AVAN	
Авангрд-ао
91	
366 645	
835	
830	
825	
840	
835
MGTS	
МГТС-5ао
51	
347 985	
2 305	
2 315	
2 240	
2 345	
2 340
YRSB	
ТНСэнЯр
53	
332 000	
186	
178	
178	
190	
188
EELT	
ЕвроЭлтех
132	
331 790	
8,16	
8,2	
8,06	
8,2	
8,14
RLMN	
Роллман
89	
329 428	
19,1	
19,05	
18,9	
19,4	
19,15
SAGO	
СамарЭн-ао
33	
287 340	
0,45	
0,454	
0,444	
0,456	
0,45
HIMCP	
Химпром ап
72	
283 537	
6,27	
6,31	
6,22	
6,33	
6,3
TNSE	
ТНСэнрг ао
40	
267 950	
1 070	
1 075	
1 060	
1 115	
1 080
KRSBP	
Красэсб ап
20	
264 320	
7,32	
7,24	
7,22	
7,48	
7,38
TASB	
ТамбЭнСб
45	
262 650	
0,461	
0,479	
0,4535	
0,479	
0,457
TASBP	
ТамбЭнСб-п
58	
262 205	
0,345	
0,35	
0,3415	
0,3515	
0,347
VZRZP	
Возрожд-п
49	
259 906	
329	
329,6	
323,6	
336	
329
KROTP	
КрасОкт-1п
38	
254 160	
282,5	
281,5	
277	
292	
279,5
MGNZ	
СМЗ-ао
27	
251 830	
4 660	
4 670	
4 610	
4 700	
4 610
TGKDP	
Квадра-п
37	
243 146	
0,00428	
0,004315	
0,004205	
0,004355	
0,004265
RUSI	
ИКРУСС-ИНВ
20	
204 900	
38,7	
38,6	
38,4	
39	
38,7
RTGZ	
ГазпРнД ао
7	
204 050	
29 150	
30 150	
28 600	
30 150	
29 450
JNOSP	
Слав-ЯНОСп
48	
191 244	
14,6	
14,5	
14,34	
14,8	
14,46
KGKC	
КурганГКао
40	
188 595	
58	
56,5	
56,5	
60	
57
KTSBP	
КСБ ап
44	
186 535	
0,306	
0,31	
0,297	
0,326	
0,3005
KAZT	
Куйбазот
28	
161 108	
147,8	
147,2	
146,4	
148,4	
147,2
MRKS	
РсетСиб ао
23	
150 655	
0,239	
0,2395	
0,2385	
0,24	
0,239
KTSB	
КСБ ао
33	
148 002	
0,734	
0,768	
0,724	
0,768	
0,738
TUZA	
ТЗА ао
19	
146 790	
99	
100	
99	
100	
99
MISBP	
ТНСэМаЭл-п
62	
144 710	
12,5	
12,7	
12,3	
12,7	
12,4
KRKOP	
ТКЗКК ап
41	
142 364	
7,265	
7,255	
7,23	
7,275	
7,27
YRSBP	
ТНСэнЯр-п
40	
134 075	
94,5	
94	
92,5	
96,5	
96
MRKK	
Россети СК
60	
133 270	
25,98	
26	
25,88	
26,06	
25,96
KGKCP	
КурганГКап
26	
131 620	
56	
56	
55,5	
57,5	
57,5
KCHE	
КамчатЭ ао
34	
122 495	
0,2185	
0,22	
0,215	
0,2215	
0,22
TORSP	
ТРК ап
18	
108 240	
0,2775	
0,277	
0,2765	
0,28	
0,278
UCSS	
ОКС ао
31	
107 990	
1 460	
1 480	
1 450	
1 490	
1 460
TORS	
ТРК ао
15	
101 240	
0,46	
0,453	
0,453	
0,475	
0,455
KRKN	
СаратНПЗ
5	
77 750	
12 950	
12 950	
12 900	
13 000	
13 000
SAGOP	
СамарЭн-ап
14	
77 530	
0,406	
0,409	
0,406	
0,409	
0,409
LVHK	
Левенгук
17	
74 916	
8,23	
8,24	
8,21	
8,35	
8,28
NFAZ	
Нефтекамск
15	
71 092	
169,4	
168,2	
168	
171,6	
169,8
KBTK	
КузбТК ао
27	
68 776	
152,8	
153,2	
152,2	
153,4	
152,8
UKUZ	
ЮжКузб. ао
21	
64 174	
554	
552	
550	
558	
554
RLMNP	
Роллман-п
36	
59 445	
19,44	
19,66	
19,3	
19,66	
19,5
BLNG	
Белон ао
37	
51 874	
4,472	
4,424	
4,424	
4,486	
4,472
NKSH	
Нижкамшина
10	
40 510	
22,52	
22,6	
22,36	
22,6	
22,56
ALBK	
БестЭфБ ао
9	
37 430	
53,5	
52,5	
52,5	
53,5	
53,5
KCHEP	
КамчатЭ ап
1	
3 850	
0,385	
0,385	
0,385	
0,385	
0,385
PRTK	
ПРОТЕК ао
0	
0	
-	
-	
-	
-	
99,6
KUNF	
КУЗОЦМ ао
0	
0	
-	
-	
-	
-	
-
NPOF	
Физика ао
0	
0	
-	
-	
-	
-	
11 850
TRCN	
ТрансК ао
0	
0	
-	
-	
-	
-	
8 595
GAZC	
ГАЗКОН-ао
0	
0	
-	
-	
-	
-	
295
GTSS	
ГЕОТЕК ао
0	
0	
-	
-	
-	
-	
-
TRFM	
ТрансФ ао
0	
0	
-	
-	
-	
-	
-
KMTZ	
КосогМЗ ао
0	
0	
-	
-	
-	
-	
-
KZMS	
КЗМС ао
0	
0	
-	
-	
-	
-	
226
GAZS	
ГАЗ-сервис
0	
0	
-	
-	
-	
-	
293
HIMC	
Химпром ао
0	
0	
-	
-	
-	
-	
0,99
MOBB	
МосОблБанк
0	
0	
-	
-	
-	
-	
0,698
URKA	
Уркалий-ао
0	
0	
-	
-	
-	
-	
119,04
VZRZ	
Возрожд-ао
0	
0	
-	
-	
-	
-	
480
GAZT	
ГАЗ-Тек ао
0	
0	
-	
-	
-	
-	
85
KSGR	
Кокс ао
0	
0	
-	
-	
-	
-	
-
BISV	
БашИнСв ао
0	
0	
-	
-	
-	
-	
8,7
MFON	
МегаФон ао
0	
0	
-	
-	
-	
-	
650,6
MORI	
Морион ао
0	
0	
-	
-	
-	
-	
4,31
KRKO	
ТКЗКК ао
0	
0	
-	
-	
-	
-	
11,8