SBER	
Сбербанк
65 329	
8 212 681 043	
198,93	
202	
197,32	
202,16	
198,26
GAZP	
ГАЗПРОМ ао
57 592	
5 382 634 525	
188,56	
192,26	
186,07	
192,36	
188,07
LKOH	
ЛУКОЙЛ
37 629	
4 735 890 189	
5 029,5	
5 118,5	
4 933	
5 125	
5 040
GMKN	
ГМКНорНик
29 388	
3 828 914 234	
20 296	
20 650	
19 980	
20 898	
20 100
ROSN	
Роснефть
34 012	
3 331 625 353	
338,15	
345	
334,4	
346,5	
336,7
VTBR	
ВТБ ао
57 151	
2 562 187 731	
0,036265	
0,036575	
0,035815	
0,037125	
0,0359
SBERP	
Сбербанк-п
24 430	
1 633 994 086	
182,24	
186	
180,52	
186	
181,4
AFLT	
Аэрофлот
38 072	
1 610 671 443	
76,88	
78,8	
75,26	
79,5	
76,5
TATN	
Татнфт 3ао
22 412	
1 528 633 554	
589,5	
597,8	
581,7	
601	
587
SNGS	
Сургнфгз
15 214	
1 446 445 715	
36,375	
36,985	
36,01	
37,05	
36,01
PLZL	
Полюс
15 515	
1 423 432 034	
11 488	
11 419,5	
11 292	
11 645	
11 525
NVTK	
Новатэк ао
18 418	
1 312 856 132	
1 032,8	
1 063	
1 021,4	
1 068,2	
1 024
MGNT	
Магнит ао
16 451	
1 006 992 483	
3 317,5	
3 315,5	
3 260	
3 383,5	
3 286
ALRS	
АЛРОСА ао
25 124	
976 781 672	
64,61	
66,1	
63,37	
66,35	
64,75
YNDX	
Yandex clA
19 478	
930 712 872	
2 653,6	
2 659,6	
2 623,2	
2 688	
2 659
MTSS	
МТС-ао
12 239	
851 963 663	
306,55	
310,9	
303,55	
311,35	
308
MOEX	
МосБиржа
20 666	
698 900 926	
103,97	
105,8	
101,05	
106,15	
103,33
TATNP	
Татнфт 3ап
16 953	
602 793 194	
548,8	
563	
541,1	
567	
542,2
POLY	
Polymetal
15 354	
596 359 991	
1 404,3	
1 396,2	
1 375,4	
1 438,5	
1 435,4
SIBN	
Газпрнефть
11 194	
561 298 380	
332,75	
340	
327,65	
341	
332,1
IRAO	
ИнтерРАОао
9 278	
463 348 168	
5,224	
5,306	
5,1265	
5,3655	
5,2345
CHMF	
СевСт-ао
13 236	
455 336 700	
888,4	
899	
881,4	
900,6	
882,2
RSTI	
Россети ао
12 129	
451 469 918	
1,3309	
1,3549	
1,291	
1,3716	
1,305
NLMK	
НЛМК ао
11 710	
439 473 620	
130,3	
132,5	
128,7	
132,58	
129,92
HYDR	
РусГидро
13 922	
436 227 205	
0,6183	
0,6305	
0,6114	
0,6309	
0,6135
AFKS	
Система ао
13 801	
393 863 451	
14,04	
14,4	
13,8	
14,444	
14,051
FEES	
ФСК ЕЭС ао
10 765	
392 110 563	
0,17812	
0,1808	
0,1752	
0,18144	
0,177
TRMK	
ТМК ао
6 259	
385 548 059	
57,88	
58	
57,76	
58,14	
58,02
FIVE	
FIVE-гдр
8 941	
376 321 974	
2 177,5	
2 200	
2 152	
2 239	
2 170
SNGSP	
Сургнфгз-п
6 656	
344 620 905	
37,705	
38,3	
37,415	
38,3	
37,65
TCSG	
TCS-гдр
11 609	
325 371 426	
918,4	
936	
909,8	
945,6	
912,4
CBOM	
МКБ ао
11 255	
288 272 599	
5,556	
5,643	
5,49	
5,653	
5,535
RUAL	
RUSAL plc
10 770	
211 363 591	
25,375	
25,96	
25	
25,96	
25,35
MAGN	
ММК
4 614	
204 877 104	
39,295	
40	
38,86	
40	
39,34
MTLR	
Мечел ао
19 125	
201 597 149	
67,06	
67,6	
66	
68,37	
66,51
RASP	
Распадская
3 760	
191 389 877	
99,58	
101	
98,7	
101,9	
99,4
LIFE	
iФармсинтз
13 985	
190 114 070	
7,44	
6,25	
6,1	
8,295	
8,13
TRNFP	
Транснф ап
804	
185 174 100	
153 550	
155 650	
151 350	
155 750	
153 400
UPRO	
Юнипро ао
4 265	
174 374 208	
2,707	
2,75	
2,69	
2,75	
2,705
BANEP	
Башнефт ап
6 078	
171 089 096	
1 424	
1 466	
1 400	
1 469,5	
1 409,5
RTKM	
Ростел -ао
7 829	
137 812 939	
76,85	
77,9	
76	
77,94	
77
PHOR	
ФосАгро ао
3 380	
117 634 113	
2 542	
2 547	
2 518	
2 558	
2 547
TGKA	
ТГК-1
6 369	
99 610 548	
0,011142	
0,01145	
0,01084	
0,011476	
0,0111
OGKB	
ОГК-2 ао
6 068	
96 438 899	
0,6002	
0,611	
0,5929	
0,6115	
0,5949
MTLRP	
Мечел ап
3 426	
86 547 916	
66,95	
68,6	
65,2	
69,2	
65,85
NKNCP	
НКНХ ап
4 156	
81 039 657	
84,64	
84,18	
83,72	
85	
84,48
APTK	
Аптеки36и6
14 784	
76 551 667	
13,29	
12,998	
12,55	
13,798	
13,21
AGRO	
AGRO-гдр
5 283	
75 582 744	
632,4	
630	
611	
649,8	
629
QIWI	
iQIWI
4 060	
68 153 819	
888	
884,5	
870,5	
913	
878,5
DSKY	
ДетскийМир
6 110	
65 161 228	
98,88	
100,26	
98,08	
100,26	
98,1
LSRG	
ЛСР ао
6 217	
58 406 363	
600,4	
608,8	
593	
611,6	
599
SELG	
Селигдар
3 808	
56 522 362	
20,29	
18,85	
18,57	
21	
21
BANE	
Башнефт ао
2 393	
52 695 929	
1 768,5	
1 828	
1 735	
1 828	
1 738
AKRN	
Акрон
1 916	
50 211 570	
5 826	
5 900	
5 750	
5 958	
5 750
MSNG	
+МосЭнерго
2 037	
45 996 500	
1,982	
2,028	
1,947	
2,0285	
1,978
MVID	
М.видео
1 335	
35 782 176	
375,4	
379,5	
371,5	
380,2	
373,1
PIKK	
ПИК ао
1 023	
33 637 199	
393,7	
397,8	
391	
397,8	
391
GTRK	
ГТМ ао
3 694	
30 309 789	
52,05	
50,6	
49,05	
54,85	
50,4
LNTA	
Лента др
4 347	
26 364 772	
151,9	
153	
150	
154,3	
151,8
ENPG	
ЭН+ГРУП ао
377	
25 859 470	
550,5	
554	
549	
554	
549,5
BSPB	
БСП ао
3 655	
24 649 352	
44,04	
45	
43,43	
45	
43,75
RTKMP	
Ростел -ап
1 840	
21 046 684	
66,55	
68	
66	
68	
66,6
NMTP	
НМТП ао
1 965	
20 923 178	
8,495	
8,47	
8,37	
8,62	
8,58
ISKJ	
iИСКЧ ао
1 895	
20 227 941	
15,82	
12,26	
12,26	
17,01	
17,01
ENPL	
ENPL-гдр
863	
19 202 664	
532,2	
543,4	
526,4	
543,8	
528,8
BELU	
Белуга ао
1 024	
17 050 187	
1 484	
1 374	
1 372	
1 623	
1 500
AVAN	
Авангрд-ао
2 275	
16 630 360	
915	
890	
750	
1 025	
960
CNTLP	
Телеграф-п
1 363	
15 666 750	
17,86	
18,3	
17,24	
18,8	
17,9
ETLN	
ETLN-гдр
599	
15 567 202	
91,38	
92,2	
90,4	
92,4	
91
ENRU	
ЭнелРос ао
1 365	
14 650 735	
0,9165	
0,9295	
0,902	
0,933	
0,9135
RSTIP	
Россети ап
778	
12 256 716	
1,521	
1,555	
1,501	
1,56	
1,514
FESH	
ДВМП ао
917	
11 156 785	
6,83	
6,94	
6,67	
7,16	
6,8
MRKP	
МРСК ЦП
868	
10 972 486	
0,1749	
0,1808	
0,1723	
0,1808	
0,1746
NKNC	
НКНХ ао
874	
10 578 504	
101,75	
102,25	
100,5	
102,25	
102
OBUV	
ОР ао
943	
10 574 310	
31,85	
32,1	
31,55	
32,4	
31,8
RLMN	
Роллман
1 825	
10 097 335	
18,85	
17	
16,7	
21,2	
18,5
RUGR	
Русгрэйн
5 448	
9 508 770	
8,318	
8,2	
7,96	
8,592	
8,06
AQUA	
РусАква ао
632	
9 322 450	
207,5	
215	
204	
218,5	
208
VSMO	
ВСМПО-АВСМ
222	
8 987 460	
20 340	
20 980	
20 120	
20 980	
20 240
VLHZ	
ВХЗ-ао
822	
7 752 780	
50,9	
53,5	
49,95	
54,3	
50,3
UNKL	
ЮУНК ао
622	
7 690 590	
4 150	
4 010	
3 200	
5 190	
4 040
TGKB	
ТГК-2
428	
7 281 860	
0,003875	
0,003965	
0,003815	
0,003965	
0,003835
RNFT	
РуссНфт ао
1 779	
6 528 740	
460,6	
470,2	
445,6	
480	
445,6
TGKN	
ТГК-14
448	
6 504 020	
0,00351	
0,00363	
0,00345	
0,00366	
0,00346
KZOS	
ОргСинт ао
763	
5 994 245	
97,1	
96	
95,1	
98	
97,6
CNTL	
Телеграф
636	
5 815 575	
22,5	
23	
21,5	
24,5	
22,4
SFIN	
САФМАР ао
542	
5 467 794	
453,4	
459,4	
452,2	
459,4	
452,4
KRKNP	
СаратНПЗ-п
138	
5 367 020	
15 420	
15 300	
15 300	
15 500	
15 440
UWGN	
ОВК ао
414	
5 269 942	
247,9	
256,7	
243,5	
257	
246,1
AMEZ	
АшинскийМЗ
804	
5 056 823	
3,815	
3,93	
3,745	
3,98	
3,785
UNAC	
iАвиастКао
356	
5 018 766	
0,5005	
0,501	
0,4905	
0,5145	
0,503
LNZL	
Лензолото
247	
5 016 740	
8 270	
8 250	
8 150	
8 340	
8 320
MSRS	
МОЭСК
524	
4 890 138	
1,0035	
1,03	
0,99	
1,0415	
1,003
MGTSP	
МГТС-4ап
327	
4 874 098	
2 280	
2 324	
2 248	
2 328	
2 274
DIOD	
ЗаводДИОД
165	
4 151 564	
4,86	
4,9	
4,83	
4,91	
4,83
GCHE	
ЧеркизГ-ао
570	
4 022 951	
1 803	
1 781	
1 781	
1 816	
1 807,5
MRKV	
МРСКВол
528	
3 966 454	
0,07085	
0,0718	
0,07	
0,0722	
0,07095
RBCM	
РБК ао
976	
3 954 837	
3,224	
3,308	
3,15	
3,378	
3,194
BISVP	
БашИнСв ап
326	
3 803 923	
6,57	
7	
6,5	
7	
6,59
SELGP	
Селигдар-п
338	
3 774 810	
27,75	
26,95	
26,95	
28,35	
27,7
MRKC	
МРСК Центр
704	
3 646 413	
0,248	
0,2506	
0,2452	
0,255	
0,2472
BRZL	
БурЗолото
140	
3 589 830	
816	
817	
815	
833	
822
KUZB	
КузнецкийБ
1 125	
3 043 569	
0,01843	
0,01769	
0,01704	
0,01958	
0,01758
RGSS	
РГС СК ао
576	
2 872 119	
0,1502	
0,154	
0,1462	
0,1548	
0,1508
GAZA	
ГАЗ ао
205	
2 643 230	
400,5	
386	
386	
414,5	
401,5
MSTT	
Мостотрест
341	
2 490 230	
158,9	
157,35	
157,35	
161,9	
159,4
TGKBP	
ТГК-2 ап
160	
2 396 210	
0,00664	
0,00686	
0,0065	
0,00687	
0,00659
PMSBP	
ПермьЭнС-п
451	
2 366 794	
136	
137,6	
128	
139,4	
138
TTLK	
Таттел. ао
236	
2 302 920	
0,2985	
0,301	
0,2915	
0,304	
0,299
ALNU	
АЛРОСА-Нюр
34	
2 161 000	
47 000	
47 000	
46 400	
47 800	
47 200
KZOSP	
ОргСинт ап
691	
2 072 614	
13,13	
13,28	
12,75	
13,52	
12,94
ROSB	
Росбанк ао
298	
1 966 778	
77,8	
64,2	
63,6	
90	
70,6
WTCMP	
ЦМТ ап
143	
1 918 124	
8,98	
9,3	
8,6	
9,44	
8,94
PAZA	
ПавлАвт ао
175	
1 907 020	
8 710	
8 990	
8 190	
9 300	
8 470
LNZLP	
Лензол. ап
167	
1 876 300	
3 620	
3 600	
3 545	
3 685	
3 655
KMAZ	
КАМАЗ
459	
1 812 552	
54,1	
54,5	
53,5	
54,5	
54,2
IRGZ	
ИркЭнерго
246	
1 809 606	
11,7	
11,98	
11,5	
11,98	
11,7
PMSB	
ПермьЭнСб
412	
1 550 883	
139,5	
136,6	
132,4	
149,8	
143,7
MRKZ	
МРСК СЗ
190	
1 514 267	
0,0477	
0,0487	
0,0472	
0,0488	
0,0477
RZSB	
РязЭнСб
89	
1 494 160	
6,07	
5,5	
5,5	
6,2	
6,2
YAKG	
ЯТЭК ао
93	
1 460 790	
53,72	
53,06	
52,1	
54,6	
52,6
USBN	
УралСиб ао
248	
1 447 446	
0,0706	
0,0721	
0,0696	
0,0725	
0,0713
SVAV	
СОЛЛЕРС
170	
1 369 255	
253,5	
256	
251,5	
256,5	
254
DASB	
ДагСб ао
290	
1 343 130	
0,0987	
0,0974	
0,096	
0,1015	
0,0979
IGSTP	
Ижсталь ап
229	
1 300 926	
770	
819	
745	
819	
755
RLMNP	
Роллман-п
404	
1 214 604	
19,78	
17,52	
17,52	
21,5	
18,94
VZRZP	
Возрожд-п
170	
1 038 300	
315,6	
323	
310	
335	
314,8
NSVZ	
НаукаСвяз
179	
995 990	
234,5	
244,5	
223	
246	
235,5
DVEC	
ДЭК ао
192	
991 255	
0,802	
0,815	
0,785	
0,824	
0,792
IRKT	
ИРКУТ-3
104	
974 426	
30,94	
31,5	
30,6	
31,54	
30,9
RAVN	
Raven
11	
952 640	
32	
32	
31,8	
32	
31,8
HIMCP	
Химпром ап
213	
865 381	
5,81	
5,9	
5,68	
5,9	
5,85
KUBE	
Кубанэнр
130	
849 093	
60,8	
63,7	
60	
64,3	
61,3
WTCM	
ЦМТ ао
87	
800 832	
9,04	
9,12	
8,86	
9,48	
9,46
TGKD	
Квадра
164	
783 149	
0,00293	
0,00304	
0,002895	
0,00304	
0,002955
KROT	
КрасОкт-ао
93	
716 185	
324	
319,5	
313,5	
348,5	
321
MRKU	
МРСК Ур
79	
706 626	
0,1466	
0,1492	
0,145	
0,1492	
0,1468
CHEP	
ЧТПЗ ао
84	
677 750	
207,5	
206,5	
205,5	
209,5	
207
MGNZ	
СМЗ-ао
27	
644 720	
4 110	
4 180	
4 000	
4 200	
4 160
KMEZ	
КМЗ
193	
624 189	
416	
430	
410	
430	
420,5
JNOS	
Славн-ЯНОС
84	
611 085	
17,55	
18	
17,1	
18,45	
17,2
SLEN	
Сахэнер ао
182	
562 761	
3,94	
4,315	
2,755	
4,425	
4,155
STSBP	
СтаврЭнСбп
124	
560 119	
0,2862	
0,2988	
0,28	
0,2988	
0,2874
SAREP	
СаратЭн-ап
181	
522 394	
0,09	
0,0872	
0,0808	
0,0968	
0,0844
KCHE	
КамчатЭ ао
56	
464 245	
0,176	
0,183	
0,1735	
0,19	
0,1745
MRKS	
МРСКСиб
53	
454 990	
0,22	
0,219	
0,217	
0,222	
0,22
IGST	
Ижсталь2ао
119	
452 616	
856	
871	
802	
910	
840
PRTK	
ПРОТЕК ао
109	
441 382	
97,7	
98,5	
96,6	
98,5	
97,8
LVHK	
Левенгук
138	
422 638	
7,94	
7,87	
7,8	
8,13	
7,93
VJGZP	
Варьеган-п
54	
409 090	
317	
319	
313	
319	
317
MAGE	
МагадЭн ао
36	
400 870	
4,89	
4,84	
4,72	
4,97	
4,87
ROST	
РОСИНТЕРао
72	
391 822	
58	
58,2	
57	
59	
58,2
ZILL	
ЗИЛ ао
39	
382 796	
1 362	
1 372	
1 350	
1 400	
1 386
OMZZP	
ОМЗ-ап
80	
379 765	
3 515	
3 615	
3 450	
3 615	
3 505
UCSS	
ОКС ао
51	
377 850	
1 480	
1 490	
1 480	
1 510	
1 480
RKKE	
ЭнергияРКК
31	
370 650	
4 750	
4 930	
4 560	
4 930	
4 820
MRKY	
РоссЮг ао
134	
368 452	
0,0509	
0,0516	
0,05045	
0,0516	
0,0508
UTAR	
ЮТэйр ао
99	
362 371	
6,43	
6,53	
6,32	
6,59	
6,43
SZPR	
СЗПароход
131	
360 972	
778	
738	
738	
858	
788
NKSH	
Нижкамшина
50	
331 508	
22,86	
23,28	
22,62	
23,66	
23,04
KLSB	
КалужскСК
70	
330 546	
10,49	
10,47	
10,4	
10,57	
10,49
BLNG	
Белон ао
117	
323 541	
3,99	
3,97	
3,952	
4,138	
4,032
KROTP	
КрасОкт-1п
44	
304 640	
231	
239,5	
222,5	
239,5	
227,5
NAUK	
iНПОНаука
79	
299 550	
172,2	
174,8	
170	
177,8	
173,8
RDRB	
РДБанк ао
77	
298 800	
285	
280	
280	
290	
285
STSB	
СтаврЭнСб
50	
298 389	
0,3425	
0,3515	
0,328	
0,3515	
0,331
KBTK	
КузбТК ао
64	
292 882	
162,8	
165,6	
160,4	
165,6	
163
MGTS	
МГТС-5ао
45	
290 685	
2 690	
2 725	
2 640	
2 760	
2 680
KAZTP	
Куйбазот-п
42	
288 604	
145,8	
149,8	
145	
149,8	
148,6
YKEN	
Якутскэнрг
51	
280 020	
0,3145	
0,3255	
0,3055	
0,326	
0,315
YKENP	
Якутскэн-п
38	
270 520	
0,294	
0,3055	
0,2885	
0,3055	
0,2935
KRKN	
СаратНПЗ
21	
269 100	
11 700	
11 750	
11 600	
11 750	
11 750
GEMA	
iММЦБ ао
25	
264 394	
730,5	
723	
723	
732	
723
ZVEZ	
ЗВЕЗДА ао
22	
262 600	
4,17	
4,17	
4,15	
4,205	
4,18
MFGS	
Мегион-ао
25	
241 820	
336	
348,5	
329	
348,5	
329
TGKDP	
Квадра-п
55	
239 409	
0,003695	
0,003805	
0,003605	
0,00381	
0,00373
MRKK	
Россети СК
104	
235 514	
26,58	
27,94	
26,1	
27,94	
26,92
CHKZ	
ЧКПЗ ао
16	
232 600	
5 280	
5 520	
5 200	
5 520	
5 340
TRCN	
ТрансК ао
20	
231 975	
8 285	
8 265	
8 255	
8 340	
8 260
MRSB	
МордЭнСб
16	
225 290	
0,341	
0,335	
0,333	
0,349	
0,345
ELTZ	
Электрцинк
125	
225 257	
170,5	
174,5	
167,5	
174,5	
173
MOBB	
МосОблБанк
86	
224 260	
2,486	
2,51	
2,47	
2,544	
2,5
KAZT	
Куйбазот
48	
220 618	
147,2	
148,6	
145,6	
149	
148
UKUZ	
ЮжКузб. ао
59	
213 720	
506	
500	
490	
530	
506
NKHP	
НКХП ао
39	
212 595	
233,5	
233	
232,5	
235	
233
MFGSP	
Мегион-ап
40	
203 865	
334	
325	
323	
348	
326,5
SAGOP	
СамарЭн-ап
32	
203 770	
0,357	
0,372	
0,35	
0,374	
0,374
ROLO	
Русолово
37	
201 094	
3,794	
3,8	
3,746	
3,818	
3,796
RUSP	
Русполимет
24	
198 110	
0,5505	
0,545	
0,545	
0,556	
0,553
NFAZ	
Нефтекамск
59	
195 476	
137,8	
142,4	
135	
142,4	
137,4
HALS	
Галс-Девел
60	
195 026	
762	
765	
752	
772	
767
ABRD	
АбрауДюрсо
63	
187 090	
134,5	
134	
133,5	
135,5	
135
PRMB	
Приморье
10	
177 000	
17 800	
18 200	
16 800	
18 400	
17 400
RUSI	
ИКРУСС-ИНВ
32	
167 730	
40,9	
40,6	
39,5	
43,9	
39,5
MAGEP	
МагадЭн ап
12	
166 815	
4,17	
3,925	
3,925	
4,25	
4,2
DZRD	
iДонскЗР
56	
154 310	
2 004	
2 112	
1 636	
2 112	
2 102
SAGO	
СамарЭн-ао
29	
148 420	
0,372	
0,38	
0,352	
0,386	
0,386
URKZ	
УрКузница
11	
143 240	
10 240	
10 220	
9 900	
10 600	
10 140
KOGK	
КоршГОК ао
3	
132 000	
44 000	
44 000	
44 000	
44 000	
44 000
JNOSP	
Слав-ЯНОСп
21	
126 026	
14,32	
14,22	
13,94	
14,44	
14,44
CHMK	
ЧМК ао
29	
125 405	
2 410	
2 425	
2 390	
2 445	
2 415
NNSB	
ТНСэнНН ао
41	
108 610	
1 280	
1 240	
1 225	
1 330	
1 260
GAZAP	
ГАЗ ап
16	
99 515	
343	
341,5	
341,5	
347	
347
TUZA	
ТЗА ао
56	
96 000	
81	
83	
78	
84	
82
KRSB	
Красэсб ао
9	
95 570	
5,62	
5,68	
5,56	
5,72	
5,61
LPSB	
ЛЭСК ао
14	
85 730	
7,65	
7,85	
7,6	
7,85	
7,65
DZRDP	
iДонскЗР п
15	
83 080	
1 570	
1 570	
1 550	
1 580	
1 570
MISBP	
ТНСэМаЭл-п
7	
78 880	
10,8	
10,8	
10,8	
11	
11
ASSB	
АстрЭнСб
45	
72 530	
0,6045	
0,6185	
0,599	
0,6185	
0,6065
KGKCP	
КурганГКап
9	
69 060	
57	
57,5	
54,5	
57,5	
56,5
INGR	
ИНГРАД ао
12	
68 238	
767	
770	
762	
770	
764
VRSB	
ТНСэнВорон
10	
61 520	
47,4	
46,8	
46,8	
48,2	
47
TORSP	
ТРК ап
13	
59 690	
0,2595	
0,2595	
0,2545	
0,26	
0,2595
VRSBP	
ТНСэнВор-п
13	
59 300	
29,5	
30	
29	
30,5	
30
TASB	
ТамбЭнСб
17	
57 915	
0,276	
0,275	
0,274	
0,2815	
0,2795
KTSB	
КСБ ао
12	
57 062	
0,48	
0,478	
0,478	
0,508	
0,494
ALBK	
БестЭфБ ао
34	
50 810	
52	
52,5	
50	
54	
53
SARE	
СаратЭн-ао
20	
50 050	
0,1138	
0,112	
0,112	
0,1154	
0,1126
VGSB	
ВолгЭнСб
7	
42 380	
1,46	
1,455	
1,455	
1,49	
1,49
KBSB	
ТНСэКубань
16	
36 870	
136,5	
133,5	
130,5	
140,5	
131
VJGZ	
Варьеган
17	
33 541	
621	
639	
612	
639	
617
TORS	
ТРК ао
5	
30 030	
0,375	
0,378	
0,369	
0,378	
0,369
ARSA	
Арсагера
6	
29 040	
3,23	
3,26	
3,18	
3,26	
3,21
KRSBP	
Красэсб ап
4	
28 120	
5,62	
5,62	
5,6	
5,68	
5,62
YRSB	
ТНСэнЯр
10	
24 360	
162	
164	
162	
164	
162
KRKOP	
ТКЗКК ап
14	
22 563	
3,89	
3,9	
3,845	
3,985	
3,885
RTGZ	
ГазпРнД ао
1	
22 450	
22 450	
22 450	
22 450	
22 450	
22 450
TNSE	
ТНСэнрг ао
8	
20 400	
970	
985	
970	
985	
985
KGKC	
КурганГКао
9	
13 720	
53	
52	
52	
54	
53
VGSBP	
ВолгЭнСб-п
8	
12 570	
0,965	
1	
0,95	
1	
0,95
KTSBP	
КСБ ап
5	
11 345	
0,227	
0,227	
0,225	
0,23	
0,23
VSYDP	
ВыбСудЗ ап
4	
10 720	
2 680	
2 680	
2 660	
2 720	
2 700
TASBP	
ТамбЭнСб-п
2	
7 805	
0,195	
0,1955	
0,195	
0,1955	
0,195
CHGZ	
РН-ЗапСиб
2	
6 220	
31,2	
31,2	
31	
31,2	
31
YRSBP	
ТНСэнЯр-п
1	
4 000	
80	
80	
80	
80	
80
NNSBP	
ТНСэнНН ап
4	
3 267	
545	
547	
540	
547	
540
RTSBP	
ТНСэнРст-п
1	
2 560	
0,256	
0,256	
0,256	
0,256	
0,256
BISV	
БашИнСв ао
0	
0	
-	
-	
-	
-	
8,7
GAZC	
ГАЗКОН-ао
0	
0	
-	
-	
-	
-	
295
GAZS	
ГАЗ-сервис
0	
0	
-	
-	
-	
-	
293
GAZT	
ГАЗ-Тек ао
0	
0	
-	
-	
-	
-	
85
GTSS	
ГЕОТЕК ао
0	
0	
-	
-	
-	
-	
-
HIMC	
Химпром ао
0	
0	
-	
-	
-	
-	
0,99
KCHEP	
КамчатЭ ап
0	
0	
-	
-	
-	
-	
0,343
KMTZ	
КосогМЗ ао
0	
0	
-	
-	
-	
-	
-
KRKO	
ТКЗКК ао
0	
0	
-	
-	
-	
-	
11,8
KSGR	
Кокс ао
0	
0	
-	
-	
-	
-	
-
KUNF	
КУЗОЦМ ао
0	
0	
-	
-	
-	
-	
-
KZMS	
КЗМС ао
0	
0	
-	
-	
-	
-	
226
LSNG	
Ленэнерго
0	
0	
-	
-	
-	
-	
5,66
LSNGP	
Ленэнерг-п
0	
0	
-	
-	
-	
-	
119,95
MFON	
МегаФон ао
0	
0	
-	
-	
-	
-	
650,6
MISB	
ТНСэнМарЭл
0	
0	
-	
-	
-	
-	
11
MORI	
Морион ао
0	
0	
-	
-	
-	
-	
4,31
NPOF	
Физика ао
0	
0	
-	
-	
-	
-	
11 850
RTSB	
ТНСэнРст
0	
0	
0,365	
-	
-	
-	
0,325
TRFM	
ТрансФ ао
0	
0	
-	
-	
-	
-	
-
URKA	
Уркалий-ао
0	
0	
-	
-	
-	
-	
119,04
VSYD	
ВыбСудЗ ао
0	
0	
-	
-	
-	
-	
2 800
VZRZ	
Возрожд-ао
0	
0	
-	
-	
-	
-	
480
RU000A0JVT35	
ИСУ ЕФГ-3
0	
0	
-	
-	
-	
-	
400