GAZP	
ГАЗПРОМ ао
87 759	
12 514 324 495	
198,51	
201,6	
195,5	
202,33	
196,5
SBER	
Сбербанк
52 815	
10 836 025 410	
211,09	
213,87	
208,11	
214,2	
210,16
GMKN	
ГМКНорНик
59 313	
9 229 282 516	
18 162	
18 450	
17 902	
18 522	
17 984
LKOH	
ЛУКОЙЛ
53 249	
6 088 290 795	
5 007,5	
5 116	
4 909	
5 133,5	
4 956,5
PLZL	
Полюс
26 918	
2 754 312 173	
13 030,5	
13 280	
12 765	
13 373,5	
12 853
ROSN	
Роснефть
22 184	
1 803 474 291	
360	
366	
354,3	
367,4	
356,3
POLY	
Polymetal
21 433	
1 763 989 465	
1 450,2	
1 440	
1 429,7	
1 467	
1 439,8
YNDX	
Yandex clA
22 242	
1 703 567 496	
3 677,2	
3 637	
3 635	
3 719,6	
3 696,2
MTSS	
МТС-ао
21 302	
1 637 336 472	
317,4	
316,3	
315,3	
318,8	
316,65
MOEX	
МосБиржа
27 689	
1 485 804 510	
125,86	
126,8	
121,81	
127,86	
124,24
MGNT	
Магнит ао
15 844	
1 418 956 601	
4 321,5	
4 315,5	
4 274	
4 357,5	
4 314
SBERP	
Сбербанк-п
21 209	
1 208 349 186	
192,77	
194	
190,8	
195,33	
192,01
TATN	
Татнфт 3ао
18 018	
1 174 948 161	
553,4	
563,7	
544,5	
566,6	
549,5
SNGSP	
Сургнфгз-п
10 759	
917 186 370	
36,055	
36,175	
35,64	
36,35	
35,75
NVTK	
Новатэк ао
10 266	
904 610 046	
1 047,6	
1 044,4	
1 034,2	
1 055	
1 055
SNGS	
Сургнфгз
9 658	
816 577 091	
38,44	
38,6	
37,9	
38,985	
38,37
AFLT	
Аэрофлот
18 247	
778 467 123	
81,6	
81,62	
80,44	
82,7	
81,22
VTBR	
ВТБ ао
25 049	
765 450 568	
0,035185	
0,03536	
0,034955	
0,035395	
0,035195
ALRS	
АЛРОСА ао
19 649	
738 026 189	
63,88	
64,15	
63,12	
64,85	
63,85
MAGN	
ММК
7 479	
617 372 531	
38,175	
38,655	
37,67	
38,93	
37,67
CHMF	
СевСт-ао
14 019	
503 950 425	
880	
882,8	
870,6	
889	
876,6
IRAO	
ИнтерРАОао
6 689	
450 820 292	
5,056	
5,0995	
5,0005	
5,1105	
5,0585
NLMK	
НЛМК ао
8 102	
427 565 896	
136,7	
135,68	
135	
138,2	
136,6
POGR	
Petropavl
10 546	
409 642 326	
26,72	
26,105	
26,01	
27,19	
26,88
HYDR	
РусГидро
11 464	
394 475 030	
0,7637	
0,7677	
0,7543	
0,7732	
0,7644
TATNP	
Татнфт 3ап
9 470	
351 373 145	
530,4	
539,9	
522,2	
544	
525,2
DSKY	
ДетскийМир
11 954	
345 074 799	
108,78	
107	
107	
110	
108,86
FIVE	
FIVE-гдр
4 996	
300 550 088	
2 511	
2 536,5	
2 474	
2 578	
2 509,5
CBOM	
МКБ ао
9 811	
280 749 920	
5,629	
5,615	
5,581	
5,681	
5,651
SIBN	
Газпрнефть
6 039	
279 772 420	
324,55	
325,65	
322,65	
328,3	
325
PIKK	
ПИК ао
10 060	
265 780 138	
402,2	
411,7	
400	
416,3	
400
FEES	
ФСК ЕЭС ао
5 709	
260 463 039	
0,19188	
0,1923	
0,18922	
0,19332	
0,192
TRNFP	
Транснф ап
996	
231 846 350	
136 800	
137 900	
135 700	
137 900	
136 000
TCSG	
TCS-гдр
7 530	
196 888 192	
1 533,8	
1 509,8	
1 500	
1 551,2	
1 540,6
AFKS	
Система ао
4 760	
196 692 156	
17,856	
17,687	
17,687	
17,948	
17,865
MAIL	
MAIL-гдр
7 806	
165 592 925	
1 826,6	
1 822,4	
1 818	
1 838	
1 822
RSTI	
Россети ао
3 513	
146 042 357	
1,5474	
1,5469	
1,5323	
1,5601	
1,554
OGKB	
ОГК-2 ао
5 068	
129 786 263	
0,764	
0,757	
0,7552	
0,7736	
0,762
PHOR	
ФосАгро ао
4 225	
126 894 841	
2 560	
2 589	
2 543	
2 589	
2 550
RUAL	
РУСАЛ ао
6 928	
102 202 977	
26,385	
26,4	
26,21	
26,695	
26,21
RTKM	
Ростел -ао
4 031	
100 056 439	
87,08	
87,49	
86,54	
88	
86,85
TRMK	
ТМК ао
751	
76 133 216	
59,88	
60,08	
56,14	
60,08	
60
NMTP	
НМТП ао
3 562	
69 036 966	
10,64	
10,66	
10,585	
10,715	
10,605
LNZL	
Лензолото
2 196	
66 665 620	
11 880	
12 100	
11 070	
12 540	
11 590
LSRG	
ЛСР ао
4 397	
66 279 690	
718,4	
720,8	
710,2	
728	
712
MTLRP	
Мечел ап
1 775	
61 230 847	
85,15	
85	
84	
86,5	
85
UPRO	
Юнипро ао
1 980	
58 320 647	
2,855	
2,852	
2,844	
2,868	
2,85
MTLR	
Мечел ао
4 866	
47 972 987	
65	
65,22	
64,7	
65,55	
64,8
UNKL	
ЮУНК ао
3 101	
47 272 040	
5 930	
4 840	
4 840	
6 600	
6 500
BANEP	
Башнефт ап
2 642	
47 257 787	
1 356,5	
1 358,5	
1 350	
1 368,5	
1 350
ENRU	
ЭнелРос ао
3 559	
45 032 836	
0,952	
0,9605	
0,9415	
0,966	
0,949
CNTLP	
Телеграф-п
1 858	
44 553 746	
26,98	
26,8	
26,6	
27,16	
26,86
MVID	
М.видео
1 630	
37 754 967	
402,8	
401,7	
399,6	
404,9	
402,4
TGKA	
ТГК-1
2 735	
35 876 735	
0,012126	
0,0123	
0,01205	
0,0123	
0,012074
MSNG	
+МосЭнерго
1 392	
35 829 659	
2,113	
2,1265	
2,0955	
2,1325	
2,109
QIWI	
iQIWI
1 727	
33 607 378	
1 290,5	
1 299,5	
1 271,5	
1 310	
1 304
CNTL	
Телеграф
1 757	
31 249 425	
28,9	
28,1	
27,9	
29,9	
28,7
LNTA	
Лента др
2 642	
30 957 982	
175	
175,7	
173,5	
177,7	
175
ETLN	
ETLN-гдр
1 453	
30 429 905	
99,1	
98,24	
97,5	
100,08	
100,08
RASP	
Распадская
754	
29 974 755	
108,12	
107,72	
107,66	
108,98	
108,58
AGRO	
AGRO-гдр
1 679	
27 544 548	
652,2	
652	
649	
656	
655,4
BSPB	
БСП ао
2 413	
26 730 217	
41,66	
41,33	
40,67	
42,5	
41,26
NKNCP	
НКНХ ап
3 131	
23 766 397	
81,72	
82	
81	
83	
81,06
LIFE	
iФармсинтз
2 510	
21 584 402	
6,815	
6,53	
6,51	
7,11	
6,755
RTKMP	
Ростел -ап
1 850	
20 356 958	
81,2	
80,1	
80,1	
81,65	
80,95
AQUA	
РусАква ао
1 271	
18 673 505	
191,5	
195	
189,5	
196,5	
190
BANE	
Башнефт ао
999	
17 101 998	
1 741,5	
1 730,5	
1 722,5	
1 757,5	
1 730,5
SFIN	
САФМАР ао
763	
15 446 290	
460	
461,6	
455,8	
462	
458
LSNGP	
РСетиЛЭ-п
749	
12 517 180	
156,05	
155,95	
155,4	
156,75	
155,4
OBUV	
ОР ао
895	
12 082 345	
33	
33,3	
32,5	
33,5	
32,95
AKRN	
Акрон
472	
11 867 988	
5 586	
5 606	
5 544	
5 636	
5 552
SELG	
Селигдар
647	
10 449 949	
26,56	
26,43	
26,3	
26,71	
26,38
VSMO	
ВСМПО-АВСМ
152	
9 257 120	
18 440	
18 400	
18 340	
18 520	
18 360
MRKP	
МРСК ЦП
717	
8 933 374	
0,1966	
0,1964	
0,1951	
0,1992	
0,1969
FESH	
ДВМП ао
574	
8 159 770	
7,71	
7,65	
7,52	
7,84	
7,77
MRKV	
РсетВол ао
747	
7 798 624	
0,0726	
0,0718	
0,0718	
0,0735	
0,0734
KMAZ	
КАМАЗ
933	
7 241 564	
57,9	
56,2	
56,2	
58,8	
58,7
LNZLP	
Лензол. ап
473	
7 016 870	
4 020	
4 155	
3 890	
4 210	
3 975
NKNC	
НКНХ ао
717	
6 212 458	
94,6	
94,35	
93,7	
96,15	
94,1
ISKJ	
iИСКЧ ао
678	
5 760 757	
25,76	
26,32	
25,51	
26,35	
25,8
GCHE	
ЧеркизГ-ао
547	
5 630 220	
1 746	
1 740	
1 733	
1 764,5	
1 739,5
VGSB	
ВолгЭнСб
204	
5 162 685	
1,635	
1,58	
1,575	
1,705	
1,585
ENPG	
ЭН+ГРУП ао
354	
5 051 422	
582,5	
589	
578,5	
590,5	
579,5
KRKNP	
СаратНПЗ-п
221	
4 917 700	
15 760	
15 700	
15 600	
15 920	
15 760
RNFT	
РуссНфт ао
1 452	
4 877 170	
523	
518,8	
518,8	
527,6	
522,6
DIOD	
ЗаводДИОД
657	
4 847 479	
6,65	
6,51	
6,5	
6,82	
6,81
SVAV	
СОЛЛЕРС
165	
4 829 965	
263	
261,5	
258,5	
265,5	
263,5
MRKC	
МРСК Центр
313	
4 755 897	
0,2832	
0,282	
0,2804	
0,285	
0,283
URKZ	
УрКузница
196	
4 754 620	
15 800	
14 500	
14 200	
17 000	
16 000
RSTIP	
Россети ап
580	
4 576 950	
2,067	
2,07	
2,052	
2,094	
2,052
MOBB	
МосОблБанк
892	
4 344 694	
0,752	
0,76	
0,72	
0,772	
0,722
DVEC	
ДЭК ао
425	
4 176 166	
1,056	
1,021	
1,015	
1,088	
1,02
AMEZ	
АшинскийМЗ
430	
3 733 677	
4,04	
4,05	
4	
4,095	
4,065
TRCN	
ТрансК ао
33	
2 902 550	
8 585	
8 570	
8 545	
8 600	
8 600
UTAR	
ЮТэйр ао
421	
2 831 272	
7,53	
7,38	
7,25	
7,79	
7,33
APTK	
Аптеки36и6
1 194	
2 796 262	
13,788	
13,848	
13,71	
13,864	
13,712
IRKT	
ИРКУТ-3
118	
2 745 960	
34,42	
34,16	
34,1	
34,6	
34,28
ZILL	
ЗИЛ ао
272	
2 498 800	
2 815	
2 850	
2 700	
2 920	
2 840
KRKOP	
ТКЗКК ап
458	
2 408 372	
6,11	
5,835	
5,8	
6,4	
6,31
MRKS	
РсетСиб ао
83	
2 244 720	
0,2385	
0,248	
0,2365	
0,248	
0,2385
BELU	
Белуга ао
138	
2 232 632	
1 355	
1 360	
1 336	
1 369	
1 355
VSYD	
ВыбСудЗ ао
239	
2 199 385	
4 110	
4 030	
3 965	
4 385	
4 025
KZOS	
ОргСинт ао
409	
2 038 130	
87,2	
88	
86,3	
88	
86,9
TGKB	
ТГК-2
126	
1 967 680	
0,003945	
0,003945	
0,00392	
0,00397	
0,00394
UNAC	
iАвиастКао
187	
1 824 770	
0,472	
0,475	
0,47	
0,4775	
0,4745
MGTSP	
МГТС-4ап
270	
1 721 468	
1 988	
1 988	
1 982	
2 000	
1 982
ROLO	
Русолово
136	
1 503 048	
4,03	
3,988	
3,95	
4,13	
3,95
MSTT	
Мостотрест
223	
1 497 445	
154,4	
157,4	
153,2	
157,4	
153,3
STSBP	
СтаврЭнСбп
292	
1 470 080	
0,351	
0,352	
0,347	
0,3615	
0,355
MRKZ	
МРСК СЗ
140	
1 277 336	
0,04975	
0,04945	
0,0491	
0,0502	
0,04995
SLEN	
Сахэнер ао
46	
1 244 294	
4,575	
4,53	
4,53	
4,65	
4,63
SELGP	
Селигдар-п
133	
1 230 415	
27,1	
27,55	
26,65	
27,7	
26,95
GEMA	
iММЦБ ао
169	
1 218 343	
609	
614	
606	
614	
607
KLSB	
КалужскСК
196	
1 183 270	
11,3	
11,41	
11,15	
11,5	
11,3
RKKE	
ЭнергияРКК
94	
1 109 640	
5 160	
4 990	
4 950	
5 310	
5 170
RTSBP	
ТНСэнРст-п
155	
1 052 160	
0,306	
0,312	
0,295	
0,322	
0,309
RUSP	
Русполимет
96	
1 049 655	
0,625	
0,64	
0,6145	
0,643	
0,621
MSRS	
РСетиМР ао
165	
1 010 870	
1,116	
1,1155	
1,1055	
1,125	
1,1155
ALNU	
АЛРОСА-Нюр
17	
1 004 200	
55 800	
55 600	
55 400	
56 600	
55 400
PRTK	
ПРОТЕК ао
71	
947 784	
99,6	
99,6	
99,2	
99,7	
99,5
YAKG	
ЯТЭК ао
24	
945 820	
41,3	
41,35	
41,3	
41,35	
41,3
MAGEP	
МагадЭн ап
86	
893 915	
6	
6,025	
5,8	
6,48	
6,025
USBN	
УралСиб ао
132	
863 257	
0,0679	
0,0684	
0,0665	
0,0689	
0,0674
KBSB	
ТНСэКубань
160	
856 750	
161	
170	
158,5	
170	
159
KZOSP	
ОргСинт ап
387	
852 338	
11,88	
12,1	
11,68	
12,1	
11,82
PMSBP	
ПермьЭнС-п
171	
845 596	
128,2	
128,2	
127,6	
129	
128
GTRK	
ГТМ ао
224	
732 824	
41,95	
42,1	
41,75	
42,2	
41,85
TTLK	
Таттел. ао
111	
683 840	
0,2825	
0,287	
0,28	
0,287	
0,2805
MRKU	
МРСК Ур
71	
660 430	
0,157	
0,155	
0,155	
0,158	
0,157
VRSBP	
ТНСэнВор-п
70	
658 800	
47,5	
47	
46	
49	
46,5
CHEP	
ЧТПЗ ао
100	
649 030	
201	
203	
199,5	
203	
201,5
RUGR	
Русгрэйн
818	
648 480	
7,032	
7,084	
6,996	
7,12	
7,008
LSNG	
РСетиЛЭ
123	
643 147	
6,02	
6	
6	
6,04	
6
VSYDP	
ВыбСудЗ ап
68	
640 460	
4 420	
4 040	
4 040	
4 600	
4 220
KOGK	
КоршГОК ао
13	
609 200	
46 800	
46 400	
46 200	
47 600	
47 000
TGKN	
ТГК-14
68	
603 610	
0,0031	
0,00311	
0,00308	
0,00313	
0,00308
INGR	
ИНГРАД ао
120	
588 202	
730	
735	
726	
735	
730
RLMN	
Роллман
193	
556 625	
18,7	
18,8	
18,4	
19	
18,5
ABRD	
АбрауДюрсо
92	
537 730	
129,5	
129,5	
129	
130,5	
129
YKEN	
Якутскэнрг
63	
535 850	
0,35	
0,3555	
0,344	
0,3555	
0,3455
RZSB	
РязЭнСб
31	
498 980	
9,78	
9,86	
9,6	
9,88	
9,78
DZRD	
iДонскЗР
111	
474 115	
2 045	
1 945	
1 945	
2 110	
2 035
IRGZ	
ИркЭнерго
113	
468 972	
11,64	
11,64	
11,52	
11,86	
11,7
DZRDP	
iДонскЗР п
77	
466 470	
1 600	
1 600	
1 590	
1 640	
1 590
JNOSP	
Слав-ЯНОСп
52	
465 952	
13,8	
14,08	
13,74	
14,08	
13,94
TGKDP	
Квадра-п
122	
424 066	
0,00372	
0,003885	
0,0035	
0,003905	
0,00385
VRSB	
ТНСэнВорон
49	
415 480	
52,6	
52,8	
50,6	
54,6	
51,4
IGSTP	
Ижсталь ап
90	
412 201	
690	
665	
665	
704	
668
PAZA	
ПавлАвт ао
28	
402 600	
7 600	
7 620	
7 540	
7 730	
7 550
RBCM	
РБК ао
161	
396 156	
3,154	
3,162	
3,142	
3,17	
3,148
ASSB	
АстрЭнСб
153	
370 809	
0,789	
0,789	
0,7825	
0,7985	
0,7825
NKHP	
НКХП ао
91	
353 085	
231	
229,5	
229	
233	
230,5
MRKY	
РоссЮг ао
81	
348 006	
0,0493	
0,04835	
0,04805	
0,0495	
0,0493
KRSB	
Красэсб ао
31	
344 350	
6,62	
6,72	
6,54	
6,75	
6,61
UCSS	
ОКС ао
41	
341 380	
1 430	
1 430	
1 420	
1 450	
1 430
TNSE	
ТНСэнрг ао
22	
340 705	
965	
965	
960	
985	
970
NKSH	
Нижкамшина
54	
318 194	
22,1	
22,1	
21,72	
22,8	
22,74
PMSB	
ПермьЭнСб
74	
302 783	
128,8	
129	
128	
129,4	
128,7
MRKK	
Россети СК
133	
296 503	
25,66	
25,66	
25,32	
26,36	
25,42
MGNZ	
СМЗ-ао
13	
272 680	
3 900	
3 880	
3 860	
3 900	
3 880
TGKD	
Квадра
40	
270 156	
0,003055	
0,003095	
0,00305	
0,003095	
0,00306
RGSS	
РГС СК ао
80	
266 465	
0,1474	
0,149	
0,1468	
0,149	
0,1468
MAGE	
МагадЭн ао
20	
260 630	
7,04	
7,29	
6,94	
7,29	
7,09
ELTZ	
Электрцинк
99	
259 423	
164	
158	
158	
166,5	
162
KUZB	
КузнецкийБ
456	
246 695	
0,01546	
0,01562	
0,01521	
0,01599	
0,0155
CHMK	
ЧМК ао
54	
244 520	
2 470	
2 480	
2 430	
2 495	
2 470
NAUK	
iНПОНаука
39	
243 870	
179,4	
180,6	
178,2	
180,8	
179,4
VZRZP	
Возрожд-п
61	
243 350	
312	
315	
308	
320	
316
KRSBP	
Красэсб ап
19	
228 140	
6,92	
6,9	
6,86	
7	
6,94
RTSB	
ТНСэнРст
36	
220 450	
0,385	
0,395	
0,38	
0,395	
0,39
MRSB	
МордЭнСб
2	
219 740	
0,338	
0,338	
0,338	
0,342	
0,342
RUSI	
ИКРУСС-ИНВ
39	
213 230	
37,4	
37	
37	
37,9	
37,3
NSVZ	
НаукаСвяз
44	
209 445	
223	
225	
221	
226,5	
221
TGKBP	
ТГК-2 ап
23	
203 420	
0,00701	
0,00704	
0,00699	
0,00706	
0,00701
VGSBP	
ВолгЭнСб-п
48	
202 290	
1,12	
1,145	
1,09	
1,145	
1,105
BRZL	
БурЗолото
72	
198 247	
840	
846	
833	
846	
834
BISVP	
БашИнСв ап
39	
195 920	
8,41	
8,42	
8,26	
8,45	
8,4
HIMCP	
Химпром ап
55	
183 701	
5,95	
5,97	
5,9	
5,97	
5,96
KGKCP	
КурганГКап
18	
181 960	
53,5	
54	
53,5	
54	
53,5
UKUZ	
ЮжКузб. ао
73	
174 042	
536	
528	
524	
548	
528
VJGZP	
Варьеган-п
36	
171 950	
337	
340	
333	
343	
339
YKENP	
Якутскэн-п
34	
164 870	
0,3365	
0,3475	
0,3285	
0,351	
0,3295
KAZT	
Куйбазот
28	
152 182	
150,8	
147,6	
147,6	
153,2	
150,8
IGST	
Ижсталь2ао
56	
139 324	
860	
859	
841	
865	
843
UWGN	
ОВК ао
122	
134 771	
235,2	
235,2	
234,6	
236,7	
236,1
PRMB	
Приморье
3	
116 200	
23 200	
23 400	
23 200	
23 400	
23 200
KRKN	
СаратНПЗ
8	
102 600	
12 850	
12 800	
12 750	
12 900	
12 900
MGTS	
МГТС-5ао
14	
101 960	
2 370	
2 390	
2 345	
2 390	
2 360
TASBP	
ТамбЭнСб-п
15	
98 130	
0,3635	
0,3615	
0,3605	
0,367	
0,367
KCHE	
КамчатЭ ао
29	
96 225	
0,2045	
0,2085	
0,1985	
0,2085	
0,208
LPSB	
ЛЭСК ао
24	
89 425	
7,65	
7,7	
7,6	
7,75	
7,75
WTCM	
ЦМТ ао
21	
83 710	
8,82	
8,9	
8,78	
8,9	
8,86
HALS	
Галс-Девел
27	
79 601	
758	
769	
738	
770	
751
WTCMP	
ЦМТ ап
19	
77 082	
8,04	
8,22	
8	
8,22	
8,04
STSB	
СтаврЭнСб
36	
71 001	
0,386	
0,388	
0,3835	
0,3905	
0,3855
ROSB	
Росбанк ао
20	
70 344	
71,8	
73,2	
70,4	
73,2	
72
TASB	
ТамбЭнСб
7	
66 265	
0,442	
0,447	
0,437	
0,447	
0,4385
NNSB	
ТНСэнНН ао
17	
64 810	
1 325	
1 320	
1 305	
1 345	
1 330
ZVEZ	
ЗВЕЗДА ао
13	
63 020	
4,5	
4,495	
4,475	
4,545	
4,515
CHGZ	
РН-ЗапСиб
8	
61 780	
34,4	
34,4	
34,2	
34,6	
34,4
MISBP	
ТНСэМаЭл-п
18	
61 020	
12,6	
12,2	
12,2	
12,8	
12,4
SAGO	
СамарЭн-ао
6	
60 760	
0,434	
0,434	
0,434	
0,434	
0,434
JNOS	
Славн-ЯНОС
19	
60 125	
18,8	
18,75	
18,6	
18,95	
18,9
VLHZ	
ВХЗ-ао
25	
57 585	
49,65	
49,85	
49,25	
49,85	
49,7
TORSP	
ТРК ап
19	
57 365	
0,261	
0,263	
0,259	
0,263	
0,2595
MFGSP	
Мегион-ап
11	
55 325	
325,5	
331,5	
321,5	
333	
333
KMEZ	
КМЗ
36	
51 832	
450,5	
449,5	
447	
455	
454,5
SAGOP	
СамарЭн-ап
13	
51 240	
0,394	
0,397	
0,39	
0,4	
0,4
KROT	
КрасОкт-ао
8	
45 095	
347	
345,5	
345	
349	
346
LVHK	
Левенгук
27	
43 449	
7,76	
7,89	
7,7	
7,89	
7,79
KAZTP	
Куйбазот-п
15	
40 264	
149,2	
149,4	
147,4	
152	
147,4
GAZAP	
ГАЗ ап
7	
37 765	
314,5	
316	
314	
316	
314,5
KBTK	
КузбТК ао
15	
36 708	
153	
151,2	
151,2	
155,8	
152,4
KUBE	
Кубанэнр
12	
35 885	
71,8	
72,3	
71,2	
72,3	
71,8
KROTP	
КрасОкт-1п
7	
35 580	
254	
254	
253,5	
258	
258
BLNG	
Белон ао
14	
31 880	
4,04	
4,032	
4,024	
4,04	
4,024
AVAN	
Авангрд-ао
30	
31 595	
685	
695	
680	
695	
685
KTSBP	
КСБ ап
10	
30 990	
0,2585	
0,257	
0,25	
0,2645	
0,264
RLMNP	
Роллман-п
38	
28 583	
19,32	
19,32	
19,18	
19,88	
19,24
RAVN	
Raven
8	
26 615	
29,55	
29,65	
29,45	
29,65	
29,5
RTGZ	
ГазпРнД ао
1	
22 900	
22 900	
22 900	
22 900	
22 900	
22 900
TORS	
ТРК ао
5	
22 720	
0,379	
0,381	
0,374	
0,381	
0,376
YRSBP	
ТНСэнЯр-п
6	
21 815	
87,5	
87,5	
87	
87,5	
87
GAZA	
ГАЗ ао
5	
19 365	
387,5	
385,5	
385,5	
390	
390
ROST	
РОСИНТЕРао
8	
19 324	
60,4	
61	
60,2	
61	
60,8
TUZA	
ТЗА ао
8	
18 860	
94	
95	
94	
95	
95
MISB	
ТНСэнМарЭл
10	
16 390	
12,6	
12,4	
12,4	
12,7	
12,7
OMZZP	
ОМЗ-ап
5	
16 350	
3 270	
3 280	
3 260	
3 280	
3 265
SARE	
СаратЭн-ао
12	
15 210	
0,117	
0,1174	
0,116	
0,1176	
0,1176
NFAZ	
Нефтекамск
3	
13 218	
165,2	
165,2	
165	
166,4	
166,4
MFGS	
Мегион-ао
3	
11 100	
370	
370	
370	
370	
370
CHKZ	
ЧКПЗ ао
2	
10 560	
5 280	
5 280	
5 280	
5 280	
5 280
ALBK	
БестЭфБ ао
10	
10 540	
52,5	
52,5	
52,5	
53	
53
NNSBP	
ТНСэнНН ап
9	
7 354	
613	
600	
600	
618	
616
ARSA	
Арсагера
2	
6 470	
3,24	
3,2	
3,2	
3,27	
3,27
RDRB	
РДБанк ао
2	
5 000	
250	
250	
250	
250	
250
KTSB	
КСБ ао
5	
3 022	
0,604	
0,604	
0,6	
0,608	
0,604
VJGZ	
Варьеган
3	
1 788	
596	
597	
595	
597	
595
KGKC	
КурганГКао
1	
540	
54	
54	
54	
54	
54
GAZC	
ГАЗКОН-ао
0	
0	
-	
-	
-	
-	
295
GTSS	
ГЕОТЕК ао
0	
0	
-	
-	
-	
-	
-
NPOF	
Физика ао
0	
0	
-	
-	
-	
-	
11 850
KMTZ	
КосогМЗ ао
0	
0	
-	
-	
-	
-	
-
KZMS	
КЗМС ао
0	
0	
-	
-	
-	
-	
226
TRFM	
ТрансФ ао
0	
0	
-	
-	
-	
-	
-
GAZS	
ГАЗ-сервис
0	
0	
-	
-	
-	
-	
293
HIMC	
Химпром ао
0	
0	
-	
-	
-	
-	
0,99
GAZT	
ГАЗ-Тек ао
0	
0	
-	
-	
-	
-	
85
KCHEP	
КамчатЭ ап
0	
0	
0,32	
-	
-	
-	
0,357
KSGR	
Кокс ао
0	
0	
-	
-	
-	
-	
-
URKA	
Уркалий-ао
0	
0	
-	
-	
-	
-	
119,04
VZRZ	
Возрожд-ао
0	
0	
-	
-	
-	
-	
480
YRSB	
ТНСэнЯр
0	
0	
-	
-	
-	
-	
168
MFON	
МегаФон ао
0	
0	
-	
-	
-	
-	
650,6
BISV	
БашИнСв ао
0	
0	
-	
-	
-	
-	
8,7
KRKO	
ТКЗКК ао
0	
0	
-	
-	
-	
-	
11,8
MORI	
Морион ао
0	
0	
-	
-	
-	
-	
4,31
SAREP	
СаратЭн-ап
0	
0	
-	
-	
-	
-	
0,0908
KUNF	
КУЗОЦМ ао
0	
0	
-	
-	
-	
-	
-