MSNG	
+МосЭнерго
1 067	
15 408 722	
1,9235	
1,9465	
1,8955	
1,9465	
1,9135
AGRO	
AGRO-гдр
1 705	
18 873 707	
618,2	
622	
613,4	
625,2	
615,2
ETLN	
ETLN-гдр
1 346	
13 265 217	
82,24	
83,92	
81,98	
83,92	
82,08
FIVE	
FIVE-гдр
6 779	
346 226 461	
2 207,5	
2 215,5	
2 175,5	
2 235	
2 217
QIWI	
iQIWI
3 281	
57 663 783	
930,5	
957,5	
915	
957,5	
915
UNAC	
iАвиастКао
686	
8 763 651	
0,466	
0,47	
0,4595	
0,48	
0,4655
DZRD	
iДонскЗР
388	
2 765 920	
1 910	
2 050	
1 865	
2 050	
1 915
DZRDP	
iДонскЗР п
53	
130 300	
1 590	
1 610	
1 550	
1 610	
1 570
ISKJ	
iИСКЧ ао
658	
5 795 242	
32,98	
33,3	
32,54	
33,38	
32,77
GEMA	
iММЦБ ао
442	
2 375 533	
667	
680	
661,5	
680	
669,5
NAUK	
iНПОНаука
39	
134 652	
172,6	
174,8	
171	
175	
174,6
LIFE	
iФармсинтз
4 945	
59 453 499	
8,16	
7,77	
7,66	
8,575	
7,955
POLY	
Polymetal
20 771	
1 298 976 235	
1 474,5	
1 469,9	
1 443,7	
1 489,6	
1 484
RAVN	
Raven
26	
545 900	
31,55	
31,25	
30,9	
31,9	
31,2
RUAL	
RUSAL plc
10 368	
195 269 629	
25,345	
25,505	
25,125	
25,6	
25,35
TCSG	
TCS-гдр
14 845	
694 228 895	
1 045	
1 043,2	
1 009	
1 071,8	
1 040,8
YNDX	
Yandex clA
22 338	
1 492 724 756	
2 916	
2 959	
2 890,4	
2 959	
2 893,4
ABRD	
АбрауДюрсо
78	
157 065	
131	
130	
130	
132	
130,5
AVAN	
Авангрд-ао
59	
185 825	
780	
780	
765	
800	
770
AKRN	
Акрон
1 085	
26 310 454	
5 878	
5 892	
5 802	
5 940	
5 872
ALRS	
АЛРОСА ао
22 045	
985 978 603	
61,96	
62,8	
61,18	
62,8	
61,18
ALNU	
АЛРОСА-Нюр
24	
1 193 800	
47 800	
48 400	
47 000	
48 400	
47 800
APTK	
Аптеки36и6
3 149	
6 836 145	
13,41	
13,6	
13,3	
13,6	
13,3
ARSA	
Арсагера
8	
55 430	
3,26	
3,29	
3,25	
3,29	
3,28
ASSB	
АстрЭнСб
57	
217 081	
0,631	
0,635	
0,622	
0,6455	
0,6285
AMEZ	
АшинскийМЗ
332	
1 711 847	
3,99	
4,065	
3,95	
4,065	
4,01
AFLT	
Аэрофлот
28 126	
1 057 954 214	
72,16	
72,4	
71,4	
73,36	
72
BISV	
БашИнСв ао
0	
0	
-	
-	
-	
-	
8,7
BISVP	
БашИнСв ап
45	
217 892	
7,01	
7	
6,97	
7,07	
7
BANE	
Башнефт ао
1 186	
26 005 153	
1 753,5	
1 760	
1 742	
1 765	
1 749
BANEP	
Башнефт ап
4 555	
139 940 879	
1 472,5	
1 468	
1 454,5	
1 490	
1 466
BLNG	
Белон ао
19	
138 407	
3,978	
3,97	
3,97	
4	
4
BELU	
Белуга ао
140	
2 019 624	
1 498	
1 516	
1 485	
1 517	
1 509
ALBK	
БестЭфБ ао
12	
26 630	
53,5	
53,5	
53	
54	
53
BSPB	
БСП ао
2 554	
15 220 831	
40,18	
39,94	
39,5	
40,79	
39,92
BRZL	
БурЗолото
149	
1 187 655	
841	
833	
833	
865	
838
VJGZ	
Варьеган
35	
178 892	
604	
615	
600	
615	
605
VJGZP	
Варьеган-п
44	
353 840	
337	
341	
331	
347	
340
VZRZ	
Возрожд-ао
0	
0	
-	
-	
-	
-	
480
VZRZP	
Возрожд-п
48	
334 808	
288,6	
290	
285,4	
292,2	
286,8
VGSB	
ВолгЭнСб
34	
107 005	
1,465	
1,475	
1,44	
1,505	
1,505
VGSBP	
ВолгЭнСб-п
11	
26 835	
1,03	
1,025	
1,025	
1,075	
1,04
VSMO	
ВСМПО-АВСМ
369	
13 056 780	
17 540	
17 540	
17 440	
17 640	
17 560
VTBR	
ВТБ ао
35 936	
1 198 629 805	
0,034555	
0,035	
0,034205	
0,03504	
0,034205
VLHZ	
ВХЗ-ао
267	
1 909 009	
49,05	
48,5	
48,2	
50	
48,95
VSYD	
ВыбСудЗ ао
694	
5 154 895	
4 585	
4 215	
4 015	
4 985	
4 535
VSYDP	
ВыбСудЗ ап
203	
1 525 340	
4 840	
4 400	
4 100	
5 500	
4 560
GAZA	
ГАЗ ао
5	
30 555	
382	
380	
379,5	
384	
384
GAZAP	
ГАЗ ап
5	
16 400	
328	
327	
327	
330,5	
328
GAZS	
ГАЗ-сервис
0	
0	
-	
-	
-	
-	
293
GAZT	
ГАЗ-Тек ао
0	
0	
-	
-	
-	
-	
85
GAZC	
ГАЗКОН-ао
0	
0	
-	
-	
-	
-	
295
RTGZ	
ГазпРнД ао
5	
105 650	
21 150	
21 200	
20 550	
21 400	
21 400
SIBN	
Газпрнефть
8 279	
337 677 110	
324,3	
325,3	
322,05	
326,9	
322,3
GAZP	
ГАЗПРОМ ао
49 249	
6 146 518 859	
184,69	
185,55	
183,8	
185,55	
184,2
HALS	
Галс-Девел
10	
29 561	
739	
733	
733	
742	
737
GTSS	
ГЕОТЕК ао
0	
0	
-	
-	
-	
-	
-
GMKN	
ГМКНорНик
21 667	
4 759 569 710	
20 808	
20 912	
20 650	
20 974	
20 762
GTRK	
ГТМ ао
353	
1 862 797	
41,25	
41,75	
40,9	
42	
41,3
DASB	
ДагСб ао
148	
538 911	
0,0957	
0,0967	
0,0945	
0,0979	
0,0949
FESH	
ДВМП ао
283	
1 961 225	
6,42	
6,42	
6,34	
6,49	
6,41
DSKY	
ДетскийМир
9 188	
146 924 946	
85,84	
86	
85,4	
86,36	
85,9
DVEC	
ДЭК ао
71	
216 116	
0,822	
0,84	
0,815	
0,841	
0,819
EELT	
ЕвроЭлтех
61	
126 353	
8,22	
8,24	
8,18	
8,24	
8,2
DIOD	
ЗаводДИОД
117	
1 002 737	
6	
5,95	
5,93	
6,03	
6
ZVEZ	
ЗВЕЗДА ао
548	
4 840 520	
4,735	
4,74	
4,365	
5,18	
4,47
ZILL	
ЗИЛ ао
44	
322 360	
1 355	
1 360	
1 325	
1 395	
1 360
IGSTP	
Ижсталь ап
33	
104 632	
693	
690	
682	
705	
699
IGST	
Ижсталь2ао
30	
200 901	
877	
872	
859	
890	
868
RUSI	
ИКРУСС-ИНВ
15	
73 320	
38,6	
38,4	
38,4	
38,8	
38,7
INGR	
ИНГРАД ао
192	
953 764	
759	
753	
750	
773	
758
IRAO	
ИнтерРАОао
31 146	
1 874 472 558	
4,7245	
4,7755	
4,68	
4,89	
4,709
IRKT	
ИРКУТ-3
260	
2 952 640	
30,5	
30,28	
29,8	
31,36	
30,06
IRGZ	
ИркЭнерго
308	
3 210 160	
13,22	
13,46	
12,88	
13,8	
13,24
KLSB	
КалужскСК
92	
400 502	
11,35	
11,01	
11,01	
11,63	
11,27
KMAZ	
КАМАЗ
467	
4 252 057	
54,1	
55,2	
53,4	
55,6	
54,3
KCHE	
КамчатЭ ао
4	
16 260	
0,1805	
0,1775	
0,1775	
0,1815	
0,1815
KCHEP	
КамчатЭ ап
2	
6 990	
0,349	
0,353	
0,346	
0,353	
0,346
TGKD	
Квадра
173	
2 319 149	
0,003135	
0,003155	
0,0031	
0,003195	
0,003115
TGKDP	
Квадра-п
39	
71 033	
0,00433	
0,0044	
0,004275	
0,004425	
0,0043
KZMS	
КЗМС ао
0	
0	
-	
-	
-	
-	
226
KMEZ	
КМЗ
567	
2 098 781	
445,5	
455	
429	
474	
460,5
KSGR	
Кокс ао
0	
0	
-	
-	
-	
-	
-
KOGK	
КоршГОК ао
3	
134 600	
44 800	
45 000	
44 800	
45 000	
44 800
KMTZ	
КосогМЗ ао
0	
0	
-	
-	
-	
-	
-
KROTP	
КрасОкт-1п
459	
2 124 595	
249,5	
240,5	
235,5	
269,5	
249
KROT	
КрасОкт-ао
373	
3 011 845	
355,5	
340	
340	
397,5	
356
KRSB	
Красэсб ао
44	
393 600	
6,45	
6,4	
6,4	
6,55	
6,51
KRSBP	
Красэсб ап
50	
1 219 780	
6,56	
6,84	
6,42	
6,84	
6,52
KTSB	
КСБ ао
72	
74 072	
0,598	
0,608	
0,576	
0,61	
0,598
KTSBP	
КСБ ап
17	
50 160	
0,264	
0,267	
0,258	
0,2685	
0,265
KUBE	
Кубанэнр
34	
89 245	
63,7	
64,3	
63	
64,5	
63,3
KBTK	
КузбТК ао
49	
320 634	
156,4	
155,2	
155	
158,8	
156
KUZB	
КузнецкийБ
223	
258 588	
0,01649	
0,01651	
0,0163	
0,01674	
0,01654
KUNF	
КУЗОЦМ ао
0	
0	
-	
-	
-	
-	
-
KAZT	
Куйбазот
82	
373 810	
137	
138,2	
135,4	
138,8	
137
KAZTP	
Куйбазот-п
51	
132 972	
138,6	
139,4	
137,2	
140,6	
139
KGKC	
КурганГКао
15	
44 390	
52	
51	
51	
53	
52
KGKCP	
КурганГКап
14	
73 635	
54,5	
55,5	
54	
55,5	
54,5
LVHK	
Левенгук
38	
186 203	
8,2	
8,25	
8,13	
8,31	
8,23
LNZLP	
Лензол. ап
74	
446 925	
3 725	
3 725	
3 700	
3 780	
3 710
LNZL	
Лензолото
228	
3 892 890	
8 480	
8 310	
8 250	
8 600	
8 470
LNTA	
Лента др
3 786	
27 258 897	
153,2	
153,6	
151,4	
154,4	
151,5
LSRG	
ЛСР ао
10 090	
118 659 259	
581,6	
580	
572,8	
590	
579,4
LKOH	
ЛУКОЙЛ
32 807	
5 587 687 821	
4 853	
4 877,5	
4 815,5	
4 896	
4 819
LPSB	
ЛЭСК ао
15	
18 620	
7,75	
7,9	
7,7	
7,9	
7,85
MVID	
М.видео
1 513	
25 962 383	
356,8	
360,5	
353	
361	
354
MAGE	
МагадЭн ао
90	
649 660	
5,08	
4,9	
4,83	
5,25	
5
MAGEP	
МагадЭн ап
52	
427 430	
6,02	
6,27	
5,5	
6,275	
6,185
MGNT	
Магнит ао
25 694	
1 973 590 493	
3 610,5	
3 562	
3 518	
3 647,5	
3 631
MGTSP	
МГТС-4ап
339	
4 765 736	
2 496	
2 508	
2 482	
2 520	
2 506
MGTS	
МГТС-5ао
36	
183 485	
2 740	
2 760	
2 710	
2 760	
2 720
MFON	
МегаФон ао
0	
0	
-	
-	
-	
-	
650,6
MFGS	
Мегион-ао
15	
111 905	
349,5	
349,5	
349,5	
350	
349,5
MFGSP	
Мегион-ап
43	
1 218 955	
327,5	
317	
316,5	
330,5	
326,5
MTLR	
Мечел ао
17 318	
158 096 821	
62,29	
63	
61,75	
63,24	
61,75
MTLRP	
Мечел ап
1 645	
33 227 822	
72,6	
73,8	
71,8	
74,5	
72
CBOM	
МКБ ао
18 753	
352 225 459	
5,362	
5,399	
5,305	
5,408	
5,33
MAGN	
ММК
8 344	
482 223 392	
37,33	
37,68	
37,09	
37,775	
37,5
MRSB	
МордЭнСб
2	
10 720	
0,357	
0,357	
0,357	
0,358	
0,357
MORI	
Морион ао
0	
0	
-	
-	
-	
-	
4,31
MOEX	
МосБиржа
56 958	
3 651 062 823	
126,47	
128	
125,1	
128	
127,28
MOBB	
МосОблБанк
926	
3 502 914	
2,504	
2,42	
2,394	
2,64	
2,404
MSTT	
Мостотрест
274	
2 438 317	
160,1	
160,1	
159,35	
160,5	
160,35
MRKZ	
МРСК СЗ
79	
192 516	
0,04925	
0,049	
0,04875	
0,04995	
0,04925
MRKU	
МРСК Ур
85	
763 584	
0,1512	
0,1508	
0,15	
0,1532	
0,1512
MRKC	
МРСК Центр
494	
1 744 162	
0,238	
0,2402	
0,2354	
0,2406	
0,2396
MRKP	
МРСК ЦП
429	
5 006 464	
0,1708	
0,1711	
0,1701	
0,172	
0,1712
MRKV	
МРСКВол
566	
3 601 638	
0,0636	
0,064	
0,0632	
0,06415	
0,06355
MRKS	
МРСКСиб
18	
90 595	
0,2155	
0,216	
0,2145	
0,2165	
0,215
MTSS	
МТС-ао
21 989	
1 971 425 679	
320,9	
322,3	
318,05	
324,4	
318,45
NSVZ	
НаукаСвяз
27	
113 175	
222	
224	
220,5	
225	
220,5
NFAZ	
Нефтекамск
16	
103 006	
151,6	
148,2	
148,2	
152	
152
NKSH	
Нижкамшина
24	
282 648	
22,44	
22,4	
22,2	
22,8	
22,7
NKNC	
НКНХ ао
519	
3 748 215	
90,95	
89,6	
89,5	
92	
90
NKNCP	
НКНХ ап
1 591	
16 109 158	
75,18	
75,04	
74,8	
75,54	
75,4
NKHP	
НКХП ао
49	
278 855	
232,5	
232	
230	
235	
230,5
NLMK	
НЛМК ао
17 654	
666 674 755	
119,96	
122,02	
118,24	
122,12	
118,24
NMTP	
НМТП ао
832	
8 649 993	
8,725	
8,67	
8,67	
8,77	
8,7
NVTK	
Новатэк ао
13 367	
1 231 691 157	
1 012,2	
1 022	
1 002,6	
1 022	
1 002,6
UWGN	
ОВК ао
125	
348 984	
248,4	
249,6	
246	
253,3	
246
OGKB	
ОГК-2 ао
6 627	
104 080 735	
0,621	
0,62	
0,6093	
0,6315	
0,6163
UCSS	
ОКС ао
80	
318 080	
1 430	
1 430	
1 400	
1 440	
1 440
OMZZP	
ОМЗ-ап
76	
463 720	
3 515	
3 535	
3 415	
3 645	
3 415
OBUV	
ОР ао
2 501	
13 529 089	
30,1	
30,1	
29,7	
30,4	
29,9
KZOS	
ОргСинт ао
294	
2 085 563	
89,4	
90	
89	
90	
89,1
KZOSP	
ОргСинт ап
602	
687 198	
12,35	
12,6	
12,19	
12,79	
12,19
PAZA	
ПавлАвт ао
24	
311 920	
8 000	
8 060	
7 900	
8 130	
8 010
PMSBP	
ПермьЭнС-п
175	
1 084 092	
131,8	
132,2	
130,2	
133,2	
131,8
PMSB	
ПермьЭнСб
83	
364 669	
132,6	
133,3	
129,9	
133,3	
132,6
PIKK	
ПИК ао
2 823	
33 701 712	
374,6	
378,5	
373,5	
378,8	
373,5
PLZL	
Полюс
25 422	
2 996 470 202	
12 226	
12 007,5	
11 934	
12 390	
12 295
PRMB	
Приморье
50	
1 075 000	
18 800	
17 600	
17 400	
21 200	
17 600
PRTK	
ПРОТЕК ао
153	
3 471 801	
98,2	
98,9	
97,6	
99	
98,4
RASP	
Распадская
1 818	
55 793 123	
106,18	
107,06	
105,48	
107,94	
106
RBCM	
РБК ао
2 190	
9 420 405	
3,316	
3,254	
3,212	
3,45	
3,248
RGSS	
РГС СК ао
277	
1 922 540	
0,1496	
0,15	
0,1472	
0,1508	
0,15
RDRB	
РДБанк ао
1	
2 550	
255	
255	
255	
255	
255
CHGZ	
РН-ЗапСиб
2	
19 320	
32,2	
32,2	
32,2	
32,2	
32,2
RLMN	
Роллман
284	
735 289	
21,4	
22,1	
21	
22,65	
21,05
RLMNP	
Роллман-п
35	
87 142	
20,66	
20,84	
20,42	
21,18	
20,62
ROSB	
Росбанк ао
9	
17 012	
71	
72	
70	
72,6	
70,8
ROST	
РОСИНТЕРао
15	
65 996	
59	
59	
58,6	
59,8	
58,8
ROSN	
Роснефть
28 051	
3 113 556 355	
349,25	
350,3	
345,85	
353,15	
348
RSTI	
Россети ао
7 061	
267 473 657	
1,2976	
1,3023	
1,2752	
1,3159	
1,305
RSTIP	
Россети ап
1 212	
18 045 099	
1,947	
1,955	
1,925	
1,96	
1,945
MRKK	
Россети СК
39	
42 212	
26,22	
26,56	
26,12	
26,56	
26,16
MRKY	
РоссЮг ао
111	
275 830	
0,05005	
0,05	
0,0498	
0,0505	
0,04985
RTKM	
Ростел -ао
7 904	
148 505 645	
80,8	
81,71	
79,92	
81,73	
80,15
RTKMP	
Ростел -ап
1 416	
20 152 090	
71,05	
71,6	
70,45	
71,65	
70,85
LSNG	
РСетиЛЭ
0	
0	
-	
-	
-	
-	
5,66
LSNGP	
РСетиЛЭ-п
0	
0	
-	
-	
-	
-	
119,95
MSRS	
РСетиМР ао
147	
1 585 806	
1,0295	
1,0205	
1,0205	
1,035	
1,03
AQUA	
РусАква ао
174	
1 522 795	
192,5	
194	
191,5	
194,5	
192
HYDR	
РусГидро
18 457	
868 156 076	
0,6464	
0,6387	
0,6341	
0,6535	
0,6524
RUGR	
Русгрэйн
644	
469 770	
7,626	
7,618	
7,564	
7,666	
7,592
ROLO	
Русолово
27	
287 510	
3,784	
3,79	
3,74	
3,82	
3,75
RUSP	
Русполимет
19	
320 760	
0,629	
0,6295	
0,6245	
0,631	
0,6305
RNFT	
РуссНфт ао
1 919	
5 505 014	
427,4	
425	
417,6	
432,8	
417,6
RZSB	
РязЭнСб
74	
1 343 200	
7,82	
7,94	
7,72	
8,12	
7,74
SAGO	
СамарЭн-ао
4	
23 960	
0,4	
0,396	
0,396	
0,4	
0,4
SAGOP	
СамарЭн-ап
16	
95 090	
0,396	
0,39	
0,386	
0,406	
0,386
KRKN	
СаратНПЗ
12	
157 300	
12 100	
12 200	
11 950	
12 200	
12 200
KRKNP	
СаратНПЗ-п
258	
14 205 280	
16 580	
16 580	
16 480	
16 660	
16 560
SARE	
СаратЭн-ао
61	
231 444	
0,1164	
0,1134	
0,1114	
0,1268	
0,1182
SAREP	
СаратЭн-ап
65	
159 636	
0,0898	
0,0898	
0,086	
0,0926	
0,0896
SFIN	
САФМАР ао
462	
5 489 266	
466,4	
462,4	
462,4	
467,8	
467,2
SLEN	
Сахэнер ао
21	
126 825	
4,09	
4,1	
4,06	
4,1	
4,1
SBER	
Сбербанк
98 011	
11 961 690 831	
188,46	
190,05	
186,66	
190,6	
187,31
SBERP	
Сбербанк-п
36 268	
1 509 793 705	
175,23	
176,99	
174,02	
176,99	
174,62
CHMF	
СевСт-ао
28 873	
840 712 595	
847	
852	
838	
853,6	
838
SELG	
Селигдар
618	
9 095 151	
23,85	
24,23	
23,11	
24,38	
23,9
SELGP	
Селигдар-п
131	
1 144 075	
27,95	
28,25	
27,6	
28,25	
28,1
SZPR	
СЗПароход
122	
263 966	
772	
782	
762	
798	
770
AFKS	
Система ао
10 030	
375 412 080	
14,121	
14,341	
14,04	
14,382	
14,16
JNOSP	
Слав-ЯНОСп
7	
15 302	
13,92	
13,92	
13,9	
13,98	
13,9
JNOS	
Славн-ЯНОС
16	
212 710	
18,05	
18,5	
18	
18,5	
18
MGNZ	
СМЗ-ао
9	
78 250	
4 120	
4 120	
4 110	
4 130	
4 130
SVAV	
СОЛЛЕРС
319	
8 442 315	
264	
262	
259	
267	
260
STSB	
СтаврЭнСб
12	
29 286	
0,3445	
0,3475	
0,343	
0,3475	
0,344
STSBP	
СтаврЭнСбп
45	
94 501	
0,287	
0,286	
0,286	
0,2895	
0,287
SNGS	
Сургнфгз
14 268	
1 424 186 889	
36,595	
37	
36,25	
37,005	
36,445
SNGSP	
Сургнфгз-п
8 704	
574 235 438	
35,605	
35,825	
35,43	
35,865	
35,5
TASB	
ТамбЭнСб
106	
864 470	
0,2845	
0,2835	
0,2805	
0,2905	
0,2825
TASBP	
ТамбЭнСб-п
20	
93 345	
0,217	
0,2185	
0,214	
0,222	
0,2185
TATN	
Татнфт 3ао
34 373	
2 567 508 670	
526,4	
540	
516	
540,6	
517,8
TATNP	
Татнфт 3ап
17 539	
725 272 842	
504,4	
517,7	
494,1	
517,7	
494,1
TTLK	
Таттел. ао
991	
11 528 975	
0,312	
0,323	
0,3035	
0,323	
0,307
TGKA	
ТГК-1
5 753	
87 715 131	
0,011366	
0,011474	
0,01123	
0,011474	
0,011258
TGKN	
ТГК-14
62	
669 210	
0,00328	
0,00334	
0,00326	
0,00334	
0,00328
TGKB	
ТГК-2
998	
18 253 230	
0,004475	
0,00461	
0,004395	
0,00467	
0,00441
TGKBP	
ТГК-2 ап
142	
1 831 750	
0,00691	
0,0071	
0,00679	
0,0071	
0,0069
CNTL	
Телеграф
64	
377 490	
22,1	
22,5	
21,3	
22,55	
21,75
CNTLP	
Телеграф-п
357	
3 211 846	
18,58	
18,42	
18,3	
18,8	
18,44
TUZA	
ТЗА ао
94	
401 170	
100	
95	
94	
103	
102
KRKO	
ТКЗКК ао
0	
0	
-	
-	
-	
-	
11,8
KRKOP	
ТКЗКК ап
106	
243 413	
5,88	
5,995	
5,815	
6,065	
5,835
TRMK	
ТМК ао
1 544	
153 857 431	
57,02	
57,04	
56,86	
57,28	
56,94
KBSB	
ТНСэКубань
3	
5 290	
132,5	
132	
132	
132,5	
132,5
MISBP	
ТНСэМаЭл-п
32	
171 200	
10,2	
9,8	
9,6	
10,4	
9,8
VRSBP	
ТНСэнВор-п
238	
1 889 000	
35	
33,5	
33	
38	
33,5
VRSB	
ТНСэнВорон
50	
358 240	
49,8	
47,4	
47,4	
51	
48,8
MISB	
ТНСэнМарЭл
94	
441 300	
11,4	
10,8	
10,8	
12,2	
11,2
NNSB	
ТНСэнНН ао
33	
164 780	
1 310	
1 350	
1 285	
1 365	
1 305
NNSBP	
ТНСэнНН ап
54	
100 226	
554	
580	
532	
580	
536
TNSE	
ТНСэнрг ао
10	
20 730	
985	
1 000	
965	
1 005	
970
RTSB	
ТНСэнРст
15	
71 750	
0,36	
0,36	
0,355	
0,37	
0,37
RTSBP	
ТНСэнРст-п
52	
304 080	
0,295	
0,282	
0,28	
0,308	
0,3
YRSB	
ТНСэнЯр
16	
29 540	
156	
158	
152	
158	
158
YRSBP	
ТНСэнЯр-п
19	
111 255	
80	
80	
79,5	
81,5	
80,5
TRCN	
ТрансК ао
42	
763 690	
8 300	
8 300	
8 270	
8 320	
8 275
TRNFP	
Транснф ап
5 864	
1 200 599 300	
129 700	
131 000	
128 100	
131 900	
128 700
TRFM	
ТрансФ ао
0	
0	
-	
-	
-	
-	
-
TORS	
ТРК ао
11	
209 760	
0,368	
0,37	
0,361	
0,371	
0,361
TORSP	
ТРК ап
15	
91 265	
0,2685	
0,2635	
0,2635	
0,2755	
0,27
USBN	
УралСиб ао
54	
351 165	
0,0702	
0,0699	
0,0698	
0,071	
0,0699
URKA	
Уркалий-ао
0	
0	
-	
-	
-	
-	
119,04
URKZ	
УрКузница
19	
243 080	
10 120	
9 920	
9 920	
10 280	
10 240
NPOF	
Физика ао
0	
0	
-	
-	
-	
-	
11 850
PHOR	
ФосАгро ао
3 696	
128 945 310	
2 754	
2 735	
2 723	
2 773	
2 752
FEES	
ФСК ЕЭС ао
8 430	
288 097 007	
0,18692	
0,18868	
0,185	
0,18868	
0,18828
HIMC	
Химпром ао
0	
0	
-	
-	
-	
-	
0,99
HIMCP	
Химпром ап
45	
111 356	
5,92	
6	
5,87	
6,01	
5,92
WTCM	
ЦМТ ао
105	
565 632	
8,96	
9,06	
8,8	
9,24	
9
WTCMP	
ЦМТ ап
88	
321 984	
8,24	
8,24	
8,08	
8,76	
8,26
GCHE	
ЧеркизГ-ао
1 162	
8 621 052	
1 685	
1 696	
1 657	
1 719,5	
1 673
CHKZ	
ЧКПЗ ао
348	
2 913 940	
5 740	
5 720	
5 140	
6 380	
5 200
CHMK	
ЧМК ао
250	
2 087 655	
2 110	
2 160	
2 050	
2 180	
2 115
CHEP	
ЧТПЗ ао
141	
1 254 570	
198	
202	
197	
204	
200
ELTZ	
Электрцинк
319	
1 071 893	
177,5	
176	
173	
184,5	
173
ENPG	
ЭН+ГРУП ао
167	
14 329 209	
614	
620	
608	
622,5	
615
ENRU	
ЭнелРос ао
1 890	
14 535 483	
0,9075	
0,9125	
0,9035	
0,9125	
0,905
RKKE	
ЭнергияРКК
8	
44 260	
4 920	
4 970	
4 890	
4 970	
4 890
UKUZ	
ЮжКузб. ао
5	
4 686	
522	
524	
514	
524	
514
UPRO	
Юнипро ао
7 321	
272 151 840	
2,651	
2,606	
2,594	
2,684	
2,66
UTAR	
ЮТэйр ао
28	
93 695	
6,29	
6,3	
6,25	
6,32	
6,29
UNKL	
ЮУНК ао
141	
1 169 720	
3 500	
3 280	
3 280	
3 640	
3 390
YKENP	
Якутскэн-п
34	
366 245	
0,3455	
0,347	
0,3325	
0,3565	
0,3465
YKEN	
Якутскэнрг
89	
772 290	
0,337	
0,342	
0,3255	
0,349	
0,34
YAKG	
ЯТЭК ао
213	
2 372 870	
42,15	
42,75	
41,75	
42,8	
42,6