SBER	
Сбербанк
77 199	
9 481 495 812	
206,02	
205,92	
204,77	
207,64	
205
YNDX	
Yandex clA
50 818	
5 892 058 127	
4 810,2	
4 750,4	
4 736,8	
4 855	
4 827
GAZP	
ГАЗПРОМ ао
64 588	
5 812 910 139	
167,54	
169,13	
165,82	
169,47	
166
GMKN	
ГМКНорНик
24 137	
4 935 423 364	
19 668	
19 568	
19 440	
19 818	
19 686
LKOH	
ЛУКОЙЛ
29 284	
3 527 455 089	
4 416	
4 440	
4 364	
4 473	
4 371,5
AFLT	
Аэрофлот
79 640	
3 031 965 924	
58,42	
59,5	
57,66	
59,8	
58,2
MGNT	
Магнит ао
23 552	
2 180 831 281	
4 860	
4 851	
4 785	
4 934,5	
4 849,5
MOEX	
МосБиржа
32 072	
2 141 316 970	
149,01	
151,03	
147,03	
151,97	
149,08
TATN	
Татнфт 3ао
37 141	
1 842 199 074	
448,1	
454,3	
439,6	
455,9	
441,8
AFKS	
Система ао
39 308	
1 824 007 876	
24,873	
24,45	
24,45	
25,231	
24,99
SBERP	
Сбербанк-п
34 907	
1 739 866 131	
196,9	
198,55	
195,08	
198,8	
195,25
MAIL	
MAIL-гдр
27 711	
1 714 830 868	
2 264	
2 244,4	
2 235,2	
2 283,4	
2 270
POLY	
Polymetal
18 356	
1 369 904 693	
1 724,5	
1 712	
1 710,1	
1 741,8	
1 723
ALRS	
АЛРОСА ао
25 609	
1 232 339 156	
76,68	
78,14	
75,9	
78,39	
76,66
PLZL	
Полюс
9 151	
1 122 491 997	
16 732,5	
16 790	
16 615	
16 855	
16 755,5
ROSN	
Роснефть
9 206	
966 894 493	
381,25	
384,3	
378,15	
384,5	
379,5
MTSS	
МТС-ао
11 787	
940 045 260	
331,2	
331,45	
329,4	
332,9	
332,2
IRAO	
ИнтерРАОао
13 452	
930 524 395	
5,2625	
5,305	
5,22	
5,3235	
5,264
MAGN	
ММК
16 729	
898 743 525	
35,595	
36,07	
35,05	
36,35	
35,12
SNGSP	
Сургнфгз-п
10 944	
777 611 631	
37,83	
38,1	
37,57	
38,37	
37,895
TCSG	
TCS-гдр
17 641	
760 104 091	
1 864,6	
1 881,2	
1 840,6	
1 909,4	
1 853,6
CHMF	
СевСт-ао
16 282	
734 930 278	
1 004	
1 008,4	
989,2	
1 016,2	
994,4
NVTK	
Новатэк ао
8 500	
685 114 245	
1 090,4	
1 100,6	
1 075	
1 103,6	
1 081,8
MVID	
М.видео
11 279	
660 506 209	
674,8	
647,2	
645,8	
690,6	
690,6
NLMK	
НЛМК ао
10 297	
622 013 512	
169,92	
172,72	
167,8	
173,3	
168,8
SNGS	
Сургнфгз
7 455	
574 523 117	
34,34	
34,6	
34,055	
34,65	
34,23
FLOT	
Совкомфлот
13 737	
573 989 043	
102,87	
103,88	
102,12	
103,92	
103,2
FIVE	
FIVE-гдр
7 830	
500 004 074	
2 943,5	
2 939,5	
2 873	
2 988	
2 900
TATNP	
Татнфт 3ап
18 422	
450 648 558	
434,8	
438,5	
430,1	
439,1	
431,5
VTBR	
ВТБ ао
33 367	
403 061 684	
0,033135	
0,03318	
0,032915	
0,03338	
0,033035
POGR	
Petropavl
11 588	
397 343 158	
30,33	
30,905	
30	
31,03	
30,2
TRNFP	
Транснф ап
1 655	
388 756 700	
147 400	
147 000	
146 250	
148 400	
146 350
CBOM	
МКБ ао
7 743	
342 489 498	
5,691	
5,685	
5,64	
5,715	
5,653
FEES	
ФСК ЕЭС ао
8 453	
315 890 299	
0,19184	
0,19484	
0,18956	
0,19516	
0,1905
HYDR	
РусГидро
12 431	
305 025 737	
0,7215	
0,723	
0,7144	
0,7273	
0,7192
RTKM	
Ростел -ао
9 821	
283 233 860	
94,83	
94,27	
93,5	
95,7	
94,93
RUAL	
РУСАЛ ао
16 842	
242 412 770	
33,115	
32,55	
32,55	
33,44	
33
SIBN	
Газпрнефть
5 970	
234 943 380	
284,7	
286,25	
281,5	
287,15	
283,95
DSKY	
ДетскийМир
5 892	
194 652 591	
118,54	
118,56	
118,28	
119,2	
118,86
RSTI	
Россети ао
4 734	
189 103 719	
1,4115	
1,4257	
1,3956	
1,433	
1,4025
PHOR	
ФосАгро ао
3 736	
136 052 640	
2 843	
2 854	
2 820	
2 870	
2 853
LNZLP	
Лензол. ап
6 238	
120 930 245	
4 555	
3 820	
3 805	
5 105	
4 600
UPRO	
Юнипро ао
4 080	
116 697 309	
2,707	
2,73	
2,696	
2,73	
2,697
LNTA	
Лента др
14 777	
112 286 526	
225,7	
224,7	
222,3	
228,8	
223
RASP	
Распадская
2 633	
110 314 079	
117,92	
119	
116,62	
119,48	
117,44
LSRG	
ЛСР ао
5 220	
98 241 879	
866,4	
872	
855	
877,6	
860
PIKK	
ПИК ао
2 529	
94 472 861	
572,1	
568,9	
564,5	
582,8	
572,1
HHRU	
iHHRU-адр
747	
85 301 075	
1 823,6	
1 839,6	
1 791,6	
1 841,8	
1 802,2
ETLN	
ETLN-гдр
8 375	
77 806 228	
125,14	
124	
123,94	
125,9	
124,54
LNZL	
Лензолото
468	
54 418 120	
19 140	
19 110	
19 060	
19 300	
19 140
OGKB	
ОГК-2 ао
2 509	
50 813 626	
0,7441	
0,747	
0,7362	
0,7531	
0,7418
MTLR	
Мечел ао
9 011	
45 087 217	
59,98	
60,15	
59,5	
60,52	
59,61
BSPB	
БСП ао
3 494	
38 624 506	
42,34	
41,6	
41,51	
43,3	
41,9
AGRO	
AGRO-гдр
2 232	
35 105 567	
742	
748	
735	
753	
741,2
AQUA	
РусАква ао
1 634	
34 501 215	
245,5	
248	
218	
257,5	
245,5
TRMK	
ТМК ао
526	
28 604 942	
60,62	
60,9	
60,26	
60,9	
60,7
QIWI	
iQIWI
1 903	
26 109 111	
1 319	
1 329,5	
1 300	
1 333,5	
1 320
BANEP	
Башнефт ап
1 833	
25 426 662	
1 218,5	
1 218	
1 212	
1 224,5	
1 212
ISKJ	
iИСКЧ ао
1 920	
24 397 682	
31,98	
30,29	
30,11	
32,97	
31,35
RSTIP	
Россети ап
1 524	
21 644 893	
1,955	
1,991	
1,899	
2,004	
1,928
OBUV	
ОР ао
4 225	
20 961 868	
32	
32,7	
31	
33,05	
31,35
NMTP	
НМТП ао
2 236	
20 950 809	
8,335	
8,34	
8,3	
8,39	
8,3
AKRN	
Акрон
812	
20 569 978	
6 142	
6 084	
6 068	
6 224	
6 180
TGKA	
ТГК-1
2 421	
20 387 446	
0,010618	
0,010726	
0,0105	
0,010728	
0,01051
RTKMP	
Ростел -ап
1 392	
18 053 375	
85,7	
84,6	
84,45	
86,45	
85,65
MRKP	
МРСК ЦП
905	
17 267 127	
0,2182	
0,2201	
0,216	
0,2216	
0,2174
LSNGP	
РСетиЛЭ-п
798	
14 666 552	
154,8	
154	
153,4	
155,4	
154,4
NKNCP	
НКНХ ап
1 220	
13 866 705	
75,98	
76,26	
75,62	
76,26	
75,88
APTK	
Аптеки36и6
7 524	
12 356 871	
14,058	
13,966	
13,93	
14,184	
14,014
ENRU	
ЭнелРос ао
1 370	
12 122 454	
0,915	
0,9195	
0,911	
0,92	
0,912
MTLRP	
Мечел ап
945	
11 303 319	
68,4	
68,35	
67,85	
69,15	
68
SELG	
Селигдар
491	
9 018 949	
42,44	
42,8	
41,8	
42,8	
42,75
GCHE	
ЧеркизГ-ао
714	
8 924 682	
1 844,5	
1 842,5	
1 832,5	
1 852	
1 840
LIFE	
iФармсинтз
962	
8 882 926	
6,76	
6,69	
6,655	
6,92	
6,66
FESH	
ДВМП ао
767	
8 689 175	
10,41	
10,52	
10,26	
10,6	
10,31
NKNC	
НКНХ ао
702	
8 548 161	
87,4	
88,15	
86,1	
89,5	
86,9
INGR	
ИНГРАД ао
457	
8 419 915	
922	
950	
917	
950	
917
TGKD	
Квадра
2 004	
8 317 136	
0,003945	
0,00386	
0,00381	
0,00405	
0,00392
VSMO	
ВСМПО-АВСМ
177	
5 916 460	
17 000	
17 060	
16 920	
17 060	
16 980
MSNG	
+МосЭнерго
411	
5 774 310	
2,034	
2,037	
2,0285	
2,041	
2,041
ENPG	
ЭН+ГРУП ао
1 104	
5 120 011	
696	
698	
695	
699	
697,5
MRKV	
РсетВол ао
628	
4 917 789	
0,0705	
0,07095	
0,06945	
0,07145	
0,0698
SELGP	
Селигдар-п
325	
4 304 860	
35,5	
35	
35	
35,8	
35,45
CNTLP	
Телеграф-п
579	
4 259 088	
14,04	
14,08	
14	
14,2	
14,02
BANE	
Башнефт ао
349	
4 179 251	
1 634,5	
1 650	
1 629,5	
1 650	
1 639
EELT	
ЕвроЭлтех
143	
4 104 223	
8,02	
8,16	
7,98	
8,16	
8,14
KRKNP	
СаратНПЗ-п
149	
3 728 400	
15 220	
15 240	
15 160	
15 280	
15 240
KZOS	
ОргСинт ао
515	
2 909 765	
78,4	
81,7	
77,9	
81,7	
78,2
TGKDP	
Квадра-п
693	
2 748 131	
0,00521	
0,004855	
0,004835	
0,00539	
0,005285
ZILL	
ЗИЛ ао
100	
2 630 470	
2 535	
2 485	
2 420	
2 595	
2 480
CNTL	
Телеграф
273	
2 532 800	
16,4	
16,5	
16,25	
16,5	
16,5
MRKS	
РсетСиб ао
112	
2 435 690	
0,2645	
0,281	
0,262	
0,281	
0,263
ABRD	
АбрауДюрсо
379	
2 332 110	
202	
204	
200	
204	
201,5
MRKC	
МРСК Центр
763	
2 244 973	
0,3014	
0,3018	
0,2992	
0,304	
0,2996
YAKG	
ЯТЭК ао
100	
2 042 100	
47,15	
48	
46,05	
48,65	
46,9
TTLK	
Таттел. ао
139	
2 016 910	
0,347	
0,35	
0,3445	
0,35	
0,345
TGKB	
ТГК-2
143	
1 824 445	
0,003915	
0,00398	
0,00389	
0,00399	
0,0039
KMAZ	
КАМАЗ
775	
1 688 379	
60,2	
60,8	
59,1	
60,8	
59,4
ZVEZ	
ЗВЕЗДА ао
162	
1 443 550	
4,1	
4,24	
4,05	
4,255	
4,1
MSRS	
РСетиМР ао
117	
1 427 191	
1,163	
1,1715	
1,1535	
1,1725	
1,16
SFIN	
САФМАР ао
49	
1 364 154	
478,6	
465,2	
465,2	
483,8	
480,8
SVAV	
СОЛЛЕРС
66	
1 218 840	
289,5	
288,5	
286	
290,5	
287
RNFT	
РуссНфт ао
1 153	
1 214 893	
338,6	
339,8	
336,8	
339,8	
339,2
HIMCP	
Химпром ап
211	
1 175 078	
7,02	
7	
7	
7,06	
7,03
RUGR	
Русгрэйн
2 457	
1 173 711	
9,14	
9,182	
9,04	
9,28	
9,07
BRZL	
БурЗолото
188	
1 105 574	
1 000	
1 018	
991	
1 022	
992
LSNG	
РСетиЛЭ
368	
1 089 054	
5,55	
5,52	
5,5	
5,59	
5,55
BELU	
Белуга ао
266	
1 079 312	
1 248	
1 265	
1 240	
1 265	
1 250
MRSB	
МордЭнСб
70	
1 029 070	
0,442	
0,443	
0,435	
0,445	
0,44
HALS	
Галс-Девел
146	
1 010 211	
1 151	
1 150	
1 126	
1 188	
1 151
AMEZ	
АшинскийМЗ
715	
999 510	
4,66	
4,65	
4,615	
4,72	
4,64
MGTSP	
МГТС-4ап
199	
980 750	
1 898	
1 900	
1 888	
1 908	
1 888
RBCM	
РБК ао
82	
965 079	
3,296	
3,29	
3,282	
3,32	
3,286
RGSS	
РГС СК ао
152	
955 700	
0,1408	
0,1428	
0,14	
0,1428	
0,141
IRGZ	
ИркЭнерго
117	
892 512	
11,32	
11,48	
11,22	
11,48	
11,24
KOGK	
КоршГОК ао
15	
891 800	
47 000	
47 000	
46 600	
47 200	
46 600
UNAC	
iАвиастКао
507	
881 880	
0,4125	
0,412	
0,41	
0,419	
0,4115
KZOSP	
ОргСинт ап
1 138	
859 649	
10,93	
10,9	
10,82	
11,15	
10,87
NSVZ	
НаукаСвяз
160	
816 915	
201,5	
205	
200,5	
205	
202
NKHP	
НКХП ао
111	
792 365	
255	
253,5	
253	
259,5	
253,5
VLHZ	
ВХЗ-ао
82	
787 043	
53,75	
54,1	
53,3	
54,15	
53,55
MRKY	
РоссЮг ао
382	
763 684	
0,0473	
0,0473	
0,047	
0,04775	
0,04755
BISVP	
БашИнСв ап
147	
714 654	
9,94	
9,98	
9,82	
10,04	
10,03
ROLO	
Русолово
69	
705 218	
6,132	
6,248	
6,032	
6,25	
6,09
NKSH	
Нижкамшина
69	
695 924	
22,1	
22,02	
21,98	
22,42	
22,08
KROT	
КрасОкт-ао
76	
690 155	
361,5	
362	
357,5	
369	
360,5
KLSB	
КалужскСК
86	
675 863	
12,97	
13,05	
12,68	
13,15	
12,86
GTRK	
ГТМ ао
1 065	
616 132	
42,4	
43,25	
42,1	
43,25	
42,25
IRKT	
ИРКУТ-3
59	
518 356	
32	
32	
31,88	
32,3	
31,88
ALNU	
АЛРОСА-Нюр
8	
509 200	
56 600	
56 800	
56 400	
56 800	
56 400
GEMA	
iММЦБ ао
100	
467 951	
595,5	
605,5	
592,5	
605,5	
595
UWGN	
ОВК ао
603	
465 188	
198	
200,6	
196,3	
200,6	
196,9
MGNZ	
СМЗ-ао
65	
464 290	
4 790	
4 900	
4 730	
4 960	
4 800
RTSB	
ТНСэнРст
33	
443 600	
0,54	
0,535	
0,53	
0,56	
0,56
UNKL	
ЮУНК ао
54	
405 460	
6 540	
6 530	
6 470	
6 590	
6 550
VJGZP	
Варьеган-п
60	
390 770	
320	
328	
315	
328	
325
MRKZ	
МРСК СЗ
245	
386 811	
0,0496	
0,0498	
0,0492	
0,0502	
0,0494
KUZB	
КузнецкийБ
275	
381 967	
0,01366	
0,01364	
0,01324	
0,01402	
0,01379
DIOD	
ЗаводДИОД
93	
380 725	
7,18	
7,17	
7,12	
7,23	
7,2
USBN	
УралСиб ао
55	
369 893	
0,0665	
0,0669	
0,066	
0,0672	
0,0664
SAGOP	
СамарЭн-ап
53	
363 290	
0,484	
0,476	
0,472	
0,498	
0,477
MAGEP	
МагадЭн ап
21	
342 800	
5,91	
5,99	
5,89	
6	
5,98
KGKCP	
КурганГКап
75	
332 010	
56,5	
56,5	
56	
57	
56,5
KAZTP	
Куйбазот-п
23	
330 966	
151,2	
151,2	
151	
152,6	
151
NNSB	
ТНСэнНН ао
100	
322 030	
2 025	
1 975	
1 920	
2 130	
2 050
VRSBP	
ТНСэнВор-п
39	
321 250	
44	
45	
43	
46	
43
KRKN	
СаратНПЗ
22	
305 350	
11 750	
12 050	
11 350	
12 150	
11 750
NNSBP	
ТНСэнНН ап
64	
303 599	
708	
723	
690	
725	
697
YRSB	
ТНСэнЯр
33	
287 900	
176	
180	
172	
180	
176
NFAZ	
Нефтекамск
42	
273 270	
208,6	
208	
205,8	
210	
210
KGKC	
КурганГКао
55	
272 935	
54,5	
55	
54	
55,5	
55
VRSB	
ТНСэнВорон
36	
271 680	
66,2	
68,2	
64,2	
69,2	
66,8
MRKU	
МРСК Ур
60	
259 688	
0,1366	
0,14	
0,1352	
0,14	
0,136
CHEP	
ЧТПЗ ао
56	
222 290	
209,5	
209,5	
208	
211	
209
SAGO	
СамарЭн-ао
21	
212 580	
0,59	
0,586	
0,582	
0,612	
0,582
CHMK	
ЧМК ао
53	
201 785	
2 460	
2 455	
2 450	
2 485	
2 455
BLNG	
Белон ао
41	
197 263	
4,11	
4,088	
4,082	
4,136	
4,126
YKENP	
Якутскэн-п
16	
193 555	
0,365	
0,367	
0,3635	
0,368	
0,364
TGKN	
ТГК-14
25	
187 700	
0,00308	
0,00308	
0,00305	
0,00309	
0,00305
TUZA	
ТЗА ао
38	
187 150	
103	
103	
102	
104	
104
YKEN	
Якутскэнрг
24	
186 845	
0,3815	
0,386	
0,378	
0,387	
0,3785
KRSB	
Красэсб ао
37	
179 927	
7,28	
7,24	
7,13	
7,49	
7,18
MAGE	
МагадЭн ао
10	
177 500	
5,92	
5,93	
5,86	
5,99	
5,97
DVEC	
ДЭК ао
149	
174 388	
0,908	
0,912	
0,906	
0,912	
0,906
RLMN	
Роллман
106	
166 541	
17,5	
17,25	
17,25	
17,7	
17,45
PMSBP	
ПермьЭнС-п
56	
166 512	
130	
130,6	
129,6	
130,6	
130,2
KAZT	
Куйбазот
30	
163 804	
151,6	
152	
151	
152	
151
CHKZ	
ЧКПЗ ао
15	
160 960	
5 200	
5 160	
5 160	
5 240	
5 180
MGTS	
МГТС-5ао
27	
160 745	
2 170	
2 170	
2 165	
2 185	
2 165
ALBK	
БестЭфБ ао
41	
159 490	
57,5	
57,5	
57	
58,5	
58
UTAR	
ЮТэйр ао
27	
144 236	
6,71	
6,76	
6,66	
6,79	
6,74
WTCM	
ЦМТ ао
55	
142 880	
8,66	
8,86	
8,58	
8,9	
8,74
TGKBP	
ТГК-2 ап
137	
142 696	
0,0067	
0,00669	
0,00662	
0,00679	
0,00663
IGST	
Ижсталь2ао
49	
132 202	
931	
948	
922	
954	
929
LVHK	
Левенгук
28	
130 150	
8,19	
8,19	
8,16	
8,24	
8,16
KRKOP	
ТКЗКК ап
30	
128 283	
8,275	
8,325	
8,24	
8,325	
8,265
STSBP	
СтаврЭнСбп
20	
122 828	
0,378	
0,3805	
0,3735	
0,3805	
0,379
GAZA	
ГАЗ ао
17	
105 285	
390	
390	
387	
392	
390,5
RKKE	
ЭнергияРКК
16	
103 730	
6 480	
6 500	
6 430	
6 550	
6 500
UCSS	
ОКС ао
18	
100 290	
1 430	
1 440	
1 410	
1 450	
1 450
KBTK	
КузбТК ао
40	
98 766	
143,2	
143,4	
142,6	
144	
143,8
RAVN	
Raven
10	
97 795	
27,95	
27,95	
27,85	
27,95	
27,95
VGSB	
ВолгЭнСб
16	
97 160	
3,885	
3,875	
3,865	
3,9	
3,895
SLEN	
Сахэнер ао
25	
97 095	
5,815	
5,785	
5,69	
5,91	
5,71
AVAN	
Авангрд-ао
42	
96 720	
815	
815	
805	
820	
815
PAZA	
ПавлАвт ао
8	
96 550	
8 050	
8 040	
8 010	
8 090	
8 030
TORS	
ТРК ао
12	
94 890	
0,38	
0,38	
0,374	
0,388	
0,388
UKUZ	
ЮжКузб. ао
16	
92 732	
504	
506	
502	
506	
504
RDRB	
РДБанк ао
20	
90 450	
220	
220	
215	
225	
225
RTSBP	
ТНСэнРст-п
13	
88 050	
0,489	
0,489	
0,486	
0,5	
0,497
VZRZP	
Возрожд-п
20	
87 926	
303,2	
302,6	
300,6	
309	
301
RUSP	
Русполимет
71	
84 747	
0,637	
0,6325	
0,6325	
0,642	
0,6385
ROST	
РОСИНТЕРао
32	
83 304	
62,6	
64,4	
61,4	
64,4	
62,4
KBSB	
ТНСэКубань
21	
81 200	
135,5	
135	
135	
136,5	
135
URKZ	
УрКузница
5	
79 960	
16 000	
16 060	
15 800	
16 140	
16 140
PRMB	
Приморье
3	
78 400	
26 200	
26 200	
26 000	
26 200	
26 200
SARE	
СаратЭн-ао
46	
77 946	
0,1344	
0,1314	
0,1312	
0,138	
0,1332
PMSB	
ПермьЭнСб
41	
76 106	
131,2	
130,5	
130,5	
131,5	
131,1
ELTZ	
Электрцинк
67	
74 618	
162	
163,5	
159,5	
164,5	
161
RLMNP	
Роллман-п
32	
68 633	
17,96	
18,16	
17,88	
18,26	
18
ASSB	
АстрЭнСб
14	
67 494	
0,7585	
0,7585	
0,758	
0,762	
0,758
DZRDP	
iДонскЗР п
11	
65 350	
1 560	
1 530	
1 530	
1 560	
1 560
TNSE	
ТНСэнрг ао
27	
65 040	
985	
990	
980	
990	
990
MFGS	
Мегион-ао
10	
63 775	
319	
318	
316	
320,5	
320,5
ARSA	
Арсагера
9	
58 250	
3,64	
3,62	
3,6	
3,67	
3,67
NAUK	
iНПОНаука
17	
56 756	
195,8	
196,2	
195	
196,6	
195
RTGZ	
ГазпРнД ао
2	
55 800	
27 900	
28 100	
27 700	
28 100	
27 700
STSB	
СтаврЭнСб
44	
51 287	
0,54	
0,5525	
0,525	
0,5545	
0,525
KCHEP	
КамчатЭ ап
5	
50 120	
0,358	
0,358	
0,358	
0,358	
0,358
SAREP	
СаратЭн-ап
24	
47 544	
0,108	
0,1092	
0,1072	
0,1096	
0,1074
TORSP	
ТРК ап
3	
44 800	
0,28	
0,28	
0,28	
0,28	
0,28
KTSBP	
КСБ ап
13	
42 870	
0,286	
0,2835	
0,282	
0,2895	
0,282
JNOS	
Славн-ЯНОС
9	
40 900	
17,8	
17,85	
17,55	
17,85	
17,6
IGSTP	
Ижсталь ап
18	
39 723	
845	
850	
834	
865	
843
KUBE	
Кубанэнр
20	
37 325	
70,4	
70,7	
70,2	
70,8	
70,6
GAZAP	
ГАЗ ап
9	
33 950	
308,5	
307	
306	
310,5	
307,5
DZRD	
iДонскЗР
11	
24 745	
2 060	
2 060	
2 050	
2 065	
2 065
KRSBP	
Красэсб ап
9	
24 148	
7,32	
7,32	
7,2	
7,34	
7,22
VJGZ	
Варьеган
14	
23 076	
607	
604	
604	
613	
606
WTCMP	
ЦМТ ап
11	
21 902	
8,12	
8,1	
8,08	
8,16	
8,12
MRKK	
Россети СК
17	
21 702	
24,66	
24,84	
24,6	
24,84	
24,64
CHGZ	
РН-ЗапСиб
4	
20 960	
52,4	
53	
52	
53	
52,6
TASBP	
ТамбЭнСб-п
6	
17 405	
0,29	
0,287	
0,287	
0,2935	
0,2895
ROSB	
Росбанк ао
12	
15 248	
76,2	
76,4	
75,4	
77,2	
76,6
KCHE	
КамчатЭ ао
7	
14 775	
0,211	
0,2065	
0,2065	
0,215	
0,2125
MFGSP	
Мегион-ап
5	
14 365	
287,5	
290	
286	
290	
286,5
KMEZ	
КМЗ
16	
14 227	
508	
510,5	
502,5	
512	
503,5
LPSB	
ЛЭСК ао
8	
12 765	
8	
8,1	
7,95	
8,1	
7,95
VSYD	
ВыбСудЗ ао
3	
11 710	
3 905	
3 815	
3 815	
3 995	
3 900
KROTP	
КрасОкт-1п
2	
10 340	
258,5	
258,5	
258,5	
258,5	
258,5
RZSB	
РязЭнСб
3	
9 964	
9,06	
9,06	
9,02	
9,08	
9,02
MISB	
ТНСэнМарЭл
8	
9 650	
12,1	
12,2	
12	
12,2	
12
VGSBP	
ВолгЭнСб-п
5	
9 190	
1,84	
1,855	
1,825	
1,855	
1,825
JNOSP	
Слав-ЯНОСп
5	
8 162	
13,6	
13,66	
13,56	
13,66	
13,64
KTSB	
КСБ ао
2	
3 076	
0,616	
0,62	
0,614	
0,62	
0,614
YRSBP	
ТНСэнЯр-п
2	
2 630	
87,5	
86	
86	
88,5	
88,5
MISBP	
ТНСэМаЭл-п
2	
2 380	
11,9	
11,9	
11,9	
11,9	
11,9
BISV	
БашИнСв ао
0	
0	
-	
-	
-	
-	
8,7
DERZP	
Держава ап
0	
0	
-	
-	
-	
-	
-
GAZC	
ГАЗКОН-ао
0	
0	
-	
-	
-	
-	
295
OMZZP	
ОМЗ-ап
0	
0	
-	
-	
-	
-	
3 460
DERZP	
Держава ап
0	
0	
-	
-	
-	
-	
-
GAZC	
ГАЗКОН-ао
0	
0	
-	
-	
-	
-	
295
GTSS	
ГЕОТЕК ао
0	
0	
-	
-	
-	
-	
-
KUNF	
КУЗОЦМ ао
0	
0	
-	
-	
-	
-	
-
PRTK	
ПРОТЕК ао
0	
0	
-	
-	
-	
-	
99,6
RUSI	
ИКРУСС-ИНВ
0	
0	
-	
-	
-	
-	
38,3
NPOF	
Физика ао
0	
0	
-	
-	
-	
-	
11 850
TRCN	
ТрансК ао
0	
0	
-	
-	
-	
-	
8 595
BISV	
БашИнСв ао
0	
0	
-	
-	
-	
-	
8,7
GAZS	
ГАЗ-сервис
0	
0	
-	
-	
-	
-	
293
KMTZ	
КосогМЗ ао
0	
0	
-	
-	
-	
-	
-
KZMS	
КЗМС ао
0	
0	
-	
-	
-	
-	
226
MSTT	
Мостотрест
0	
0	
-	
-	
-	
-	
161
TRFM	
ТрансФ ао
0	
0	
-	
-	
-	
-	
-
VSYDP	
ВыбСудЗ ап
0	
0	
-	
-	
-	
-	
3 880
GAZT	
ГАЗ-Тек ао
0	
0	
-	
-	
-	
-	
85
HIMC	
Химпром ао
0	
0	
-	
-	
-	
-	
0,99
TASB	
ТамбЭнСб
0	
0	
-	
-	
-	
-	
0,4005
KSGR	
Кокс ао
0	
0	
-	
-	
-	
-	
-
URKA	
Уркалий-ао
0	
0	
-	
-	
-	
-	
119,04
VSYDP	
ВыбСудЗ ап
0	
0	
-	
-	
-	
-	
3 880
VZRZ	
Возрожд-ао
0	
0	
-	
-	
-	
-	
480