SBER	
Сбербанк
102 408	
16 029 896 036	
199,82	
199,99	
196,1	
202,85	
197,37
LKOH	
ЛУКОЙЛ
71 414	
10 105 909 550	
4 927,5	
5 088	
4 825	
5 119,5	
4 844
GAZP	
ГАЗПРОМ ао
70 264	
9 614 743 926	
189,93	
189,73	
188,3	
191,76	
190,11
GMKN	
ГМКНорНик
28 066	
5 382 332 256	
20 520	
20 302	
20 246	
20 872	
20 702
PLZL	
Полюс
47 062	
4 541 243 458	
12 034,5	
11 620	
11 554	
12 358	
12 150
ROSN	
Роснефть
42 630	
4 430 421 754	
334,05	
339,15	
327,4	
342	
330,95
TATN	
Татнфт 3ао
56 017	
3 759 533 003	
566,7	
591	
547,1	
597,7	
554,6
YNDX	
Yandex clA
33 061	
2 485 799 036	
2 728,2	
2 698,8	
2 687,6	
2 782,4	
2 755,6
SNGS	
Сургнфгз
22 087	
2 364 013 134	
36,035	
36,105	
35,335	
36,69	
35,65
POLY	
Polymetal
34 460	
2 147 124 036	
1 484,3	
1 436,2	
1 436,2	
1 517	
1 498,8
VTBR	
ВТБ ао
46 517	
2 090 814 271	
0,035965	
0,0364	
0,035195	
0,03645	
0,035415
NVTK	
Новатэк ао
22 414	
2 048 572 505	
1 023	
1 033	
1 003,2	
1 044,6	
1 007,2
ALRS	
АЛРОСА ао
29 975	
1 711 539 685	
65,07	
64,9	
63,5	
65,92	
63,5
MGNT	
Магнит ао
25 510	
1 597 902 728	
3 351	
3 318	
3 308	
3 385	
3 362
SBERP	
Сбербанк-п
27 245	
1 496 998 213	
182,03	
181,31	
179	
183,3	
180,36
MOEX	
МосБиржа
27 447	
1 449 156 488	
106,04	
104,1	
104,1	
106,84	
106,2
AFLT	
Аэрофлот
30 011	
1 239 134 497	
76,32	
76,74	
75,08	
77,5	
75,36
MTSS	
МТС-ао
12 424	
895 973 235	
310,2	
308,4	
307,8	
311,8	
310,95
NLMK	
НЛМК ао
15 888	
889 091 844	
130,08	
130,72	
129	
131,96	
129,04
FIVE	
FIVE-гдр
15 991	
874 460 952	
2 155	
2 187	
2 126	
2 227	
2 169,5
CHMF	
СевСт-ао
17 044	
854 217 931	
894,8	
890	
887,8	
901,4	
899
RUAL	
RUSAL plc
21 923	
790 199 626	
26,03	
25,485	
25,485	
26,3	
26,005
TATNP	
Татнфт 3ап
22 856	
730 986 084	
534,5	
549	
521	
558,7	
521,2
TRMK	
ТМК ао
10 742	
721 075 980	
57,98	
58	
57,82	
58,1	
58
SIBN	
Газпрнефть
11 938	
712 607 752	
328,2	
334,5	
323,7	
337,6	
325
HYDR	
РусГидро
19 235	
645 932 469	
0,6193	
0,6184	
0,607	
0,6307	
0,625
IRAO	
ИнтерРАОао
10 922	
577 718 743	
5,276	
5,3	
5,2205	
5,33	
5,248
TCSG	
TCS-гдр
13 458	
570 774 103	
940,6	
925	
919,2	
955	
940
SNGSP	
Сургнфгз-п
9 015	
539 720 741	
37,605	
37,625	
37,355	
37,98	
37,755
AFKS	
Система ао
13 728	
516 958 232	
14,051	
14,112	
13,803	
14,276	
13,829
RSTI	
Россети ао
11 747	
512 776 521	
1,3341	
1,3299	
1,308	
1,3498	
1,3319
FEES	
ФСК ЕЭС ао
11 468	
422 503 983	
0,179	
0,179	
0,17666	
0,18112	
0,17812
MAGN	
ММК
7 277	
360 811 651	
39,74	
39,3	
39,265	
40,15	
39,84
UPRO	
Юнипро ао
7 186	
317 639 913	
2,767	
2,72	
2,72	
2,794	
2,788
LIFE	
iФармсинтз
19 220	
302 478 002	
8,77	
8,39	
7,705	
9,655	
7,985
CBOM	
МКБ ао
13 668	
291 087 699	
5,565	
5,552	
5,525	
5,623	
5,525
RTKM	
Ростел -ао
10 687	
231 816 137	
78,75	
77,19	
77,19	
79,57	
78,7
PHOR	
ФосАгро ао
6 251	
230 952 904	
2 593	
2 552	
2 548	
2 620	
2 587
BANEP	
Башнефт ап
5 792	
183 635 499	
1 394	
1 420	
1 365,5	
1 421,5	
1 383
TRNFP	
Транснф ап
660	
153 721 350	
154 200	
155 200	
153 550	
155 500	
154 550
DSKY	
ДетскийМир
6 508	
123 222 772	
99,88	
98,38	
98,38	
100,74	
100,5
AKRN	
Акрон
3 838	
120 583 008	
5 648	
5 772	
5 586	
5 794	
5 740
MTLR	
Мечел ао
10 761	
103 307 984	
66,55	
67,1	
65,29	
67,5	
65,38
OGKB	
ОГК-2 ао
6 677	
100 678 466	
0,5962	
0,6029	
0,5912	
0,6029	
0,594
RASP	
Распадская
2 361	
92 873 877	
100,62	
100,76	
99,7	
101,7	
100,78
ISKJ	
iИСКЧ ао
7 507	
81 968 408	
20,36	
18,71	
18,2	
22,85	
21,48
SELG	
Селигдар
5 284	
77 628 302	
23,64	
21,42	
21,16	
25,9	
25
QIWI	
iQIWI
3 919	
73 753 628	
905	
890,5	
883,5	
935	
935
AGRO	
AGRO-гдр
4 500	
68 032 748	
628	
629	
624	
639,4	
625
NKNCP	
НКНХ ап
3 043	
67 374 818	
85,22	
84,76	
84,64	
85,5	
85
MTLRP	
Мечел ап
2 422	
66 856 852	
65,75	
65	
64,7	
66,9	
65,2
LSRG	
ЛСР ао
4 174	
49 599 192	
601,8	
602	
598	
608	
598,2
TGKA	
ТГК-1
2 537	
45 354 652	
0,011238	
0,011222	
0,011162	
0,011338	
0,011202
LNTA	
Лента др
4 954	
43 666 779	
152,7	
151,6	
150	
154	
152,7
APTK	
Аптеки36и6
13 284	
43 382 124	
13,472	
13,44	
13,068	
13,766	
13,198
RUSP	
Русполимет
1 855	
38 801 555	
0,662	
0,555	
0,42	
0,7745	
0,63
MVID	
М.видео
1 622	
38 379 132	
371,7	
372,4	
368,3	
376,5	
372,2
BANE	
Башнефт ао
1 419	
31 783 402	
1 722	
1 750	
1 704,5	
1 765	
1 708
LNZL	
Лензолото
984	
26 309 360	
8 600	
8 400	
8 280	
9 080	
8 710
ENPL	
ENPL-гдр
714	
25 150 697	
530	
528	
528	
537	
531,2
ETLN	
ETLN-гдр
1 538	
23 101 211	
90,16	
91,48	
88,86	
92,02	
89,56
MSNG	
+МосЭнерго
1 432	
22 797 732	
1,989	
1,98	
1,975	
2,005	
1,997
RTKMP	
Ростел -ап
1 557	
22 387 597	
67,2	
67,8	
66,8	
67,8	
67,05
MRKP	
МРСК ЦП
848	
21 934 910	
0,1751	
0,1744	
0,1722	
0,1771	
0,173
PIKK	
ПИК ао
932	
20 572 040	
395	
391	
391	
397,5	
395
ENRU	
ЭнелРос ао
1 314	
18 681 710	
0,9225	
0,9165	
0,9165	
0,93	
0,92
NMTP	
НМТП ао
1 394	
17 777 736	
8,655	
8,6	
8,575	
8,69	
8,645
NKNC	
НКНХ ао
1 198	
16 727 652	
103,35	
102	
100,6	
104,5	
104,05
BSPB	
БСП ао
2 570	
16 494 191	
43,85	
43,77	
43,5	
44,68	
43,71
ROLO	
Русолово
1 284	
15 817 668	
4,188	
3,82	
3,82	
4,5	
4,132
ENPG	
ЭН+ГРУП ао
337	
13 815 493	
553,3	
552,8	
549	
562,7	
557
DIOD	
ЗаводДИОД
2 087	
11 802 316	
5,25	
4,9	
4,84	
5,78	
5,1
SELGP	
Селигдар-п
631	
11 143 285	
29	
28	
28	
29,9	
29,8
CNTLP	
Телеграф-п
995	
11 137 412	
18,2	
17,6	
17,42	
18,8	
18,04
VSMO	
ВСМПО-АВСМ
206	
10 813 140	
20 100	
20 460	
19 980	
20 500	
20 040
BELU	
Белуга ао
698	
10 477 995	
1 411	
1 440	
1 380	
1 440	
1 401
GTRK	
ГТМ ао
1 843	
9 578 405	
48,15	
50,45	
45,8	
50,45	
47,85
LNZLP	
Лензол. ап
634	
9 483 935	
3 840	
3 655	
3 655	
4 040	
3 800
GCHE	
ЧеркизГ-ао
1 116	
9 163 450	
1 795,5	
1 807	
1 781,5	
1 840	
1 786
TGKB	
ТГК-2
487	
8 440 555	
0,003865	
0,00387	
0,00383	
0,003905	
0,003855
FESH	
ДВМП ао
803	
8 338 349	
6,64	
6,88	
6,54	
6,9	
6,56
LVHK	
Левенгук
1 237	
6 544 244	
8,94	
8,01	
7,91	
9,55	
8,54
RSTIP	
Россети ап
513	
6 373 022	
1,532	
1,528	
1,519	
1,546	
1,53
KZOS	
ОргСинт ао
831	
6 287 387	
98,9	
97	
96,7	
100,5	
98,7
MSRS	
МОЭСК
341	
6 277 291	
1,019	
1	
1	
1,033	
1,017
CNTL	
Телеграф
705	
6 229 300	
23,25	
22	
21,9	
24,6	
22,5
SFIN	
САФМАР ао
577	
5 996 682	
448,6	
450,2	
446	
453	
447
OBUV	
ОР ао
1 195	
5 886 021	
31,75	
32,2	
31,4	
32,2	
31,9
RNFT	
РуссНфт ао
1 444	
5 499 343	
465	
463	
460,2	
478,8	
462
MRKV	
МРСКВол
565	
5 125 819	
0,071	
0,071	
0,0704	
0,07195	
0,07065
UNAC	
iАвиастКао
335	
5 107 444	
0,5075	
0,506	
0,498	
0,5145	
0,5
MRKC	
МРСК Центр
588	
5 060 788	
0,2484	
0,2466	
0,245	
0,2522	
0,2496
RUGR	
Русгрэйн
3 853	
4 877 635	
8,018	
8,112	
7,9	
8,21	
7,95
BRZL	
БурЗолото
323	
4 762 071	
834	
821	
817	
845	
840
MRKZ	
МРСК СЗ
318	
4 556 626	
0,04695	
0,04815	
0,04555	
0,04825	
0,0468
AVAN	
Авангрд-ао
739	
4 311 640	
885	
980	
785	
1 000	
870
IRGZ	
ИркЭнерго
277	
4 285 822	
11,54	
11,58	
11,14	
11,9	
11,5
AQUA	
РусАква ао
476	
4 031 635	
208	
209,5	
206	
211,5	
206
VLHZ	
ВХЗ-ао
543	
3 530 288	
49,85	
50,4	
48,85	
50,75	
49,3
UNKL	
ЮУНК ао
282	
3 485 130	
3 830	
4 040	
3 700	
4 040	
3 820
KRKNP	
СаратНПЗ-п
107	
3 376 000	
15 340	
15 440	
15 300	
15 440	
15 300
TTLK	
Таттел. ао
298	
3 247 875	
0,3015	
0,299	
0,299	
0,3045	
0,3005
MSTT	
Мостотрест
295	
3 090 872	
158,75	
159,9	
158,15	
159,95	
158,4
RGSS	
РГС СК ао
297	
2 953 633	
0,1506	
0,151	
0,149	
0,1544	
0,1504
TRCN	
ТрансК ао
62	
2 603 860	
8 265	
8 325	
8 200	
8 330	
8 235
MGTSP	
МГТС-4ап
202	
2 297 144	
2 294	
2 284	
2 268	
2 306	
2 282
TGKBP	
ТГК-2 ап
165	
2 260 260	
0,00661	
0,00662	
0,00637	
0,00681	
0,00659
SVAV	
СОЛЛЕРС
235	
2 067 280	
258	
251,5	
251,5	
260,5	
257
RLMN	
Роллман
567	
2 044 176	
17,85	
18,95	
14,8	
18,95	
18,3
ZVEZ	
ЗВЕЗДА ао
269	
1 950 835	
4,385	
4,205	
4,11	
4,64	
4,25
CHEP	
ЧТПЗ ао
172	
1 935 065	
202,5	
206	
200	
208,5	
203
TGKN	
ТГК-14
157	
1 877 950	
0,0035	
0,0035	
0,00345	
0,00357	
0,00346
PAZA	
ПавлАвт ао
152	
1 796 220	
8 170	
8 400	
8 020	
8 510	
8 120
AMEZ	
АшинскийМЗ
508	
1 736 425	
3,825	
3,83	
3,78	
3,87	
3,8
RZSB	
РязЭнСб
55	
1 643 650	
6,27	
6,35	
6,1	
6,39	
6,24
PMSBP	
ПермьЭнС-п
242	
1 503 694	
139,8	
139,6	
135,2	
141,2	
138,6
KMAZ	
КАМАЗ
365	
1 489 134	
54,4	
54,4	
54	
54,9	
54,1
RBCM	
РБК ао
400	
1 475 805	
3,19	
3,218	
3,16	
3,24	
3,164
DASB	
ДагСб ао
290	
1 326 138	
0,0964	
0,0976	
0,0951	
0,0986	
0,0975
KZOSP	
ОргСинт ап
647	
1 306 208	
12,94	
12,8	
12,71	
13,2	
12,95
IRKT	
ИРКУТ-3
114	
1 292 136	
31,14	
30,86	
30,4	
31,64	
31
BISVP	
БашИнСв ап
121	
1 280 647	
6,57	
6,74	
6,5	
6,8	
6,57
ALNU	
АЛРОСА-Нюр
23	
1 227 400	
47 200	
46 800	
46 800	
47 600	
47 000
WTCMP	
ЦМТ ап
122	
1 184 460	
8,78	
8,96	
7,08	
9,1	
8,9
MOBB	
МосОблБанк
412	
1 178 103	
2,61	
2,52	
2,48	
2,782	
2,54
SLEN	
Сахэнер ао
215	
1 022 926	
3,69	
4,24	
2,5	
4,34	
4,11
UWGN	
ОВК ао
202	
971 101	
246,9	
245,1	
243,4	
249,4	
246,7
PRTK	
ПРОТЕК ао
123	
965 704	
98,2	
98,3	
97,3	
99	
97,5
PMSB	
ПермьЭнСб
185	
952 503	
141,5	
145,6	
137,2	
147,2	
140,5
USBN	
УралСиб ао
140	
836 717	
0,071	
0,0713	
0,07	
0,0719	
0,0704
MGNZ	
СМЗ-ао
12	
778 830	
4 100	
4 190	
4 030	
4 200	
4 100
KUBE	
Кубанэнр
138	
742 306	
61,7	
61,9	
60,1	
63,3	
61,3
KROT	
КрасОкт-ао
84	
726 960	
323	
319	
318,5	
330	
320
MRKS	
МРСКСиб
44	
709 470	
0,2185	
0,223	
0,211	
0,223	
0,219
GAZA	
ГАЗ ао
49	
697 470	
403	
403	
392,5	
406,5	
397
UKUZ	
ЮжКузб. ао
166	
651 792	
554	
534	
500	
598	
538
HIMCP	
Химпром ап
169	
639 379	
5,89	
5,86	
5,84	
5,95	
5,88
BLNG	
Белон ао
98	
623 425	
4,026	
4,05	
3,99	
4,09	
3,99
KLSB	
КалужскСК
115	
576 879	
10,47	
10,56	
10,1	
10,59	
10,5
NSVZ	
НаукаСвяз
140	
564 990	
230,5	
229,5	
225	
235,5	
230,5
RDRB	
РДБанк ао
66	
540 350	
275	
280	
265	
280	
275
DVEC	
ДЭК ао
114	
512 427	
0,801	
0,807	
0,79	
0,816	
0,793
VZRZP	
Возрожд-п
109	
508 190	
310	
315	
300	
319	
302,8
KUZB	
КузнецкийБ
265	
486 637	
0,01754	
0,01759	
0,0174	
0,01784	
0,01751
RAVN	
Raven
11	
479 150	
31,5	
31,65	
31,45	
31,8	
31,5
KGKC	
КурганГКао
66	
469 810	
53	
54	
52	
55	
53
KOGK	
КоршГОК ао
10	
451 800	
45 200	
44 600	
44 600	
46 000	
45 600
MRKY	
РоссЮг ао
101	
444 622	
0,0512	
0,0514	
0,0506	
0,052	
0,0506
YAKG	
ЯТЭК ао
50	
425 754	
52,56	
53	
52	
53,5	
52,52
JNOS	
Славн-ЯНОС
71	
423 350	
17,7	
17,7	
17,2	
18	
17,95
NAUK	
iНПОНаука
88	
422 494	
174,6	
170,6	
170,6	
177,4	
174,6
ABRD	
АбрауДюрсо
111	
414 325	
135	
135,5	
134	
136	
134,5
RLMNP	
Роллман-п
147	
403 715	
18,22	
18,52	
17,7	
19,18	
18,42
NFAZ	
Нефтекамск
43	
401 410	
137,6	
140	
133,4	
140,8	
134,6
KCHE	
КамчатЭ ао
30	
392 450	
0,1775	
0,175	
0,175	
0,1845	
0,1765
MRKU	
МРСК Ур
79	
390 992	
0,147	
0,1478	
0,1416	
0,1484	
0,1466
KBTK	
КузбТК ао
76	
380 918	
160,8	
164	
156,8	
164	
162
WTCM	
ЦМТ ао
77	
378 226	
9,48	
9,54	
9	
9,6	
9,58
TASB	
ТамбЭнСб
18	
365 960	
0,2835	
0,2855	
0,276	
0,2905	
0,2855
TGKD	
Квадра
86	
354 986	
0,003005	
0,002995	
0,00296	
0,00304	
0,003
ROSB	
Росбанк ао
130	
341 422	
71,6	
74,2	
68,6	
75,6	
74,4
ELTZ	
Электрцинк
126	
336 126	
172,5	
170,5	
169,5	
176,5	
172,5
HALS	
Галс-Девел
62	
327 050	
754	
776	
746	
780	
758
TGKDP	
Квадра-п
88	
320 513	
0,00382	
0,003665	
0,003615	
0,003905	
0,003615
KRSB	
Красэсб ао
20	
302 750	
5,71	
5,5	
5,5	
5,89	
5,78
MGTS	
МГТС-5ао
48	
278 375	
2 650	
2 690	
2 630	
2 690	
2 660
NKHP	
НКХП ао
45	
268 345	
233,5	
234,5	
232	
235	
232,5
YKEN	
Якутскэнрг
43	
256 720	
0,313	
0,316	
0,3085	
0,3245	
0,315
GAZAP	
ГАЗ ап
12	
255 025	
340	
341,5	
334	
341,5	
338
KRKN	
СаратНПЗ
14	
246 400	
11 750	
11 700	
11 600	
11 800	
11 750
DZRDP	
iДонскЗР п
40	
243 930	
1 580	
1 580	
1 550	
1 610	
1 600
IGSTP	
Ижсталь ап
63	
242 341	
762	
770	
750	
798	
751
TORSP	
ТРК ап
37	
240 060	
0,2555	
0,258	
0,25	
0,262	
0,2565
VJGZP	
Варьеган-п
44	
228 990	
318	
315	
314	
324	
317
KGKCP	
КурганГКап
35	
215 720	
57,5	
56,5	
55	
61,5	
57
VRSB	
ТНСэнВорон
27	
211 700	
48,2	
48,2	
47	
49	
48,2
KMEZ	
КМЗ
80	
198 405	
422	
426	
416	
426	
419
UCSS	
ОКС ао
71	
187 360	
1 480	
1 480	
1 450	
1 500	
1 480
NNSB	
ТНСэнНН ао
59	
178 980	
1 305	
1 225	
1 215	
1 365	
1 310
KRSBP	
Красэсб ап
19	
172 120	
5,74	
5,42	
5,42	
5,82	
5,68
OMZZP	
ОМЗ-ап
25	
167 125	
3 555	
3 535	
3 500	
3 600	
3 505
VJGZ	
Варьеган
64	
162 270	
605	
618	
600	
629	
618
YKENP	
Якутскэн-п
14	
160 870	
0,2925	
0,2915	
0,2885	
0,3055	
0,298
PRMB	
Приморье
7	
157 800	
17 600	
16 800	
16 800	
18 400	
17 800
JNOSP	
Слав-ЯНОСп
45	
155 052	
14,1	
14,46	
13,68	
14,84	
14,04
ZILL	
ЗИЛ ао
33	
154 950	
1 372	
1 360	
1 360	
1 390	
1 370
MFGSP	
Мегион-ап
29	
149 695	
325,5	
331	
319	
338,5	
319
KAZT	
Куйбазот
42	
143 316	
147,8	
151	
146	
151	
147,2
NKSH	
Нижкамшина
27	
140 676	
22,7	
22,5	
22,32	
23,46	
22,92
STSB	
СтаврЭнСб
45	
135 662	
0,341	
0,3325	
0,3285	
0,348	
0,346
KROTP	
КрасОкт-1п
30	
119 510	
225,5	
229	
220	
231	
224
ROST	
РОСИНТЕРао
25	
114 808	
58	
57,2	
57,2	
58,4	
57,4
URKZ	
УрКузница
9	
113 800	
10 340	
9 900	
9 900	
10 500	
10 500
ALBK	
БестЭфБ ао
20	
108 155	
53,5	
52	
52	
54,5	
53,5
MRKK	
Россети СК
76	
104 701	
26,58	
27	
26,4	
27,48	
26,52
DZRD	
iДонскЗР
25	
103 896	
2 038	
2 046	
2 000	
2 100	
2 000
SAGOP	
СамарЭн-ап
20	
103 280	
0,369	
0,364	
0,363	
0,377	
0,37
KRKOP	
ТКЗКК ап
29	
96 198	
3,975	
3,89	
3,77	
4,085	
3,865
GEMA	
iММЦБ ао
26	
87 978	
727	
731,5	
722,5	
732	
731,5
KAZTP	
Куйбазот-п
25	
85 868	
148	
149,8	
146,6	
150,8	
147,6
NNSBP	
ТНСэнНН ап
63	
85 069	
583	
548	
548	
600	
566
MFGS	
Мегион-ао
14	
82 095	
328,5	
336,5	
326	
336,5	
327
MAGE	
МагадЭн ао
15	
81 550	
4,8	
4,81	
4,72	
4,88	
4,85
TASBP	
ТамбЭнСб-п
10	
80 965	
0,193	
0,1925	
0,192	
0,1945	
0,1945
LPSB	
ЛЭСК ао
34	
80 385	
7,65	
7,6	
7,55	
7,8	
7,65
TUZA	
ТЗА ао
38	
79 330	
81	
81	
80	
82	
81
STSBP	
СтаврЭнСбп
23	
77 835	
0,2894	
0,2896	
0,2876	
0,29	
0,288
UTAR	
ЮТэйр ао
45	
73 470	
6,5	
6,6	
6,42	
6,6	
6,48
KTSB	
КСБ ао
27	
69 658	
0,502	
0,5	
0,494	
0,506	
0,506
RTSB	
ТНСэнРст
13	
63 950	
0,335	
0,33	
0,32	
0,345	
0,335
ARSA	
Арсагера
16	
63 500	
3,18	
3,3	
3,06	
3,3	
3,15
CHKZ	
ЧКПЗ ао
8	
63 260	
5 280	
5 240	
5 240	
5 340	
5 340
SAGO	
СамарЭн-ао
8	
57 380	
0,384	
0,38	
0,38	
0,388	
0,388
VSYDP	
ВыбСудЗ ап
11	
55 840	
2 660	
2 640	
2 640	
2 700	
2 660
CHMK	
ЧМК ао
18	
52 945	
2 405	
2 375	
2 375	
2 420	
2 395
ASSB	
АстрЭнСб
24	
51 590	
0,6	
0,606	
0,594	
0,606	
0,602
IGST	
Ижсталь2ао
23	
49 638	
841	
857	
831	
857	
840
VSYD	
ВыбСудЗ ао
14	
49 210	
2 735	
2 760	
2 700	
2 785	
2 715
RKKE	
ЭнергияРКК
8	
48 920	
4 890	
4 900	
4 850	
4 930	
4 860
CHGZ	
РН-ЗапСиб
15	
47 660	
31,8	
33,6	
30,2	
33,6	
30,4
SZPR	
СЗПароход
28	
44 888	
788	
796	
776	
820	
778
SAREP	
СаратЭн-ап
30	
41 246	
0,086	
0,0878	
0,0834	
0,088	
0,0852
MRSB	
МордЭнСб
8	
37 880	
0,344	
0,348	
0,34	
0,349	
0,34
INGR	
ИНГРАД ао
10	
37 543	
766	
766	
766	
770	
766
RUSI	
ИКРУСС-ИНВ
7	
27 780	
39,7	
39,1	
39,1	
40,3	
40,3
SARE	
СаратЭн-ао
8	
26 902	
0,1122	
0,112	
0,112	
0,1142	
0,1124
KTSBP	
КСБ ап
7	
23 380	
0,234	
0,2305	
0,2305	
0,237	
0,237
VGSB	
ВолгЭнСб
6	
23 165	
1,45	
1,49	
1,43	
1,49	
1,47
TORS	
ТРК ао
4	
14 690	
0,367	
0,366	
0,365	
0,372	
0,372
KCHEP	
КамчатЭ ап
4	
13 570	
0,339	
0,337	
0,337	
0,34	
0,34
MAGEP	
МагадЭн ап
1	
12 600	
4,2	
4,2	
4,2	
4,2	
4,2
KBSB	
ТНСэКубань
4	
10 980	
137,5	
139,5	
132,5	
139,5	
135,5
TNSE	
ТНСэнрг ао
10	
9 925	
995	
1 005	
980	
1 005	
985
YRSB	
ТНСэнЯр
4	
8 140	
164	
164	
162	
164	
162
MISBP	
ТНСэМаЭл-п
5	
7 540	
10,8	
10,6	
10,6	
10,8	
10,8
YRSBP	
ТНСэнЯр-п
4	
4 010	
80	
79,5	
79	
81,5	
79
VGSBP	
ВолгЭнСб-п
4	
3 880	
0,97	
0,94	
0,94	
0,995	
0,98
VRSBP	
ТНСэнВор-п
1	
3 000	
30	
30	
30	
30	
30
MISB	
ТНСэнМарЭл
2	
2 200	
11	
11	
11	
11	
11
BISV	
БашИнСв ао
0	
0	
-	
-	
-	
-	
8,7
KUNF	
КУЗОЦМ ао
0	
0	
-	
-	
-	
-	
-
NPOF	
Физика ао
0	
0	
-	
-	
-	
-	
11 850
GAZC	
ГАЗКОН-ао
0	
0	
-	
-	
-	
-	
295
GTSS	
ГЕОТЕК ао
0	
0	
-	
-	
-	
-	
-
TRFM	
ТрансФ ао
0	
0	
-	
-	
-	
-	
-
KMTZ	
КосогМЗ ао
0	
0	
-	
-	
-	
-	
-
KZMS	
КЗМС ао
0	
0	
-	
-	
-	
-	
226
GAZS	
ГАЗ-сервис
0	
0	
-	
-	
-	
-	
293
HIMC	
Химпром ао
0	
0	
-	
-	
-	
-	
0,99
LSNG	
Ленэнерго
0	
0	
-	
-	
-	
-	
5,66
RTSBP	
ТНСэнРст-п
0	
0	
-	
-	
-	
-	
0,256
URKA	
Уркалий-ао
0	
0	
-	
-	
-	
-	
119,04
VZRZ	
Возрожд-ао
0	
0	
-	
-	
-	
-	
480
BISV	
БашИнСв ао
0	
0	
-	
-	
-	
-	
8,7
GAZT	
ГАЗ-Тек ао
0	
0	
-	
-	
-	
-	
85
KSGR	
Кокс ао
0	
0	
-	
-	
-	
-	
-
LSNGP	
Ленэнерг-п
0	
0	
-	
-	
-	
-	
119,95
MFON	
МегаФон ао
0	
0	
-	
-	
-	
-	
650,6
MORI	
Морион ао
0	
0	
-	
-	
-	
-	
4,31
KRKO	
ТКЗКК ао
0	
0	
-	
-	
-	
-	
11,8
RU000A0JVT35	
ИСУ ЕФГ-3
0	
0	
-	
-	
-	
-	
400