SBER	
Сбербанк
85 003	
14 157 337 174	
225,09	
222,31	
222,13	
227,54	
227,07
GAZP	
ГАЗПРОМ ао
81 418	
6 753 702 769	
179,04	
178,44	
177,52	
180,8	
177,6
YNDX	
Yandex clA
54 032	
5 337 359 103	
4 712,2	
4 679,8	
4 665,2	
4 760	
4 716,6
GMKN	
ГМКНорНик
24 430	
4 782 346 930	
19 508	
19 446	
19 410	
19 620	
19 478
LKOH	
ЛУКОЙЛ
31 761	
4 512 226 629	
4 768	
4 749,5	
4 733	
4 804,5	
4 736
PLZL	
Полюс
17 336	
3 172 837 694	
16 927,5	
17 077,5	
16 778	
17 122	
16 850
ALRS	
АЛРОСА ао
38 736	
2 417 300 643	
74,26	
75,06	
73,23	
75,64	
73,31
POLY	
Polymetal
32 079	
2 384 966 396	
1 879	
1 929,1	
1 863,5	
1 930,5	
1 866
MGNT	
Магнит ао
23 966	
2 155 450 417	
4 695	
4 685	
4 632	
4 773,5	
4 659
SBERP	
Сбербанк-п
26 864	
1 834 844 595	
216,85	
215,98	
215,08	
218,5	
217,81
TATN	
Татнфт 3ао
20 237	
1 639 296 417	
541	
539	
536,3	
547,6	
537,4
MOEX	
МосБиржа
20 445	
1 435 126 456	
138,21	
139,21	
137,01	
139,66	
137,01
SNGS	
Сургнфгз
13 111	
1 358 021 599	
35,815	
35,15	
35,145	
36,195	
35,955
ROSN	
Роснефть
12 343	
1 227 772 167	
374,65	
372	
370,65	
376,9	
372,6
IRAO	
ИнтерРАОао
13 859	
1 181 494 178	
5,593	
5,629	
5,535	
5,675	
5,579
CHMF	
СевСт-ао
17 853	
1 140 993 378	
983,4	
974,2	
971	
990,4	
985
NLMK	
НЛМК ао
13 172	
1 063 634 367	
165,3	
164	
162,84	
167,1	
166,76
MAIL	
MAIL-гдр
19 983	
1 005 947 551	
2 182,2	
2 142	
2 136,2	
2 247	
2 210
MAGN	
ММК
13 179	
929 619 204	
38,215	
37,22	
37,22	
38,695	
38,65
MTSS	
МТС-ао
14 417	
921 755 020	
332,6	
333	
331,6	
333,9	
333,6
VTBR	
ВТБ ао
28 165	
873 907 135	
0,035695	
0,03553	
0,03548	
0,035875	
0,03568
POGR	
Petropavl
15 061	
867 831 296	
36,85	
35,555	
35,555	
37,495	
36,8
AFLT	
Аэрофлот
18 482	
767 051 454	
81,68	
82	
80,7	
82,5	
82,34
NVTK	
Новатэк ао
11 585	
662 504 704	
1 090,2	
1 084,4	
1 083,6	
1 093,8	
1 091,4
SNGSP	
Сургнфгз-п
8 517	
591 811 331	
37,195	
37,215	
37,065	
37,315	
37,125
FEES	
ФСК ЕЭС ао
9 865	
540 109 510	
0,20222	
0,1991	
0,19886	
0,20488	
0,2039
HYDR	
РусГидро
10 476	
365 915 201	
0,7462	
0,7515	
0,7386	
0,7534	
0,7435
FIVE	
FIVE-гдр
5 559	
365 304 731	
2 629	
2 613,5	
2 593,5	
2 648,5	
2 630
DSKY	
ДетскийМир
9 054	
359 876 255	
112,12	
112,4	
111,6	
113	
112,1
AFKS	
Система ао
6 299	
286 466 382	
20,961	
21,041	
20,8	
21,118	
20,999
CBOM	
МКБ ао
8 568	
267 988 225	
5,845	
5,831	
5,812	
5,87	
5,848
RUAL	
РУСАЛ ао
9 514	
253 469 643	
32,33	
32,2	
31,905	
32,81	
32,665
RTKM	
Ростел -ао
6 315	
251 639 142	
96	
95,19	
94,98	
98,03	
95,85
RSTI	
Россети ао
4 653	
241 035 098	
1,4846	
1,4886	
1,4702	
1,5023	
1,4716
TCSG	
TCS-гдр
6 909	
233 719 368	
1 827,6	
1 840	
1 792,4	
1 857	
1 843,8
TRNFP	
Транснф ап
926	
229 338 400	
138 900	
138 450	
138 150	
139 700	
138 850
TATNP	
Татнфт 3ап
7 153	
228 809 096	
529,7	
527,4	
524,7	
533,9	
527,4
SIBN	
Газпрнефть
4 878	
213 596 327	
311,35	
309,45	
308,65	
314,9	
310,35
NMTP	
НМТП ао
4 513	
104 985 157	
8,645	
8,7	
8,565	
8,715	
8,61
UPRO	
Юнипро ао
2 768	
88 974 889	
2,767	
2,745	
2,745	
2,774	
2,764
QIWI	
iQIWI
4 119	
79 407 654	
1 192,5	
1 202	
1 177,5	
1 209	
1 191,5
PHOR	
ФосАгро ао
2 574	
79 088 673	
2 747	
2 760	
2 731	
2 762	
2 746
RASP	
Распадская
1 629	
76 798 447	
116,08	
114,82	
114,68	
117,68	
115,2
OGKB	
ОГК-2 ао
3 699	
69 946 197	
0,7542	
0,75	
0,7429	
0,762	
0,7609
MVID	
М.видео
1 421	
57 549 949	
581,5	
584,8	
576,6	
587,8	
583,4
MTLR	
Мечел ао
4 540	
57 267 200	
63,09	
62,89	
62,64	
63,64	
62,91
BANEP	
Башнефт ап
2 231	
51 210 076	
1 299	
1 295	
1 292	
1 309	
1 292
LNTA	
Лента др
4 114	
50 896 366	
206,9	
206,5	
204,4	
209	
205,4
AGRO	
AGRO-гдр
2 842	
47 635 096	
730	
731,8	
725	
737,8	
727,4
ETLN	
ETLN-гдр
2 374	
46 661 471	
119,18	
117,96	
117,96	
120,6	
120,46
AKRN	
Акрон
718	
45 804 582	
5 896	
5 880	
5 880	
5 982	
5 920
LSRG	
ЛСР ао
2 940	
45 280 128	
818	
813	
813	
824	
823
PIKK	
ПИК ао
1 729	
42 458 472	
564,5	
569	
560	
569	
566,5
MTLRP	
Мечел ап
1 970	
35 064 208	
70,2	
69,3	
68,75	
71,85	
69,95
ENRU	
ЭнелРос ао
1 895	
33 072 421	
0,9325	
0,9265	
0,925	
0,9395	
0,9385
RTKMP	
Ростел -ап
1 990	
30 395 739	
86,4	
86,35	
83,2	
87,4	
86,7
TGKA	
ТГК-1
3 551	
29 818 973	
0,011534	
0,011632	
0,011426	
0,011632	
0,0116
ISKJ	
iИСКЧ ао
2 611	
29 685 732	
26,39	
27,83	
25,7	
28,7	
26,25
LSNGP	
РСетиЛЭ-п
1 074	
20 616 340	
150,75	
150,5	
149,85	
152	
150,4
ENPG	
ЭН+ГРУП ао
582	
15 920 139	
651,5	
647	
639	
657	
650,5
MSNG	
+МосЭнерго
658	
15 445 116	
2,0485	
2,0415	
2,041	
2,065	
2,0425
NKNCP	
НКНХ ап
1 225	
12 744 876	
77,84	
78,7	
77	
78,7	
77,8
LIFE	
iФармсинтз
942	
12 370 573	
7,155	
7,21	
7,05	
7,26	
7,18
BSPB	
БСП ао
1 033	
11 298 732	
42,92	
42,52	
42,52	
43,29	
43
RAVN	
Raven
57	
10 545 310	
28,85	
30,15	
28,6	
30,15	
29,25
TRMK	
ТМК ао
485	
10 514 473	
58,62	
58,52	
58,2	
59,06	
58,34
AQUA	
РусАква ао
523	
9 583 490	
225	
225	
222,5	
226,5	
226
FESH	
ДВМП ао
722	
9 399 176	
8,14	
8,4	
8	
8,4	
8,12
MRKP	
МРСК ЦП
564	
9 103 411	
0,2182	
0,2157	
0,2157	
0,2197	
0,2191
SELG	
Селигдар
609	
8 818 505	
43,29	
43,28	
42,76	
43,49	
43,38
VSMO	
ВСМПО-АВСМ
244	
8 766 180	
17 460	
17 600	
17 360	
17 780	
17 400
SVAV	
СОЛЛЕРС
186	
8 491 470	
289,5	
288	
287,5	
290,5	
290
SFIN	
САФМАР ао
172	
7 556 234	
528,8	
529,8	
528,2	
529,8	
528,4
RNFT	
РуссНфт ао
716	
6 921 288	
403,4	
407	
399,6	
412	
402,8
CNTLP	
Телеграф-п
645	
6 292 926	
15,4	
15,04	
14,94	
15,74	
15,28
RSTIP	
Россети ап
496	
6 246 487	
2,047	
2,059	
2,038	
2,067	
2,04
KMAZ	
КАМАЗ
615	
6 062 372	
63,1	
62,7	
62,4	
64,4	
62,5
MRKV	
РсетВол ао
482	
5 744 716	
0,06995	
0,07	
0,0691	
0,07075	
0,07
OBUV	
ОР ао
902	
5 699 268	
34,8	
35,1	
34,5	
35,2	
34,7
KRKNP	
СаратНПЗ-п
130	
5 493 280	
15 520	
15 600	
15 480	
15 600	
15 500
GCHE	
ЧеркизГ-ао
495	
5 011 738	
1 884	
1 880	
1 868	
1 900	
1 870
SELGP	
Селигдар-п
320	
4 925 870	
37,7	
37,25	
37,25	
38,3	
37,8
AVAN	
Авангрд-ао
498	
4 798 485	
1 010	
990	
990	
1 060	
1 000
AMEZ	
АшинскийМЗ
591	
4 412 265	
4,655	
4,53	
4,525	
4,725	
4,665
BANE	
Башнефт ао
538	
4 383 942	
1 703	
1 694,5	
1 685	
1 718,5	
1 704,5
TGKB	
ТГК-2
190	
4 162 195	
0,0043	
0,004295	
0,004255	
0,004375	
0,00426
MSRS	
РСетиМР ао
179	
3 878 566	
1,189	
1,1845	
1,177	
1,2	
1,1815
BELU	
Белуга ао
122	
3 788 269	
1 316	
1 322	
1 310	
1 328	
1 315
UWGN	
ОВК ао
735	
3 708 751	
228,6	
227,9	
222	
237	
224,1
LNZL	
Лензолото
118	
3 566 490	
18 100	
18 200	
18 050	
18 200	
18 060
LNZLP	
Лензол. ап
257	
3 422 630	
4 345	
4 400	
4 290	
4 400	
4 335
CNTL	
Телеграф
399	
3 332 380	
17,6	
17,1	
17,1	
17,75	
17,6
MRKC	
МРСК Центр
482	
2 843 640	
0,2946	
0,2938	
0,2918	
0,297	
0,2966
NKNC	
НКНХ ао
409	
2 813 435	
90,95	
92	
90	
92,35	
91,6
KLSB	
КалужскСК
246	
2 620 939	
14,1	
13,88	
13,6	
14,29	
13,99
UNAC	
iАвиастКао
338	
2 557 896	
0,454	
0,447	
0,4455	
0,461	
0,4535
APTK	
Аптеки36и6
682	
2 547 698	
13,404	
13,44	
13,302	
13,444	
13,416
HIMCP	
Химпром ап
435	
2 537 681	
7,52	
7,65	
7,21	
7,66	
7,59
SAGO	
СамарЭн-ао
144	
2 496 540	
0,604	
0,56	
0,56	
0,638	
0,592
STSBP	
СтаврЭнСбп
572	
2 472 834	
0,4165	
0,4085	
0,4	
0,4315	
0,4105
STSB	
СтаврЭнСб
841	
2 395 521	
0,613	
0,5655	
0,5655	
0,653	
0,59
MGTSP	
МГТС-4ап
189	
2 343 296	
1 990	
1 976	
1 972	
2 018	
1 990
SAGOP	
СамарЭн-ап
250	
2 210 140	
0,473	
0,437	
0,436	
0,492	
0,464
MSTT	
Мостотрест
210	
2 161 462	
149,05	
147,1	
147	
150,5	
149,25
CHEP	
ЧТПЗ ао
232	
2 030 840	
209	
206,5	
205	
211	
210
ROLO	
Русолово
158	
1 983 404	
6,612	
6,692	
6,414	
6,738	
6,676
KUZB	
КузнецкийБ
725	
1 885 010	
0,01525	
0,01531	
0,01475	
0,0164	
0,0153
NSVZ	
НаукаСвяз
212	
1 813 540	
219	
222,5	
217	
222,5	
218,5
UNKL	
ЮУНК ао
147	
1 517 590	
6 900	
6 870	
6 800	
7 050	
6 820
VGSB	
ВолгЭнСб
161	
1 505 060	
4,145	
4,34	
4,075	
4,495	
4,145
DZRDP	
iДонскЗР п
113	
1 440 220	
1 910	
1 910	
1 850	
1 930	
1 920
ROSB	
Росбанк ао
360	
1 381 422	
84,4	
82,6	
79,8	
89,6	
81
KZOS	
ОргСинт ао
311	
1 289 137	
85,3	
85	
85	
85,5	
85,1
KRSBP	
Красэсб ап
100	
1 289 002	
7,3	
7,06	
7,06	
7,8	
7,1
ABRD	
АбрауДюрсо
176	
1 180 800	
203,5	
204,5	
201	
204,5	
202,5
IRGZ	
ИркЭнерго
89	
1 156 742	
12,18	
12,32	
12,02	
12,38	
12,22
VGSBP	
ВолгЭнСб-п
185	
1 137 540	
2,12	
2,2	
2,1	
2,2	
2,1
LSNG	
РСетиЛЭ
234	
1 067 497	
5,89	
5,88	
5,82	
5,92	
5,91
RLMN	
Роллман
277	
1 066 062	
18,05	
18,5	
17,7	
18,5	
18,15
BRZL	
БурЗолото
159	
1 038 397	
1 099	
1 101	
1 090	
1 105	
1 094
BISVP	
БашИнСв ап
155	
1 025 266	
10,21	
10,35	
10,05	
10,45	
10,2
MAGEP	
МагадЭн ап
59	
1 010 380	
6,48	
6,89	
6,4	
6,89	
6,48
NFAZ	
Нефтекамск
51	
965 134	
191,8	
189,4	
189,4	
195,8	
193,4
GEMA	
iММЦБ ао
192	
943 266	
606,5	
602,5	
602,5	
615	
606,5
RBCM	
РБК ао
304	
926 192	
3,294	
3,358	
3,24	
3,358	
3,32
MRKZ	
МРСК СЗ
168	
916 478	
0,04925	
0,04925	
0,049	
0,04985	
0,049
IRKT	
ИРКУТ-3
97	
912 030	
35,08	
35,12	
34,8	
35,46	
35,04
JNOS	
Славн-ЯНОС
23	
905 695	
18,5	
18,75	
18,25	
18,75	
18,5
NKHP	
НКХП ао
117	
859 735	
265,5	
263	
262,5	
269,5	
264,5
USBN	
УралСиб ао
70	
853 743	
0,068	
0,068	
0,0678	
0,0688	
0,0678
RUGR	
Русгрэйн
604	
824 717	
9,228	
9,224	
9,148	
9,314	
9,22
TTLK	
Таттел. ао
87	
711 340	
0,3265	
0,329	
0,3185	
0,332	
0,326
ALNU	
АЛРОСА-Нюр
12	
676 200	
56 400	
56 800	
56 000	
56 800	
56 400
PMSBP	
ПермьЭнС-п
76	
675 618	
131,6	
129,6	
129,6	
132	
131,6
TGKD	
Квадра
73	
630 042	
0,003445	
0,003425	
0,003415	
0,003485	
0,003435
CHMK	
ЧМК ао
69	
629 870	
2 705	
2 690	
2 670	
2 720	
2 715
MRSB	
МордЭнСб
68	
583 060	
0,416	
0,406	
0,405	
0,425	
0,414
ZVEZ	
ЗВЕЗДА ао
47	
572 965	
4,855	
4,875	
4,775	
4,97	
4,775
MFGS	
Мегион-ао
28	
557 380	
357,5	
351,5	
351,5	
366,5	
357
TGKN	
ТГК-14
62	
549 110	
0,00317	
0,00319	
0,00313	
0,00319	
0,00319
YAKG	
ЯТЭК ао
23	
540 825	
41,6	
41,45	
41,25	
41,9	
41,65
MRKU	
МРСК Ур
61	
511 170	
0,1464	
0,1462	
0,1454	
0,147	
0,147
RDRB	
РДБанк ао
48	
510 300	
230	
230	
225	
235	
235
UTAR	
ЮТэйр ао
97	
503 496	
6,94	
6,83	
6,83	
7,12	
6,92
MRKY	
РоссЮг ао
140	
502 153	
0,0483	
0,04825	
0,04805	
0,0486	
0,04825
RGSS	
РГС СК ао
117	
493 112	
0,1502	
0,1506	
0,149	
0,1528	
0,1498
KAZT	
Куйбазот
64	
475 090	
154,2	
154,4	
153,4	
156,8	
154
KOGK	
КоршГОК ао
10	
462 600	
46 200	
46 200	
46 200	
46 600	
46 600
VRSB	
ТНСэнВорон
41	
458 440	
79	
78,4	
78	
81,8	
81,8
DIOD	
ЗаводДИОД
142	
449 143	
6,71	
6,75	
6,66	
6,77	
6,75
TASBP	
ТамбЭнСб-п
43	
446 085	
0,312	
0,325	
0,31	
0,325	
0,31
NKSH	
Нижкамшина
30	
385 006	
22,26	
22,22	
22,14	
22,48	
22,48
URKZ	
УрКузница
9	
378 220	
16 440	
16 060	
16 060	
16 540	
16 300
RTSB	
ТНСэнРст
37	
348 800	
0,6	
0,62	
0,59	
0,625	
0,6
ALBK	
БестЭфБ ао
69	
346 380	
60	
60,5	
60	
62	
60
VLHZ	
ВХЗ-ао
66	
336 978	
54,95	
54,8	
53,6	
56	
55,1
VJGZP	
Варьеган-п
61	
325 920	
343	
346	
333	
350	
342
BLNG	
Белон ао
134	
317 332	
4,16	
4,146	
4,072	
4,22	
4,218
SARE	
СаратЭн-ао
85	
302 116	
0,1418	
0,141	
0,1404	
0,1442	
0,1414
HALS	
Галс-Девел
52	
300 738	
1 213	
1 263	
1 200	
1 270	
1 212
KZOSP	
ОргСинт ап
356	
295 941	
11,24	
11,25	
11,15	
11,25	
11,25
RKKE	
ЭнергияРКК
36	
290 450	
7 640	
7 650	
7 500	
7 790	
7 560
GAZA	
ГАЗ ао
39	
284 100	
406	
405	
401,5	
412	
403,5
DZRD	
iДонскЗР
75	
279 125	
2 145	
2 080	
2 070	
2 180	
2 150
PRMB	
Приморье
8	
277 600	
27 800	
29 000	
27 600	
29 000	
27 600
MAGE	
МагадЭн ао
22	
252 970	
5,88	
5,88	
5,8	
5,97	
5,93
RUSP	
Русполимет
63	
236 113	
0,647	
0,653	
0,643	
0,653	
0,6435
DVEC	
ДЭК ао
54	
230 378	
0,914	
0,908	
0,907	
0,922	
0,913
KCHEP	
КамчатЭ ап
9	
219 050	
0,398	
0,391	
0,391	
0,399	
0,398
VSYD	
ВыбСудЗ ао
19	
211 970	
4 000	
3 985	
3 965	
4 070	
4 025
NNSB	
ТНСэнНН ао
38	
201 845	
1 740	
1 710	
1 705	
1 805	
1 740
KCHE	
КамчатЭ ао
18	
199 390	
0,219	
0,219	
0,2175	
0,221	
0,219
PAZA	
ПавлАвт ао
17	
196 120	
8 530	
8 480	
8 460	
8 610	
8 510
NAUK	
iНПОНаука
41	
190 396	
198,4	
196,6	
196,4	
200,8	
196,8
KRSB	
Красэсб ао
41	
182 488	
7,1	
7,07	
7	
7,15	
7,14
INGR	
ИНГРАД ао
49	
181 368	
795	
801	
790	
802	
796
KRKOP	
ТКЗКК ап
93	
165 197	
8,22	
8,395	
8,155	
8,395	
8,165
YKEN	
Якутскэнрг
30	
162 835	
0,397	
0,404	
0,393	
0,404	
0,399
KRKN	
СаратНПЗ
9	
162 750	
12 500	
12 400	
12 400	
12 750	
12 750
TGKBP	
ТГК-2 ап
48	
157 881	
0,00708	
0,00707	
0,00703	
0,00715	
0,00712
MGTS	
МГТС-5ао
19	
150 625	
2 280	
2 280	
2 270	
2 285	
2 280
KGKCP	
КурганГКап
16	
149 255	
55,5	
56	
55,5	
56	
55,5
KROT	
КрасОкт-ао
22	
145 605	
383	
383	
378	
388	
382,5
VZRZP	
Возрожд-п
22	
144 654	
314,4	
314,8	
310	
319,2	
313,8
ROST	
РОСИНТЕРао
50	
138 252	
61,8	
65	
61,2	
65	
62,8
VRSBP	
ТНСэнВор-п
22	
136 150	
47	
47,5	
46,5	
47,5	
47
TUZA	
ТЗА ао
42	
134 040	
109	
112	
106	
112	
109
KBSB	
ТНСэКубань
15	
126 925	
139,5	
139	
139	
140	
139,5
ELTZ	
Электрцинк
56	
126 353	
175	
177	
171,5	
178,5	
176
NNSBP	
ТНСэнНН ап
29	
124 585	
663	
700	
652	
700	
676
VJGZ	
Варьеган
32	
116 481	
626	
641	
616	
641	
630
LVHK	
Левенгук
36	
115 648	
8,09	
8,08	
8,04	
8,18	
8,13
RTSBP	
ТНСэнРст-п
14	
111 620	
0,532	
0,52	
0,52	
0,547	
0,54
SLEN	
Сахэнер ао
39	
109 496	
6,93	
7,14	
6,86	
7,14	
6,945
KUBE	
Кубанэнр
21	
107 677	
74,3	
75	
73,5	
75	
74,9
TGKDP	
Квадра-п
50	
107 246	
0,004125	
0,00411	
0,004005	
0,00416	
0,004135
EELT	
ЕвроЭлтех
48	
106 488	
7,78	
7,86	
7,76	
7,86	
7,76
OMZZP	
ОМЗ-ап
14	
96 570	
3 575	
3 740	
3 505	
3 740	
3 620
GTRK	
ГТМ ао
84	
95 809	
42,95	
42,4	
42,4	
43,45	
43,05
KAZTP	
Куйбазот-п
18	
95 236	
148,8	
148,2	
148,2	
149	
148,6
KBTK	
КузбТК ао
23	
93 448	
150,8	
150,2	
150,2	
152,4	
150,6
PMSB	
ПермьЭнСб
35	
92 035	
133,4	
133,5	
130,5	
134,6	
132,7
UCSS	
ОКС ао
16	
81 620	
1 480	
1 450	
1 450	
1 500	
1 470
YKENP	
Якутскэн-п
10	
76 875	
0,3845	
0,3965	
0,373	
0,3965	
0,384
TORSP	
ТРК ап
10	
67 825	
0,2825	
0,2825	
0,282	
0,283	
0,282
MFGSP	
Мегион-ап
8	
66 340	
316	
316	
315	
316	
315
ARSA	
Арсагера
13	
61 040	
4,07	
3,95	
3,95	
4,1	
4,09
MGNZ	
СМЗ-ао
10	
56 040	
4 670	
4 660	
4 640	
4 700	
4 680
WTCM	
ЦМТ ао
16	
54 580	
9,1	
9,12	
9,08	
9,14	
9,12
RTGZ	
ГазпРнД ао
2	
53 400	
26 700	
26 800	
26 600	
26 800	
26 600
KGKC	
КурганГКао
20	
52 345	
57	
56,5	
56,5	
57,5	
57
KROTP	
КрасОкт-1п
15	
51 865	
273	
269	
266,5	
276,5	
276,5
MRKS	
РсетСиб ао
9	
47 185	
0,236	
0,237	
0,235	
0,237	
0,237
IGST	
Ижсталь2ао
25	
46 442	
988	
1 001	
972	
1 007	
995
SAREP	
СаратЭн-ап
20	
44 256	
0,1196	
0,1116	
0,1116	
0,1222	
0,122
KMEZ	
КМЗ
62	
43 139	
513,5	
526,5	
507,5	
526,5	
519
KTSBP	
КСБ ап
11	
43 075	
0,287	
0,286	
0,2855	
0,2925	
0,2885
ZILL	
ЗИЛ ао
11	
41 975	
2 470	
2 430	
2 430	
2 490	
2 480
VSYDP	
ВыбСудЗ ап
9	
40 060	
4 000	
4 000	
4 000	
4 020	
4 000
LPSB	
ЛЭСК ао
15	
34 660	
8,25	
8,25	
8,15	
8,3	
8,3
GAZAP	
ГАЗ ап
8	
34 335	
312	
314	
309	
314	
312,5
MISB	
ТНСэнМарЭл
9	
27 390	
12,5	
12,7	
12,4	
12,7	
12,7
CHGZ	
РН-ЗапСиб
5	
26 340	
52,6	
53	
52,2	
53,2	
52,4
ASSB	
АстрЭнСб
16	
21 783	
0,778	
0,767	
0,7665	
0,781	
0,7795
CHKZ	
ЧКПЗ ао
4	
21 780	
5 440	
5 440	
5 420	
5 500	
5 500
MRKK	
Россети СК
16	
21 183	
25,52	
25,76	
25,34	
25,78	
25,68
WTCMP	
ЦМТ ап
14	
20 616	
8,24	
8,3	
8,04	
8,3	
8,22
IGSTP	
Ижсталь ап
14	
18 919	
901	
905	
878	
905	
895
UKUZ	
ЮжКузб. ао
10	
18 344	
524	
522	
520	
528	
524
YRSBP	
ТНСэнЯр-п
11	
18 220	
87	
85,5	
85,5	
89	
88
TNSE	
ТНСэнрг ао
8	
17 885	
995	
990	
990	
1 000	
1 000
JNOSP	
Слав-ЯНОСп
6	
15 610	
14,2	
14,2	
14,06	
14,24	
14,2
RLMNP	
Роллман-п
29	
15 403	
18,56	
18,52	
18,34	
18,68	
18,48
RUSI	
ИКРУСС-ИНВ
4	
15 230	
38,1	
38,2	
38	
38,2	
38,1
YRSB	
ТНСэнЯр
4	
15 120	
168	
168	
168	
168	
168
RZSB	
РязЭнСб
6	
13 998	
9,34	
9,34	
9,28	
9,34	
9,28
TASB	
ТамбЭнСб
2	
12 255	
0,4085	
0,4085	
0,4085	
0,4085	
0,4085
KTSB	
КСБ ао
12	
8 910	
0,636	
0,642	
0,628	
0,642	
0,64
MISBP	
ТНСэМаЭл-п
3	
4 980	
12,5	
12,3	
12,3	
12,5	
12,5
KUNF	
КУЗОЦМ ао
0	
0	
-	
-	
-	
-	
-
GAZC	
ГАЗКОН-ао
0	
0	
-	
-	
-	
-	
295
GAZS	
ГАЗ-сервис
0	
0	
-	
-	
-	
-	
293
GAZT	
ГАЗ-Тек ао
0	
0	
-	
-	
-	
-	
85
GTSS	
ГЕОТЕК ао
0	
0	
-	
-	
-	
-	
-
HIMC	
Химпром ао
0	
0	
-	
-	
-	
-	
0,99
KMTZ	
КосогМЗ ао
0	
0	
-	
-	
-	
-	
-
KRKO	
ТКЗКК ао
0	
0	
-	
-	
-	
-	
11,8
KSGR	
Кокс ао
0	
0	
-	
-	
-	
-	
-
KUNF	
КУЗОЦМ ао
0	
0	
-	
-	
-	
-	
-
KZMS	
КЗМС ао
0	
0	
-	
-	
-	
-	
226
MFON	
МегаФон ао
0	
0	
-	
-	
-	
-	
650,6
MOBB	
МосОблБанк
0	
0	
-	
-	
-	
-	
0,698
MORI	
Морион ао
0	
0	
-	
-	
-	
-	
4,31
NPOF	
Физика ао
0	
0	
-	
-	
-	
-	
11 850
PRTK	
ПРОТЕК ао
0	
0	
-	
-	
-	
-	
99,6
TORS	
ТРК ао
0	
0	
-	
-	
-	
-	
0,416
TRCN	
ТрансК ао
0	
0	
-	
-	
-	
-	
8 595
TRFM	
ТрансФ ао
0	
0	
-	
-	
-	
-	
-
URKA	
Уркалий-ао
0	
0	
-	
-	
-	
-	
119,04
VZRZ	
Возрожд-ао
0	
0	
-	
-	
-	
-	
480