MSNG	
+МосЭнерго
1 879	
30 510 802	
1,89	
1,91	
1,864	
1,9255	
1,887
AGRO	
AGRO-гдр
2 631	
22 304 756	
607,4	
613,2	
600	
615,6	
607
ETLN	
ETLN-гдр
1 700	
22 306 445	
82,26	
82,1	
80,72	
83,12	
80,96
FIVE	
FIVE-гдр
7 272	
555 498 084	
2 200,5	
2 215	
2 176,5	
2 227,5	
2 216
QIWI	
iQIWI
6 691	
112 165 172	
887	
910,5	
862	
911	
878
UNAC	
iАвиастКао
310	
2 448 133	
0,466	
0,468	
0,46	
0,4785	
0,4695
DZRD	
iДонскЗР
91	
261 485	
1 910	
1 950	
1 855	
1 950	
1 890
DZRDP	
iДонскЗР п
98	
186 340	
1 550	
1 560	
1 520	
1 620	
1 540
ISKJ	
iИСКЧ ао
3 859	
36 988 761	
30,52	
32,8	
29,1	
33,08	
31,01
GEMA	
iММЦБ ао
464	
2 289 749	
656	
660,5	
650	
667	
658
NAUK	
iНПОНаука
67	
212 072	
172,4	
174	
169,6	
175,4	
173,4
LIFE	
iФармсинтз
1 881	
17 200 103	
7,92	
8,065	
7,755	
8,25	
7,89
POLY	
Polymetal
14 202	
997 241 149	
1 472,2	
1 489,8	
1 456	
1 490,9	
1 478
RAVN	
Raven
17	
96 345	
31,1	
31,1	
30,8	
31,4	
31,1
RUAL	
RUSAL plc
11 470	
208 379 854	
25,28	
25,35	
24,92	
25,795	
25,4
TCSG	
TCS-гдр
7 991	
427 974 565	
1 052,2	
1 047,8	
1 030	
1 064,2	
1 049,6
YNDX	
Yandex clA
24 094	
1 585 360 736	
2 834	
2 875	
2 785,8	
2 883	
2 821,8
ABRD	
АбрауДюрсо
79	
176 330	
130,5	
130,5	
130	
131,5	
131
AVAN	
Авангрд-ао
109	
651 030	
760	
775	
730	
805	
745
AKRN	
Акрон
1 012	
23 407 994	
5 868	
5 868	
5 822	
5 906	
5 882
ALRS	
АЛРОСА ао
23 876	
919 870 133	
61,21	
61	
60,71	
61,99	
61,09
ALNU	
АЛРОСА-Нюр
31	
1 551 600	
47 000	
47 600	
46 200	
48 000	
47 000
APTK	
Аптеки36и6
3 528	
8 848 392	
13,252	
13,254	
13,112	
13,346	
13,252
ARSA	
Арсагера
15	
68 230	
3,25	
3,26	
3,22	
3,3	
3,3
ASSB	
АстрЭнСб
113	
1 491 566	
0,631	
0,629	
0,624	
0,644	
0,63
AMEZ	
АшинскийМЗ
148	
594 782	
3,98	
4,01	
3,955	
4,045	
3,965
AFLT	
Аэрофлот
20 744	
666 991 360	
72,22	
71,9	
71,66	
72,9	
72,16
BISV	
БашИнСв ао
0	
0	
-	
-	
-	
-	
8,7
BISVP	
БашИнСв ап
30	
338 924	
7	
7,1	
6,96	
7,1	
6,99
BANE	
Башнефт ао
1 392	
32 813 227	
1 766,5	
1 765	
1 744	
1 815	
1 769
BANEP	
Башнефт ап
2 722	
93 931 620	
1 465,5	
1 460	
1 450,5	
1 485	
1 465
BLNG	
Белон ао
24	
282 764	
3,998	
4,01	
3,998	
4,02	
3,998
BELU	
Белуга ао
254	
3 402 318	
1 501	
1 525	
1 470	
1 584	
1 498
ALBK	
БестЭфБ ао
9	
32 960	
53	
53	
52,5	
54	
54
BSPB	
БСП ао
1 802	
11 328 872	
39,82	
39,9	
39,46	
40,22	
39,6
BRZL	
БурЗолото
116	
1 018 124	
829	
842	
827	
846	
836
VJGZ	
Варьеган
16	
20 970	
599	
585	
585	
604	
600
VJGZP	
Варьеган-п
39	
220 540	
334	
341	
329	
341	
334
VZRZ	
Возрожд-ао
0	
0	
-	
-	
-	
-	
480
VZRZP	
Возрожд-п
15	
48 966	
288	
285,8	
285,8	
289,4	
289,4
VGSB	
ВолгЭнСб
7	
10 270	
1,465	
1,455	
1,455	
1,5	
1,46
VGSBP	
ВолгЭнСб-п
1	
1 045	
1,045	
1,045	
1,045	
1,045	
1,045
VSMO	
ВСМПО-АВСМ
249	
7 962 660	
17 460	
17 600	
17 400	
17 600	
17 500
VTBR	
ВТБ ао
35 250	
989 305 185	
0,03421	
0,03404	
0,033915	
0,0345	
0,03431
VLHZ	
ВХЗ-ао
394	
1 668 350	
47,55	
48,65	
46,85	
49,15	
47,3
VSYD	
ВыбСудЗ ао
206	
1 193 740	
4 250	
4 340	
4 110	
4 535	
4 190
VSYDP	
ВыбСудЗ ап
41	
254 300	
4 380	
4 520	
4 280	
4 520	
4 380
GAZA	
ГАЗ ао
5	
34 250	
380,5	
383	
378,5	
383	
379
GAZAP	
ГАЗ ап
6	
19 710	
328,5	
323	
323	
336	
325,5
GAZS	
ГАЗ-сервис
0	
0	
-	
-	
-	
-	
293
GAZT	
ГАЗ-Тек ао
0	
0	
-	
-	
-	
-	
85
GAZC	
ГАЗКОН-ао
0	
0	
-	
-	
-	
-	
295
RTGZ	
ГазпРнД ао
4	
105 200	
21 050	
21 050	
20 850	
21 100	
20 850
SIBN	
Газпрнефть
14 228	
681 932 472	
318,55	
322	
315,6	
324,2	
316,65
GAZP	
ГАЗПРОМ ао
89 746	
9 040 122 803	
182,98	
183,23	
181,68	
184,85	
183,91
HALS	
Галс-Девел
22	
113 845	
725	
750	
717	
750	
718
GTSS	
ГЕОТЕК ао
0	
0	
-	
-	
-	
-	
-
GMKN	
ГМКНорНик
30 066	
5 820 236 462	
20 364	
20 698	
20 000	
20 862	
20 104
GTRK	
ГТМ ао
168	
1 086 150	
41,4	
41,45	
41,2	
41,8	
41,55
DASB	
ДагСб ао
70	
357 915	
0,0949	
0,0947	
0,0941	
0,0961	
0,0949
FESH	
ДВМП ао
295	
2 771 124	
6,37	
6,41	
6,3	
6,42	
6,36
DSKY	
ДетскийМир
17 536	
280 332 034	
84,18	
85,9	
83	
85,9	
83,7
DVEC	
ДЭК ао
171	
773 338	
0,802	
0,821	
0,784	
0,823	
0,796
EELT	
ЕвроЭлтех
103	
439 457	
8,08	
8,18	
8	
8,18	
8,1
DIOD	
ЗаводДИОД
240	
1 515 108	
5,94	
5,96	
5,86	
5,99	
5,87
ZVEZ	
ЗВЕЗДА ао
256	
2 415 385	
4,6	
4,475	
4,44	
4,87	
4,475
ZILL	
ЗИЛ ао
25	
272 765	
1 325	
1 360	
1 320	
1 360	
1 355
IGSTP	
Ижсталь ап
24	
43 429	
700	
703	
686	
707	
691
IGST	
Ижсталь2ао
11	
69 626	
860	
859	
859	
884	
860
RUSI	
ИКРУСС-ИНВ
20	
165 200	
37,5	
38	
37,2	
39,9	
38,5
INGR	
ИНГРАД ао
163	
545 285	
751	
750	
735	
759	
752
IRAO	
ИнтерРАОао
23 828	
1 588 341 254	
4,631	
4,6995	
4,5735	
4,71	
4,656
IRKT	
ИРКУТ-3
318	
4 818 048	
31	
30,18	
29,84	
31,9	
30,4
IRGZ	
ИркЭнерго
370	
3 774 122	
12,66	
13	
12,3	
13,14	
12,52
KLSB	
КалужскСК
74	
277 809	
11,29	
11,2	
11,2	
11,41	
11,23
KMAZ	
КАМАЗ
296	
1 726 720	
54	
54	
53,1	
54,9	
54,2
KCHE	
КамчатЭ ао
0	
0	
-	
-	
-	
-	
0,1815
KCHEP	
КамчатЭ ап
0	
0	
-	
-	
-	
-	
0,346
TGKD	
Квадра
101	
856 543	
0,00318	
0,003105	
0,0031	
0,0032	
0,00319
TGKDP	
Квадра-п
39	
59 179	
0,004255	
0,004305	
0,004205	
0,004305	
0,004265
KZMS	
КЗМС ао
0	
0	
-	
-	
-	
-	
226
KMEZ	
КМЗ
167	
357 356	
443,5	
446	
439	
456	
439
KSGR	
Кокс ао
0	
0	
-	
-	
-	
-	
-
KOGK	
КоршГОК ао
2	
91 000	
45 600	
45 600	
45 400	
45 600	
45 400
KMTZ	
КосогМЗ ао
0	
0	
-	
-	
-	
-	
-
KROTP	
КрасОкт-1п
137	
677 375	
255,5	
253,5	
244,5	
265	
258,5
KROT	
КрасОкт-ао
412	
3 354 455	
368	
343,5	
334	
390	
354
KRSB	
Красэсб ао
53	
699 910	
6,48	
6,52	
6,3	
6,6	
6,38
KRSBP	
Красэсб ап
74	
1 699 740	
6,44	
6,54	
6,3	
6,74	
6,32
KTSB	
КСБ ао
165	
274 762	
0,558	
0,582	
0,536	
0,6	
0,55
KTSBP	
КСБ ап
13	
57 095	
0,2595	
0,265	
0,256	
0,267	
0,265
KUBE	
Кубанэнр
54	
186 045	
62,6	
63,2	
61,5	
64	
62,1
KBTK	
КузбТК ао
38	
215 736	
155,2	
155,2	
154,2	
157,4	
154,4
KUZB	
КузнецкийБ
216	
205 416	
0,0163	
0,0165	
0,0158	
0,01675	
0,01619
KUNF	
КУЗОЦМ ао
0	
0	
-	
-	
-	
-	
-
KAZT	
Куйбазот
73	
353 154	
137	
135,2	
135,2	
138,4	
137
KAZTP	
Куйбазот-п
78	
561 922	
136,8	
136,4	
135	
140	
137
KGKC	
КурганГКао
9	
53 240	
52	
52	
51	
52	
52
KGKCP	
КурганГКап
2	
1 620	
54	
54	
54	
54	
54
LVHK	
Левенгук
26	
182 347	
8,14	
8,01	
8,01	
8,22	
8,18
LNZLP	
Лензол. ап
142	
1 891 110	
3 645	
3 750	
3 580	
3 750	
3 695
LNZL	
Лензолото
221	
5 095 850	
8 560	
8 600	
8 400	
8 660	
8 650
LNTA	
Лента др
3 624	
23 450 801	
150,5	
152	
149,1	
152,5	
150
LSRG	
ЛСР ао
10 135	
114 915 977	
571	
574,4	
564,2	
585	
565,8
LKOH	
ЛУКОЙЛ
44 850	
7 118 757 926	
4 829	
4 800	
4 773	
4 870	
4 870
LPSB	
ЛЭСК ао
8	
12 395	
7,75	
7,7	
7,65	
7,85	
7,8
MVID	
М.видео
1 116	
35 983 601	
352,8	
352,8	
346	
361,6	
351,7
MAGE	
МагадЭн ао
33	
359 390	
4,97	
5,06	
4,83	
5,14	
4,9
MAGEP	
МагадЭн ап
6	
55 825	
6,205	
6,12	
6,12	
6,265	
6,135
MGNT	
Магнит ао
27 648	
2 224 378 174	
3 577	
3 606	
3 507	
3 634,5	
3 508
MGTSP	
МГТС-4ап
389	
5 730 286	
2 472	
2 496	
2 450	
2 496	
2 474
MGTS	
МГТС-5ао
43	
207 350	
2 730	
2 710	
2 685	
2 810	
2 780
MFON	
МегаФон ао
0	
0	
-	
-	
-	
-	
650,6
MFGS	
Мегион-ао
5	
20 645	
344	
344	
343,5	
344,5	
343,5
MFGSP	
Мегион-ап
2	
16 040	
321	
320	
320	
321	
321
MTLR	
Мечел ао
15 768	
140 351 393	
60,92	
61,25	
60,1	
61,61	
60,88
MTLRP	
Мечел ап
1 697	
49 982 781	
71	
71,8	
70	
71,9	
71,3
CBOM	
МКБ ао
18 683	
338 841 809	
5,325	
5,336	
5,278	
5,382	
5,278
MAGN	
ММК
8 786	
430 714 943	
37,005	
37,17	
36,715	
37,33	
37,12
MRSB	
МордЭнСб
9	
114 000	
0,356	
0,345	
0,345	
0,357	
0,357
MORI	
Морион ао
0	
0	
-	
-	
-	
-	
4,31
MOEX	
МосБиржа
90 513	
4 068 902 655	
117,74	
120,1	
114,62	
120,29	
116,46
MOBB	
МосОблБанк
91	
304 615	
2,422	
2,448	
2,4	
2,476	
2,404
MSTT	
Мостотрест
409	
5 108 789	
158,55	
160,65	
157,55	
161,95	
158,65
MRKZ	
МРСК СЗ
202	
747 085	
0,0484	
0,049	
0,0479	
0,04935	
0,04825
MRKU	
МРСК Ур
59	
580 484	
0,1512	
0,1504	
0,15	
0,1526	
0,1516
MRKC	
МРСК Центр
646	
7 554 402	
0,236	
0,2376	
0,2346	
0,24	
0,2368
MRKP	
МРСК ЦП
766	
15 011 333	
0,1696	
0,1712	
0,1676	
0,1714	
0,17
MRKV	
МРСКВол
1 327	
10 290 804	
0,0628	
0,0635	
0,06175	
0,0642	
0,0624
MRKS	
МРСКСиб
71	
1 638 355	
0,208	
0,212	
0,181	
0,2155	
0,2145
MTSS	
МТС-ао
18 800	
1 706 266 190	
317,2	
317,4	
315,05	
320,7	
315,15
NSVZ	
НаукаСвяз
58	
169 920	
218	
223	
211	
223	
218
NFAZ	
Нефтекамск
28	
85 130	
149,4	
153,8	
148	
153,8	
150,8
NKSH	
Нижкамшина
40	
208 542	
22,42	
22,44	
22,3	
22,82	
22,36
NKNC	
НКНХ ао
351	
2 213 484	
90,4	
92	
90	
92,35	
90,45
NKNCP	
НКНХ ап
2 140	
20 489 355	
74,96	
75,02	
74,12	
75,88	
74,62
NKHP	
НКХП ао
28	
118 105	
231,5	
232,5	
230	
233	
232
NLMK	
НЛМК ао
20 054	
860 210 467	
117,42	
118,1	
116,02	
118,92	
117,28
NMTP	
НМТП ао
1 213	
15 644 735	
8,65	
8,7	
8,605	
8,72	
8,645
NVTK	
Новатэк ао
14 839	
1 315 419 101	
1 001,2	
1 000	
991,2	
1 010,2	
1 003
UWGN	
ОВК ао
124	
425 995	
246	
249	
243,9	
249	
244,2
OGKB	
ОГК-2 ао
8 413	
161 128 149	
0,6257	
0,615	
0,611	
0,637	
0,6291
UCSS	
ОКС ао
6	
27 290	
1 440	
1 430	
1 430	
1 440	
1 430
OMZZP	
ОМЗ-ап
111	
1 502 460	
3 440	
3 480	
3 320	
3 510	
3 380
OBUV	
ОР ао
2 015	
10 854 755	
30,1	
29,9	
29,85	
30,45	
30
KZOS	
ОргСинт ао
237	
1 630 668	
89,1	
89	
88,6	
89,4	
89,1
KZOSP	
ОргСинт ап
380	
409 371	
12,1	
12,19	
12	
12,24	
12,13
PAZA	
ПавлАвт ао
40	
396 590	
7 930	
8 090	
7 640	
8 100	
7 940
PMSBP	
ПермьЭнС-п
149	
857 050	
132,8	
131,8	
131,8	
133,4	
132,4
PMSB	
ПермьЭнСб
141	
728 263	
133,4	
130	
130	
134,7	
132,3
PIKK	
ПИК ао
2 276	
29 134 962	
368,8	
375,8	
367,5	
375,8	
368
PLZL	
Полюс
14 831	
1 765 565 233	
12 298,5	
12 381	
12 100	
12 490	
12 350
PRMB	
Приморье
47	
1 021 600	
18 600	
18 000	
17 800	
19 600	
17 800
PRTK	
ПРОТЕК ао
101	
355 645	
98,2	
97,7	
97,6	
98,8	
98,2
RASP	
Распадская
1 882	
53 481 125	
105,86	
105,7	
105,04	
106,84	
105,98
RBCM	
РБК ао
705	
1 768 809	
3,276	
3,3	
3,218	
3,338	
3,268
RGSS	
РГС СК ао
302	
975 707	
0,1486	
0,1508	
0,147	
0,1508	
0,1486
RDRB	
РДБанк ао
7	
32 000	
245	
250	
245	
250	
245
CHGZ	
РН-ЗапСиб
2	
6 480	
32,4	
32,6	
32,2	
32,6	
32,2
RLMN	
Роллман
281	
803 634	
20,3	
21,05	
19,85	
21,25	
19,95
RLMNP	
Роллман-п
53	
34 410	
20,36	
20,62	
20,2	
20,62	
20,24
ROSB	
Росбанк ао
11	
26 324	
71,2	
71,8	
70,2	
72	
70,6
ROST	
РОСИНТЕРао
164	
1 201 718	
60	
59,2	
58,4	
62,8	
59,6
ROSN	
Роснефть
24 635	
3 098 949 720	
347,05	
346	
344,55	
349,95	
347,15
RSTI	
Россети ао
6 482	
225 148 653	
1,3044	
1,295	
1,291	
1,3218	
1,3002
RSTIP	
Россети ап
1 411	
25 130 647	
1,934	
1,96	
1,895	
1,96	
1,93
MRKK	
Россети СК
70	
129 676	
26,1	
26,18	
25,88	
26,28	
26,12
MRKY	
РоссЮг ао
122	
204 076	
0,05	
0,04985	
0,0497	
0,0504	
0,04975
RTKM	
Ростел -ао
7 400	
208 169 515	
80,61	
79,75	
79,73	
82	
81,95
RTKMP	
Ростел -ап
2 353	
57 174 093	
70,05	
71,35	
68,95	
71,35	
70,65
LSNG	
РСетиЛЭ
0	
0	
-	
-	
-	
-	
5,66
LSNGP	
РСетиЛЭ-п
0	
0	
-	
-	
-	
-	
119,95
MSRS	
РСетиМР ао
244	
3 411 896	
1,021	
1,02	
1,012	
1,0365	
1,025
AQUA	
РусАква ао
226	
1 683 095	
190,5	
192	
189	
193	
190,5
HYDR	
РусГидро
15 839	
677 846 474	
0,6429	
0,6448	
0,6279	
0,6555	
0,6313
RUGR	
Русгрэйн
996	
847 866	
7,464	
7,544	
7,308	
7,61	
7,426
ROLO	
Русолово
77	
885 460	
3,674	
3,742	
3,53	
3,76	
3,68
RUSP	
Русполимет
45	
521 195	
0,628	
0,635	
0,6225	
0,636	
0,6345
RNFT	
РуссНфт ао
1 471	
5 003 434	
416	
426	
413	
428,4	
415
RZSB	
РязЭнСб
32	
336 480	
7,84	
7,9	
7,74	
7,9	
7,82
SAGO	
СамарЭн-ао
35	
646 980	
0,39	
0,4	
0,37	
0,402	
0,39
SAGOP	
СамарЭн-ап
12	
73 330	
0,386	
0,384	
0,378	
0,404	
0,384
KRKN	
СаратНПЗ
14	
169 600	
12 100	
11 900	
11 850	
12 350	
12 200
KRKNP	
СаратНПЗ-п
309	
14 080 160	
16 560	
16 700	
16 500	
16 700	
16 600
SARE	
СаратЭн-ао
9	
18 074	
0,1206	
0,1202	
0,1176	
0,125	
0,1176
SAREP	
СаратЭн-ап
48	
104 144	
0,0876	
0,0896	
0,086	
0,0896	
0,0876
SFIN	
САФМАР ао
668	
7 041 518	
458,8	
465,2	
443,2	
465,2	
446,2
SLEN	
Сахэнер ао
18	
22 163	
4,03	
4,12	
4,015	
4,12	
4,025
SBER	
Сбербанк
114 780	
14 231 605 183	
185,59	
186,5	
183,5	
188,2	
183,81
SBERP	
Сбербанк-п
42 033	
1 766 379 153	
173,57	
174	
172	
175,42	
172,63
CHMF	
СевСт-ао
38 708	
1 299 569 841	
828,2	
837,8	
818,4	
841	
823,4
SELG	
Селигдар
598	
8 570 252	
23,97	
24,39	
23,22	
24,39	
24,24
SELGP	
Селигдар-п
256	
3 115 975	
28,15	
27,95	
27,65	
28,6	
28,2
SZPR	
СЗПароход
111	
253 812	
760	
770	
744	
780	
750
AFKS	
Система ао
11 446	
405 004 344	
13,897	
14,05	
13,74	
14,107	
13,8
JNOSP	
Слав-ЯНОСп
12	
34 452	
13,78	
13,86	
13,74	
13,86	
13,74
JNOS	
Славн-ЯНОС
15	
106 965	
18,15	
18,05	
17,85	
18,95	
18,15
MGNZ	
СМЗ-ао
6	
40 860	
4 090	
4 130	
4 050	
4 130	
4 050
SVAV	
СОЛЛЕРС
233	
4 258 420	
257,5	
257	
254	
263	
260
STSB	
СтаврЭнСб
52	
217 123	
0,3445	
0,351	
0,3395	
0,3575	
0,353
STSBP	
СтаврЭнСбп
18	
21 266	
0,2875	
0,2895	
0,286	
0,2895	
0,2875
SNGS	
Сургнфгз
36 494	
4 234 954 451	
37,695	
36,025	
35,865	
39,345	
39,28
SNGSP	
Сургнфгз-п
14 605	
1 290 353 449	
36,015	
35,565	
35,385	
36,685	
36,33
TASB	
ТамбЭнСб
19	
65 165	
0,2835	
0,283	
0,2805	
0,285	
0,284
TASBP	
ТамбЭнСб-п
12	
71 470	
0,2165	
0,2165	
0,2155	
0,2195	
0,216
TATN	
Татнфт 3ао
36 393	
2 622 591 472	
515,4	
516,7	
508,2	
524,5	
522,6
TATNP	
Татнфт 3ап
10 795	
431 586 068	
493,7	
495	
487,9	
503	
495,6
TTLK	
Таттел. ао
978	
9 700 140	
0,294	
0,309	
0,2895	
0,309	
0,292
TGKA	
ТГК-1
13 454	
95 467 039	
0,011286	
0,01122	
0,011174	
0,011412	
0,011202
TGKN	
ТГК-14
110	
1 913 150	
0,00325	
0,00327	
0,00321	
0,0033	
0,00324
TGKB	
ТГК-2
506	
7 287 105	
0,004335	
0,004375	
0,004265	
0,00445	
0,00434
TGKBP	
ТГК-2 ап
96	
1 151 920	
0,00686	
0,00695	
0,00673	
0,00718	
0,00716
CNTL	
Телеграф
73	
483 330	
22,05	
22,35	
21,7	
22,55	
21,8
CNTLP	
Телеграф-п
176	
1 634 058	
18,38	
18,32	
18,22	
18,6	
18,32
TUZA	
ТЗА ао
1 113	
8 786 990	
106	
104	
93	
119	
96
KRKO	
ТКЗКК ао
0	
0	
-	
-	
-	
-	
11,8
KRKOP	
ТКЗКК ап
41	
136 661	
5,815	
5,84	
5,81	
5,875	
5,81
TRMK	
ТМК ао
2 346	
125 199 323	
56,96	
56,82	
56,64	
57,28	
57
KBSB	
ТНСэКубань
5	
10 555	
132	
132	
131,5	
132	
131,5
MISBP	
ТНСэМаЭл-п
8	
17 500	
9,8	
9,8	
9,6	
10	
9,6
VRSBP	
ТНСэнВор-п
56	
411 200	
33	
33	
32	
34	
33
VRSB	
ТНСэнВорон
18	
144 480	
48,2	
50,2	
47,2	
50,2	
48
MISB	
ТНСэнМарЭл
10	
37 130	
10,9	
11,2	
10,8	
11,2	
10,9
NNSB	
ТНСэнНН ао
14	
49 305	
1 300	
1 300	
1 260	
1 330	
1 260
NNSBP	
ТНСэнНН ап
3	
37 775	
532	
532	
532	
535	
535
TNSE	
ТНСэнрг ао
0	
0	
-	
-	
-	
-	
970
RTSB	
ТНСэнРст
4	
25 600	
0,365	
0,365	
0,365	
0,37	
0,37
RTSBP	
ТНСэнРст-п
26	
385 950	
0,288	
0,296	
0,281	
0,297	
0,297
YRSB	
ТНСэнЯр
20	
55 520	
154	
154	
152	
158	
158
YRSBP	
ТНСэнЯр-п
12	
33 680	
80	
79	
79	
80,5	
80,5
TRCN	
ТрансК ао
30	
364 795	
8 290	
8 245	
8 245	
8 400	
8 300
TRNFP	
Транснф ап
4 210	
842 489 350	
128 400	
128 500	
125 350	
130 800	
129 550
TRFM	
ТрансФ ао
0	
0	
-	
-	
-	
-	
-
TORS	
ТРК ао
14	
60 630	
0,352	
0,358	
0,356	
0,358	
0,356
TORSP	
ТРК ап
1	
2 695	
0,2695	
0,2695	
0,2695	
0,2695	
0,2695
USBN	
УралСиб ао
139	
1 957 907	
0,0685	
0,0691	
0,0671	
0,0698	
0,0691
URKA	
Уркалий-ао
0	
0	
-	
-	
-	
-	
119,04
URKZ	
УрКузница
5	
50 640	
10 120	
10 140	
10 080	
10 200	
10 080
NPOF	
Физика ао
0	
0	
-	
-	
-	
-	
11 850
PHOR	
ФосАгро ао
4 811	
321 712 346	
2 747	
2 777	
2 718	
2 784	
2 733
FEES	
ФСК ЕЭС ао
11 754	
451 096 186	
0,18712	
0,18682	
0,1854	
0,1896	
0,18694
HIMC	
Химпром ао
0	
0	
-	
-	
-	
-	
0,99
HIMCP	
Химпром ап
53	
219 847	
5,89	
5,93	
5,85	
5,99	
5,86
WTCM	
ЦМТ ао
111	
511 594	
8,9	
8,98	
8,52	
9,22	
8,94
WTCMP	
ЦМТ ап
120	
925 454	
8,1	
8,32	
8,02	
8,34	
8,14
GCHE	
ЧеркизГ-ао
520	
3 317 594	
1 674	
1 683,5	
1 667	
1 690	
1 669
CHKZ	
ЧКПЗ ао
48	
423 100	
5 220	
5 260	
5 040	
5 400	
5 100
CHMK	
ЧМК ао
279	
2 348 865	
2 210	
2 090	
2 090	
2 255	
2 195
CHEP	
ЧТПЗ ао
61	
363 485	
197,5	
200	
196	
200	
196,5
ELTZ	
Электрцинк
110	
235 545	
175	
172,5	
172	
179,5	
173
ENPG	
ЭН+ГРУП ао
145	
8 644 419	
609,5	
610,5	
604,5	
616,5	
607
ENRU	
ЭнелРос ао
2 350	
29 144 041	
0,905	
0,9055	
0,897	
0,915	
0,9035
RKKE	
ЭнергияРКК
7	
43 940	
4 880	
4 890	
4 880	
4 890	
4 880
UKUZ	
ЮжКузб. ао
10	
8 730	
514	
512	
510	
516	
514
UPRO	
Юнипро ао
5 850	
216 846 653	
2,65	
2,66	
2,622	
2,677	
2,641
UTAR	
ЮТэйр ао
39	
203 085	
6,31	
6,32	
6,25	
6,34	
6,3
UNKL	
ЮУНК ао
22	
264 120	
3 340	
3 390	
3 290	
3 400	
3 320
YKENP	
Якутскэн-п
94	
1 263 860	
0,321	
0,3365	
0,3045	
0,35	
0,3205
YKEN	
Якутскэнрг
22	
233 735	
0,3435	
0,34	
0,334	
0,3495	
0,3475
YAKG	
ЯТЭК ао
261	
4 770 670	
43,4	
42,05	
42,05	
45,4	
42,75