SBER	
Сбербанк
58 944	
10 611 904 576	
239,61	
242	
238,47	
242,22	
239,5
YNDX	
Yandex clA
85 334	
9 689 458 279	
4 412,8	
4 406,6	
4 370,4	
4 459,8	
4 389,8
GAZP	
ГАЗПРОМ ао
52 169	
5 727 877 658	
192,23	
194,27	
190,71	
194,27	
193
LKOH	
ЛУКОЙЛ
19 521	
3 779 638 267	
5 271,5	
5 323	
5 234,5	
5 324	
5 282
GMKN	
ГМКНорНик
17 260	
3 607 743 760	
20 748	
20 864	
20 610	
20 930	
20 800
PLZL	
Полюс
16 994	
2 692 383 979	
17 367,5	
17 310,5	
17 183,5	
17 563	
17 563
MGNT	
Магнит ао
22 741	
2 663 938 254	
4 746,5	
4 744	
4 676	
4 784	
4 750
ROSN	
Роснефть
19 832	
2 352 819 136	
386,45	
387,5	
382,65	
390	
388
NVTK	
Новатэк ао
30 350	
2 313 203 914	
1 170,6	
1 172,2	
1 158,4	
1 181,6	
1 174,8
ALRS	
АЛРОСА ао
43 483	
2 254 360 693	
68,04	
69,5	
67,5	
69,81	
67,8
TATN	
Татнфт 3ао
20 681	
1 848 828 374	
606,8	
609,5	
600	
612	
608,8
MTSS	
МТС-ао
15 839	
1 733 735 465	
339,2	
339,15	
335,8	
342,1	
339,85
SBERP	
Сбербанк-п
23 634	
1 705 949 651	
218,56	
220,25	
217,22	
220,5	
219,02
MOEX	
МосБиржа
23 549	
1 559 091 603	
144,36	
146,06	
142,66	
146,7	
143,5
SNGS	
Сургнфгз
12 780	
1 363 182 994	
38,445	
38,88	
38,06	
38,93	
38,5
VTBR	
ВТБ ао
22 747	
943 049 562	
0,037595	
0,03778	
0,037275	
0,037845	
0,0378
AFKS	
Система ао
16 955	
914 887 157	
21,579	
21,578	
21,145	
21,849	
21,747
TRNFP	
Транснф ап
3 618	
849 035 850	
144 900	
146 250	
143 050	
147 650	
145 500
POLY	
Polymetal
11 479	
801 761 741	
1 899,1	
1 905	
1 880	
1 910	
1 903,3
CHMF	
СевСт-ао
12 776	
769 258 691	
966,4	
972,8	
956,2	
974	
970
NLMK	
НЛМК ао
10 589	
767 295 085	
159,82	
160,26	
158,92	
160,48	
160,28
SNGSP	
Сургнфгз-п
12 127	
715 463 403	
37,945	
38,225	
37,65	
38,295	
37,845
MAGN	
ММК
8 152	
714 210 123	
39,87	
40,21	
39,6	
40,21	
39,88
MAIL	
MAIL-гдр
15 110	
711 423 072	
2 064,8	
2 015	
2 015	
2 085	
2 079,8
AFLT	
Аэрофлот
15 235	
703 137 250	
86,02	
86,12	
85,14	
86,9	
85,86
SIBN	
Газпрнефть
9 011	
661 034 319	
328,8	
332,1	
326,55	
333,15	
329,7
IRAO	
ИнтерРАОао
10 274	
630 201 551	
5,652	
5,664	
5,6085	
5,7055	
5,7055
FIVE	
FIVE-гдр
8 935	
548 346 960	
2 832,5	
2 875	
2 806	
2 887	
2 821
TCSG	
TCS-гдр
21 246	
544 976 005	
1 720,2	
1 751,4	
1 690,8	
1 762,2	
1 709
RTKM	
Ростел -ао
10 316	
449 350 040	
98,44	
98,07	
97,47	
99,58	
98,5
POGR	
Petropavl
8 466	
415 635 323	
30,99	
31,11	
30,375	
31,31	
31
RUAL	
РУСАЛ ао
13 070	
397 923 838	
30,61	
30,98	
30,35	
31,03	
30,6
HYDR	
РусГидро
8 520	
332 419 231	
0,751	
0,7491	
0,7475	
0,7542	
0,7515
AGRO	
AGRO-гдр
12 895	
286 592 908	
749	
720	
720	
769	
747,2
CBOM	
МКБ ао
6 864	
283 986 102	
5,914	
5,969	
5,88	
5,969	
5,929
DSKY	
ДетскийМир
9 316	
251 158 463	
121,46	
121,8	
118,92	
123,58	
120,18
RSTI	
Россети ао
4 522	
251 058 171	
1,5969	
1,605	
1,5767	
1,623	
1,5915
FEES	
ФСК ЕЭС ао
6 399	
245 576 468	
0,2032	
0,2021	
0,20158	
0,2045	
0,2028
UPRO	
Юнипро ао
5 526	
237 030 718	
2,75	
2,756	
2,733	
2,757	
2,755
TATNP	
Татнфт 3ап
5 520	
211 008 529	
579,6	
581,9	
573,7	
584,4	
582,5
LNTA	
Лента др
7 518	
161 575 766	
211,9	
212,1	
208,2	
215	
209,9
BANEP	
Башнефт ап
4 357	
155 319 699	
1 369	
1 366	
1 362	
1 377	
1 365
PHOR	
ФосАгро ао
2 471	
119 438 986	
2 796	
2 816	
2 770	
2 819	
2 800
MVID	
М.видео
4 778	
118 933 877	
468,6	
471,9	
460,1	
481,1	
467,4
RTKMP	
Ростел -ап
4 694	
101 324 629	
93,2	
93,15	
92,15	
94	
94
VRSB	
ТНСэнВорон
4 602	
84 726 080	
113	
93,6	
88,2	
127	
96,6
RASP	
Распадская
1 322	
73 563 596	
115,38	
116	
114,42	
117,34	
114,7
OGKB	
ОГК-2 ао
3 027	
58 026 422	
0,771	
0,762	
0,76	
0,776	
0,7725
TRMK	
ТМК ао
369	
54 987 496	
58,7	
58,8	
58,44	
59	
58,7
BANE	
Башнефт ао
2 236	
53 890 960	
1 774,5	
1 757	
1 752	
1 796	
1 769
BSPB	
БСП ао
3 228	
51 805 649	
44,26	
44,62	
43,8	
45,28	
44
LSRG	
ЛСР ао
2 703	
43 577 775	
790,4	
787	
783,4	
794,6	
791,8
MTLR	
Мечел ао
2 850	
40 745 012	
66,59	
66,83	
66,21	
67,12	
66,53
NSVZ	
НаукаСвяз
3 864	
37 880 400	
290	
262,5	
252,5	
315	
268,5
QIWI	
iQIWI
1 614	
37 062 528	
1 459,5	
1 461,5	
1 449	
1 472	
1 449
NMTP	
НМТП ао
3 147	
34 233 475	
9,185	
9,22	
9,135	
9,25	
9,16
ROLO	
Русолово
2 106	
32 291 346	
7,666	
7,424	
7,424	
7,894	
7,52
MSNG	
+МосЭнерго
681	
31 933 517	
2,144	
2,143	
2,14	
2,15	
2,145
SELG	
Селигдар
1 448	
31 532 207	
47,97	
47,52	
47	
49,38	
47,26
PIKK	
ПИК ао
1 850	
30 973 140	
496,8	
494,2	
493,8	
499,4	
497,5
OBUV	
ОР ао
2 347	
28 874 658	
35,65	
36,5	
35,25	
36,8	
35,65
TGKA	
ТГК-1
2 001	
28 402 211	
0,012138	
0,012166	
0,01209	
0,01225	
0,012122
ENRU	
ЭнелРос ао
1 748	
24 564 783	
0,946	
0,9545	
0,9415	
0,9555	
0,9435
VRSBP	
ТНСэнВор-п
1 440	
21 267 500	
58,5	
58	
50,5	
63,5	
51,5
LNZL	
Лензолото
561	
18 773 730	
17 910	
17 680	
17 570	
18 200	
17 790
MTLRP	
Мечел ап
940	
18 615 569	
80,75	
80,9	
80,5	
81,15	
80,75
LIFE	
iФармсинтз
1 305	
17 191 616	
7,77	
7,94	
7,67	
7,94	
7,73
ETLN	
ETLN-гдр
1 653	
17 150 633	
111,02	
111,68	
110,56	
111,68	
111,2
LSNGP	
РСетиЛЭ-п
707	
16 663 251	
155,35	
156,1	
155,15	
156,2	
155,15
AKRN	
Акрон
634	
15 519 462	
5 840	
5 890	
5 736	
5 896	
5 860
NKHP	
НКХП ао
1 823	
14 137 850	
261	
238	
235,5	
280,5	
266
NKNCP	
НКНХ ап
1 291	
13 924 660	
82,46	
82,72	
81,54	
83,48	
82,7
TGKB	
ТГК-2
708	
13 343 955	
0,004685	
0,00463	
0,0046	
0,00475	
0,00469
MRKP	
МРСК ЦП
790	
11 556 183	
0,2167	
0,2169	
0,2154	
0,2179	
0,216
CNTLP	
Телеграф-п
824	
11 350 562	
17,18	
17,26	
17	
17,3	
17,26
CNTL	
Телеграф
556	
11 105 495	
19,3	
19,4	
19,15	
19,6	
19,4
RSTIP	
Россети ап
691	
10 805 284	
2,145	
2,149	
2,125	
2,169	
2,125
AQUA	
РусАква ао
625	
9 346 325	
219	
220,5	
217,5	
220,5	
219,5
SFIN	
САФМАР ао
61	
9 016 048	
525,4	
525	
524,2	
525,8	
525,8
ABRD	
АбрауДюрсо
785	
8 695 625	
228	
235,5	
222	
236,5	
229,5
VSMO	
ВСМПО-АВСМ
239	
8 444 740	
18 000	
18 140	
17 940	
18 180	
17 960
PRMB	
Приморье
214	
6 878 000	
27 600	
23 600	
23 600	
30 600	
25 600
STSBP	
СтаврЭнСбп
1 038	
6 479 488	
0,529	
0,52	
0,5055	
0,549	
0,531
KLSB	
КалужскСК
979	
6 415 451	
13,07	
12,6	
12,6	
13,41	
13,01
KGKC	
КурганГКао
1 651	
6 340 380	
67,5	
56,5	
56,5	
75	
60
CHGZ	
РН-ЗапСиб
157	
6 294 480	
57,4	
55,6	
53,4	
59	
55,2
KMAZ	
КАМАЗ
866	
5 913 216	
65,3	
64,8	
64,2	
66,8	
65,2
RKKE	
ЭнергияРКК
467	
5 606 570	
8 440	
8 320	
8 010	
8 890	
8 360
KGKCP	
КурганГКап
984	
5 494 080	
62,5	
57	
57	
68,5	
58,5
SVAV	
СОЛЛЕРС
210	
5 272 225	
283	
281,5	
279,5	
285,5	
280
ENPG	
ЭН+ГРУП ао
376	
4 803 998	
669	
674,5	
666	
676,5	
670
VGSB	
ВолгЭнСб
397	
4 532 980	
5,58	
6	
5,395	
6,15	
5,66
UNKL	
ЮУНК ао
90	
4 461 800	
8 360	
8 310	
8 280	
8 400	
8 290
GCHE	
ЧеркизГ-ао
497	
4 154 819	
1 798	
1 801	
1 790	
1 808	
1 801,5
MSRS	
РСетиМР ао
281	
4 127 672	
1,199	
1,191	
1,1885	
1,209	
1,1985
RTGZ	
ГазпРнД ао
27	
4 027 900	
28 550	
28 650	
28 000	
29 100	
28 450
APTK	
Аптеки36и6
1 129	
3 808 238	
13,45	
13,64	
13,4	
13,64	
13,436
CHKZ	
ЧКПЗ ао
373	
3 534 340	
6 020	
5 780	
5 560	
6 900	
5 900
MRKC	
МРСК Центр
301	
3 513 755	
0,3	
0,3	
0,299	
0,3016	
0,2992
MGNZ	
СМЗ-ао
337	
3 472 480	
4 950	
4 630	
4 630	
5 350	
5 060
KZOS	
ОргСинт ао
267	
3 437 173	
87,6	
87,9	
87,3	
87,9	
87,6
FESH	
ДВМП ао
285	
3 412 842	
7,59	
7,59	
7,52	
7,68	
7,62
YKEN	
Якутскэнрг
225	
3 199 165	
0,446	
0,46	
0,435	
0,471	
0,442
BRZL	
БурЗолото
446	
2 979 885	
1 098	
1 115	
1 075	
1 115	
1 096
NKNC	
НКНХ ао
348	
2 923 707	
94,3	
94,5	
93,65	
94,5	
94,4
CHEP	
ЧТПЗ ао
270	
2 888 035	
212	
213	
209	
216	
214
KRKNP	
СаратНПЗ-п
109	
2 857 840	
15 960	
15 960	
15 940	
16 000	
15 980
SELGP	
Селигдар-п
171	
2 821 540	
29,05	
29	
28,75	
29,5	
29,2
ROSB	
Росбанк ао
669	
2 694 032	
82	
80	
78,2	
86	
80
TUZA	
ТЗА ао
234	
2 673 110	
103	
100	
100	
109	
105
DIOD	
ЗаводДИОД
242	
2 515 635	
7,88	
7,7	
7,7	
8,04	
7,86
MGTSP	
МГТС-4ап
203	
2 496 256	
2 062	
2 070	
2 052	
2 086	
2 062
PMSBP	
ПермьЭнС-п
291	
2 447 704	
138,2	
138	
135,6	
141,4	
136
RNFT	
РуссНфт ао
171	
2 424 921	
509	
517,8	
505,2	
517,8	
507,4
MRKV	
РсетВол ао
365	
2 404 825	
0,07455	
0,0747	
0,07405	
0,075	
0,0747
BELU	
Белуга ао
319	
2 339 812	
1 311	
1 319	
1 290	
1 324	
1 318
UNAC	
iАвиастКао
214	
2 265 619	
0,492	
0,4935	
0,484	
0,4955	
0,4935
SARE	
СаратЭн-ао
364	
2 146 126	
0,1488	
0,1622	
0,1402	
0,164	
0,1486
VGSBP	
ВолгЭнСб-п
373	
2 144 485	
2,41	
2,565	
2,24	
2,59	
2,5
LNZLP	
Лензол. ап
167	
2 133 185	
5 440	
5 355	
5 350	
5 490	
5 405
BISVP	
БашИнСв ап
687	
2 075 325	
10,12	
9,72	
9,16	
10,8	
10,16
SAGO	
СамарЭн-ао
124	
2 054 560	
0,458	
0,45	
0,448	
0,486	
0,466
IRKT	
ИРКУТ-3
204	
2 004 036	
36,18	
36,24	
35,52	
37,2	
35,96
ISKJ	
iИСКЧ ао
218	
1 909 194	
24,6	
24,6	
24,17	
24,8	
24,6
LSNG	
РСетиЛЭ
322	
1 908 269	
6,12	
6,15	
5,96	
6,15	
6,11
IRGZ	
ИркЭнерго
221	
1 690 438	
12,3	
12,44	
12,04	
12,46	
12,24
WTCM	
ЦМТ ао
213	
1 615 704	
9,7	
10,16	
9,54	
10,16	
9,6
MRSB	
МордЭнСб
205	
1 614 510	
0,418	
0,406	
0,405	
0,429	
0,425
VJGZ	
Варьеган
382	
1 582 526	
683	
708	
659	
715	
685
VSYD	
ВыбСудЗ ао
170	
1 581 155	
4 185	
4 245	
4 045	
4 470	
4 090
RTSB	
ТНСэнРст
128	
1 476 050	
0,575	
0,615	
0,56	
0,615	
0,59
ELTZ	
Электрцинк
337	
1 418 855	
195	
193	
188	
205	
194
STSB	
СтаврЭнСб
456	
1 410 997	
0,6825	
0,662	
0,662	
0,7	
0,685
AMEZ	
АшинскийМЗ
227	
1 367 312	
4,82	
4,84	
4,785	
4,87	
4,82
TTLK	
Таттел. ао
124	
1 316 270	
0,3095	
0,3065	
0,3065	
0,312	
0,3095
PMSB	
ПермьЭнСб
259	
1 313 936	
140,7	
141,1	
138	
143,9	
138,5
RZSB	
РязЭнСб
73	
1 311 180	
9,64	
9,64	
9,46	
9,8	
9,54
RUGR	
Русгрэйн
1 223	
1 303 066	
9,69	
9,6	
9,57	
9,774	
9,62
UTAR	
ЮТэйр ао
151	
1 300 702	
7,3	
7,23	
7,16	
7,45	
7,2
SAREP	
СаратЭн-ап
231	
1 292 084	
0,1218	
0,127	
0,118	
0,1286	
0,1188
ALNU	
АЛРОСА-Нюр
16	
1 271 800	
55 200	
55 200	
55 000	
55 800	
55 200
NAUK	
iНПОНаука
205	
1 241 526	
204,6	
201,4	
201,4	
207	
205
ALBK	
БестЭфБ ао
250	
1 223 915	
56	
53,5	
53,5	
59,5	
54,5
TGKN	
ТГК-14
71	
1 184 240	
0,00334	
0,00335	
0,00332	
0,00336	
0,00335
GTRK	
ГТМ ао
242	
1 151 719	
44,2	
44,85	
43,4	
45	
43,75
SAGOP	
СамарЭн-ап
84	
1 150 720	
0,423	
0,414	
0,412	
0,435	
0,421
YAKG	
ЯТЭК ао
57	
1 137 170	
42,45	
43,1	
42	
43,1	
42,9
MRKU	
МРСК Ур
93	
1 127 286	
0,1538	
0,1538	
0,153	
0,1546	
0,1542
YKENP	
Якутскэн-п
96	
1 126 670	
0,43	
0,4415	
0,42	
0,453	
0,4335
VLHZ	
ВХЗ-ао
150	
1 120 296	
54,75	
54,7	
54,05	
55,25	
54,7
RBCM	
РБК ао
181	
1 023 399	
3,454	
3,494	
3,422	
3,494	
3,426
MRKZ	
МРСК СЗ
97	
1 006 148	
0,05225	
0,05215	
0,05195	
0,0528	
0,052
MSTT	
Мостотрест
112	
976 057	
159,25	
159,95	
158,5	
160	
158,8
RTSBP	
ТНСэнРст-п
159	
954 520	
0,444	
0,435	
0,424	
0,461	
0,427
UWGN	
ОВК ао
113	
911 912	
237,4	
237,8	
235,7	
240,6	
236,3
RUSP	
Русполимет
78	
845 220	
0,631	
0,641	
0,627	
0,6425	
0,632
KZOSP	
ОргСинт ап
361	
819 939	
12,08	
12,38	
11,99	
12,38	
12,04
KUZB	
КузнецкийБ
383	
770 426	
0,01537	
0,01525	
0,01501	
0,01555	
0,01553
LPSB	
ЛЭСК ао
166	
723 625	
8,95	
8,9	
8,7	
9,2	
8,75
CHMK	
ЧМК ао
57	
711 560	
2 745	
2 735	
2 720	
2 770	
2 760
ARSA	
Арсагера
35	
697 710	
4,15	
4,08	
4,08	
4,18	
4,18
VJGZP	
Варьеган-п
89	
684 900	
381	
408	
375	
410	
377
VZRZP	
Возрожд-п
22	
659 122	
324,8	
334,8	
324	
334,8	
326
WTCMP	
ЦМТ ап
99	
619 882	
8,56	
8,88	
8,46	
8,88	
8,6
TGKBP	
ТГК-2 ап
42	
615 810	
0,0076	
0,00754	
0,00754	
0,00766	
0,00765
HIMCP	
Химпром ап
97	
615 453	
6,24	
6,19	
6,15	
6,31	
6,23
KAZT	
Куйбазот
28	
610 298	
147,8	
147	
146,6	
148	
147,8
SLEN	
Сахэнер ао
118	
603 841	
6,57	
6,785	
6,41	
6,785	
6,515
RAVN	
Raven
19	
538 105	
30,4	
30,15	
30,15	
30,6	
30,3
URKZ	
УрКузница
27	
525 620	
18 120	
18 360	
17 880	
18 400	
17 900
LVHK	
Левенгук
126	
518 101	
8,4	
8,3	
8,29	
8,5	
8,35
MFGSP	
Мегион-ап
74	
509 105	
335	
328	
325,5	
341	
335
VSYDP	
ВыбСудЗ ап
65	
492 020	
4 180	
4 200	
4 100	
4 300	
4 120
KTSBP	
КСБ ап
66	
490 195	
0,292	
0,2985	
0,284	
0,3	
0,3
KBSB	
ТНСэКубань
67	
488 265	
152	
150,5	
149,5	
155,5	
150,5
ASSB	
АстрЭнСб
130	
482 084	
0,831	
0,8385	
0,818	
0,844	
0,827
MAGEP	
МагадЭн ап
34	
469 210	
7,69	
7,88	
7,54	
7,89	
7,6
KROT	
КрасОкт-ао
56	
466 005	
405	
404,5	
394,5	
409	
400,5
DZRDP	
iДонскЗР п
100	
462 600	
1 870	
1 870	
1 850	
1 890	
1 890
TGKD	
Квадра
116	
458 857	
0,00356	
0,00359	
0,00354	
0,00359	
0,003565
INGR	
ИНГРАД ао
44	
448 664	
819	
818	
815	
822	
822
GEMA	
iММЦБ ао
108	
444 056	
601	
603	
600	
604	
601,5
AVAN	
Авангрд-ао
93	
439 125	
850	
845	
830	
875	
850
DVEC	
ДЭК ао
86	
426 187	
0,943	
0,952	
0,94	
0,952	
0,942
MISB	
ТНСэнМарЭл
85	
407 720	
12,9	
13,2	
12,6	
13,2	
12,9
BLNG	
Белон ао
72	
387 473	
4,48	
4,5	
4,432	
4,5	
4,46
MRKY	
РоссЮг ао
101	
379 227	
0,05105	
0,05055	
0,05055	
0,0514	
0,05105
NFAZ	
Нефтекамск
36	
378 436	
168,2	
169,8	
166,8	
171	
167,4
ZILL	
ЗИЛ ао
48	
373 810	
2 650	
2 650	
2 610	
2 695	
2 670
NNSBP	
ТНСэнНН ап
77	
368 305	
687	
670	
650	
713	
668
KCHE	
КамчатЭ ао
35	
342 760	
0,2185	
0,22	
0,217	
0,221	
0,218
TORS	
ТРК ао
20	
330 860	
0,473	
0,476	
0,454	
0,477	
0,46
MAGE	
МагадЭн ао
40	
324 660	
6,49	
6,53	
6,4	
6,59	
6,52
NKSH	
Нижкамшина
33	
315 398	
22,22	
22,34	
22	
22,6	
22,52
RGSS	
РГС СК ао
100	
308 139	
0,1506	
0,1504	
0,15	
0,1528	
0,1506
TGKDP	
Квадра-п
31	
305 061	
0,00429	
0,004285	
0,004265	
0,004335	
0,00429
GAZAP	
ГАЗ ап
23	
304 075	
310,5	
311	
308,5	
311	
310,5
GAZA	
ГАЗ ао
24	
303 295	
399	
392	
392	
400,5	
397,5
IGSTP	
Ижсталь ап
98	
299 271	
907	
923	
898	
925	
900
USBN	
УралСиб ао
64	
298 265	
0,0703	
0,0701	
0,07	
0,0707	
0,0706
YRSB	
ТНСэнЯр
32	
296 020	
184	
186	
180	
188	
188
KUBE	
Кубанэнр
85	
291 153	
78,7	
79	
77,2	
79,9	
79,8
UKUZ	
ЮжКузб. ао
52	
283 834	
548	
546	
534	
558	
550
HALS	
Галс-Девел
45	
282 570	
1 261	
1 272	
1 230	
1 272	
1 230
KROTP	
КрасОкт-1п
33	
256 785	
279	
280	
274	
286	
279,5
OMZZP	
ОМЗ-ап
37	
252 860	
3 610	
3 600	
3 560	
3 665	
3 655
MFGS	
Мегион-ао
38	
243 805	
381	
396	
365	
396	
387
PAZA	
ПавлАвт ао
22	
233 360	
8 980	
8 990	
8 900	
9 170	
8 900
KRSB	
Красэсб ао
25	
206 210	
7,36	
7,27	
7,27	
7,54	
7,37
KAZTP	
Куйбазот-п
36	
203 392	
147,4	
147	
146,6	
149,2	
147
KTSB	
КСБ ао
74	
201 782	
0,75	
0,738	
0,706	
0,804	
0,788
ZVEZ	
ЗВЕЗДА ао
23	
199 530	
4,64	
4,61	
4,595	
4,695	
4,625
IGST	
Ижсталь2ао
53	
194 989	
1 005	
1 012	
994	
1 015	
1 007
YRSBP	
ТНСэнЯр-п
48	
192 735	
93	
93,5	
92	
96	
94
RDRB	
РДБанк ао
30	
190 100	
235	
235	
230	
240	
240
EELT	
ЕвроЭлтех
114	
182 627	
8,16	
8,12	
8	
8,22	
8,14
KBTK	
КузбТК ао
24	
168 356	
153,2	
151,4	
151,4	
153,4	
153
KMEZ	
КМЗ
57	
165 526	
532	
537	
522	
539,5	
532
TORSP	
ТРК ап
15	
165 180	
0,28	
0,2795	
0,2795	
0,281	
0,281
TNSE	
ТНСэнрг ао
28	
164 490	
1 070	
1 060	
1 050	
1 085	
1 070
MISBP	
ТНСэМаЭл-п
67	
164 450	
12,2	
12,5	
12	
12,5	
12,3
MGTS	
МГТС-5ао
24	
161 275	
2 335	
2 355	
2 330	
2 355	
2 335
KRKN	
СаратНПЗ
10	
155 900	
13 000	
13 000	
12 950	
13 000	
13 000
ROST	
РОСИНТЕРао
42	
153 360	
63,4	
63,8	
62,6	
64,8	
63
TASB	
ТамбЭнСб
21	
133 875	
0,4615	
0,463	
0,4545	
0,4665	
0,459
DZRD	
iДонскЗР
20	
101 085	
2 350	
2 375	
2 340	
2 375	
2 350
KOGK	
КоршГОК ао
2	
99 400	
49 800	
49 800	
49 600	
49 800	
49 600
MRKK	
Россети СК
35	
81 138	
25,92	
26,06	
25,82	
26,06	
26,06
KRSBP	
Красэсб ап
9	
73 960	
7,4	
7,32	
7,32	
7,42	
7,42
MRKS	
РсетСиб ао
19	
71 545	
0,2385	
0,24	
0,2375	
0,24	
0,2395
JNOS	
Славн-ЯНОС
12	
68 595	
19,05	
19	
19	
19,25	
19,15
RLMN	
Роллман
33	
64 090	
19	
19,1	
18,9	
19,25	
19,15
JNOSP	
Слав-ЯНОСп
16	
59 262	
14,46	
14,44	
14,4	
14,6	
14,54
NNSB	
ТНСэнНН ао
16	
58 495	
1 580	
1 600	
1 525	
1 600	
1 560
KRKOP	
ТКЗКК ап
30	
57 237	
7,245	
7,28	
7,22	
7,28	
7,23
KCHEP	
КамчатЭ ап
11	
54 980	
0,393	
0,389	
0,389	
0,397	
0,393
RLMNP	
Роллман-п
37	
39 322	
19,38	
19,82	
19,24	
19,82	
19,28
TASBP	
ТамбЭнСб-п
9	
38 730	
0,352	
0,35	
0,35	
0,3535	
0,3525
RUSI	
ИКРУСС-ИНВ
4	
27 300	
39	
39	
39	
39	
39
UCSS	
ОКС ао
6	
10 200	
1 460	
1 460	
1 450	
1 470	
1 470
KUNF	
КУЗОЦМ ао
0	
0	
-	
-	
-	
-	
-
PRTK	
ПРОТЕК ао
0	
0	
-	
-	
-	
-	
99,6
GAZC	
ГАЗКОН-ао
0	
0	
-	
-	
-	
-	
295
GTSS	
ГЕОТЕК ао
0	
0	
-	
-	
-	
-	
-
NPOF	
Физика ао
0	
0	
-	
-	
-	
-	
11 850
TRCN	
ТрансК ао
0	
0	
-	
-	
-	
-	
8 595
KMTZ	
КосогМЗ ао
0	
0	
-	
-	
-	
-	
-
KZMS	
КЗМС ао
0	
0	
-	
-	
-	
-	
226
TRFM	
ТрансФ ао
0	
0	
-	
-	
-	
-	
-
GAZS	
ГАЗ-сервис
0	
0	
-	
-	
-	
-	
293
HIMC	
Химпром ао
0	
0	
-	
-	
-	
-	
0,99
GAZT	
ГАЗ-Тек ао
0	
0	
-	
-	
-	
-	
85
KSGR	
Кокс ао
0	
0	
-	
-	
-	
-	
-
MOBB	
МосОблБанк
0	
0	
-	
-	
-	
-	
0,698
URKA	
Уркалий-ао
0	
0	
-	
-	
-	
-	
119,04
VZRZ	
Возрожд-ао
0	
0	
-	
-	
-	
-	
480
BISV	
БашИнСв ао
0	
0	
-	
-	
-	
-	
8,7
MFON	
МегаФон ао
0	
0	
-	
-	
-	
-	
650,6
KRKO	
ТКЗКК ао
0	
0	
-	
-	
-	
-	
11,8
MORI	
Морион ао
0	
0	
-	
-	
-	
-	
4,31