GAZP	
ГАЗПРОМ ао
87 902	
16 131 845 409	
193,9	
195,02	
192,48	
196,65	
194,7
SBER	
Сбербанк
63 563	
13 674 397 302	
207,08	
208,38	
205,7	
209,58	
209,06
LKOH	
ЛУКОЙЛ
61 996	
9 922 712 463	
4 851,5	
4 933,5	
4 784	
4 933,5	
4 868
GMKN	
ГМКНорНик
55 821	
9 607 564 788	
17 622	
17 872	
17 350	
17 890	
17 720
PLZL	
Полюс
24 262	
3 344 972 370	
12 639	
12 880	
12 366	
12 930	
12 845,5
YNDX	
Yandex clA
34 363	
2 682 270 352	
3 655,4	
3 670,2	
3 581,2	
3 789	
3 683
ROSN	
Роснефть
21 503	
2 616 512 364	
351,75	
355,95	
349,05	
355,95	
354,4
SNGS	
Сургнфгз
21 526	
2 190 521 411	
36,955	
37,94	
36,25	
38,03	
37,39
POLY	
Polymetal
24 935	
1 737 825 653	
1 394,4	
1 433,3	
1 365,1	
1 435,7	
1 416,3
MGNT	
Магнит ао
18 800	
1 699 255 985	
4 208	
4 305	
4 125	
4 307	
4 235,5
NVTK	
Новатэк ао
14 603	
1 661 296 892	
1 047	
1 043,4	
1 032	
1 063	
1 060
TATN	
Татнфт 3ао
21 874	
1 574 155 598	
541,5	
545,9	
534,2	
548,1	
548,1
MTSS	
МТС-ао
18 538	
1 559 305 428	
315,05	
316,1	
313,15	
317,7	
316,55
VTBR	
ВТБ ао
41 696	
1 291 781 691	
0,034615	
0,03501	
0,03418	
0,035055	
0,03476
MOEX	
МосБиржа
19 314	
1 146 142 182	
122,77	
123,52	
121,32	
124,98	
124,25
AFLT	
Аэрофлот
20 812	
1 102 138 276	
80,78	
81	
79,64	
81,68	
81
IRAO	
ИнтерРАОао
12 406	
1 011 517 625	
5,008	
5,017	
4,977	
5,0425	
5
SBERP	
Сбербанк-п
18 801	
967 244 652	
190,5	
191,18	
189,02	
192,4	
192,38
ALRS	
АЛРОСА ао
23 224	
901 223 029	
62,46	
63,58	
61,85	
63,64	
62,6
SNGSP	
Сургнфгз-п
12 440	
867 447 855	
35,72	
35,81	
35,365	
36,075	
35,905
CHMF	
СевСт-ао
18 678	
781 427 219	
871,4	
875	
862,4	
879,2	
876,6
HYDR	
РусГидро
15 862	
664 973 002	
0,7489	
0,7609	
0,7368	
0,7609	
0,7594
NLMK	
НЛМК ао
11 831	
646 144 789	
135,6	
135,5	
133,4	
137,9	
137,38
TRNFP	
Транснф ап
2 485	
617 632 950	
134 400	
135 550	
133 150	
136 250	
134 250
MAGN	
ММК
7 839	
587 421 839	
37,91	
37,75	
37,305	
38,57	
38,57
FEES	
ФСК ЕЭС ао
10 965	
487 923 701	
0,18606	
0,19	
0,1846	
0,19	
0,18594
FIVE	
FIVE-гдр
7 412	
483 679 037	
2 458,5	
2 497,5	
2 430,5	
2 507	
2 475
SIBN	
Газпрнефть
8 166	
471 816 383	
320,1	
323,6	
317,6	
325,2	
321,35
AFKS	
Система ао
7 781	
422 628 031	
17,556	
17,77	
17,43	
17,77	
17,552
TATNP	
Татнфт 3ап
13 131	
413 198 055	
517,3	
523,5	
510,5	
525,2	
521,3
RSTI	
Россети ао
7 414	
390 561 143	
1,5186	
1,5499	
1,5044	
1,5499	
1,512
RUAL	
РУСАЛ ао
16 767	
361 899 550	
25,685	
26,15	
25,37	
26,24	
25,4
TCSG	
TCS-гдр
8 013	
237 472 357	
1 538,8	
1 522,6	
1 508	
1 554,8	
1 531,6
OGKB	
ОГК-2 ао
8 377	
231 380 693	
0,7349	
0,7555	
0,7244	
0,7563	
0,732
POGR	
Petropavl
5 631	
228 410 631	
26,12	
26,98	
25,715	
26,98	
26,25
UNKL	
ЮУНК ао
10 238	
227 449 010	
8 230	
6 480	
6 220	
9 080	
9 080
DSKY	
ДетскийМир
9 224	
220 277 623	
107	
107,82	
105,76	
108,8	
106,8
PIKK	
ПИК ао
3 914	
218 899 160	
410,2	
403,1	
400	
427,3	
424
CBOM	
МКБ ао
8 723	
209 875 937	
5,572	
5,621	
5,525	
5,667	
5,582
RTKM	
Ростел -ао
6 678	
202 338 026	
85,81	
86,84	
84,81	
86,95	
85,7
SFIN	
САФМАР ао
1 401	
195 649 218	
510	
462	
459,8	
532,6	
512,8
PHOR	
ФосАгро ао
4 589	
189 582 084	
2 563	
2 526	
2 518	
2 614	
2 614
MAIL	
MAIL-гдр
7 789	
170 616 206	
1 794,8	
1 825	
1 781,4	
1 825	
1 786,6
UPRO	
Юнипро ао
3 358	
106 035 007	
2,828	
2,842	
2,805	
2,85	
2,833
BANEP	
Башнефт ап
6 572	
102 378 591	
1 325,5	
1 349,5	
1 313,5	
1 349,5	
1 324,5
RASP	
Распадская
3 651	
97 845 298	
106,04	
108,94	
104,44	
108,94	
104,78
TGKA	
ТГК-1
6 084	
95 766 330	
0,011832	
0,01217	
0,01156	
0,01217	
0,01198
TRMK	
ТМК ао
623	
92 639 775	
59,96	
59,96	
59,82	
60,02	
59,98
AGRO	
AGRO-гдр
4 461	
80 954 034	
666,4	
658,8	
653,8	
677,2	
676,4
MTLR	
Мечел ао
6 935	
80 277 785	
63,55	
64,52	
62,6	
64,67	
63,44
LSRG	
ЛСР ао
4 245	
72 079 946	
704,2	
710,2	
700	
713	
707,8
AKRN	
Акрон
1 418	
68 445 058	
5 558	
5 522	
5 464	
5 624	
5 624
MVID	
М.видео
2 255	
64 702 705	
393,7	
402,1	
387	
402,1	
391
NMTP	
НМТП ао
2 983	
58 154 542	
10,535	
10,595	
10,5	
10,64	
10,535
NKNCP	
НКНХ ап
5 328	
49 014 309	
78,8	
81,36	
77,96	
81,36	
78,12
MSNG	
+МосЭнерго
2 036	
48 769 522	
2,0645	
2,11	
2,0505	
2,11	
2,0615
LNTA	
Лента др
2 497	
42 303 038	
173,8	
176,6	
172,3	
176,6	
174,2
ENRU	
ЭнелРос ао
3 711	
41 964 373	
0,9385	
0,949	
0,9255	
0,9495	
0,944
CNTL	
Телеграф
1 830	
40 338 240	
27,6	
28,5	
27	
29	
27
LNZL	
Лензолото
1 367	
35 651 390	
11 060	
11 430	
10 670	
11 650	
11 100
RTKMP	
Ростел -ап
2 355	
33 729 220	
79,95	
81,2	
79,3	
81,2	
79,85
MRKP	
МРСК ЦП
1 203	
26 387 024	
0,196	
0,1975	
0,1921	
0,1992	
0,1974
QIWI	
iQIWI
1 487	
25 467 484	
1 276	
1 294	
1 256	
1 300	
1 272
CNTLP	
Телеграф-п
1 467	
21 972 014	
26,64	
26,88	
26,5	
27	
26,62
MTLRP	
Мечел ап
1 150	
18 912 441	
84,1	
85,1	
83,65	
85,1	
84
YAKG	
ЯТЭК ао
36	
18 597 530	
41,3	
41,3	
41,3	
41,4	
41,35
LSNGP	
РСетиЛЭ-п
1 297	
17 046 517	
153,4	
156,4	
152,55	
156,4	
153,8
MRKV	
РсетВол ао
875	
16 828 147	
0,07385	
0,07345	
0,0722	
0,076	
0,07355
ETLN	
ETLN-гдр
1 419	
15 981 249	
98,62	
99,24	
97,78	
100,7	
98,98
BSPB	
БСП ао
1 489	
15 879 823	
40,85	
41	
40,59	
41,43	
40,79
URKZ	
УрКузница
511	
15 230 000	
18 160	
15 820	
15 520	
19 920	
19 000
ENPG	
ЭН+ГРУП ао
352	
15 222 942	
583	
578	
578	
591	
590,5
BANE	
Башнефт ао
970	
12 149 823	
1 721	
1 717,5	
1 715	
1 741,5	
1 721
AQUA	
РусАква ао
812	
11 773 070	
191,5	
191	
186	
198	
194
VSMO	
ВСМПО-АВСМ
311	
10 618 160	
18 160	
18 220	
18 000	
18 400	
18 320
OBUV	
ОР ао
1 057	
10 455 625	
32,45	
32,7	
31,75	
33,5	
32,25
FESH	
ДВМП ао
684	
9 500 664	
7,55	
7,62	
7,46	
7,7	
7,57
RSTIP	
Россети ап
777	
8 708 623	
2,029	
2,051	
2,02	
2,054	
2,02
KRKNP	
СаратНПЗ-п
372	
8 654 380	
15 540	
15 640	
15 500	
15 680	
15 540
LIFE	
iФармсинтз
1 019	
8 068 520	
6,79	
6,67	
6,645	
6,94	
6,74
MRKC	
МРСК Центр
422	
7 580 294	
0,2802	
0,2806	
0,2786	
0,284	
0,2796
NKNC	
НКНХ ао
915	
5 793 556	
92,3	
95,3	
91,4	
95,3	
92,5
SELG	
Селигдар
762	
5 677 374	
25,88	
26,5	
25,45	
26,64	
25,84
RGSS	
РГС СК ао
750	
5 475 216	
0,1504	
0,1468	
0,145	
0,1578	
0,153
BLNG	
Белон ао
1 827	
5 289 597	
4,29	
4,09	
4,088	
4,496	
4,23
VGSB	
ВолгЭнСб
144	
4 636 505	
1,615	
1,595	
1,57	
1,64	
1,615
RNFT	
РуссНфт ао
1 429	
4 579 183	
514,2	
514,4	
506,8	
525,2	
525,2
LNZLP	
Лензол. ап
391	
4 416 135	
3 925	
4 015	
3 820	
4 015	
4 005
ZILL	
ЗИЛ ао
313	
4 401 090	
2 660	
2 790	
2 595	
2 820	
2 600
MOBB	
МосОблБанк
1 324	
3 876 497	
0,692	
0,736	
0,678	
0,738	
0,698
GCHE	
ЧеркизГ-ао
588	
3 838 962	
1 733	
1 730	
1 720	
1 753,5	
1 734,5
DIOD	
ЗаводДИОД
362	
3 574 088	
6,64	
6,81	
6,4	
6,81	
6,62
APTK	
Аптеки36и6
1 158	
3 572 729	
13,808	
13,724	
13,712	
13,866	
13,846
KMAZ	
КАМАЗ
537	
3 566 301	
57,7	
58,3	
56,6	
59,3	
57,8
MGTSP	
МГТС-4ап
369	
3 162 074	
1 968	
1 980	
1 954	
1 986	
1 980
TGKB	
ТГК-2
161	
3 122 015	
0,003895	
0,00391	
0,003855	
0,003935	
0,0039
MSRS	
РСетиМР ао
183	
3 118 894	
1,1015	
1,117	
1,097	
1,117	
1,0985
KZOS	
ОргСинт ао
499	
2 789 859	
85,8	
86,2	
85,2	
87,3	
86,7
ISKJ	
iИСКЧ ао
390	
2 766 802	
25,38	
25,57	
25,16	
25,74	
25,46
ROLO	
Русолово
282	
2 548 216	
4,046	
4,002	
3,85	
4,252	
3,87
PMSBP	
ПермьЭнС-п
121	
2 319 562	
128,4	
129,2	
126,6	
129,2	
127,6
DVEC	
ДЭК ао
218	
2 217 936	
1,018	
1,058	
1,003	
1,058	
1,044
OMZZP	
ОМЗ-ап
322	
2 059 775	
3 590	
3 250	
3 230	
3 790	
3 390
AMEZ	
АшинскийМЗ
349	
1 765 568	
4,015	
4,06	
3,985	
4,08	
4,035
SVAV	
СОЛЛЕРС
115	
1 748 995	
260,5	
263	
259	
265	
262
UNAC	
iАвиастКао
176	
1 735 650	
0,469	
0,4745	
0,4635	
0,4745	
0,47
TRCN	
ТрансК ао
28	
1 675 895	
8 595	
8 520	
8 520	
8 600	
8 595
CHEP	
ЧТПЗ ао
176	
1 630 195	
196	
200	
193,5	
200	
197
MGNZ	
СМЗ-ао
178	
1 621 180	
4 080	
3 900	
3 850	
4 370	
4 160
LSNG	
РСетиЛЭ
218	
1 557 778	
5,95	
6,03	
5,92	
6,03	
5,96
SLEN	
Сахэнер ао
138	
1 545 433	
4,625	
4,555	
4,525	
4,81	
4,795
ASSB	
АстрЭнСб
353	
1 524 142	
0,7465	
0,785	
0,73	
0,785	
0,738
MSTT	
Мостотрест
221	
1 394 720	
151,95	
152,05	
151,3	
155,15	
151,3
STSBP	
СтаврЭнСбп
214	
1 374 027	
0,345	
0,355	
0,34	
0,357	
0,345
SELGP	
Селигдар-п
110	
1 300 090	
26,35	
26,75	
26,1	
26,75	
26,4
INGR	
ИНГРАД ао
300	
1 188 663	
721	
734	
705	
734	
721
TGKBP	
ТГК-2 ап
43	
1 169 610	
0,007	
0,00704	
0,0069	
0,00706	
0,00692
PRTK	
ПРОТЕК ао
140	
1 133 602	
99,5	
99,3	
99	
99,9	
99,6
KRKOP	
ТКЗКК ап
357	
1 099 945	
6,22	
6,375	
6	
6,435	
6,245
IRKT	
ИРКУТ-3
80	
1 097 590	
33,98	
34,14	
33,8	
34,32	
34,32
GAZAP	
ГАЗ ап
116	
985 980	
304,5	
314	
300	
314	
308
GEMA	
iММЦБ ао
169	
931 744	
608,5	
606,5	
606	
612	
608
UWGN	
ОВК ао
136	
830 251	
235,7	
235	
234,6	
236,3	
235,7
UTAR	
ЮТэйр ао
151	
811 889	
7,18	
7,37	
7,01	
7,38	
7,38
KBSB	
ТНСэКубань
209	
781 175	
149,5	
157,5	
142,5	
158	
148
MRKZ	
МРСК СЗ
86	
775 846	
0,0496	
0,0503	
0,04945	
0,0503	
0,0498
ALNU	
АЛРОСА-Нюр
14	
766 600	
54 800	
54 800	
54 200	
55 400	
54 400
IRGZ	
ИркЭнерго
113	
750 876	
11,46	
11,68	
11,38	
11,68	
11,46
RBCM	
РБК ао
262	
738 919	
3,15	
3,16	
3,11	
3,2	
3,156
BRZL	
БурЗолото
84	
733 918	
827	
826	
823	
837	
823
RUSP	
Русполимет
52	
726 680	
0,6105	
0,616	
0,606	
0,623	
0,6115
TGKN	
ТГК-14
75	
710 020	
0,00305	
0,00308	
0,00303	
0,00309	
0,00305
VSYD	
ВыбСудЗ ао
89	
638 220	
4 065	
3 970	
3 925	
4 210	
3 955
BELU	
Белуга ао
78	
611 011	
1 355	
1 355	
1 350	
1 362	
1 354
IGSTP	
Ижсталь ап
113	
589 056	
640	
667	
630	
667	
652
MRKK	
Россети СК
151	
574 896	
24,92	
24,56	
24,5	
25,88	
24,96
KLSB	
КалужскСК
122	
563 028	
11,19	
11,43	
11,11	
11,43	
11,16
TTLK	
Таттел. ао
82	
540 310	
0,28	
0,2815	
0,279	
0,2815	
0,2805
GTRK	
ГТМ ао
195	
529 432	
41,95	
41,5	
41,5	
42	
41,95
UKUZ	
ЮжКузб. ао
90	
527 226	
544	
522	
522	
550	
544
KOGK	
КоршГОК ао
7	
516 000	
47 000	
47 400	
46 200	
47 400	
46 200
CHMK	
ЧМК ао
73	
514 545	
2 460	
2 450	
2 430	
2 490	
2 490
PMSB	
ПермьЭнСб
79	
503 881	
128,2	
129,9	
125,1	
130	
128,5
JNOSP	
Слав-ЯНОСп
34	
501 744	
13,76	
13,96	
13,6	
14	
13,68
VSYDP	
ВыбСудЗ ап
40	
501 120	
4 080	
4 140	
4 000	
4 140	
4 060
KRSB	
Красэсб ао
29	
470 620	
6,45	
6,59	
6,37	
6,59	
6,43
RUGR	
Русгрэйн
474	
459 323	
6,93	
7,09	
6,856	
7,09	
6,87
RTSBP	
ТНСэнРст-п
50	
456 910	
0,292	
0,308	
0,286	
0,308	
0,295
KRSBP	
Красэсб ап
37	
453 500	
6,68	
6,8	
6,6	
6,92	
6,7
VLHZ	
ВХЗ-ао
44	
441 555	
48,7	
49,2	
48,55	
49,2	
49,1
KUZB	
КузнецкийБ
274	
433 860	
0,01542	
0,0156	
0,01536	
0,01562	
0,01558
RZSB	
РязЭнСб
28	
425 640	
9,46	
9,74	
9,24	
9,74	
9,32
KRKN	
СаратНПЗ
25	
396 350	
12 800	
12 800	
12 500	
13 100	
12 700
MAGEP	
МагадЭн ап
40	
381 540	
5,87	
6,1	
5,78	
6,12	
5,93
NFAZ	
Нефтекамск
34	
350 170	
161,4	
163,2	
158,6	
164	
163
RLMNP	
Роллман-п
95	
322 391	
19,6	
19,62	
19,18	
20,2	
19,54
GAZA	
ГАЗ ао
28	
322 360	
384	
391	
380	
396	
381
KZOSP	
ОргСинт ап
280	
292 420	
11,82	
11,75	
11,75	
11,95	
11,91
VZRZP	
Возрожд-п
56	
285 058	
313,4	
314,6	
307,6	
317	
316,4
NSVZ	
НаукаСвяз
31	
265 220	
221	
220	
219,5	
223	
222,5
MRKU	
МРСК Ур
44	
250 768	
0,1558	
0,1548	
0,1544	
0,1572	
0,1562
USBN	
УралСиб ао
75	
250 129	
0,0672	
0,0673	
0,0669	
0,0679	
0,0671
PAZA	
ПавлАвт ао
30	
245 480	
7 440	
7 500	
7 340	
7 600	
7 430
MAGE	
МагадЭн ао
24	
239 820	
6,85	
6,92	
6,78	
6,99	
6,93
NKSH	
Нижкамшина
39	
225 090	
22,08	
21,84	
21,84	
22,6	
22,16
VRSBP	
ТНСэнВор-п
35	
214 650	
45,5	
46,5	
45	
46,5	
45,5
TNSE	
ТНСэнрг ао
18	
206 620	
985	
985	
955	
990	
975
NKHP	
НКХП ао
39	
199 605	
229,5	
231	
228,5	
231	
229,5
DZRD	
iДонскЗР
46	
178 225	
2 005	
2 060	
1 950	
2 065	
2 010
NAUK	
iНПОНаука
19	
175 216	
180,6	
179,6	
179,6	
182	
182
ABRD	
АбрауДюрсо
50	
173 780	
129,5	
129,5	
129	
130	
129
MRKY	
РоссЮг ао
72	
151 087	
0,04875	
0,0487	
0,0484	
0,04925	
0,0488
HIMCP	
Химпром ап
55	
149 771	
5,92	
5,97	
5,9	
5,98	
5,93
ZVEZ	
ЗВЕЗДА ао
12	
148 340	
4,495	
4,495	
4,49	
4,5	
4,5
WTCMP	
ЦМТ ап
33	
145 330	
7,9	
8	
7,84	
8	
7,98
RKKE	
ЭнергияРКК
17	
141 550	
5 060	
5 000	
5 000	
5 140	
5 130
KAZTP	
Куйбазот-п
25	
141 468	
144,4	
147,4	
144	
147,4	
144
PRMB	
Приморье
6	
139 800	
23 400	
23 200	
23 200	
23 400	
23 200
TASBP	
ТамбЭнСб-п
21	
133 010	
0,3595	
0,3695	
0,352	
0,3695	
0,36
HALS	
Галс-Девел
21	
127 368	
754	
731	
731	
762	
751
MGTS	
МГТС-5ао
13	
127 350	
2 360	
2 365	
2 330	
2 380	
2 335
TGKD	
Квадра
43	
123 159	
0,00304	
0,00306	
0,003035	
0,003065	
0,003035
RDRB	
РДБанк ао
8	
122 400	
240	
240	
240	
240	
240
BISVP	
БашИнСв ап
23	
122 115	
8,31	
8,32	
8,26	
8,43	
8,35
VJGZP	
Варьеган-п
13	
120 910	
336	
337	
333	
337	
337
KGKCP	
КурганГКап
16	
117 455	
53	
53	
53	
54	
53
MISB	
ТНСэнМарЭл
18	
115 350	
12,7	
12,6	
12,3	
12,8	
12,7
UCSS	
ОКС ао
36	
113 940	
1 440	
1 440	
1 430	
1 450	
1 450
MRKS	
РсетСиб ао
12	
108 985	
0,237	
0,239	
0,2365	
0,239	
0,238
YKEN	
Якутскэнрг
16	
106 980	
0,345	
0,3445	
0,344	
0,3475	
0,3455
SAGO	
СамарЭн-ао
14	
102 380	
0,428	
0,43	
0,42	
0,43	
0,43
YKENP	
Якутскэн-п
15	
102 365	
0,33	
0,3315	
0,328	
0,3325	
0,3295
TUZA	
ТЗА ао
19	
97 470	
94	
94	
93	
94	
93
RLMN	
Роллман
63	
96 323	
18,5	
18,7	
18,4	
18,7	
18,5
KAZT	
Куйбазот
23	
91 328	
149,8	
149	
148,6	
151,6	
149,8
STSB	
СтаврЭнСб
49	
89 186	
0,3845	
0,3855	
0,379	
0,393	
0,3795
RTSB	
ТНСэнРст
12	
87 950	
0,38	
0,385	
0,38	
0,39	
0,38
RUSI	
ИКРУСС-ИНВ
17	
83 080	
37,8	
38,1	
37,3	
38,2	
37,5
TASB	
ТамбЭнСб
15	
82 470	
0,434	
0,4385	
0,4275	
0,4385	
0,4295
IGST	
Ижсталь2ао
17	
80 949	
843	
845	
836	
853	
852
CHKZ	
ЧКПЗ ао
13	
74 640	
5 340	
5 300	
5 200	
5 480	
5 220
LPSB	
ЛЭСК ао
29	
71 970	
7,65	
7,75	
7,6	
7,75	
7,6
KMEZ	
КМЗ
18	
70 593	
452,5	
455	
452	
455	
452
KBTK	
КузбТК ао
22	
69 828	
151,8	
152	
151,2	
153	
151,8
JNOS	
Славн-ЯНОС
15	
59 700	
18,65	
18,85	
18,55	
18,9	
18,6
KCHEP	
КамчатЭ ап
15	
58 970	
0,347	
0,344	
0,342	
0,356	
0,349
ROST	
РОСИНТЕРао
18	
58 412	
60,2	
60	
60	
61	
60,8
VJGZ	
Варьеган
29	
54 506	
586	
596	
568	
600	
582
MRSB	
МордЭнСб
9	
54 230	
0,339	
0,34	
0,334	
0,341	
0,34
DZRDP	
iДонскЗР п
17	
53 740	
1 580	
1 580	
1 570	
1 600	
1 600
MISBP	
ТНСэМаЭл-п
29	
52 180	
12,4	
12,4	
12,2	
12,8	
12,2
CHGZ	
РН-ЗапСиб
6	
51 460	
34,4	
34,2	
34,2	
34,6	
34,6
AVAN	
Авангрд-ао
30	
50 170	
680	
680	
670	
680	
670
YRSB	
ТНСэнЯр
7	
48 220	
166	
166	
166	
168	
168
VGSBP	
ВолгЭнСб-п
21	
45 995	
1,095	
1,11	
1,08	
1,12	
1,09
LVHK	
Левенгук
17	
45 774	
7,76	
7,76	
7,73	
7,85	
7,78
KROT	
КрасОкт-ао
10	
45 115	
347	
344,5	
343,5	
349	
349
WTCM	
ЦМТ ао
18	
42 160	
8,78	
8,8	
8,76	
8,86	
8,76
VRSB	
ТНСэнВорон
7	
40 660	
50,8	
50,6	
50,6	
51,4	
50,8
TGKDP	
Квадра-п
19	
36 142	
0,003805	
0,00385	
0,00378	
0,00389	
0,00389
SARE	
СаратЭн-ао
12	
30 384	
0,117	
0,1174	
0,1158	
0,1178	
0,1158
NNSB	
ТНСэнНН ао
6	
30 235	
1 315	
1 320	
1 305	
1 320	
1 310
ELTZ	
Электрцинк
31	
26 929	
162	
160,5	
160,5	
164	
161,5
ARSA	
Арсагера
5	
25 800	
3,23	
3,21	
3,2	
3,25	
3,25
NNSBP	
ТНСэнНН ап
7	
25 353	
604	
602	
600	
604	
600
TORSP	
ТРК ап
8	
23 300	
0,259	
0,259	
0,258	
0,259	
0,259
RTGZ	
ГазпРнД ао
1	
22 500	
22 500	
22 500	
22 500	
22 500	
22 500
KGKC	
КурганГКао
5	
18 020	
53	
53	
53	
53	
53
SAREP	
СаратЭн-ап
9	
14 404	
0,09	
0,0904	
0,0864	
0,091	
0,09
ROSB	
Росбанк ао
10	
14 314	
71,6	
71,8	
71	
72	
71
ALBK	
БестЭфБ ао
4	
8 900	
52,5	
52,5	
52	
53	
52
SAGOP	
СамарЭн-ап
2	
7 990	
0,4	
0,399	
0,399	
0,4	
0,4
RAVN	
Raven
2	
5 865	
29,35	
29,35	
29,3	
29,35	
29,3
KUBE	
Кубанэнр
8	
5 669	
70,9	
71	
70,5	
71,1	
70,7
TORS	
ТРК ао
1	
3 760	
0,376	
0,376	
0,376	
0,376	
0,376
MFGS	
Мегион-ао
1	
3 680	
368	
368	
368	
368	
368
KTSB	
КСБ ао
3	
3 594	
0,6	
0,598	
0,598	
0,604	
0,604
MFGSP	
Мегион-ап
1	
3 310	
331	
331	
331	
331	
331
GAZC	
ГАЗКОН-ао
0	
0	
-	
-	
-	
-	
295
GTSS	
ГЕОТЕК ао
0	
0	
-	
-	
-	
-	
-
KROTP	
КрасОкт-1п
0	
0	
-	
-	
-	
-	
258
NPOF	
Физика ао
0	
0	
-	
-	
-	
-	
11 850
KMTZ	
КосогМЗ ао
0	
0	
-	
-	
-	
-	
-
KZMS	
КЗМС ао
0	
0	
-	
-	
-	
-	
226
TRFM	
ТрансФ ао
0	
0	
-	
-	
-	
-	
-
GAZS	
ГАЗ-сервис
0	
0	
-	
-	
-	
-	
293
HIMC	
Химпром ао
0	
0	
-	
-	
-	
-	
0,99
KCHE	
КамчатЭ ао
0	
0	
-	
-	
-	
-	
0,208
GAZT	
ГАЗ-Тек ао
0	
0	
-	
-	
-	
-	
85
KSGR	
Кокс ао
0	
0	
-	
-	
-	
-	
-
URKA	
Уркалий-ао
0	
0	
-	
-	
-	
-	
119,04
VZRZ	
Возрожд-ао
0	
0	
-	
-	
-	
-	
480
MFON	
МегаФон ао
0	
0	
-	
-	
-	
-	
650,6
YRSBP	
ТНСэнЯр-п
0	
0	
99	
-	
-	
-	
87
BISV	
БашИнСв ао
0	
0	
-	
-	
-	
-	
8,7
KRKO	
ТКЗКК ао
0	
0	
-	
-	
-	
-	
11,8
KTSBP	
КСБ ап
0	
0	
-	
-	
-	
-	
0,264
MORI	
Морион ао
0	
0	
-	
-	
-	
-	
4,31
KUNF	
КУЗОЦМ ао
0	
0	
-	
-	
-	
-	
-