SBER	
Сбербанк
69 278	
9 685 023 432	
206,77	
205,06	
204,78	
208	
207,8
GAZP	
ГАЗПРОМ ао
46 251	
4 453 333 000	
166,88	
166,68	
165,71	
167,63	
167,29
PLZL	
Полюс
21 062	
4 284 665 886	
17 139,5	
16 700	
16 690	
17 470,5	
17 344
YNDX	
Yandex clA
38 128	
4 197 003 484	
4 829,4	
4 845,2	
4 752	
4 885,4	
4 832
LKOH	
ЛУКОЙЛ
29 380	
4 055 654 347	
4 351	
4 371,5	
4 326	
4 385,5	
4 343
GMKN	
ГМКНорНик
16 684	
3 272 093 458	
19 748	
19 658	
19 580	
19 880	
19 820
AFKS	
Система ао
52 096	
3 182 832 232	
25,6	
24,974	
24,664	
26,488	
26,1
POLY	
Polymetal
28 129	
2 525 161 349	
1 775,2	
1 728	
1 719	
1 800	
1 800
AFLT	
Аэрофлот
55 690	
2 356 142 678	
58,66	
57,8	
57,12	
59,34	
58,7
MGNT	
Магнит ао
14 029	
1 809 768 548	
4 899	
4 839	
4 818,5	
4 931,5	
4 916,5
TATN	
Татнфт 3ао
29 636	
1 681 562 683	
441,6	
441,7	
437,2	
446,5	
440,8
MOEX	
МосБиржа
23 770	
1 583 447 872	
149,81	
149	
148,41	
151,45	
149,39
ROSN	
Роснефть
8 781	
1 153 377 617	
381,3	
379	
376,4	
385,95	
385,9
SBERP	
Сбербанк-п
19 506	
1 151 132 438	
197,45	
195,7	
195,1	
199	
198,5
MTSS	
МТС-ао
17 026	
1 077 899 497	
330,3	
330,6	
329,2	
332,75	
329,35
TCSG	
TCS-гдр
17 047	
953 368 673	
1 911,4	
1 860,2	
1 830,2	
1 957	
1 910
NLMK	
НЛМК ао
10 563	
874 845 598	
168,86	
168,66	
167,12	
170,5	
170,1
MAIL	
MAIL-гдр
15 499	
829 002 899	
2 272	
2 270	
2 241,6	
2 292	
2 275,4
ALRS	
АЛРОСА ао
17 301	
827 043 696	
77,06	
76,01	
76,01	
77,46	
77,35
SNGSP	
Сургнфгз-п
7 743	
764 998 498	
38,225	
37,8	
37,78	
38,495	
38,485
FIVE	
FIVE-гдр
9 118	
704 502 825	
2 987,5	
2 897,5	
2 884,5	
3 036,5	
3 029,5
CHMF	
СевСт-ао
11 003	
677 719 968	
1 000,2	
984,4	
984,4	
1 007,6	
1 007,6
IRAO	
ИнтерРАОао
9 042	
646 521 017	
5,27	
5,2205	
5,2205	
5,305	
5,285
TATNP	
Татнфт 3ап
20 543	
645 939 560	
427,7	
432,6	
423,7	
433,9	
427
MAGN	
ММК
8 474	
559 664 550	
35,405	
35,12	
35,12	
35,565	
35,52
SNGS	
Сургнфгз
5 737	
491 742 019	
34,25	
34,165	
34,075	
34,45	
34,275
HYDR	
РусГидро
13 360	
457 908 728	
0,727	
0,72	
0,7173	
0,7346	
0,7271
VTBR	
ВТБ ао
25 772	
425 559 691	
0,033145	
0,032965	
0,032805	
0,033295	
0,03324
NVTK	
Новатэк ао
5 523	
412 030 176	
1 087,2	
1 079,8	
1 075	
1 093	
1 090,8
POGR	
Petropavl
9 763	
400 365 048	
30,885	
30,465	
29,875	
31,4	
31,2
DSKY	
ДетскийМир
10 797	
315 927 799	
119,36	
121	
118,4	
121	
119
CBOM	
МКБ ао
6 175	
301 061 810	
5,667	
5,642	
5,626	
5,689	
5,633
MVID	
М.видео
5 866	
300 316 373	
687,1	
690,1	
678,2	
696,2	
687
TRNFP	
Транснф ап
991	
255 203 600	
147 200	
146 700	
146 500	
147 700	
146 900
FEES	
ФСК ЕЭС ао
7 191	
251 735 576	
0,1918	
0,19102	
0,19026	
0,19276	
0,19168
RUAL	
РУСАЛ ао
11 159	
214 055 359	
33,075	
32,855	
32,315	
33,53	
33,36
RTKM	
Ростел -ао
6 396	
204 774 315	
94,67	
94,74	
93,95	
95,74	
94,66
RSTI	
Россети ао
4 070	
193 572 626	
1,4242	
1,4	
1,3867	
1,4344	
1,4312
SIBN	
Газпрнефть
4 513	
186 561 562	
283,2	
284	
282,15	
285	
282,25
FLOT	
Совкомфлот
6 915	
176 895 683	
102,69	
103,39	
102,5	
103,39	
103
ENPG	
ЭН+ГРУП ао
1 159	
141 129 296	
701	
699,5	
692	
707	
705
PHOR	
ФосАгро ао
2 576	
128 720 297	
2 830	
2 829	
2 804	
2 856	
2 853
PIKK	
ПИК ао
2 721	
125 013 973	
582,5	
573,5	
573,5	
586,2	
582,2
ETLN	
ETLN-гдр
8 883	
112 545 660	
126,48	
125,6	
125	
127	
126,9
RASP	
Распадская
2 469	
111 586 965	
116,1	
115,2	
113,52	
117,7	
116,64
UPRO	
Юнипро ао
2 276	
93 864 208	
2,709	
2,697	
2,697	
2,722	
2,709
LSRG	
ЛСР ао
4 788	
88 272 436	
874,6	
860	
855,8	
880,2	
876
AGRO	
AGRO-гдр
2 505	
54 983 890	
741,4	
741,2	
734,6	
750	
738
LNTA	
Лента др
14 032	
54 906 339	
224,5	
223,8	
222,7	
226,5	
224,5
OGKB	
ОГК-2 ао
2 257	
54 698 083	
0,7512	
0,7418	
0,7395	
0,76	
0,7537
MSTT	
Мостотрест
5 380	
50 873 867	
134,35	
144,9	
125,6	
156	
133
QIWI	
iQIWI
2 418	
36 500 090	
1 310,5	
1 329,5	
1 290	
1 330	
1 306
NMTP	
НМТП ао
4 134	
34 987 973	
8,215	
8,3	
8,155	
8,33	
8,165
MTLR	
Мечел ао
5 053	
29 475 930	
59,56	
59,74	
59,22	
59,84	
59,54
LNZLP	
Лензол. ап
2 010	
28 960 090	
4 250	
4 575	
4 025	
4 575	
4 155
TGKA	
ТГК-1
1 665	
28 335 943	
0,010586	
0,0105	
0,01045	
0,010686	
0,010586
ENRU	
ЭнелРос ао
1 530	
26 441 703	
0,9145	
0,9105	
0,9105	
0,9175	
0,913
AKRN	
Акрон
888	
25 427 370	
6 094	
6 140	
6 020	
6 232	
6 104
HHRU	
iHHRU-адр
402	
20 620 921	
1 800,2	
1 800	
1 780	
1 824,8	
1 811,2
BANEP	
Башнефт ап
1 418	
20 117 957	
1 217,5	
1 212,5	
1 211	
1 222,5	
1 219
TRMK	
ТМК ао
544	
18 730 543	
60,36	
60,28	
59,4	
60,58	
60,4
RTKMP	
Ростел -ап
1 366	
16 557 189	
85,95	
85,4	
85	
86,9	
85,95
MSNG	
+МосЭнерго
478	
15 581 416	
2,041	
2,041	
2,0295	
2,048	
2,048
LIFE	
iФармсинтз
1 100	
13 701 223	
6,85	
6,7	
6,66	
6,92	
6,86
APTK	
Аптеки36и6
4 827	
11 755 096	
14,006	
14,038	
13,858	
14,1	
13,9
MTLRP	
Мечел ап
732	
11 372 990	
67,65	
67,85	
67,2	
68,2	
67,65
BSPB	
БСП ао
1 731	
10 452 621	
42,2	
42	
41,77	
42,48	
42,16
LNZL	
Лензолото
160	
9 932 910	
19 210	
19 210	
19 140	
19 260	
19 220
LSNGP	
РСетиЛЭ-п
655	
9 913 264	
153,65	
154,95	
152,55	
155,85	
153,55
FESH	
ДВМП ао
472	
9 891 513	
10,35	
10,34	
10,16	
10,48	
10,41
SELG	
Селигдар
437	
9 778 631	
43,13	
42,76	
42,21	
43,44	
43,24
VSMO	
ВСМПО-АВСМ
212	
9 436 920	
16 920	
16 960	
16 840	
17 120	
16 860
NKNC	
НКНХ ао
533	
8 570 488	
87,2	
87	
86	
87,95	
86,75
MRKP	
МРСК ЦП
457	
8 491 368	
0,2178	
0,219	
0,216	
0,2197	
0,2175
ABRD	
АбрауДюрсо
797	
7 392 320	
206,5	
200,5	
200,5	
211,5	
205
RSTIP	
Россети ап
686	
6 403 438	
1,955	
1,934	
1,933	
1,974	
1,969
OBUV	
ОР ао
3 189	
6 228 196	
31,85	
31,5	
31,05	
32,45	
31,9
ALNU	
АЛРОСА-Нюр
40	
6 095 200	
57 000	
56 800	
56 200	
57 200	
57 000
ISKJ	
iИСКЧ ао
540	
5 985 083	
31,99	
31,4	
31,4	
32,47	
32,18
INGR	
ИНГРАД ао
390	
5 821 099	
923	
915	
915	
926	
922
RNFT	
РуссНфт ао
1 758	
5 550 384	
335	
339,8	
324,2	
342	
330,4
GCHE	
ЧеркизГ-ао
642	
5 445 489	
1 848	
1 840	
1 840	
1 853	
1 847
LSNG	
РСетиЛЭ
983	
5 272 535	
5,26	
5,5	
4,95	
5,51	
5,44
NKNCP	
НКНХ ап
900	
5 095 897	
75,62	
75,96	
75,5	
75,96	
75,54
KZOS	
ОргСинт ао
673	
4 472 087	
77,3	
79,4	
76,8	
79,4	
77,5
BELU	
Белуга ао
257	
4 402 188	
1 260	
1 252	
1 244	
1 270	
1 269
MRKV	
РсетВол ао
373	
4 361 596	
0,06985	
0,0695	
0,06945	
0,07025	
0,0698
AQUA	
РусАква ао
385	
4 191 500	
246	
242,5	
238	
249,5	
244
MRKC	
МРСК Центр
1 044	
4 139 749	
0,2986	
0,2996	
0,2906	
0,3022	
0,3002
KRKNP	
СаратНПЗ-п
153	
4 049 700	
15 160	
15 180	
15 120	
15 240	
15 160
SELGP	
Селигдар-п
273	
3 516 525	
36,35	
35,35	
35,35	
36,85	
36,75
BANE	
Башнефт ао
242	
3 469 041	
1 633,5	
1 638	
1 629	
1 638	
1 632
TGKD	
Квадра
1 064	
3 408 138	
0,003905	
0,003955	
0,003865	
0,00399	
0,0039
CNTLP	
Телеграф-п
455	
3 077 268	
13,96	
14,04	
13,9	
14,06	
13,9
MSRS	
РСетиМР ао
165	
2 940 445	
1,1585	
1,167	
1,148	
1,168	
1,156
MRSB	
МордЭнСб
159	
2 905 580	
0,436	
0,444	
0,432	
0,445	
0,438
TTLK	
Таттел. ао
197	
2 689 290	
0,351	
0,3505	
0,343	
0,354	
0,3485
HIMCP	
Химпром ап
514	
2 563 798	
6,85	
6,99	
6,77	
7,05	
6,82
TGKB	
ТГК-2
192	
2 461 610	
0,00392	
0,00392	
0,00388	
0,003985	
0,0039
CNTL	
Телеграф
293	
2 304 450	
16,25	
16,4	
16,1	
16,5	
16,15
KCHEP	
КамчатЭ ап
372	
2 197 300	
0,401	
0,363	
0,354	
0,45	
0,379
RUGR	
Русгрэйн
2 050	
1 994 482	
8,986	
9,04	
8,55	
9,14	
9,038
ZILL	
ЗИЛ ао
40	
1 741 120	
2 525	
2 410	
2 410	
2 580	
2 535
AMEZ	
АшинскийМЗ
758	
1 695 610	
4,585	
4,615	
4,56	
4,675	
4,57
KCHE	
КамчатЭ ао
316	
1 371 575	
0,224	
0,2115	
0,206	
0,2395	
0,22
UNKL	
ЮУНК ао
107	
1 238 390	
6 520	
6 560	
6 470	
6 580	
6 510
KLSB	
КалужскСК
187	
1 188 999	
13,09	
12,79	
12,78	
13,5	
13,32
UNAC	
iАвиастКао
384	
1 136 730	
0,4135	
0,411	
0,407	
0,4185	
0,4125
MRKY	
РоссЮг ао
380	
1 062 069	
0,0476	
0,0478	
0,0471	
0,0479	
0,04765
KGKCP	
КурганГКап
92	
1 045 010	
57	
57	
56,5	
57,5	
57
SFIN	
САФМАР ао
44	
1 044 062	
481,2	
478,2	
476,8	
484,2	
483,6
KMAZ	
КАМАЗ
538	
966 362	
59,8	
59,6	
59,1	
60,2	
60,1
UWGN	
ОВК ао
1 135	
959 088	
195,8	
196,7	
195	
196,9	
196,6
YKEN	
Якутскэнрг
88	
952 620	
0,3765	
0,376	
0,366	
0,388	
0,3755
MGTSP	
МГТС-4ап
144	
866 414	
1 892	
1 896	
1 884	
1 898	
1 894
YAKG	
ЯТЭК ао
41	
836 090	
46,2	
46,05	
45,6	
47,5	
47,15
CHGZ	
РН-ЗапСиб
95	
812 660	
53,8	
52,8	
50	
56,6	
51,8
RBCM	
РБК ао
200	
722 945	
3,302	
3,346	
3,25	
3,346	
3,292
VGSB	
ВолгЭнСб
104	
698 805	
4,065	
3,885	
3,8	
4,3	
3,99
TGKDP	
Квадра-п
216	
693 237	
0,005025	
0,005285	
0,0049	
0,005285	
0,005065
MRKZ	
МРСК СЗ
190	
689 952	
0,04905	
0,04945	
0,04875	
0,0496	
0,0493
SVAV	
СОЛЛЕРС
44	
630 720	
288	
288	
287	
290,5	
287,5
BRZL	
БурЗолото
130	
586 991	
998	
1 000	
989	
1 004	
989
ROLO	
Русолово
55	
568 476	
6,112	
6,032	
5,958	
6,194	
6,114
BISVP	
БашИнСв ап
130	
539 328	
9,74	
9,88	
9,03	
9,99	
9,93
ASSB	
АстрЭнСб
132	
532 611	
0,762	
0,759	
0,755	
0,7985	
0,761
YKENP	
Якутскэн-п
29	
516 220	
0,3635	
0,363	
0,3605	
0,371	
0,3655
GTRK	
ГТМ ао
959	
510 862	
42,3	
42,1	
42,05	
42,7	
42,3
IRKT	
ИРКУТ-3
81	
507 576	
31,72	
31,82	
31,6	
31,82	
31,76
ZVEZ	
ЗВЕЗДА ао
77	
488 880	
4,075	
4,13	
4	
4,135	
4,12
KZOSP	
ОргСинт ап
1 185	
487 988	
10,93	
11,08	
10,81	
11,12	
10,88
KOGK	
КоршГОК ао
10	
466 000	
46 600	
46 600	
46 400	
46 800	
46 600
NKHP	
НКХП ао
68	
404 170	
256	
253,5	
250,5	
258	
256,5
MRKS	
РсетСиб ао
43	
399 290	
0,2645	
0,266	
0,2625	
0,2665	
0,263
NSVZ	
НаукаСвяз
99	
398 730	
201,5	
202,5	
199,5	
203,5	
202
BLNG	
Белон ао
58	
396 568	
4,156	
4,13	
4,106	
4,184	
4,124
SLEN	
Сахэнер ао
43	
392 715	
5,86	
5,775	
5,775	
6,18	
5,84
KAZT	
Куйбазот
54	
384 362	
149,6	
150,8	
149	
151	
150,6
STSB	
СтаврЭнСб
101	
378 911	
0,535	
0,539	
0,529	
0,5685	
0,548
ROST	
РОСИНТЕРао
42	
376 850	
63,4	
63	
62,6	
64	
63,2
TGKN	
ТГК-14
32	
369 200	
0,00305	
0,00306	
0,00303	
0,00306	
0,00306
NAUK	
iНПОНаука
72	
356 910	
193	
194,8	
190,4	
195	
194
SARE	
СаратЭн-ао
112	
335 828	
0,1286	
0,132	
0,125	
0,1324	
0,13
SAGO	
СамарЭн-ао
45	
330 080	
0,57	
0,58	
0,56	
0,58	
0,57
VGSBP	
ВолгЭнСб-п
112	
320 910	
1,92	
1,82	
1,82	
2,005	
1,88
RGSS	
РГС СК ао
103	
316 014	
0,141	
0,142	
0,1392	
0,142	
0,141
DIOD	
ЗаводДИОД
68	
314 572	
7,15	
7,14	
7,11	
7,22	
7,13
RAVN	
Raven
45	
296 250	
27,2	
27,55	
26,7	
27,8	
27,75
IRGZ	
ИркЭнерго
59	
284 456	
11,28	
11,3	
11,24	
11,4	
11,26
STSBP	
СтаврЭнСбп
93	
277 011	
0,3735	
0,3805	
0,37	
0,3805	
0,376
NFAZ	
Нефтекамск
30	
272 240	
209,4	
207,8	
207	
212	
210,4
RLMN	
Роллман
154	
269 199	
17,7	
17,55	
17,3	
18,4	
17,65
GEMA	
iММЦБ ао
45	
250 237	
596	
595	
595	
598,5	
595,5
CHEP	
ЧТПЗ ао
35	
220 135	
209,5	
210	
208,5	
210,5	
210
UTAR	
ЮТэйр ао
42	
214 197	
6,71	
6,73	
6,69	
6,74	
6,7
NNSBP	
ТНСэнНН ап
55	
213 428	
702	
717	
685	
719	
702
HALS	
Галс-Девел
45	
199 380	
1 126	
1 149	
1 120	
1 149	
1 120
PMSB	
ПермьЭнСб
66	
196 008	
129,8	
131,6	
129	
131,6	
130,1
RDRB	
РДБанк ао
66	
193 950	
220	
220	
215	
225	
215
TASBP	
ТамбЭнСб-п
50	
188 055	
0,2765	
0,2845	
0,2405	
0,289	
0,2825
ALBK	
БестЭфБ ао
37	
185 415	
57	
58	
56,5	
58,5	
57,5
MGNZ	
СМЗ-ао
27	
183 280	
4 950	
4 850	
4 850	
5 010	
4 930
KMEZ	
КМЗ
126	
179 174	
521	
504	
503	
534,5	
514
KUBE	
Кубанэнр
27	
165 739	
70,2	
70,9	
70	
70,9	
70,6
MAGEP	
МагадЭн ап
19	
162 500	
6,02	
5,98	
5,93	
6,25	
6,07
KRSB	
Красэсб ао
37	
160 809	
7,12	
7,18	
7,05	
7,18	
7,12
PMSBP	
ПермьЭнС-п
55	
150 698	
130	
130,4	
129,6	
130,4	
130
NNSB	
ТНСэнНН ао
55	
150 635	
2 010	
2 045	
1 960	
2 055	
2 030
DVEC	
ДЭК ао
108	
150 287	
0,905	
0,905	
0,901	
0,911	
0,903
TGKBP	
ТГК-2 ап
82	
132 417	
0,00659	
0,00669	
0,00649	
0,0067	
0,00654
RUSP	
Русполимет
103	
130 253	
0,6415	
0,647	
0,636	
0,647	
0,639
TUZA	
ТЗА ао
23	
127 830	
102	
103	
102	
104	
102
MAGE	
МагадЭн ао
18	
125 520	
5,98	
5,97	
5,82	
6,15	
5,93
TORSP	
ТРК ап
7	
120 580	
0,2805	
0,281	
0,28	
0,2825	
0,2805
KGKC	
КурганГКао
35	
120 425	
54,5	
54,5	
54	
55	
54,5
AVAN	
Авангрд-ао
33	
113 890	
815	
815	
810	
820	
820
VRSBP	
ТНСэнВор-п
20	
113 150	
43,5	
44	
43	
44	
43,5
RKKE	
ЭнергияРКК
16	
111 100	
6 540	
6 600	
6 470	
6 600	
6 480
PRMB	
Приморье
4	
105 000	
26 200	
26 400	
26 200	
26 400	
26 200
CHMK	
ЧМК ао
24	
103 860	
2 475	
2 455	
2 450	
2 490	
2 470
IGST	
Ижсталь2ао
44	
101 609	
924	
939	
902	
941	
933
WTCM	
ЦМТ ао
26	
98 980	
8,76	
8,68	
8,68	
8,82	
8,82
WTCMP	
ЦМТ ап
27	
98 784	
8,04	
8,04	
8	
8,14	
8,14
CHKZ	
ЧКПЗ ао
7	
97 900	
5 160	
5 140	
5 140	
5 200	
5 200
KRSBP	
Красэсб ап
34	
95 574	
7,24	
7,44	
7,08	
7,48	
7,2
VRSB	
ТНСэнВорон
12	
93 460	
66,8	
67	
66,6	
67	
67
VZRZP	
Возрожд-п
22	
87 700	
302,4	
298,8	
298,8	
305	
301,6
USBN	
УралСиб ао
15	
83 899	
0,0666	
0,0667	
0,0663	
0,0667	
0,0663
RLMNP	
Роллман-п
55	
82 194	
18,06	
17,88	
17,82	
18,38	
18,1
ARSA	
Арсагера
19	
81 690	
3,71	
3,76	
3,67	
3,87	
3,68
KUZB	
КузнецкийБ
84	
79 715	
0,01367	
0,01361	
0,01361	
0,01388	
0,01362
KROT	
КрасОкт-ао
15	
79 540	
361,5	
364,5	
360	
364,5	
363
MRKU	
МРСК Ур
35	
74 656	
0,1358	
0,1352	
0,135	
0,1378	
0,1356
TORS	
ТРК ао
14	
74 490	
0,392	
0,392	
0,386	
0,393	
0,393
TNSE	
ТНСэнрг ао
25	
73 755	
985	
990	
980	
990	
985
EELT	
ЕвроЭлтех
103	
73 606	
8,08	
8,14	
8	
8,14	
8,06
KBTK	
КузбТК ао
24	
71 490	
143	
144,6	
142,6	
144,6	
142,6
VSYD	
ВыбСудЗ ао
10	
70 380	
3 910	
3 900	
3 900	
3 990	
3 990
DZRDP	
iДонскЗР п
27	
53 920	
1 540	
1 560	
1 500	
1 570	
1 530
NKSH	
Нижкамшина
13	
52 942	
22,06	
22,06	
22,04	
22,08	
22,08
KTSB	
КСБ ао
21	
52 922	
0,608	
0,61	
0,604	
0,61	
0,604
KROTP	
КрасОкт-1п
9	
50 125	
264	
266	
258,5	
267	
260,5
PAZA	
ПавлАвт ао
6	
48 280	
8 050	
8 130	
7 890	
8 130	
7 940
URKZ	
УрКузница
3	
48 000	
16 000	
15 840	
15 840	
16 080	
16 080
KRKN	
СаратНПЗ
4	
47 400	
11 850	
11 800	
11 800	
11 900	
11 850
YRSBP	
ТНСэнЯр-п
7	
46 675	
88	
89	
88	
89,5	
88
ELTZ	
Электрцинк
57	
46 644	
163	
162	
162	
164,5	
164,5
GAZAP	
ГАЗ ап
11	
46 010	
306,5	
307	
303	
309,5	
307
IGSTP	
Ижсталь ап
12	
45 450	
842	
848	
835	
848	
835
VJGZ	
Варьеган
28	
44 104	
604	
604	
600	
614	
600
ROSB	
Росбанк ао
25	
42 486	
75,8	
76,4	
75	
77	
75,8
KBSB	
ТНСэКубань
20	
41 770	
134,5	
135,5	
134	
136	
134,5
KRKOP	
ТКЗКК ап
15	
41 364	
8,275	
8,325	
8,25	
8,325	
8,25
VLHZ	
ВХЗ-ао
11	
35 428	
53,7	
54	
53,55	
54,25	
53,55
KTSBP	
КСБ ап
4	
34 240	
0,2855	
0,2865	
0,284	
0,2865	
0,286
LPSB	
ЛЭСК ао
18	
32 850	
8	
8,05	
7,95	
8,1	
8
RTSB	
ТНСэнРст
5	
32 850	
0,55	
0,555	
0,545	
0,555	
0,55
SAREP	
СаратЭн-ап
17	
30 032	
0,1072	
0,1102	
0,1052	
0,1102	
0,1068
VJGZP	
Варьеган-п
9	
29 280	
325	
320	
320	
328	
326
KAZTP	
Куйбазот-п
6	
28 952	
152,4	
152,6	
152,2	
152,6	
152,4
RTGZ	
ГазпРнД ао
1	
27 700	
27 700	
27 700	
27 700	
27 700	
27 700
RUSI	
ИКРУСС-ИНВ
7	
26 610	
38	
38,1	
37,7	
38,4	
37,8
UCSS	
ОКС ао
5	
26 100	
1 450	
1 450	
1 450	
1 450	
1 450
SAGOP	
СамарЭн-ап
5	
23 770	
0,475	
0,477	
0,471	
0,477	
0,476
MISB	
ТНСэнМарЭл
8	
22 820	
12	
12,1	
11,9	
12,1	
12
MGTS	
МГТС-5ао
6	
21 780	
2 180	
2 180	
2 170	
2 180	
2 180
LVHK	
Левенгук
19	
20 440	
8,18	
8,19	
8,14	
8,22	
8,17
RZSB	
РязЭнСб
4	
17 124	
9,02	
9,02	
9	
9,02	
9
GAZA	
ГАЗ ао
4	
15 665	
391,5	
388,5	
388,5	
393	
392,5
YRSB	
ТНСэнЯр
3	
13 980	
174	
180	
174	
180	
174
MISBP	
ТНСэМаЭл-п
6	
9 460	
11,8	
11,8	
11,8	
11,9	
11,8
UKUZ	
ЮжКузб. ао
9	
9 018	
502	
504	
500	
504	
502
MFGSP	
Мегион-ап
3	
8 550	
285	
285,5	
284	
285,5	
285
VSYDP	
ВыбСудЗ ап
2	
7 620	
3 820	
3 760	
3 760	
3 860	
3 860
JNOSP	
Слав-ЯНОСп
5	
6 846	
13,7	
13,78	
13,54	
13,82	
13,62
DZRD	
iДонскЗР
3	
6 220	
2 075	
2 070	
2 070	
2 075	
2 075
JNOS	
Славн-ЯНОС
1	
5 400	
18	
18	
18	
18	
18
RTSBP	
ТНСэнРст-п
1	
4 900	
0,49	
0,49	
0,49	
0,49	
0,49
MRKK	
Россети СК
5	
3 672	
24,48	
24,68	
24,42	
24,68	
24,46
MFGS	
Мегион-ао
1	
3 200	
320	
320	
320	
320	
320
BISV	
БашИнСв ао
0	
0	
-	
-	
-	
-	
8,7
DERZP	
Держава ап
0	
0	
-	
-	
-	
-	
-
GAZC	
ГАЗКОН-ао
0	
0	
-	
-	
-	
-	
295
GAZS	
ГАЗ-сервис
0	
0	
-	
-	
-	
-	
293
GAZT	
ГАЗ-Тек ао
0	
0	
-	
-	
-	
-	
85
GTSS	
ГЕОТЕК ао
0	
0	
-	
-	
-	
-	
-
HIMC	
Химпром ао
0	
0	
-	
-	
-	
-	
0,99
KMTZ	
КосогМЗ ао
0	
0	
-	
-	
-	
-	
-
KRKO	
ТКЗКК ао
0	
0	
-	
-	
-	
-	
11,8
KSGR	
Кокс ао
0	
0	
-	
-	
-	
-	
-
KUNF	
КУЗОЦМ ао
0	
0	
-	
-	
-	
-	
-
KZMS	
КЗМС ао
0	
0	
-	
-	
-	
-	
226
MFON	
МегаФон ао
0	
0	
-	
-	
-	
-	
650,6
MOBB	
МосОблБанк
0	
0	
-	
-	
-	
-	
0,698
MORI	
Морион ао
0	
0	
-	
-	
-	
-	
4,31
NPOF	
Физика ао
0	
0	
-	
-	
-	
-	
11 850
OMZZP	
ОМЗ-ап
0	
0	
-	
-	
-	
-	
3 460
PRTK	
ПРОТЕК ао
0	
0	
-	
-	
-	
-	
99,6
TASB	
ТамбЭнСб
0	
0	
-	
-	
-	
-	
0,4005
TRCN	
ТрансК ао
0	
0	
-	
-	
-	
-	
8 595
MOBB	
МосОблБанк
0	
0	
-	
-	
-	
-	
0,698
URKA	
Уркалий-ао
0	
0	
-	
-	
-	
-	
119,04
VZRZ	
Возрожд-ао
0	
0	
-	
-	
-	
-	
480