GAZP	
ГАЗПРОМ ао
140 002	
13 487 017 630	
182,28	
180,6	
179,8	
184,27	
181,82
SBER	
Сбербанк
53 795	
10 392 614 438	
209,83	
210,29	
207,65	
211,8	
211,11
LKOH	
ЛУКОЙЛ
47 563	
10 173 755 983	
4 941,5	
4 901,5	
4 865	
4 997	
4 931,5
GMKN	
ГМКНорНик
38 551	
6 181 246 866	
17 958	
17 862	
17 692	
18 194	
17 872
PLZL	
Полюс
24 766	
3 285 868 774	
13 139	
12 840	
12 825,5	
13 320	
13 206,5
YNDX	
Yandex clA
31 243	
3 139 359 369	
3 836,6	
3 762	
3 762	
3 896,4	
3 860
ROSN	
Роснефть
19 678	
2 994 067 546	
358,65	
355,1	
353,35	
362,95	
356
SNGS	
Сургнфгз
19 690	
2 012 767 415	
37,59	
37,6	
36,68	
38,465	
36,98
TATN	
Татнфт 3ао
15 428	
1 537 611 866	
551,5	
550	
546,4	
555,7	
551
POLY	
Polymetal
15 934	
1 361 086 597	
1 443,4	
1 420,9	
1 417,3	
1 455,4	
1 453,9
MOEX	
МосБиржа
22 715	
1 281 919 329	
125,14	
125,29	
123,78	
125,83	
125,5
AFLT	
Аэрофлот
24 100	
1 274 728 987	
82,3	
81,8	
81,26	
83,3	
82,36
MGNT	
Магнит ао
14 106	
1 196 056 813	
4 287,5	
4 265	
4 237,5	
4 333	
4 276
SNGSP	
Сургнфгз-п
11 522	
982 273 957	
36,125	
36	
35,805	
36,235	
36,14
NVTK	
Новатэк ао
11 271	
967 996 202	
1 069,8	
1 062,8	
1 057,4	
1 075	
1 069
MTSS	
МТС-ао
12 226	
878 597 806	
318,35	
317,55	
316,1	
319,95	
319,95
SBERP	
Сбербанк-п
15 396	
854 412 260	
192,7	
192,53	
191,25	
193,86	
192,93
IRAO	
ИнтерРАОао
9 088	
826 191 511	
5,0085	
5,032	
4,9845	
5,035	
4,997
SIBN	
Газпрнефть
13 433	
806 626 303	
319,15	
322,55	
316,5	
323,5	
317,1
ALRS	
АЛРОСА ао
16 477	
780 523 766	
63,27	
62,91	
62,36	
63,81	
63,48
CHMF	
СевСт-ао
15 373	
741 491 014	
883,2	
880	
875,4	
891	
882,4
VTBR	
ВТБ ао
26 803	
711 928 780	
0,03493	
0,035	
0,03474	
0,035055	
0,034845
TRNFP	
Транснф ап
2 410	
607 083 500	
135 250	
135 400	
134 150	
136 700	
134 150
MAGN	
ММК
7 591	
585 225 390	
38,86	
38,685	
38,4	
39,055	
39
NLMK	
НЛМК ао
7 339	
487 562 507	
138,34	
137,16	
136,68	
139,26	
138,42
AFKS	
Система ао
10 422	
464 909 813	
17,921	
17,57	
17,393	
18,201	
17,95
FIVE	
FIVE-гдр
5 525	
446 241 049	
2 478	
2 491	
2 455,5	
2 505,5	
2 493
HYDR	
РусГидро
11 453	
392 747 387	
0,7563	
0,7602	
0,745	
0,7722	
0,7484
RSTI	
Россети ао
5 500	
281 160 979	
1,5124	
1,5319	
1,5002	
1,5319	
1,5049
FEES	
ФСК ЕЭС ао
8 007	
270 661 853	
0,18546	
0,1864	
0,1805	
0,18728	
0,1848
CBOM	
МКБ ао
8 036	
244 074 158	
5,594	
5,59	
5,56	
5,627	
5,627
RUAL	
РУСАЛ ао
10 114	
241 752 602	
25,895	
25,77	
25,605	
26,145	
25,8
TATNP	
Татнфт 3ап
5 585	
229 242 868	
530,5	
528	
525,4	
534,5	
530,3
MAIL	
MAIL-гдр
10 247	
213 692 842	
1 815,6	
1 808,8	
1 790	
1 845	
1 811,8
POGR	
Petropavl
4 315	
209 743 058	
26,505	
26,255	
26	
26,8	
26,5
UNKL	
ЮУНК ао
7 252	
209 348 260	
12 000	
9 740	
9 330	
12 700	
12 700
OGKB	
ОГК-2 ао
6 767	
193 996 199	
0,7468	
0,7373	
0,7272	
0,7634	
0,7553
TCSG	
TCS-гдр
5 644	
169 655 457	
1 560	
1 543	
1 536,2	
1 585	
1 583
DSKY	
ДетскийМир
5 756	
133 033 782	
108,22	
106,22	
106,22	
109,02	
108,54
PHOR	
ФосАгро ао
2 762	
129 944 355	
2 613	
2 604	
2 595	
2 632	
2 604
SFIN	
САФМАР ао
651	
125 152 460	
513	
513	
510	
514,4	
512
LNZL	
Лензолото
3 448	
123 027 610	
12 200	
11 300	
10 960	
12 850	
12 120
RTKM	
Ростел -ао
3 495	
117 636 308	
86,57	
85,91	
85,91	
87,07	
86,5
RUGR	
Русгрэйн
27 003	
98 026 163	
8,882	
6,892	
6,89	
9,642	
9,642
ETLN	
ETLN-гдр
2 937	
76 645 356	
100	
99,8	
98,2	
101,5	
101
TRMK	
ТМК ао
500	
73 986 115	
59,88	
59,96	
59,78	
60	
59,86
CHMK	
ЧМК ао
5 360	
71 590 300	
3 020	
2 490	
2 485	
3 370	
2 865
MTLRP	
Мечел ап
3 039	
70 896 143	
84,7	
84,5	
83,5	
85,5	
84,8
UPRO	
Юнипро ао
2 114	
64 799 383	
2,835	
2,833	
2,813	
2,844	
2,84
PIKK	
ПИК ао
2 224	
62 294 873	
425	
426	
418,1	
427,3	
425,8
LSRG	
ЛСР ао
3 346	
60 027 837	
707,8	
708	
703,8	
715,6	
708,6
RASP	
Распадская
1 866	
59 919 092	
107,92	
104,82	
104,5	
109,26	
109
NMTP	
НМТП ао
2 832	
59 380 302	
10,64	
10,555	
10,555	
10,67	
10,645
BANEP	
Башнефт ап
2 954	
59 127 343	
1 335,5	
1 334	
1 326,5	
1 346	
1 326,5
MSNG	
+МосЭнерго
2 023	
47 947 183	
2,0535	
2,0515	
2,0405	
2,078	
2,067
MTLR	
Мечел ао
4 507	
44 887 809	
63,51	
63,54	
63,21	
63,92	
63,21
AGRO	
AGRO-гдр
2 421	
44 686 644	
676,2	
677,2	
667,6	
682,2	
677
TGKA	
ТГК-1
3 578	
42 006 084	
0,011904	
0,011902	
0,011712	
0,012086	
0,011814
BSPB	
БСП ао
3 469	
41 512 096	
41,62	
40,85	
40,37	
42,28	
42,12
QIWI	
iQIWI
1 922	
40 883 694	
1 300,5	
1 289	
1 267	
1 319	
1 302,5
NKNCP	
НКНХ ап
3 241	
33 468 638	
80,6	
78,24	
78,14	
81,32	
81,06
CNTL	
Телеграф
1 254	
32 542 105	
27,45	
27,25	
26,9	
27,85	
27,25
MVID	
М.видео
1 183	
31 589 153	
396,5	
395,2	
391,9	
399,2	
395
CNTLP	
Телеграф-п
1 417	
23 489 346	
26,94	
26,62	
26,6	
27,1	
26,9
AQUA	
РусАква ао
886	
23 001 920	
190,5	
193	
189,5	
196	
190
URKZ	
УрКузница
597	
19 982 600	
20 780	
19 000	
19 000	
21 900	
20 720
RTKMP	
Ростел -ап
1 431	
17 914 582	
80,45	
80	
79,8	
80,95	
80,25
BLNG	
Белон ао
2 686	
17 467 525	
4,972	
4,268	
4,13	
5,498	
5,244
APTK	
Аптеки36и6
5 407	
16 903 668	
13,544	
13,846	
13,36	
13,858	
13,56
ENRU	
ЭнелРос ао
1 695	
16 857 968	
0,9455	
0,9455	
0,938	
0,952	
0,945
OBUV	
ОР ао
1 389	
12 832 877	
33,05	
32,5	
32,35	
33,5	
33,05
LNTA	
Лента др
1 871	
11 511 773	
173,6	
172,9	
172,9	
174,5	
173,6
MRKV	
РсетВол ао
763	
11 367 937	
0,07555	
0,07315	
0,0729	
0,07615	
0,0745
BANE	
Башнефт ао
939	
10 830 320	
1 734	
1 726	
1 723	
1 754,5	
1 729,5
FESH	
ДВМП ао
623	
10 132 069	
7,58	
7,46	
7,45	
7,68	
7,6
AKRN	
Акрон
394	
9 490 204	
5 582	
5 566	
5 560	
5 610	
5 600
MRKP	
МРСК ЦП
640	
8 300 545	
0,1969	
0,1971	
0,1955	
0,1997	
0,1966
LNZLP	
Лензол. ап
470	
7 482 270	
4 140	
4 055	
4 045	
4 295	
4 130
SAGO	
СамарЭн-ао
423	
7 215 380	
0,502	
0,422	
0,42	
0,588	
0,508
LSNGP	
РСетиЛЭ-п
617	
6 615 612	
154,95	
154,85	
153,85	
155,9	
155,25
ISKJ	
iИСКЧ ао
661	
6 446 251	
25,17	
25,2	
25,01	
25,64	
25,1
RSTIP	
Россети ап
540	
6 429 610	
2,059	
2,025	
2,025	
2,08	
2,046
TGKB	
ТГК-2
287	
6 137 410	
0,003925	
0,003875	
0,00385	
0,00402	
0,00394
KRKNP	
СаратНПЗ-п
221	
5 929 940	
15 560	
15 560	
15 460	
15 660	
15 560
SAGOP	
СамарЭн-ап
514	
5 869 140	
0,497	
0,404	
0,404	
0,559	
0,435
VSMO	
ВСМПО-АВСМ
150	
5 845 480	
18 320	
18 320	
18 200	
18 400	
18 260
ENPG	
ЭН+ГРУП ао
275	
5 799 566	
592,5	
594,5	
585,5	
596	
587,5
RNFT	
РуссНфт ао
1 437	
5 469 361	
515,6	
508,2	
455,2	
525,4	
508,2
LIFE	
iФармсинтз
552	
5 135 446	
6,735	
6,705	
6,66	
6,82	
6,745
KBSB	
ТНСэКубань
729	
4 992 860	
137	
154	
134	
154	
143
MRKC	
МРСК Центр
562	
4 831 859	
0,2806	
0,2782	
0,2764	
0,2842	
0,2812
ZILL	
ЗИЛ ао
369	
4 596 295	
2 670	
2 605	
2 580	
2 750	
2 605
NKNC	
НКНХ ао
643	
4 334 309	
94,15	
93,1	
92,3	
95	
94,45
SELG	
Селигдар
564	
4 096 758	
26,31	
26	
26	
26,49	
26,34
DIOD	
ЗаводДИОД
621	
3 993 959	
6,51	
6,56	
6,35	
6,68	
6,47
VGSB	
ВолгЭнСб
96	
3 753 240	
1,625	
1,615	
1,58	
1,655	
1,625
MSRS	
РСетиМР ао
236	
3 698 423	
1,1065	
1,1005	
1,093	
1,1195	
1,1135
YAKG	
ЯТЭК ао
26	
3 481 720	
41,35	
41,35	
41,35	
41,4	
41,35
GCHE	
ЧеркизГ-ао
408	
3 318 919	
1 747	
1 732,5	
1 732,5	
1 755	
1 743
NFAZ	
Нефтекамск
208	
3 260 264	
163,2	
159,4	
156,4	
171	
165,4
KMAZ	
КАМАЗ
452	
2 918 097	
57,7	
58,5	
56,9	
58,6	
57,8
SVAV	
СОЛЛЕРС
160	
2 721 790	
265,5	
261	
261	
268	
265,5
KZOS	
ОргСинт ао
397	
2 233 623	
86,4	
87,4	
85	
87,4	
86,8
RGSS	
РГС СК ао
322	
2 096 972	
0,1518	
0,1542	
0,1482	
0,157	
0,1504
DVEC	
ДЭК ао
261	
2 054 007	
1,017	
1,036	
0,999	
1,045	
1,033
MAGEP	
МагадЭн ап
18	
1 970 280	
6,095	
5,57	
5,57	
6,115	
6,095
ROLO	
Русолово
189	
1 958 838	
3,926	
3,852	
3,846	
4,018	
3,938
MSTT	
Мостотрест
214	
1 920 696	
152,3	
150,85	
150,8	
155,2	
152,95
MGTSP	
МГТС-4ап
140	
1 892 670	
1 988	
1 980	
1 970	
2 000	
1 996
KOGK	
КоршГОК ао
33	
1 793 200	
48 400	
49 600	
47 200	
49 600	
48 800
GEMA	
iММЦБ ао
149	
1 447 349	
611,5	
609	
607	
615	
613
AMEZ	
АшинскийМЗ
329	
1 421 347	
4,06	
4,05	
4	
4,1	
4,035
MRKU	
МРСК Ур
45	
1 305 862	
0,1566	
0,1558	
0,1558	
0,157	
0,1564
SELGP	
Селигдар-п
77	
1 196 120	
26,8	
26,35	
26,35	
27,1	
26,65
ALNU	
АЛРОСА-Нюр
18	
1 100 800	
55 000	
54 800	
54 600	
56 200	
54 600
STSBP	
СтаврЭнСбп
257	
1 060 543	
0,343	
0,345	
0,338	
0,3495	
0,344
CHEP	
ЧТПЗ ао
152	
1 003 840	
197	
197	
194,5	
198,5	
197
IGST	
Ижсталь2ао
159	
990 664	
887	
834	
834	
915	
900
UTAR	
ЮТэйр ао
137	
939 560	
7,24	
7,17	
7,17	
7,49	
7,21
UKUZ	
ЮжКузб. ао
150	
938 388	
554	
538	
536	
588	
546
PMSBP	
ПермьЭнС-п
199	
910 880	
127,4	
128,8	
115	
132,6	
128,4
SLEN	
Сахэнер ао
113	
850 268	
4,655	
4,845	
4,535	
4,845	
4,695
UWGN	
ОВК ао
207	
832 742	
234,4	
235,8	
233	
236,3	
233,6
IGSTP	
Ижсталь ап
179	
811 183	
685	
652	
639	
709	
700
UNAC	
iАвиастКао
139	
787 429	
0,4705	
0,467	
0,467	
0,4735	
0,4705
BELU	
Белуга ао
143	
781 142	
1 351	
1 363	
1 326	
1 370	
1 360
TGKBP	
ТГК-2 ап
51	
759 100	
0,00696	
0,00691	
0,00684	
0,00704	
0,00698
BRZL	
БурЗолото
154	
750 710	
839	
824	
824	
859	
838
MGTS	
МГТС-5ао
98	
716 345	
2 290	
2 360	
2 255	
2 360	
2 295
LSNG	
РСетиЛЭ
140	
671 175	
5,95	
5,97	
5,93	
5,97	
5,96
VLHZ	
ВХЗ-ао
80	
634 736	
49	
48,9	
48,65	
49,4	
49,35
RUSP	
Русполимет
60	
616 145	
0,6225	
0,6115	
0,6115	
0,63	
0,621
VZRZP	
Возрожд-п
79	
567 088	
311,6	
318,6	
308,2	
319	
315
IRGZ	
ИркЭнерго
144	
552 380	
11,44	
11,62	
11,34	
11,62	
11,36
KLSB	
КалужскСК
146	
550 168	
11,21	
11,18	
11,11	
11,29	
11,23
ASSB	
АстрЭнСб
176	
542 114	
0,7265	
0,7305	
0,707	
0,7435	
0,734
NAUK	
iНПОНаука
103	
526 380	
177,8	
179,8	
175,8	
182,8	
182
TTLK	
Таттел. ао
81	
502 725	
0,281	
0,2805	
0,28	
0,282	
0,28
RBCM	
РБК ао
162	
481 335	
3,158	
3,176	
3,14	
3,18	
3,18
MRKY	
РоссЮг ао
93	
446 323	
0,04885	
0,0495	
0,0484	
0,0495	
0,049
IRKT	
ИРКУТ-3
49	
441 932	
34,54	
34,7	
34,04	
34,7	
34,48
VSYD	
ВыбСудЗ ао
58	
426 350	
3 910	
4 120	
3 790	
4 120	
3 900
INGR	
ИНГРАД ао
108	
425 726	
724	
722	
722	
727	
724
MGNZ	
СМЗ-ао
70	
410 110	
4 140	
4 310	
4 030	
4 360	
4 120
TGKN	
ТГК-14
35	
404 570	
0,00306	
0,00302	
0,00302	
0,0031	
0,0031
MRKZ	
МРСК СЗ
69	
397 065	
0,04955	
0,0497	
0,0494	
0,04985	
0,04965
KRKOP	
ТКЗКК ап
192	
387 207	
6,105	
6,245	
6,005	
6,275	
6,04
HIMCP	
Химпром ап
58	
364 236	
5,92	
5,94	
5,9	
5,96	
5,94
UCSS	
ОКС ао
104	
357 170	
1 460	
1 450	
1 430	
1 470	
1 470
MRKK	
Россети СК
287	
348 366	
25,36	
25,86	
24,92	
25,88	
25,82
OMZZP	
ОМЗ-ап
69	
328 895	
3 320	
3 340	
3 270	
3 405	
3 300
GTRK	
ГТМ ао
138	
317 895	
42	
41,6	
41,6	
42,15	
42,15
MAGE	
МагадЭн ао
11	
315 820	
7,02	
6,99	
6,97	
7,26	
7
TGKD	
Квадра
69	
301 776	
0,003045	
0,00302	
0,00302	
0,00307	
0,00307
MRKS	
РсетСиб ао
39	
290 130	
0,236	
0,237	
0,233	
0,238	
0,2355
NKHP	
НКХП ао
53	
284 545	
231,5	
229	
229	
232,5	
230,5
RTGZ	
ГазпРнД ао
9	
260 300	
23 650	
22 850	
22 850	
24 100	
23 800
BISVP	
БашИнСв ап
49	
250 545	
8,32	
8,26	
8,26	
8,39	
8,28
SARE	
СаратЭн-ао
5	
239 508	
0,118	
0,1178	
0,116	
0,118	
0,118
KZOSP	
ОргСинт ап
270	
232 279	
11,84	
11,96	
11,75	
11,96	
11,82
RLMN	
Роллман
65	
226 870	
18,55	
18,55	
18,4	
18,75	
18,5
VJGZP	
Варьеган-п
23	
226 820	
344	
336	
333	
350	
349
DZRDP	
iДонскЗР п
45	
218 580	
1 600	
1 600	
1 570	
1 620	
1 590
RDRB	
РДБанк ао
33	
213 550	
235	
245	
230	
245	
235
KAZT	
Куйбазот
10	
205 240	
149,8	
149	
148,6	
150,2	
149,6
PMSB	
ПермьЭнСб
60	
201 768	
129,3	
127,7	
127,7	
130,8	
129,7
VSYDP	
ВыбСудЗ ап
19	
200 060	
4 000	
4 100	
3 920	
4 100	
4 100
ARSA	
Арсагера
29	
196 610	
3,22	
3,2	
3,16	
3,3	
3,26
ROST	
РОСИНТЕРао
35	
195 776	
59,8	
60,2	
59	
60,8	
60,8
USBN	
УралСиб ао
53	
189 950	
0,0674	
0,0669	
0,0668	
0,0683	
0,0677
RKKE	
ЭнергияРКК
23	
188 290	
5 090	
5 030	
5 030	
5 140	
5 130
KCHE	
КамчатЭ ао
45	
187 015	
0,201	
0,1985	
0,198	
0,206	
0,1995
TASBP	
ТамбЭнСб-п
37	
183 025	
0,352	
0,3525	
0,347	
0,3595	
0,349
RTSB	
ТНСэнРст
33	
182 200	
0,37	
0,38	
0,365	
0,38	
0,375
WTCM	
ЦМТ ао
21	
179 326	
8,8	
8,76	
8,66	
8,84	
8,74
ABRD	
АбрауДюрсо
50	
175 010	
129,5	
130	
129	
130	
130
GAZAP	
ГАЗ ап
29	
154 755	
309,5	
311,5	
305,5	
312	
308
KUZB	
КузнецкийБ
160	
148 217	
0,01531	
0,01566	
0,01511	
0,01566	
0,01543
GAZA	
ГАЗ ао
20	
142 250	
384,5	
381	
380	
390	
389
NKSH	
Нижкамшина
7	
140 460	
22,3	
22,8	
22,1	
22,8	
22,3
KRSB	
Красэсб ао
8	
135 430	
6,45	
6,49	
6,42	
6,49	
6,42
KRSBP	
Красэсб ап
14	
128 780	
6,78	
6,78	
6,72	
6,9	
6,74
ALBK	
БестЭфБ ао
31	
117 195	
53	
52	
51,5	
54	
53
CHKZ	
ЧКПЗ ао
6	
114 980	
5 220	
5 260	
5 220	
5 280	
5 260
RLMNP	
Роллман-п
13	
112 391	
19,68	
19,18	
19,18	
19,94	
19,7
YKEN	
Якутскэнрг
20	
111 030	
0,347	
0,3495	
0,345	
0,351	
0,345
VRSBP	
ТНСэнВор-п
15	
108 650	
45,5	
46	
45	
46	
45,5
RUSI	
ИКРУСС-ИНВ
18	
107 950	
37,2	
37,1	
37	
37,8	
37,7
WTCMP	
ЦМТ ап
15	
105 210	
8,1	
8,08	
8,06	
8,1	
8,1
JNOSP	
Слав-ЯНОСп
49	
102 868	
13,54	
13,6	
13,46	
13,9	
13,5
MISB	
ТНСэнМарЭл
31	
102 750	
12,4	
12,7	
12,1	
12,7	
12,3
MISBP	
ТНСэМаЭл-п
32	
101 540	
12,2	
12,2	
12	
12,6	
12,4
LPSB	
ЛЭСК ао
40	
99 870	
7,6	
7,7	
7,55	
7,75	
7,7
KROT	
КрасОкт-ао
18	
96 940	
346	
344,5	
344	
349	
346,5
DZRD	
iДонскЗР
33	
93 715	
1 995	
1 995	
1 960	
2 040	
2 020
PRMB	
Приморье
4	
90 600	
22 600	
22 000	
22 000	
23 000	
23 000
NSVZ	
НаукаСвяз
25	
86 790	
222,5	
220,5	
220,5	
225,5	
224,5
KRKN	
СаратНПЗ
6	
76 650	
12 800	
12 900	
12 700	
12 900	
12 700
KMEZ	
КМЗ
25	
76 553	
453	
450,5	
449	
454,5	
454,5
PAZA	
ПавлАвт ао
10	
74 990	
7 500	
7 530	
7 400	
7 640	
7 570
KAZTP	
Куйбазот-п
17	
71 228	
145,4	
144	
143,6	
147,2	
147
LVHK	
Левенгук
32	
70 365	
7,91	
7,84	
7,82	
7,95	
7,94
TASB	
ТамбЭнСб
11	
68 625	
0,429	
0,4295	
0,421	
0,4325	
0,421
VRSB	
ТНСэнВорон
11	
65 880	
50,8	
50,6	
50	
51,2	
50,4
TUZA	
ТЗА ао
13	
64 790	
94	
93	
93	
95	
95
MRSB	
МордЭнСб
10	
63 960	
0,337	
0,335	
0,335	
0,34	
0,339
VJGZ	
Варьеган
21	
62 715	
586	
573	
573	
594	
589
RAVN	
Raven
8	
61 490	
29,3	
29,3	
29,1	
29,7	
29,3
KBTK	
КузбТК ао
23	
59 360	
152,2	
153,2	
151,4	
153,2	
151,6
RZSB	
РязЭнСб
5	
56 160	
9,36	
9,34	
9,32	
9,42	
9,42
ELTZ	
Электрцинк
38	
55 680	
163	
160,5	
160,5	
164,5	
162,5
CHGZ	
РН-ЗапСиб
8	
54 680	
34	
34,6	
34	
34,6	
34,4
KGKC	
КурганГКао
6	
52 510	
53	
53	
52	
53	
53
VGSBP	
ВолгЭнСб-п
23	
49 505	
1,125	
1,09	
1,085	
1,14	
1,14
KUBE	
Кубанэнр
19	
44 446	
70,5	
70,6	
70	
70,9	
70,8
YRSB	
ТНСэнЯр
9	
42 960	
166	
166	
164	
166	
166
MFGSP	
Мегион-ап
12	
39 080	
325,5	
331	
321	
331	
325,5
RTSBP	
ТНСэнРст-п
9	
35 380	
0,295	
0,299	
0,292	
0,299	
0,293
KGKCP	
КурганГКап
6	
34 975	
54	
53,5	
53,5	
54	
54
STSB	
СтаврЭнСб
23	
33 416	
0,3795	
0,385	
0,3765	
0,385	
0,3825
TORS	
ТРК ао
7	
29 980	
0,375	
0,375	
0,369	
0,376	
0,376
TORSP	
ТРК ап
8	
28 480	
0,259	
0,2575	
0,2575	
0,2605	
0,259
ROSB	
Росбанк ао
13	
24 306	
71,6	
71,2	
70,6	
72	
70,8
TNSE	
ТНСэнрг ао
7	
24 085	
965	
965	
960	
970	
970
KTSBP	
КСБ ап
8	
23 475	
0,261	
0,263	
0,2525	
0,263	
0,2615
KTSB	
КСБ ао
13	
22 712	
0,598	
0,598	
0,594	
0,602	
0,6
AVAN	
Авангрд-ао
18	
21 015	
680	
680	
670	
680	
675
KROTP	
КрасОкт-1п
6	
17 910	
256	
256	
251,5	
258,5	
257,5
KCHEP	
КамчатЭ ап
3	
13 980	
0,349	
0,349	
0,349	
0,351	
0,349
JNOS	
Славн-ЯНОС
4	
13 035	
18,6	
18,55	
18,55	
18,65	
18,6
MFGS	
Мегион-ао
3	
11 020	
367,5	
370	
366	
370	
366
SAREP	
СаратЭн-ап
3	
10 940	
0,0912	
0,0908	
0,0908	
0,0912	
0,0912
YRSBP	
ТНСэнЯр-п
7	
10 200	
85	
83	
83	
87,5	
87,5
NNSB	
ТНСэнНН ао
2	
3 970	
1 325	
1 325	
1 320	
1 325	
1 320
HALS	
Галс-Девел
2	
1 522	
761	
760	
760	
762	
761
NNSBP	
ТНСэнНН ап
1	
588	
588	
588	
588	
588	
588
TGKDP	
Квадра-п
1	
389	
0,00393	
0,003885	
0,003885	
0,003885	
0,003885
GAZC	
ГАЗКОН-ао
0	
0	
-	
-	
-	
-	
295
GTSS	
ГЕОТЕК ао
0	
0	
-	
-	
-	
-	
-
NPOF	
Физика ао
0	
0	
-	
-	
-	
-	
11 850
TRCN	
ТрансК ао
0	
0	
-	
-	
-	
-	
8 595
YKENP	
Якутскэн-п
0	
0	
-	
-	
-	
-	
0,3295
KMTZ	
КосогМЗ ао
0	
0	
-	
-	
-	
-	
-
KZMS	
КЗМС ао
0	
0	
-	
-	
-	
-	
226
TRFM	
ТрансФ ао
0	
0	
-	
-	
-	
-	
-
GAZS	
ГАЗ-сервис
0	
0	
-	
-	
-	
-	
293
HIMC	
Химпром ао
0	
0	
-	
-	
-	
-	
0,99
VZRZ	
Возрожд-ао
0	
0	
-	
-	
-	
-	
480
GAZT	
ГАЗ-Тек ао
0	
0	
-	
-	
-	
-	
85
KSGR	
Кокс ао
0	
0	
-	
-	
-	
-	
-
MOBB	
МосОблБанк
0	
0	
-	
-	
-	
-	
0,698
URKA	
Уркалий-ао
0	
0	
-	
-	
-	
-	
119,04
MFON	
МегаФон ао
0	
0	
-	
-	
-	
-	
650,6
BISV	
БашИнСв ао
0	
0	
-	
-	
-	
-	
8,7
KRKO	
ТКЗКК ао
0	
0	
-	
-	
-	
-	
11,8
MORI	
Морион ао
0	
0	
-	
-	
-	
-	
4,31
ZVEZ	
ЗВЕЗДА ао
0	
0	
-	
-	
-	
-	
4,5
KUNF	
КУЗОЦМ ао
0	
0	
-	
-	
-	
-	
-
PRTK	
ПРОТЕК ао
0	
0	
-	
-	
-	
-	
99,6