SBER	
Сбербанк
125 257	
18 670 648 933	
190,2	
196	
186,06	
196,25	
186,07
LKOH	
ЛУКОЙЛ
89 873	
12 179 441 076	
4 590	
4 800	
4 453	
4 800	
4 484
GAZP	
ГАЗПРОМ ао
87 168	
9 962 241 489	
185,47	
189,15	
182,56	
189,48	
184,25
GMKN	
ГМКНорНик
39 084	
6 812 656 038	
19 924	
20 566	
19 380	
20 732	
19 646
ROSN	
Роснефть
63 944	
6 245 320 503	
314,55	
328	
304,05	
328,35	
307,25
TATN	
Татнфт 3ао
73 363	
5 014 375 469	
520,9	
547,6	
503,3	
548,1	
510,6
PLZL	
Полюс
40 538	
3 490 615 395	
11 758,5	
11 910,5	
11 375,5	
12 164,5	
11 472,5
NVTK	
Новатэк ао
35 075	
3 202 255 985	
962	
1 000,2	
941,6	
1 012,8	
952
VTBR	
ВТБ ао
81 862	
3 058 410 763	
0,03404	
0,03512	
0,033175	
0,035185	
0,03324
SNGS	
Сургнфгз
28 719	
3 049 960 172	
34,055	
35,115	
33,29	
35,25	
33,75
SBERP	
Сбербанк-п
48 704	
2 641 637 240	
174,53	
178,8	
171	
179,5	
172
AFLT	
Аэрофлот
58 827	
2 640 664 305	
72,92	
75,04	
71,72	
75,12	
72,1
MOEX	
МосБиржа
38 003	
2 059 668 162	
104,28	
105,95	
102,11	
106,79	
102,68
YNDX	
Yandex clA
30 156	
2 053 801 681	
2 641,2	
2 718,6	
2 584,4	
2 719,8	
2 588,2
ALRS	
АЛРОСА ао
42 884	
1 913 291 596	
60,97	
63,5	
59,8	
63,65	
59,9
MTSS	
МТС-ао
18 530	
1 661 346 471	
304,2	
311	
300,75	
311	
304
MGNT	
Магнит ао
22 105	
1 599 327 653	
3 267	
3 369,5	
3 215	
3 369,5	
3 244,5
IRAO	
ИнтерРАОао
23 603	
1 526 027 163	
4,962	
5,245	
4,842	
5,2475	
4,8895
POLY	
Polymetal
26 211	
1 356 316 332	
1 440,8	
1 480,9	
1 415,1	
1 490	
1 432
SNGSP	
Сургнфгз-п
15 096	
1 201 059 065	
37,03	
37,69	
36,57	
37,765	
36,75
CHMF	
СевСт-ао
23 016	
1 126 021 603	
866,8	
894	
853,4	
896	
861,2
TATNP	
Татнфт 3ап
34 813	
1 000 618 599	
495,7	
517,2	
481,6	
521	
485
AFKS	
Система ао
26 972	
944 137 513	
13,322	
13,782	
13,11	
13,828	
13,17
NLMK	
НЛМК ао
18 273	
843 056 432	
125,8	
128,04	
124,2	
128,9	
125,32
HYDR	
РусГидро
20 542	
812 428 229	
0,6019	
0,624	
0,5852	
0,6243	
0,5969
SIBN	
Газпрнефть
16 005	
730 211 382	
311,85	
320	
305,1	
323,25	
308,2
FEES	
ФСК ЕЭС ао
17 337	
686 125 008	
0,17256	
0,177	
0,1692	
0,17856	
0,173
RSTI	
Россети ао
17 923	
636 634 498	
1,2799	
1,3155	
1,2512	
1,3299	
1,2562
RTKM	
Ростел -ао
15 555	
588 646 116	
78,96	
78,48	
77,79	
79,93	
77,81
TCSG	
TCS-гдр
10 248	
449 976 867	
930,8	
941,4	
908,2	
948,8	
913,2
UPRO	
Юнипро ао
12 655	
442 341 259	
2,679	
2,782	
2,621	
2,795	
2,678
TRNFP	
Транснф ап
1 894	
437 997 450	
148 750	
154 050	
144 650	
154 050	
145 950
MAGN	
ММК
8 495	
436 200 252	
38,545	
39,74	
37,85	
39,825	
37,93
CBOM	
МКБ ао
14 740	
424 374 046	
5,36	
5,526	
5,27	
5,547	
5,289
RUAL	
RUSAL plc
16 066	
399 067 813	
25,18	
25,8	
24,72	
25,8	
24,975
FIVE	
FIVE-гдр
8 727	
380 818 288	
2 113	
2 168	
2 082,5	
2 180,5	
2 106,5
PHOR	
ФосАгро ао
6 563	
324 400 017	
2 595	
2 595	
2 561	
2 645	
2 615
TRMK	
ТМК ао
5 574	
317 633 102	
57,56	
57,96	
57,32	
57,96	
57,5
DSKY	
ДетскийМир
16 072	
310 942 333	
97,36	
101	
95,14	
101,04	
95,46
BANEP	
Башнефт ап
8 051	
250 446 312	
1 324	
1 364,5	
1 301,5	
1 377,5	
1 305
MTLR	
Мечел ао
13 498	
209 413 163	
63,45	
65,31	
62,15	
65,31	
64,97
LIFE	
iФармсинтз
12 514	
193 743 911	
8,47	
8,115	
7,805	
8,985	
8,8
TGKA	
ТГК-1
10 043	
187 996 841	
0,010724	
0,011106	
0,010376	
0,01118	
0,010486
OGKB	
ОГК-2 ао
12 832	
178 179 000	
0,5819	
0,592	
0,574	
0,5958	
0,5751
AKRN	
Акрон
1 782	
136 521 992	
5 638	
5 714	
5 522	
5 746	
5 740
ISKJ	
iИСКЧ ао
8 914	
132 959 357	
28,09	
21,7	
20,04	
30,06	
30,06
LSRG	
ЛСР ао
10 258	
126 549 266	
578,8	
593	
562	
597,4	
565,2
RASP	
Распадская
2 509	
113 037 024	
98,64	
100,78	
97,26	
101,34	
98,1
QIWI	
iQIWI
4 648	
102 393 034	
923,5	
939,5	
905,5	
954	
905,5
APTK	
Аптеки36и6
17 894	
95 068 825	
13,332	
13,21	
12,8	
13,698	
13,18
NKNCP	
НКНХ ап
4 875	
80 802 760	
83,6	
85	
82,8	
85,38	
83,24
MTLRP	
Мечел ап
4 468	
77 604 650	
62,35	
65,25	
60,8	
65,25	
60,95
AGRO	
AGRO-гдр
5 852	
69 049 145	
613,6	
625,6	
605	
629,2	
613,2
SELG	
Селигдар
5 113	
67 089 509	
23,42	
25,01	
22,25	
25,1	
22,84
MVID	
М.видео
2 375	
64 460 859	
361,7	
371,8	
351,6	
371,8	
353
MSNG	
+МосЭнерго
3 363	
56 331 122	
1,916	
1,9965	
1,87	
2	
1,88
DIOD	
ЗаводДИОД
5 800	
52 345 519	
6,43	
5,02	
4,9	
7,13	
7,13
LNZL	
Лензолото
2 332	
50 685 240	
9 220	
8 620	
8 620	
9 650	
9 080
ENRU	
ЭнелРос ао
3 039	
47 634 611	
0,902	
0,92	
0,88	
0,926	
0,9255
ENPG	
ЭН+ГРУП ао
430	
44 200 853	
552,1	
557	
545	
561,9	
561,2
BANE	
Башнефт ао
2 590	
41 816 332	
1 639	
1 700	
1 613,5	
1 725	
1 613,5
RTKMP	
Ростел -ап
2 998	
35 826 399	
65,6	
67	
64,6	
67,65	
65
LNTA	
Лента др
4 469	
35 256 138	
149,1	
152	
146,3	
153,5	
147,7
PIKK	
ПИК ао
1 717	
35 242 228	
389,7	
393,1	
385	
395,8	
385
BSPB	
БСП ао
3 284	
24 265 429	
42,58	
43,49	
41,76	
44,19	
42,41
MRKP	
МРСК ЦП
1 581	
20 105 280	
0,1683	
0,1746	
0,1658	
0,1749	
0,1663
RSTIP	
Россети ап
1 018	
19 945 454	
1,481	
1,514	
1,452	
1,536	
1,47
NMTP	
НМТП ао
1 777	
19 717 542	
8,505	
8,605	
8,415	
8,69	
8,44
NKNC	
НКНХ ао
1 347	
19 022 739	
101,35	
104,4	
99,75	
104,4	
100,6
MRKV	
МРСКВол
879	
18 805 621	
0,0695	
0,0704	
0,068	
0,0716	
0,06835
RUSP	
Русполимет
1 177	
17 975 650	
0,678	
0,623	
0,6005	
0,75	
0,6195
MRKC	
МРСК Центр
897	
16 720 180	
0,2408	
0,252	
0,2388	
0,252	
0,24
ETLN	
ETLN-гдр
1 021	
16 641 775	
87,52	
89,9	
86,04	
89,9	
86,34
LNZLP	
Лензол. ап
903	
15 943 860	
3 935	
3 855	
3 750	
4 110	
3 885
FESH	
ДВМП ао
1 533	
15 087 493	
6,23	
6,55	
6,03	
6,56	
6,12
BELU	
Белуга ао
839	
13 439 612	
1 472	
1 440	
1 419	
1 600	
1 441
GTRK	
ГТМ ао
1 924	
11 419 792	
43,85	
47,9	
41,5	
48,5	
43
OBUV	
ОР ао
1 831	
10 870 422	
30,5	
31,95	
28	
31,95	
30,1
KZOS	
ОргСинт ао
1 098	
9 263 101	
94,9	
97,9	
93	
98,9	
93,9
TGKB	
ТГК-2
603	
9 053 445	
0,00371	
0,00385	
0,0036	
0,00386	
0,00369
GCHE	
ЧеркизГ-ао
1 281	
8 516 638	
1 743	
1 785	
1 730,5	
1 785	
1 731
VSMO	
ВСМПО-АВСМ
272	
7 813 420	
19 740	
20 200	
19 580	
20 200	
19 620
RNFT	
РуссНфт ао
1 388	
6 658 129	
445	
460	
440	
462,2	
440
CNTLP	
Телеграф-п
848	
6 344 000	
17,78	
18	
17,5	
18,2	
17,52
TGKN	
ТГК-14
397	
6 051 010	
0,00328	
0,00346	
0,00315	
0,00346	
0,0032
MSRS	
МОЭСК
499	
5 866 255	
0,995	
1,01	
0,9765	
1,015	
0,9895
MGTSP	
МГТС-4ап
470	
5 737 116	
2 228	
2 300	
2 180	
2 300	
2 200
RBCM	
РБК ао
866	
5 661 396	
3,036	
3,17	
3	
3,17	
3,008
SFIN	
САФМАР ао
510	
5 413 802	
449,4	
449	
446,2	
454,2	
446,6
TTLK	
Таттел. ао
476	
4 626 435	
0,291	
0,3005	
0,2815	
0,3015	
0,292
AQUA	
РусАква ао
371	
4 594 060	
205,5	
206	
203	
209	
203,5
KRKNP	
СаратНПЗ-п
167	
4 589 940	
15 040	
15 300	
14 900	
15 380	
14 980
VGSB	
ВолгЭнСб
919	
4 529 225	
1,64	
1,535	
1,4	
1,91	
1,555
SVAV	
СОЛЛЕРС
266	
4 489 890	
250,5	
258,5	
249	
261	
250
SELGP	
Селигдар-п
380	
4 461 815	
28,65	
30	
27,7	
30,3	
28,3
PAZA	
ПавлАвт ао
272	
4 443 690	
7 350	
8 120	
6 900	
8 130	
7 400
KMAZ	
КАМАЗ
601	
4 037 618	
53	
54,1	
51,5	
54,8	
52
ROLO	
Русолово
370	
4 035 982	
3,942	
4,19	
3,738	
4,2	
3,834
BRZL	
БурЗолото
243	
3 625 478	
833	
841	
818	
841	
826
UNAC	
iАвиастКао
461	
3 573 153	
0,4835	
0,5005	
0,4715	
0,5025	
0,4765
RGSS	
РГС СК ао
596	
3 434 833	
0,145	
0,1504	
0,1422	
0,1516	
0,1436
RUGR	
Русгрэйн
2 236	
3 239 393	
7,772	
7,99	
7,528	
8,15	
7,55
AMEZ	
АшинскийМЗ
599	
2 714 332	
3,71	
3,84	
3,655	
3,84	
3,675
IRGZ	
ИркЭнерго
302	
2 608 304	
11,26	
11,04	
11	
11,62	
11,24
VGSBP	
ВолгЭнСб-п
586	
2 593 075	
1,105	
0,92	
0,92	
1,24	
1,15
MRKY	
РоссЮг ао
173	
2 506 396	
0,0501	
0,0514	
0,05	
0,0514	
0,05
MSTT	
Мостотрест
291	
2 245 799	
156,95	
158,5	
155,6	
158,5	
155,6
UNKL	
ЮУНК ао
107	
2 201 440	
3 650	
3 870	
3 580	
3 870	
3 610
AVAN	
Авангрд-ао
222	
2 083 225	
900	
855	
855	
920	
900
MOBB	
МосОблБанк
513	
2 064 126	
2,316	
2,576	
2,22	
2,588	
2,326
LVHK	
Левенгук
392	
2 060 971	
8,16	
8,53	
7,88	
8,58	
8,29
MAGE	
МагадЭн ао
157	
1 992 070	
4,06	
4,76	
2,95	
4,97	
4,79
VLHZ	
ВХЗ-ао
465	
1 935 024	
48	
49,45	
47,2	
49,45	
47,7
ALNU	
АЛРОСА-Нюр
31	
1 832 200	
45 800	
46 400	
44 600	
47 000	
46 000
PMSBP	
ПермьЭнС-п
342	
1 789 824	
132,8	
135,6	
127,2	
140,8	
132
TGKD	
Квадра
186	
1 680 537	
0,002885	
0,002995	
0,002835	
0,003	
0,002855
USBN	
УралСиб ао
232	
1 670 282	
0,0689	
0,0701	
0,0675	
0,0709	
0,0685
DASB	
ДагСб ао
310	
1 633 558	
0,093	
0,0994	
0,09	
0,0995	
0,0911
CHEP	
ЧТПЗ ао
181	
1 586 005	
198,5	
200,5	
191	
204,5	
196
CNTL	
Телеграф
252	
1 575 820	
22,25	
22,15	
21,6	
23,4	
21,8
NSVZ	
НаукаСвяз
252	
1 549 385	
224	
239,5	
210	
240	
225,5
MGTS	
МГТС-5ао
96	
1 493 620	
2 575	
2 630	
2 475	
2 650	
2 620
NKHP	
НКХП ао
218	
1 452 925	
232,5	
234,5	
215	
240	
222,5
KZOSP	
ОргСинт ап
873	
1 431 998	
12,35	
13,18	
11,99	
13,18	
12,14
PRTK	
ПРОТЕК ао
234	
1 395 766	
97,9	
97,4	
96,8	
99,1	
97
IRKT	
ИРКУТ-3
193	
1 351 282	
29,64	
30,44	
28,58	
30,76	
28,98
KOGK	
КоршГОК ао
28	
1 268 600	
43 800	
46 000	
42 200	
46 000	
43 200
TRCN	
ТрансК ао
75	
1 211 455	
8 300	
8 380	
8 090	
8 385	
8 320
TGKBP	
ТГК-2 ап
98	
1 156 690	
0,00643	
0,00658	
0,00632	
0,00658	
0,00638
MRKZ	
МРСК СЗ
193	
1 109 341	
0,04645	
0,0469	
0,0455	
0,047	
0,04645
CHMK	
ЧМК ао
130	
1 087 105	
2 445	
2 465	
2 255	
2 510	
2 325
WTCM	
ЦМТ ао
138	
989 144	
9,04	
9,46	
8,72	
9,46	
8,88
JNOS	
Славн-ЯНОС
102	
949 795	
16,85	
17,3	
16,25	
17,6	
16,9
MAGEP	
МагадЭн ап
32	
927 100	
4,155	
4,275	
4,035	
4,4	
4,115
GAZAP	
ГАЗ ап
77	
854 280	
312	
332,5	
301	
332,5	
316
MRKS	
МРСКСиб
33	
808 355	
0,2125	
0,2185	
0,21	
0,2185	
0,21
UWGN	
ОВК ао
198	
795 725	
242,5	
244,9	
241,1	
248,9	
241,2
YAKG	
ЯТЭК ао
66	
759 046	
51,3	
51,94	
50,02	
52,96	
51
DVEC	
ДЭК ао
168	
746 764	
0,771	
0,787	
0,751	
0,801	
0,771
ABRD	
АбрауДюрсо
171	
734 875	
135	
135,5	
133,5	
136,5	
134,5
KROT	
КрасОкт-ао
94	
702 510	
305,5	
326	
300	
326	
305,5
MRKU	
МРСК Ур
76	
690 448	
0,1454	
0,1488	
0,145	
0,1488	
0,1462
PMSB	
ПермьЭнСб
157	
685 501	
134,7	
138	
132,1	
140	
133,1
KLSB	
КалужскСК
132	
683 406	
10,26	
10,5	
10,01	
10,58	
10,03
WTCMP	
ЦМТ ап
70	
599 258	
8,64	
8,94	
8,44	
8,94	
8,54
KUZB	
КузнецкийБ
327	
556 351	
0,01671	
0,01752	
0,01615	
0,0176	
0,01667
ELTZ	
Электрцинк
178	
555 159	
167	
172,5	
160	
172,5	
165
CHKZ	
ЧКПЗ ао
34	
554 640	
5 040	
5 480	
5 000	
5 480	
5 000
NFAZ	
Нефтекамск
91	
530 526	
127,8	
135,2	
125,6	
135,2	
130
GEMA	
iММЦБ ао
28	
501 459	
732	
730	
725	
733	
733
RLMN	
Роллман
201	
488 134	
18,15	
18,4	
17,7	
18,8	
17,7
BISVP	
БашИнСв ап
112	
481 324	
6,46	
6,49	
6,4	
6,54	
6,49
KRSBP	
Красэсб ап
41	
479 380	
5,46	
5,74	
5,26	
5,78	
5,42
GAZA	
ГАЗ ао
47	
474 795	
392,5	
390,5	
379	
408	
403
HIMCP	
Химпром ап
149	
466 513	
5,73	
5,98	
5,65	
5,98	
5,75
HALS	
Галс-Девел
77	
443 953	
740	
752	
723	
755	
723
KMEZ	
КМЗ
156	
437 036	
403	
417	
395,5	
417	
397
ASSB	
АстрЭнСб
185	
431 346	
0,5625	
0,6055	
0,552	
0,6055	
0,556
RLMNP	
Роллман-п
149	
410 550	
18,96	
18,7	
17,7	
20	
18,76
KUBE	
Кубанэнр
78	
383 445	
60,1	
61	
59	
62	
60
DZRDP	
iДонскЗР п
128	
375 270	
1 540	
1 580	
1 490	
1 590	
1 570
NKSH	
Нижкамшина
49	
356 860	
22,18	
23,18	
21,92	
23,18	
21,92
MFGS	
Мегион-ао
27	
341 945	
325,5	
323	
313	
329,5	
318
UKUZ	
ЮжКузб. ао
49	
326 814	
506	
522	
500	
532	
504
UTAR	
ЮТэйр ао
76	
317 502	
6,4	
6,57	
6,21	
6,59	
6,36
ZVEZ	
ЗВЕЗДА ао
46	
317 275	
4,12	
4,125	
4,095	
4,235	
4,17
VZRZP	
Возрожд-п
64	
316 392	
295,8	
300	
291,4	
300	
292,4
SLEN	
Сахэнер ао
61	
304 864	
4,075	
4,1	
4	
4,11	
4
KAZT	
Куйбазот
71	
293 990	
142,8	
146,8	
140	
149,4	
149
KGKC	
КурганГКао
30	
283 350	
52	
53	
49	
54	
52
MFGSP	
Мегион-ап
41	
280 800	
305	
316	
300	
316	
300,5
KBTK	
КузбТК ао
61	
275 658	
159,4	
160,4	
156,2	
162	
159,6
KAZTP	
Куйбазот-п
50	
263 358	
143,2	
146	
141	
148,8	
148,6
MRKK	
Россети СК
111	
259 104	
25,82	
26,94	
25,02	
26,94	
25,98
TGKDP	
Квадра-п
65	
248 439	
0,00362	
0,003615	
0,003545	
0,003775	
0,003595
ZILL	
ЗИЛ ао
30	
246 948	
1 336	
1 356	
1 302	
1 356	
1 304
KROTP	
КрасОкт-1п
33	
236 240	
221	
222,5	
214	
223	
216,5
URKZ	
УрКузница
16	
225 700	
10 260	
10 680	
10 040	
10 700	
10 200
NAUK	
iНПОНаука
56	
223 572	
170,8	
172,6	
168,4	
173	
169,8
ROST	
РОСИНТЕРао
57	
214 060	
58	
59	
56,8	
59	
57,8
KTSB	
КСБ ао
54	
204 882	
0,516	
0,506	
0,506	
0,526	
0,508
RZSB	
РязЭнСб
19	
197 660	
6,18	
6,13	
6,1	
6,29	
6,18
TASB	
ТамбЭнСб
45	
195 410	
0,275	
0,291	
0,268	
0,2915	
0,271
LPSB	
ЛЭСК ао
50	
188 685	
7,25	
7,6	
7,15	
7,6	
7,15
UCSS	
ОКС ао
56	
188 090	
1 460	
1 470	
1 450	
1 480	
1 460
SZPR	
СЗПароход
48	
166 834	
732	
768	
720	
768	
726
ALBK	
БестЭфБ ао
59	
164 630	
50	
52	
49,5	
52	
50
DZRD	
iДонскЗР
67	
161 948	
2 104	
1 996	
1 930	
2 278	
2 094
ROSB	
Росбанк ао
56	
157 642	
70,8	
74	
68,8	
74	
69,2
IGST	
Ижсталь2ао
51	
155 724	
775	
832	
709	
832	
765
RTGZ	
ГазпРнД ао
7	
154 000	
22 000	
22 050	
21 750	
22 300	
21 750
BLNG	
Белон ао
88	
149 919	
3,988	
3,99	
3,968	
4,048	
3,988
TORSP	
ТРК ап
33	
141 590	
0,253	
0,255	
0,25	
0,261	
0,2505
STSBP	
СтаврЭнСбп
39	
141 375	
0,2892	
0,2854	
0,2824	
0,2924	
0,2924
KRSB	
Красэсб ао
16	
138 570	
5,54	
5,43	
5,38	
5,76	
5,63
VJGZP	
Варьеган-п
25	
125 150	
305	
307	
303	
307	
307
VRSBP	
ТНСэнВор-п
17	
117 600	
28	
30	
26	
30	
28,5
KCHE	
КамчатЭ ао
28	
116 285	
0,179	
0,1825	
0,174	
0,19	
0,175
VJGZ	
Варьеган
42	
115 060	
590	
619	
582	
619	
604
RUSI	
ИКРУСС-ИНВ
22	
99 480	
39,8	
40,5	
38,8	
40,5	
38,8
OMZZP	
ОМЗ-ап
23	
95 965	
3 425	
3 500	
3 350	
3 500	
3 400
INGR	
ИНГРАД ао
26	
95 542	
777	
776	
768	
784	
768
RKKE	
ЭнергияРКК
12	
95 070	
4 750	
4 840	
4 670	
4 840	
4 710
KBSB	
ТНСэКубань
18	
92 880	
134,5	
140,5	
129,5	
141	
129,5
RAVN	
Raven
19	
92 775	
32	
32,05	
31,65	
32,2	
32,2
KRKOP	
ТКЗКК ап
12	
92 325	
3,83	
3,885	
3,825	
3,98	
3,825
YKEN	
Якутскэнрг
14	
86 715	
0,3095	
0,315	
0,3075	
0,315	
0,3095
MGNZ	
СМЗ-ао
11	
82 880	
3 950	
3 920	
3 900	
4 000	
3 990
KRKN	
СаратНПЗ
7	
80 400	
11 500	
11 750	
11 350	
11 750	
11 350
IGSTP	
Ижсталь ап
42	
79 872	
733	
740	
722	
742	
722
STSB	
СтаврЭнСб
31	
79 565	
0,337	
0,343	
0,328	
0,3475	
0,3375
MRSB	
МордЭнСб
18	
79 000	
0,329	
0,336	
0,322	
0,344	
0,332
VSYDP	
ВыбСудЗ ап
12	
77 960	
2 680	
2 640	
2 640	
2 700	
2 700
ARSA	
Арсагера
20	
76 800	
3,07	
3,03	
3,01	
3,14	
3,14
KTSBP	
КСБ ап
26	
70 285	
0,2265	
0,2275	
0,222	
0,231	
0,231
VSYD	
ВыбСудЗ ао
21	
63 765	
2 770	
2 765	
2 690	
2 875	
2 705
TUZA	
ТЗА ао
25	
61 450	
79	
79	
78	
80	
78
YKENP	
Якутскэн-п
8	
58 245	
0,291	
0,298	
0,288	
0,298	
0,289
SARE	
СаратЭн-ао
8	
54 992	
0,11	
0,11	
0,1098	
0,11	
0,11
RDRB	
РДБанк ао
16	
48 000	
265	
275	
265	
275	
265
RTSB	
ТНСэнРст
13	
44 250	
0,315	
0,325	
0,31	
0,325	
0,315
VRSB	
ТНСэнВорон
5	
42 580	
47,4	
47,8	
47	
47,8	
47
JNOSP	
Слав-ЯНОСп
23	
42 098	
13,58	
13,82	
13,34	
13,82	
13,64
TASBP	
ТамбЭнСб-п
16	
39 045	
0,195	
0,1915	
0,1905	
0,198	
0,198
KGKCP	
КурганГКап
33	
36 730	
53	
54,5	
51	
57,5	
53,5
TORS	
ТРК ао
9	
36 280	
0,363	
0,363	
0,356	
0,369	
0,356
PRMB	
Приморье
2	
34 000	
17 000	
17 000	
17 000	
17 000	
17 000
SAGOP	
СамарЭн-ап
8	
32 710	
0,363	
0,365	
0,361	
0,369	
0,361
CHGZ	
РН-ЗапСиб
9	
32 380	
29,4	
29,4	
28,4	
31	
28,6
NNSBP	
ТНСэнНН ап
10	
29 772	
551	
580	
528	
580	
557
SAGO	
СамарЭн-ао
4	
18 640	
0,374	
0,38	
0,366	
0,38	
0,368
SAREP	
СаратЭн-ап
12	
13 258	
0,083	
0,0834	
0,0824	
0,0834	
0,0824
TNSE	
ТНСэнрг ао
11	
12 755	
980	
985	
975	
985	
975
MISB	
ТНСэнМарЭл
5	
10 990	
11	
11,2	
10,9	
11,2	
10,9
MISBP	
ТНСэМаЭл-п
8	
10 520	
10,6	
10,8	
10,4	
10,8	
10,6
YRSBP	
ТНСэнЯр-п
8	
6 310	
79	
79	
78	
80	
79
NNSB	
ТНСэнНН ао
5	
6 290	
1 260	
1 265	
1 250	
1 265	
1 250
YRSB	
ТНСэнЯр
3	
4 760	
160	
160	
158	
160	
158
KCHEP	
КамчатЭ ап
1	
3 320	
0,332	
0,332	
0,332	
0,332	
0,332
RTSBP	
ТНСэнРст-п
1	
2 500	
0,25	
0,25	
0,25	
0,25	
0,25
KUNF	
КУЗОЦМ ао
0	
0	
-	
-	
-	
-	
-
NPOF	
Физика ао
0	
0	
-	
-	
-	
-	
11 850
ENPL	
ENPL-гдр
0	
0	
-	
-	
-	
-	
531,2
GAZC	
ГАЗКОН-ао
0	
0	
-	
-	
-	
-	
295
GTSS	
ГЕОТЕК ао
0	
0	
-	
-	
-	
-	
-
TRFM	
ТрансФ ао
0	
0	
-	
-	
-	
-	
-
KMTZ	
КосогМЗ ао
0	
0	
-	
-	
-	
-	
-
KZMS	
КЗМС ао
0	
0	
-	
-	
-	
-	
226
GAZS	
ГАЗ-сервис
0	
0	
-	
-	
-	
-	
293
HIMC	
Химпром ао
0	
0	
-	
-	
-	
-	
0,99
LSNG	
Ленэнерго
0	
0	
-	
-	
-	
-	
5,66
URKA	
Уркалий-ао
0	
0	
-	
-	
-	
-	
119,04
VZRZ	
Возрожд-ао
0	
0	
-	
-	
-	
-	
480
BISV	
БашИнСв ао
0	
0	
-	
-	
-	
-	
8,7
GAZT	
ГАЗ-Тек ао
0	
0	
-	
-	
-	
-	
85
KSGR	
Кокс ао
0	
0	
-	
-	
-	
-	
-
LSNGP	
Ленэнерг-п
0	
0	
-	
-	
-	
-	
119,95
MFON	
МегаФон ао
0	
0	
-	
-	
-	
-	
650,6
MORI	
Морион ао
0	
0	
-	
-	
-	
-	
4,31
KRKO	
ТКЗКК ао
0	
0	
-	
-	
-	
-	
11,8
RU000A0JVT35	
ИСУ ЕФГ-3
0	
0	
-	
-	
-	
-	
400