SBER	
Сбербанк
89 097	
14 255 629 552	
230,29	
228,22	
227,39	
231,95	
231,3
GMKN	
ГМКНорНик
39 397	
9 251 925 844	
19 660	
19 502	
19 450	
19 776	
19 582
YNDX	
Yandex clA
73 391	
8 344 070 019	
4 741	
4 730	
4 656	
4 836,8	
4 711,8
GAZP	
ГАЗПРОМ ао
86 491	
7 700 473 342	
181,21	
178,03	
178,01	
182,95	
182,85
LKOH	
ЛУКОЙЛ
44 193	
7 244 407 803	
4 832,5	
4 755	
4 735	
4 884	
4 876
PLZL	
Полюс
16 257	
2 730 200 100	
16 939,5	
16 980	
16 776	
17 073	
16 915
SNGS	
Сургнфгз
33 859	
2 490 605 217	
36,545	
36,12	
35,925	
37	
36,895
SBERP	
Сбербанк-п
31 902	
2 169 390 976	
220,42	
218,4	
218,01	
221,97	
221,54
POLY	
Polymetal
22 123	
2 161 095 738	
1 885,5	
1 884,9	
1 872,3	
1 896	
1 880,4
ALRS	
АЛРОСА ао
37 132	
1 950 563 927	
74,95	
74,04	
73,57	
75,57	
75,3
MGNT	
Магнит ао
22 520	
1 789 998 144	
4 676,5	
4 663,5	
4 609,5	
4 758	
4 734
NVTK	
Новатэк ао
14 219	
1 690 836 511	
1 106	
1 092	
1 089,4	
1 119,6	
1 117,2
TATN	
Татнфт 3ао
21 600	
1 598 648 766	
547,7	
538,1	
537,2	
553,1	
551,3
ROSN	
Роснефть
16 678	
1 540 434 124	
380,55	
374	
373,1	
385,7	
384,6
MTSS	
МТС-ао
15 249	
1 323 134 693	
335,75	
333,75	
333,5	
337,5	
337
CHMF	
СевСт-ао
18 592	
1 313 975 264	
994,2	
990	
986	
998	
998
MOEX	
МосБиржа
22 922	
1 121 716 887	
139,34	
138,02	
137,51	
140,27	
139,5
IRAO	
ИнтерРАОао
11 777	
1 072 619 809	
5,6225	
5,599	
5,5565	
5,6485	
5,625
NLMK	
НЛМК ао
14 765	
965 358 110	
168	
167,4	
165,96	
169,44	
168,84
MAIL	
MAIL-гдр
20 404	
934 218 131	
2 251,2	
2 230,6	
2 211,6	
2 288	
2 228,8
VTBR	
ВТБ ао
29 518	
897 742 672	
0,036005	
0,03583	
0,035635	
0,03625	
0,036075
SNGSP	
Сургнфгз-п
29 657	
893 442 104	
37,325	
37,22	
36,92	
37,54	
37,54
MAGN	
ММК
13 477	
853 605 959	
38,97	
38,7	
38,51	
39,35	
39,22
FIVE	
FIVE-гдр
9 598	
672 936 313	
2 650	
2 637	
2 608	
2 700	
2 686
RUAL	
РУСАЛ ао
20 756	
574 220 297	
33,185	
32,79	
32,31	
34,145	
32,99
DSKY	
ДетскийМир
13 203	
560 868 967	
112,24	
113	
111,66	
113	
112
POGR	
Petropavl
10 028	
555 395 687	
37,56	
37,01	
37	
37,9	
37,345
TCSG	
TCS-гдр
13 382	
515 977 573	
1 890,4	
1 841	
1 831,4	
1 925	
1 920
FEES	
ФСК ЕЭС ао
10 598	
508 611 174	
0,20308	
0,2035	
0,20144	
0,2054	
0,20294
AFKS	
Система ао
9 093	
458 501 371	
20,919	
20,856	
20,801	
21,076	
21,065
HYDR	
РусГидро
11 649	
451 537 223	
0,7501	
0,7446	
0,7435	
0,7535	
0,752
SIBN	
Газпрнефть
8 100	
388 317 893	
315,75	
311,15	
310,35	
317,3	
316,6
TRNFP	
Транснф ап
1 647	
377 474 150	
139 700	
138 850	
138 700	
140 700	
139 450
AFLT	
Аэрофлот
11 106	
361 410 852	
82,16	
82,22	
81,78	
82,44	
82,4
TATNP	
Татнфт 3ап
10 648	
344 143 035	
534,6	
528	
527,2	
539,4	
537,7
MTLR	
Мечел ао
35 788	
312 065 402	
65,08	
63,1	
63,01	
66,3	
64,74
PHOR	
ФосАгро ао
5 613	
300 209 059	
2 754	
2 751	
2 734	
2 773	
2 759
CBOM	
МКБ ао
6 030	
267 913 427	
5,869	
5,855	
5,841	
5,897	
5,878
RTKM	
Ростел -ао
7 362	
225 760 942	
96,06	
95,85	
95,07	
96,8	
96,34
RSTI	
Россети ао
3 554	
212 019 951	
1,4857	
1,4758	
1,4714	
1,4951	
1,4802
SFIN	
САФМАР ао
158	
164 588 080	
530	
525	
525	
531,4	
530,2
TRMK	
ТМК ао
2 685	
163 500 157	
60,8	
60,66	
60,66	
61,3	
60,86
MVID	
М.видео
2 394	
141 218 463	
581	
587	
577,5	
587,7	
582,1
ENRU	
ЭнелРос ао
5 883	
125 228 218	
0,949	
0,939	
0,9315	
0,9585	
0,949
LSRG	
ЛСР ао
5 423	
92 714 281	
833,6	
823,4	
819,2	
847,2	
839,4
UPRO	
Юнипро ао
3 400	
92 321 496	
2,768	
2,764	
2,757	
2,774	
2,77
OGKB	
ОГК-2 ао
4 151	
90 540 314	
0,7679	
0,763	
0,761	
0,771	
0,767
RASP	
Распадская
2 422	
90 067 788	
118,48	
116,02	
115,3	
119,64	
119,5
PIKK	
ПИК ао
2 841	
84 430 126	
568,3	
564,4	
564,1	
571	
569,7
AGRO	
AGRO-гдр
3 389	
61 803 614	
732	
729	
725	
738,2	
731,4
NMTP	
НМТП ао
3 213	
59 281 743	
8,665	
8,645	
8,615	
8,72	
8,685
QIWI	
iQIWI
3 046	
57 603 264	
1 209	
1 198	
1 190,5	
1 233	
1 230
ETLN	
ETLN-гдр
3 037	
52 219 197	
121,38	
120,48	
120,48	
122,2	
121,94
MTLRP	
Мечел ап
2 805	
50 618 150	
70,85	
70,1	
68,15	
71,9	
70,9
RTKMP	
Ростел -ап
2 510	
49 255 571	
87,45	
87	
86,5	
87,8	
87,3
BANEP	
Башнефт ап
2 106	
48 884 706	
1 303	
1 292	
1 292	
1 307,5	
1 306,5
LNTA	
Лента др
3 833	
48 469 334	
207,1	
206	
205,2	
208,2	
208,1
TGKA	
ТГК-1
2 519	
32 564 186	
0,011576	
0,0116	
0,011456	
0,01164	
0,01164
ENPG	
ЭН+ГРУП ао
666	
28 174 844	
667	
654,5	
652	
677	
671
ISKJ	
iИСКЧ ао
2 287	
26 595 725	
26,52	
26,57	
25,12	
27,56	
26,92
MSNG	
+МосЭнерго
1 081	
25 698 497	
2,048	
2,0575	
2,044	
2,0595	
2,0595
LSNGP	
РСетиЛЭ-п
1 164	
23 261 370	
151,9	
150,9	
150	
154	
152,35
FESH	
ДВМП ао
983	
22 391 287	
8,25	
8,2	
8,02	
8,49	
8,14
ROLO	
Русолово
1 174	
19 778 810	
7,096	
6,774	
6,698	
7,3	
7,038
SELG	
Селигдар
809	
15 173 728	
43,96	
44,4	
43,39	
44,4	
43,96
BELU	
Белуга ао
331	
13 605 882	
1 311	
1 329	
1 306	
1 329	
1 310
NKNCP	
НКНХ ап
1 286	
12 826 790	
78,56	
77,1	
77,1	
79,74	
79,6
LNZLP	
Лензол. ап
570	
11 576 435	
4 250	
4 350	
4 150	
4 360	
4 245
BSPB	
БСП ао
1 163	
11 275 356	
43,27	
43,12	
43,04	
43,46	
43,3
BANE	
Башнефт ао
505	
8 548 616	
1 712	
1 717	
1 703	
1 722,5	
1 716
CNTLP	
Телеграф-п
834	
8 348 142	
15,2	
15,28	
14,86	
15,5	
15,16
OBUV	
ОР ао
859	
8 226 099	
34,7	
34,6	
34,35	
35	
34,5
UWGN	
ОВК ао
1 474	
8 094 287	
219,2	
228,8	
211,2	
228,8	
218
KRKNP	
СаратНПЗ-п
210	
7 234 180	
15 520	
15 480	
15 480	
15 600	
15 560
AQUA	
РусАква ао
406	
7 020 625	
225,5	
226	
224	
227	
225,5
UNKL	
ЮУНК ао
556	
6 960 220	
7 030	
6 800	
6 790	
7 300	
6 960
LIFE	
iФармсинтз
564	
6 905 523	
7,16	
7,165	
7,1	
7,2	
7,16
GCHE	
ЧеркизГ-ао
650	
6 697 535	
1 881,5	
1 876	
1 873	
1 890	
1 879,5
LNZL	
Лензолото
127	
6 659 010	
18 140	
18 130	
18 050	
18 200	
18 130
VSMO	
ВСМПО-АВСМ
191	
6 522 400	
17 480	
17 340	
17 340	
17 540	
17 540
HIMCP	
Химпром ап
698	
5 521 413	
7,73	
7,61	
7,46	
7,9	
7,79
MRKP	
МРСК ЦП
439	
5 400 124	
0,22	
0,2194	
0,2185	
0,2206	
0,2205
AKRN	
Акрон
287	
5 245 946	
5 920	
5 948	
5 880	
5 948	
5 946
AMEZ	
АшинскийМЗ
1 050	
4 951 338	
4,835	
4,675	
4,625	
4,985	
4,82
RSTIP	
Россети ап
397	
4 905 137	
2,046	
2,053	
2,03	
2,059	
2,052
MSRS	
РСетиМР ао
224	
4 581 169	
1,18	
1,1865	
1,17	
1,1995	
1,177
RUSI	
ИКРУСС-ИНВ
622	
4 483 890	
43,1	
38,3	
37,9	
46	
41,4
KUZB	
КузнецкийБ
1 069	
4 224 111	
0,01518	
0,01539	
0,015	
0,0158	
0,01529
NSVZ	
НаукаСвяз
393	
3 685 260	
218	
219	
216	
221	
217,5
RNFT	
РуссНфт ао
812	
3 658 097	
402,6	
401	
400,2	
405,4	
401,8
SVAV	
СОЛЛЕРС
236	
3 571 190	
291,5	
290	
289	
293	
292
SELGP	
Селигдар-п
190	
3 403 395	
37,95	
38,1	
37,75	
38,1	
38
TGKB	
ТГК-2
207	
3 390 895	
0,004245	
0,00432	
0,004225	
0,00432	
0,004225
MRKV	
РсетВол ао
369	
3 363 015	
0,06995	
0,0698	
0,069	
0,07035	
0,07
KZOS	
ОргСинт ао
410	
3 264 011	
85,1	
84,7	
84,7	
85,5	
85,2
MRKC	
МРСК Центр
543	
3 224 173	
0,298	
0,2966	
0,295	
0,3	
0,2984
KZOSP	
ОргСинт ап
926	
3 119 162	
11,73	
11,21	
11,11	
12,15	
11,66
UTAR	
ЮТэйр ао
266	
2 702 145	
7,15	
6,98	
6,9	
7,32	
7,07
AVAN	
Авангрд-ао
346	
2 646 940	
995	
1 010	
970	
1 030	
995
MSTT	
Мостотрест
147	
2 494 291	
149,25	
151	
148,5	
151	
151
APTK	
Аптеки36и6
1 003	
2 184 568	
13,438	
13,43	
13,364	
13,494	
13,442
CNTL	
Телеграф
184	
1 813 485	
17,6	
17,65	
17,5	
17,75	
17,7
BRZL	
БурЗолото
232	
1 737 270	
1 098	
1 092	
1 091	
1 110	
1 097
NKNC	
НКНХ ао
321	
1 598 437	
91,7	
91,3	
91,05	
92,3	
91,8
LSNG	
РСетиЛЭ
256	
1 597 721	
5,89	
5,92	
5,84	
5,92	
5,9
TGKD	
Квадра
101	
1 576 317	
0,003485	
0,00343	
0,00343	
0,00351	
0,003505
MRKZ	
МРСК СЗ
132	
1 509 045	
0,049	
0,049	
0,04885	
0,04965	
0,0491
KMAZ	
КАМАЗ
371	
1 450 969	
62,9	
62,5	
62,5	
63,8	
62,9
ABRD	
АбрауДюрсо
210	
1 427 620	
203	
204,5	
202	
204,5	
203
KOGK	
КоршГОК ао
12	
1 252 400	
46 400	
46 000	
46 000	
46 800	
46 600
TTLK	
Таттел. ао
116	
1 241 395	
0,3265	
0,3295	
0,319	
0,333	
0,327
KLSB	
КалужскСК
166	
1 236 350	
14,33	
14,02	
13,95	
14,49	
14,33
MRKU	
МРСК Ур
106	
1 204 386	
0,1456	
0,147	
0,145	
0,147	
0,1464
RUGR	
Русгрэйн
904	
1 199 422	
9,29	
9,42	
9,126	
9,42	
9,29
IRGZ	
ИркЭнерго
112	
1 065 268	
12,12	
12,06	
12	
12,3	
12,22
INGR	
ИНГРАД ао
57	
996 883	
807	
802	
791	
810	
807
TUZA	
ТЗА ао
153	
925 330	
105	
107	
103	
108	
105
DIOD	
ЗаводДИОД
182	
921 915	
6,71	
6,72	
6,61	
6,78	
6,74
CHEP	
ЧТПЗ ао
205	
902 185	
210	
208,5	
208	
212,5	
209,5
VRSB	
ТНСэнВорон
74	
882 500	
79,6	
85,4	
78	
85,4	
78,6
MGTSP	
МГТС-4ап
117	
869 542	
1 990	
1 982	
1 982	
1 996	
1 994
RDRB	
РДБанк ао
110	
829 600	
230	
235	
225	
240	
230
YKENP	
Якутскэн-п
19	
818 755	
0,39	
0,388	
0,378	
0,3965	
0,39
VGSB	
ВолгЭнСб
110	
806 790	
4,135	
4,135	
4,1	
4,245	
4,135
DZRDP	
iДонскЗР п
150	
778 520	
1 940	
1 900	
1 890	
1 960	
1 940
YKEN	
Якутскэнрг
52	
756 935	
0,405	
0,396	
0,396	
0,415	
0,412
DVEC	
ДЭК ао
86	
749 746	
0,912	
0,92	
0,91	
0,921	
0,916
ALNU	
АЛРОСА-Нюр
12	
734 800	
56 600	
56 800	
56 000	
56 800	
56 200
VGSBP	
ВолгЭнСб-п
169	
733 275	
2,155	
2,185	
2,085	
2,275	
2,12
YAKG	
ЯТЭК ао
58	
726 045	
41,25	
41,55	
41	
42	
41,65
VZRZP	
Возрожд-п
36	
719 004	
319,6	
310,6	
310,6	
321,4	
321,4
CHGZ	
РН-ЗапСиб
90	
717 920	
54,4	
52,4	
52,4	
57,4	
53,8
GAZA	
ГАЗ ао
59	
691 715	
404,5	
409,5	
400,5	
410	
403,5
UNAC	
iАвиастКао
202	
663 854	
0,457	
0,4545	
0,4525	
0,459	
0,459
VRSBP	
ТНСэнВор-п
48	
639 550	
46,5	
47,5	
46	
47,5	
47
BLNG	
Белон ао
146	
638 815	
4,302	
4,2	
4,2	
4,36	
4,268
SAGO	
СамарЭн-ао
42	
631 240	
0,606	
0,594	
0,588	
0,626	
0,626
BISVP	
БашИнСв ап
158	
598 561	
10,23	
10,07	
10,07	
10,35	
10,2
SAGOP	
СамарЭн-ап
69	
592 440	
0,466	
0,468	
0,451	
0,476	
0,473
TGKN	
ТГК-14
73	
581 220	
0,00316	
0,00318	
0,00314	
0,00318	
0,00315
STSBP	
СтаврЭнСбп
193	
578 494	
0,4035	
0,4095	
0,398	
0,41	
0,406
RBCM	
РБК ао
175	
526 455	
3,33	
3,312	
3,29	
3,358	
3,338
MRKY	
РоссЮг ао
121	
522 512	
0,0485	
0,0482	
0,0482	
0,04885	
0,0488
NKHP	
НКХП ао
88	
513 095	
267	
267	
262	
268,5	
268,5
RAVN	
Raven
49	
512 545	
29,8	
29,25	
29,2	
30,2	
30
GEMA	
iММЦБ ао
97	
503 626	
607,5	
607	
603,5	
611	
603,5
RKKE	
ЭнергияРКК
55	
492 160	
7 690	
7 540	
7 390	
7 970	
7 610
IRKT	
ИРКУТ-3
66	
476 226	
35,02	
35,08	
34,94	
35,12	
35,1
MRSB	
МордЭнСб
52	
472 190	
0,411	
0,411	
0,406	
0,419	
0,415
PMSBP	
ПермьЭнС-п
63	
469 794	
132	
132,2	
130,4	
132,4	
132,4
RZSB	
РязЭнСб
28	
453 106	
9,32	
9,26	
9,22	
9,34	
9,34
RUSP	
Русполимет
106	
449 492	
0,646	
0,6545	
0,6385	
0,6545	
0,6495
MFGSP	
Мегион-ап
7	
412 725	
317,5	
316	
316	
320	
317
MAGEP	
МагадЭн ап
24	
395 100	
6,48	
6,3	
6,3	
6,53	
6,49
URKZ	
УрКузница
19	
385 760	
16 080	
16 200	
15 880	
16 440	
15 960
RGSS	
РГС СК ао
102	
380 409	
0,1502	
0,1508	
0,1492	
0,1512	
0,151
USBN	
УралСиб ао
45	
370 020	
0,068	
0,0676	
0,0676	
0,0686	
0,0684
TASBP	
ТамбЭнСб-п
45	
367 865	
0,3065	
0,3075	
0,3005	
0,3115	
0,3055
PMSB	
ПермьЭнСб
79	
358 611	
132,3	
131,3	
131	
136,4	
132,2
KRKN	
СаратНПЗ
8	
347 000	
12 850	
12 850	
12 850	
12 900	
12 850
NFAZ	
Нефтекамск
40	
344 140	
192,2	
192	
190,8	
195,2	
191,6
KAZT	
Куйбазот
57	
331 952	
157,4	
155	
155	
159,8	
158,8
ZVEZ	
ЗВЕЗДА ао
40	
326 810	
4,805	
4,97	
4,75	
4,97	
4,805
RLMN	
Роллман
92	
326 583	
18	
18,15	
17,8	
18,2	
18
VJGZ	
Варьеган
110	
324 726	
616	
639	
583	
639	
631
CHMK	
ЧМК ао
43	
306 630	
2 715	
2 720	
2 705	
2 735	
2 705
STSB	
СтаврЭнСб
104	
302 357	
0,585	
0,572	
0,572	
0,609	
0,5855
ZILL	
ЗИЛ ао
18	
283 545	
2 465	
2 465	
2 435	
2 500	
2 465
ALBK	
БестЭфБ ао
66	
276 510	
60,5	
60,5	
59,5	
62	
62
KROTP	
КрасОкт-1п
36	
276 365	
268,5	
276	
264	
276	
273
PRMB	
Приморье
9	
246 400	
27 400	
27 400	
27 200	
27 400	
27 400
NAUK	
iНПОНаука
60	
241 496	
199,6	
200,4	
197,2	
200,4	
199,4
ROST	
РОСИНТЕРао
60	
241 196	
63	
62,8	
61,6	
64	
63
GTRK	
ГТМ ао
54	
223 129	
43,25	
42,8	
42,8	
43,3	
43,2
UCSS	
ОКС ао
26	
212 500	
1 490	
1 450	
1 450	
1 500	
1 500
PAZA	
ПавлАвт ао
24	
211 270	
8 450	
8 690	
8 380	
8 690	
8 400
GAZAP	
ГАЗ ап
40	
203 395	
313	
308,5	
308,5	
318,5	
316
KRSBP	
Красэсб ап
69	
198 476	
7,28	
7,44	
7,1	
7,66	
7,12
VJGZP	
Варьеган-п
27	
198 400	
342	
344	
338	
345	
341
KUBE	
Кубанэнр
41	
185 052	
74,3	
74,5	
73	
75,3	
75
TGKBP	
ТГК-2 ап
47	
176 179	
0,00708	
0,00712	
0,00705	
0,00713	
0,00711
KROT	
КрасОкт-ао
36	
172 350	
383	
386,5	
381	
387	
383,5
DZRD	
iДонскЗР
22	
171 835	
2 150	
2 145	
2 135	
2 170	
2 135
KTSBP	
КСБ ап
16	
171 560	
0,286	
0,293	
0,2825	
0,294	
0,284
SARE	
СаратЭн-ао
56	
170 624	
0,141	
0,148	
0,1392	
0,148	
0,1416
WTCMP	
ЦМТ ап
58	
144 662	
8,32	
8,34	
8,16	
8,44	
8,26
MISB	
ТНСэнМарЭл
28	
140 490	
12,4	
12,6	
12,3	
12,8	
12,5
KRSB	
Красэсб ао
29	
138 047	
7,19	
7,18	
7,11	
7,25	
7,25
MISBP	
ТНСэМаЭл-п
32	
117 240	
12,3	
12,4	
12,2	
12,5	
12,4
KBSB	
ТНСэКубань
43	
116 515	
138,5	
139	
137,5	
139,5	
138,5
MAGE	
МагадЭн ао
16	
114 510	
6,02	
5,91	
5,91	
6,15	
6,07
KRKOP	
ТКЗКК ап
65	
113 761	
8,245	
8,21	
8,205	
8,28	
8,275
ROSB	
Росбанк ао
24	
105 820	
80,8	
81	
79	
81,6	
80,8
LVHK	
Левенгук
40	
102 432	
8,13	
8,14	
8,08	
8,15	
8,15
IGSTP	
Ижсталь ап
14	
97 973	
899	
858	
858	
901	
890
MRKK	
Россети СК
37	
93 138	
25,38	
25,72	
25,2	
25,72	
25,22
NKSH	
Нижкамшина
22	
92 600	
22,58	
22,7	
22,42	
22,7	
22,58
ELTZ	
Электрцинк
53	
84 353	
174,5	
176	
173	
178	
173,5
VLHZ	
ВХЗ-ао
25	
79 472	
55,2	
55	
54,65	
55,6	
55,1
NNSB	
ТНСэнНН ао
28	
78 355	
1 780	
1 790	
1 725	
1 830	
1 755
ARSA	
Арсагера
13	
77 280	
4,05	
4,09	
4,05	
4,09	
4,06
TGKDP	
Квадра-п
35	
70 544	
0,004125	
0,004055	
0,004055	
0,00417	
0,00416
KMEZ	
КМЗ
49	
69 874	
517,5	
522,5	
506	
527,5	
520
TASB	
ТамбЭнСб
8	
69 295	
0,4075	
0,408	
0,405	
0,4095	
0,4085
KBTK	
КузбТК ао
24	
63 338	
150,8	
153,2	
150,2	
153,2	
150,4
MRKS	
РсетСиб ао
12	
59 215	
0,237	
0,2345	
0,2345	
0,238	
0,2365
RTSBP	
ТНСэнРст-п
6	
58 900	
0,535	
0,521	
0,521	
0,545	
0,545
SLEN	
Сахэнер ао
21	
54 564	
6,905	
6,795	
6,795	
6,95	
6,87
RTGZ	
ГазпРнД ао
2	
54 550	
27 300	
27 200	
27 200	
27 350	
27 300
EELT	
ЕвроЭлтех
69	
53 469	
7,94	
7,72	
7,72	
8,2	
7,9
HALS	
Галс-Девел
18	
49 247	
1 231	
1 239	
1 212	
1 251	
1 212
CHKZ	
ЧКПЗ ао
7	
49 000	
5 440	
5 500	
5 400	
5 500	
5 480
IGST	
Ижсталь2ао
17	
48 597	
992	
976	
976	
996	
984
MGNZ	
СМЗ-ао
10	
46 900	
4 690	
4 680	
4 650	
4 730	
4 730
ASSB	
АстрЭнСб
21	
46 785	
0,7795	
0,7775	
0,777	
0,7825	
0,7825
VSYDP	
ВыбСудЗ ап
10	
44 200	
4 020	
4 040	
4 000	
4 040	
4 000
OMZZP	
ОМЗ-ап
1	
43 020	
3 585	
3 585	
3 585	
3 585	
3 585
UKUZ	
ЮжКузб. ао
20	
41 168	
528	
528	
520	
532	
530
JNOS	
Славн-ЯНОС
10	
36 980	
18,5	
18,3	
18,3	
18,65	
18,4
RTSB	
ТНСэнРст
2	
35 750	
0,595	
0,595	
0,595	
0,6	
0,6
KCHEP	
КамчатЭ ап
4	
35 300	
0,392	
0,39	
0,39	
0,394	
0,39
LPSB	
ЛЭСК ао
10	
29 540	
8,2	
8,3	
8,15	
8,3	
8,25
KTSB	
КСБ ао
17	
29 294	
0,636	
0,646	
0,63	
0,65	
0,638
VSYD	
ВыбСудЗ ао
4	
28 505	
4 070	
4 075	
4 065	
4 075	
4 065
KCHE	
КамчатЭ ао
8	
28 295	
0,2175	
0,218	
0,217	
0,2185	
0,2185
WTCM	
ЦМТ ао
17	
25 566	
9,14	
9,14	
9,1	
9,16	
9,14
YRSBP	
ТНСэнЯр-п
5	
24 375	
87	
86,5	
86,5	
88	
87
MFGS	
Мегион-ао
4	
21 915	
365,5	
366	
360,5	
366,5	
360,5
RLMNP	
Роллман-п
16	
21 573	
18,92	
18,92	
18,46	
18,98	
18,46
JNOSP	
Слав-ЯНОСп
5	
21 208	
14,14	
14,1	
14,1	
14,22	
14,22
KGKC	
КурганГКао
7	
20 515	
57	
56,5	
56,5	
57	
57
TNSE	
ТНСэнрг ао
6	
19 975	
1 000	
990	
990	
1 000	
995
KAZTP	
Куйбазот-п
8	
17 850	
148,8	
149	
148,4	
149,4	
148,6
MGTS	
МГТС-5ао
6	
16 005	
2 285	
2 295	
2 285	
2 295	
2 285
KGKCP	
КурганГКап
8	
12 190	
55,5	
55,5	
54,5	
55,5	
55,5
SAREP	
СаратЭн-ап
6	
12 116	
0,1212	
0,1216	
0,1198	
0,1216	
0,1214
NNSBP	
ТНСэнНН ап
8	
7 344	
668	
666	
666	
670	
667
YRSB	
ТНСэнЯр
4	
6 680	
168	
166	
166	
168	
168
TORSP	
ТРК ап
2	
5 660	
0,283	
0,283	
0,283	
0,283	
0,283
TORS	
ТРК ао
1	
4 200	
0,42	
0,42	
0,42	
0,42	
0,42
BISV	
БашИнСв ао
0	
0	
-	
-	
-	
-	
8,7
GAZC	
ГАЗКОН-ао
0	
0	
-	
-	
-	
-	
295
GAZS	
ГАЗ-сервис
0	
0	
-	
-	
-	
-	
293
GAZT	
ГАЗ-Тек ао
0	
0	
-	
-	
-	
-	
85
GTSS	
ГЕОТЕК ао
0	
0	
-	
-	
-	
-	
-
HIMC	
Химпром ао
0	
0	
-	
-	
-	
-	
0,99
KMTZ	
КосогМЗ ао
0	
0	
-	
-	
-	
-	
-
KRKO	
ТКЗКК ао
0	
0	
-	
-	
-	
-	
11,8
KSGR	
Кокс ао
0	
0	
-	
-	
-	
-	
-
KUNF	
КУЗОЦМ ао
0	
0	
-	
-	
-	
-	
-
KZMS	
КЗМС ао
0	
0	
-	
-	
-	
-	
226
MFON	
МегаФон ао
0	
0	
-	
-	
-	
-	
650,6
MOBB	
МосОблБанк
0	
0	
-	
-	
-	
-	
0,698
MORI	
Морион ао
0	
0	
-	
-	
-	
-	
4,31
NPOF	
Физика ао
0	
0	
-	
-	
-	
-	
11 850
PRTK	
ПРОТЕК ао
0	
0	
-	
-	
-	
-	
99,6
TRCN	
ТрансК ао
0	
0	
-	
-	
-	
-	
8 595
TRFM	
ТрансФ ао
0	
0	
-	
-	
-	
-	
-
URKA	
Уркалий-ао
0	
0	
-	
-	
-	
-	
119,04
VZRZ	
Возрожд-ао
0	
0	
-	
-	
-	
-	
480