SBER	
Сбербанк
81 880	
15 576 360 955	
204,96	
205,07	
202,3	
207,85	
207,32
GAZP	
ГАЗПРОМ ао
84 970	
10 539 686 671	
193,74	
193,86	
191	
196,15	
194,2
LKOH	
ЛУКОЙЛ
45 742	
9 151 601 987	
5 213,5	
5 220	
5 120	
5 278	
5 264
GMKN	
ГМКНорНик
46 478	
8 867 546 882	
18 910	
19 188	
18 712	
19 188	
19 058
ROSN	
Роснефть
33 343	
4 413 422 133	
364	
368,7	
359,55	
369,05	
366,15
TATN	
Татнфт 3ао
27 272	
2 732 717 157	
569,5	
564,6	
551,4	
582,8	
581,6
PLZL	
Полюс
24 458	
2 640 308 308	
10 565	
10 889	
10 315	
10 893	
10 520
AFLT	
Аэрофлот
42 332	
2 547 573 806	
85,88	
85,5	
83,62	
88,24	
87,64
MGNT	
Магнит ао
29 028	
2 447 874 111	
4 007,5	
3 980	
3 924,5	
4 060	
3 985,5
YNDX	
Yandex clA
26 801	
2 328 608 712	
2 911,2	
2 836	
2 820,4	
2 975	
2 967,4
SNGS	
Сургнфгз
18 201	
2 070 830 015	
38,895	
39,24	
37,755	
39,41	
39,375
ALRS	
АЛРОСА ао
36 762	
1 972 199 451	
62,17	
62,39	
61,27	
63,5	
63,5
IRAO	
ИнтерРАОао
22 920	
1 916 608 958	
4,909	
4,8	
4,721	
5,0435	
4,9585
CHMF	
СевСт-ао
42 372	
1 883 921 459	
883,4	
885	
876,4	
892,4	
879,2
MTSS	
МТС-ао
20 912	
1 722 252 918	
322,55	
321,45	
317,5	
325,2	
323,8
NVTK	
Новатэк ао
14 894	
1 636 958 802	
1 057,6	
1 057,8	
1 036,4	
1 077,4	
1 060
SNGSP	
Сургнфгз-п
22 008	
1 541 566 530	
34,76	
34,685	
34,1	
35,3	
34,54
MOEX	
МосБиржа
25 944	
1 332 610 200	
114,93	
114,88	
111,38	
116,44	
116,24
SBERP	
Сбербанк-п
23 421	
1 305 406 462	
189,05	
188,7	
186,53	
191,36	
191
POLY	
Polymetal
22 620	
1 268 238 751	
1 296,3	
1 353,5	
1 264,7	
1 353,5	
1 283,7
RSTI	
Россети ао
23 804	
1 226 534 733	
1,5065	
1,426	
1,426	
1,5571	
1,5571
FIVE	
FIVE-гдр
16 953	
1 113 097 425	
2 350	
2 352	
2 280	
2 398	
2 329,5
VTBR	
ВТБ ао
26 028	
1 052 669 030	
0,03643	
0,03615	
0,03583	
0,03705	
0,036845
NLMK	
НЛМК ао
16 097	
1 045 749 870	
131,8	
134,22	
130,92	
134,5	
131,5
SIBN	
Газпрнефть
13 111	
1 032 162 391	
345,25	
344,95	
337,05	
350,85	
350,85
MAGN	
ММК
11 261	
769 281 068	
40,26	
40,8	
39,955	
40,8	
40,55
HYDR	
РусГидро
18 941	
736 408 363	
0,7764	
0,77	
0,757	
0,7897	
0,7889
AFKS	
Система ао
12 794	
646 465 636	
16,265	
15,711	
15,562	
16,637	
16,484
FEES	
ФСК ЕЭС ао
12 867	
542 366 861	
0,1845	
0,1831	
0,1816	
0,18712	
0,1844
DSKY	
ДетскийМир
14 628	
479 344 873	
98,02	
97	
96,92	
99,36	
98,1
TATNP	
Татнфт 3ап
11 360	
434 433 162	
557,1	
552,6	
541,4	
566,6	
563,6
TCSG	
TCS-гдр
11 758	
433 630 795	
1 246,2	
1 180,2	
1 139,8	
1 278,8	
1 250
RTKM	
Ростел -ао
10 859	
356 579 770	
82,63	
82,82	
81,24	
83,9	
82,68
CBOM	
МКБ ао
8 939	
312 833 066	
5,395	
5,422	
5,341	
5,442	
5,371
TRNFP	
Транснф ап
1 427	
294 670 250	
134 850	
135 050	
133 700	
135 650	
134 600
PHOR	
ФосАгро ао
4 808	
273 418 372	
2 758	
2 775	
2 724	
2 799	
2 753
MTLR	
Мечел ао
23 412	
251 252 649	
67,32	
65,21	
64,64	
69,46	
67,3
LNTA	
Лента др
14 418	
219 706 607	
165,8	
163	
160,2	
170,8	
168,2
UPRO	
Юнипро ао
5 397	
194 042 154	
2,734	
2,718	
2,672	
2,765	
2,741
OGKB	
ОГК-2 ао
9 361	
170 185 716	
0,6919	
0,69	
0,675	
0,7088	
0,701
MTLRP	
Мечел ап
6 186	
150 112 159	
83,9	
78	
76,8	
87,75	
85
LSRG	
ЛСР ао
8 632	
149 135 268	
650,2	
654,8	
630	
664,6	
651,8
BANEP	
Башнефт ап
6 243	
147 655 205	
1 420,5	
1 435	
1 400	
1 435	
1 427,5
RUAL	
РУСАЛ ао
10 556	
147 358 576	
26,435	
26,25	
25,9	
26,805	
26,785
TRMK	
ТМК ао
1 198	
104 169 991	
59,7	
59,64	
59,46	
59,8	
59,8
TGKA	
ТГК-1
4 781	
87 989 396	
0,012768	
0,01287	
0,012506	
0,01295	
0,012912
MVID	
М.видео
2 670	
83 192 997	
405	
404,4	
398	
410,6	
407,5
ENRU	
ЭнелРос ао
4 557	
72 492 543	
0,964	
0,975	
0,951	
0,979	
0,969
APTK	
Аптеки36и6
13 969	
67 252 480	
13,964	
13,9	
13,67	
14,5	
13,712
AKRN	
Акрон
1 814	
50 271 068	
5 434	
5 458	
5 250	
5 584	
5 580
LSNGP	
РСетиЛЭ-п
2 924	
49 317 456	
156,25	
159	
154,8	
159,2	
155,55
NMTP	
НМТП ао
3 672	
47 228 505	
9,08	
8,915	
8,895	
9,17	
9,135
NKNCP	
НКНХ ап
3 318	
45 294 681	
86,06	
86	
85	
87,18	
86,86
QIWI	
iQIWI
2 927	
41 364 624	
975,5	
981	
962	
986,5	
983,5
BSPB	
БСП ао
2 919	
39 647 242	
40,83	
42,04	
38,6	
42,04	
41,64
MSNG	
+МосЭнерго
1 840	
37 348 003	
2,0635	
2,0105	
2,002	
2,098	
2,0955
RSTIP	
Россети ап
2 396	
36 451 250	
2,138	
2,15	
2,11	
2,19	
2,152
PIKK	
ПИК ао
1 349	
33 204 269	
392,9	
387,4	
387,4	
400,7	
400,6
MOBB	
МосОблБанк
11 556	
32 691 810	
1,052	
1	
0,854	
1,144	
1,12
RASP	
Распадская
976	
31 437 912	
106,42	
107	
105,56	
107,36	
107,02
BANE	
Башнефт ао
1 464	
29 173 304	
1 803	
1 790	
1 770,5	
1 844	
1 803,5
ETLN	
ETLN-гдр
1 536	
28 104 790	
91,72	
91,8	
89,6	
93,12	
92,98
AGRO	
AGRO-гдр
2 730	
25 524 782	
644,6	
638,4	
636	
652,2	
651
KRKNP	
СаратНПЗ-п
947	
25 452 140	
16 120	
16 080	
15 540	
16 600	
16 420
RTKMP	
Ростел -ап
1 386	
20 877 783	
74,15	
74,05	
73,55	
74,75	
74,35
MRKP	
МРСК ЦП
1 562	
19 879 864	
0,1883	
0,1865	
0,1837	
0,1928	
0,1901
OBUV	
ОР ао
1 894	
18 185 023	
32,9	
33,55	
31,85	
33,95	
33,75
VSMO	
ВСМПО-АВСМ
371	
18 100 840	
19 360	
19 480	
19 000	
19 900	
19 780
MRKV	
РсетВол ао
1 380	
17 440 231	
0,0715	
0,06995	
0,06805	
0,0732	
0,07125
TGKB	
ТГК-2
912	
14 763 720	
0,004145	
0,004195	
0,004045	
0,00427	
0,004155
UNKL	
ЮУНК ао
1 745	
14 423 840	
4 270	
3 420	
3 320	
4 720	
4 150
ALNU	
АЛРОСА-Нюр
168	
14 383 400	
57 400	
51 200	
51 200	
58 800	
56 600
NKNC	
НКНХ ао
898	
13 812 449	
95,9	
95,3	
93,8	
96,75	
95,9
SELG	
Селигдар
934	
13 524 497	
23,8	
24,41	
21,31	
24,41	
23,89
MRKC	
МРСК Центр
1 311	
8 606 169	
0,2584	
0,261	
0,2528	
0,2634	
0,263
PMSBP	
ПермьЭнС-п
995	
8 353 202	
153,2	
150	
144	
159,8	
156
LNZL	
Лензолото
391	
7 878 340	
8 470	
8 670	
8 360	
8 790	
8 400
FESH	
ДВМП ао
706	
7 399 870	
7,01	
6,82	
6,82	
7,19	
7,06
ENPG	
ЭН+ГРУП ао
230	
6 720 451	
596,5	
604,5	
588,5	
609,5	
600,5
INGR	
ИНГРАД ао
659	
6 399 574	
822	
827	
817	
847	
820
MSRS	
РСетиМР ао
327	
6 016 750	
1,1115	
1,095	
1,089	
1,131	
1,116
PMSB	
ПермьЭнСб
554	
5 519 238	
153,4	
153	
151	
157	
156,5
GCHE	
ЧеркизГ-ао
715	
5 377 770	
1 751	
1 749	
1 730	
1 769,5	
1 765
ISKJ	
iИСКЧ ао
696	
5 371 416	
28,42	
28,08	
27,87	
28,96	
28,32
LIFE	
iФармсинтз
656	
5 352 113	
7,075	
7,11	
6,97	
7,285	
7,01
SFIN	
САФМАР ао
333	
5 294 044	
464,4	
462,6	
462,4	
476	
462,6
GTRK	
ГТМ ао
780	
5 133 647	
41,55	
42,05	
40,6	
42,75	
41,35
RNFT	
РуссНфт ао
1 361	
5 091 930	
449,2	
448,8	
435,6	
452	
451,8
ZILL	
ЗИЛ ао
695	
4 904 530	
2 580	
2 500	
2 410	
2 735	
2 500
MRKZ	
МРСК СЗ
516	
4 818 825	
0,0482	
0,04935	
0,04725	
0,04975	
0,04875
KMAZ	
КАМАЗ
404	
4 322 972	
57,1	
56,6	
55,9	
58,6	
58,6
MGTSP	
МГТС-4ап
444	
3 487 918	
2 008	
2 046	
1 998	
2 046	
2 010
UNAC	
iАвиастКао
519	
3 284 585	
0,4825	
0,4705	
0,4675	
0,4965	
0,49
KRSB	
Красэсб ао
241	
3 177 760	
7,98	
8,17	
7,54	
8,17	
7,94
GEMA	
iММЦБ ао
221	
3 125 777	
614	
626	
609	
626	
610
MFGS	
Мегион-ао
21	
3 018 545	
352,5	
348,5	
347	
361	
352
KRSBP	
Красэсб ап
165	
2 814 040	
8	
8,08	
7,72	
8,14	
8,02
KZOS	
ОргСинт ао
402	
2 746 597	
89,2	
90	
88	
90	
89,4
PRTK	
ПРОТЕК ао
210	
2 714 124	
99,4	
99,1	
98,9	
99,7	
99,7
RZSB	
РязЭнСб
163	
2 440 860	
10,52	
10,16	
10,12	
11	
10,28
AQUA	
РусАква ао
255	
2 265 545	
206	
213,5	
201	
213,5	
206,5
UTAR	
ЮТэйр ао
466	
2 260 435	
7,53	
7,6	
7,36	
7,78	
7,68
MSTT	
Мостотрест
240	
2 182 000	
159,05	
161,55	
158,1	
161,55	
159,45
SVAV	
СОЛЛЕРС
142	
2 135 135	
254	
255	
251,5	
257	
255,5
YAKG	
ЯТЭК ао
97	
1 917 685	
39,45	
39,75	
39,2	
40	
39,65
UCSS	
ОКС ао
187	
1 876 060	
1 500	
1 460	
1 450	
1 590	
1 500
NKSH	
Нижкамшина
56	
1 749 846	
23,16	
23	
22,84	
23,42	
22,98
IRKT	
ИРКУТ-3
157	
1 682 618	
34,76	
33,8	
33,42	
35,58	
35,14
KUBE	
Кубанэнр
474	
1 680 699	
72,3	
69,2	
69	
75,4	
70,1
RGSS	
РГС СК ао
289	
1 620 562	
0,1484	
0,15	
0,1468	
0,15	
0,1498
KBSB	
ТНСэКубань
168	
1 572 985	
150	
138,5	
138	
160	
138
TASB	
ТамбЭнСб
129	
1 445 275	
0,469	
0,4265	
0,4035	
0,51	
0,4535
MRKS	
РсетСиб ао
61	
1 249 970	
0,2315	
0,229	
0,2285	
0,2345	
0,233
DIOD	
ЗаводДИОД
140	
1 215 436	
5,75	
5,75	
5,71	
5,79	
5,77
KLSB	
КалужскСК
207	
1 191 704	
10,63	
10,74	
10,51	
10,87	
10,78
LNZLP	
Лензол. ап
137	
1 141 580	
3 565	
3 600	
3 530	
3 630	
3 590
TTLK	
Таттел. ао
185	
1 133 000	
0,2805	
0,285	
0,2775	
0,285	
0,281
LSNG	
РСетиЛЭ
309	
1 040 057	
6,03	
6,07	
5,89	
6,18	
6,06
USBN	
УралСиб ао
85	
1 029 048	
0,0697	
0,0692	
0,069	
0,0704	
0,0701
RBCM	
РБК ао
316	
1 018 340	
3,298	
3,324	
3,24	
3,348	
3,348
AMEZ	
АшинскийМЗ
251	
998 045	
3,995	
4,015	
3,965	
4,04	
4,015
CNTLP	
Телеграф-п
164	
950 990	
16,92	
17,04	
16,84	
17,04	
16,96
KRKN	
СаратНПЗ
45	
902 200	
13 450	
13 400	
13 300	
13 700	
13 350
KROT	
КрасОкт-ао
81	
846 360	
345,5	
344,5	
327	
351	
346,5
VGSBP	
ВолгЭнСб-п
216	
832 380	
1,17	
1,155	
1,1	
1,22	
1,11
BELU	
Белуга ао
155	
831 501	
1 341	
1 351	
1 315	
1 380	
1 341
DVEC	
ДЭК ао
147	
823 957	
0,925	
0,912	
0,905	
0,96	
0,923
MRKU	
МРСК Ур
154	
820 076	
0,1572	
0,1594	
0,1554	
0,1594	
0,1564
TASBP	
ТамбЭнСб-п
121	
798 135	
0,4135	
0,384	
0,3765	
0,4375	
0,404
NSVZ	
НаукаСвяз
111	
790 655	
229	
225	
224	
242,5	
230
MRKY	
РоссЮг ао
186	
762 477	
0,05015	
0,05075	
0,04975	
0,05115	
0,05035
MFGSP	
Мегион-ап
15	
756 275	
348,5	
333	
333	
350	
344
CHEP	
ЧТПЗ ао
102	
752 490	
201,5	
197,5	
197,5	
205	
202
VZRZP	
Возрожд-п
173	
725 280	
310	
300,8	
300,8	
324,8	
311,2
GAZA	
ГАЗ ао
12	
720 945	
383,5	
383	
383	
385	
383
TGKN	
ТГК-14
98	
699 310	
0,00319	
0,00326	
0,00317	
0,00326	
0,00319
TNSE	
ТНСэнрг ао
32	
685 770	
955	
970	
950	
970	
965
PAZA	
ПавлАвт ао
55	
665 450	
7 830	
7 700	
7 700	
7 970	
7 740
TGKBP	
ТГК-2 ап
51	
663 970	
0,00722	
0,00715	
0,00701	
0,00733	
0,00724
KZOSP	
ОргСинт ап
512	
646 808	
11,96	
11,9	
11,8	
12,16	
11,99
VLHZ	
ВХЗ-ао
111	
641 587	
49,3	
50,05	
48,9	
50,05	
49,45
MAGE	
МагадЭн ао
47	
585 060	
8,6	
8,62	
8,31	
8,97	
8,57
TRCN	
ТрансК ао
49	
566 605	
8 455	
8 545	
8 300	
8 580	
8 515
RUGR	
Русгрэйн
641	
565 750	
7,456	
7,448	
7,39	
7,566	
7,45
VSYDP	
ВыбСудЗ ап
54	
530 100	
4 140	
4 240	
4 000	
4 300	
4 240
RKKE	
ЭнергияРКК
75	
508 980	
4 990	
5 240	
4 840	
5 320	
4 980
VGSB	
ВолгЭнСб
113	
508 345	
1,695	
1,735	
1,61	
1,945	
1,655
URKZ	
УрКузница
37	
495 480	
11 260	
11 180	
11 080	
11 440	
11 240
IRGZ	
ИркЭнерго
94	
486 782	
11,76	
11,72	
11,34	
11,88	
11,64
TGKD	
Квадра
98	
482 258	
0,00306	
0,003035	
0,003005	
0,0031	
0,003075
NNSB	
ТНСэнНН ао
108	
478 855	
1 285	
1 340	
1 270	
1 365	
1 285
VSYD	
ВыбСудЗ ао
82	
465 915	
4 160	
4 430	
4 020	
4 430	
4 140
NAUK	
iНПОНаука
110	
453 406	
179,2	
183,4	
175,8	
184,2	
180,2
CHMK	
ЧМК ао
84	
443 380	
2 475	
2 515	
2 455	
2 515	
2 485
RUSP	
Русполимет
45	
436 260	
0,5815	
0,586	
0,562	
0,5995	
0,597
ASSB	
АстрЭнСб
130	
379 317	
0,779	
0,79	
0,7715	
0,792	
0,782
SELGP	
Селигдар-п
85	
361 540	
26	
26,3	
25,9	
26,4	
26
TORSP	
ТРК ап
41	
346 015	
0,2815	
0,2815	
0,278	
0,285	
0,278
NNSBP	
ТНСэнНН ап
157	
334 595	
549	
568	
534	
578	
550
SARE	
СаратЭн-ао
70	
304 860	
0,121	
0,118	
0,118	
0,1248	
0,1192
OMZZP	
ОМЗ-ап
63	
302 990	
3 365	
3 420	
3 320	
3 420	
3 345
NKHP	
НКХП ао
66	
302 965	
228	
232,5	
226	
232,5	
229
WTCMP	
ЦМТ ап
74	
288 544	
7,84	
8,02	
7,4	
8,06	
7,98
HIMCP	
Химпром ап
48	
285 012	
5,93	
5,94	
5,82	
5,95	
5,92
KAZT	
Куйбазот
74	
277 106	
140	
139,8	
138,4	
142,4	
140,4
KMEZ	
КМЗ
54	
271 520	
465,5	
472	
460	
479	
474
BISVP	
БашИнСв ап
62	
270 752	
7,87	
7,84	
7,7	
7,94	
7,92
UWGN	
ОВК ао
86	
268 236	
241,7	
240,5	
240	
245,2	
241,7
MGTS	
МГТС-5ао
35	
267 855	
2 350	
2 395	
2 315	
2 395	
2 380
ARSA	
Арсагера
28	
266 400	
3,17	
3,26	
3,1	
3,27	
3,24
TUZA	
ТЗА ао
48	
246 570	
94	
94	
93	
96	
95
RAVN	
Raven
19	
243 765	
32,05	
31,85	
31,85	
32,4	
32,05
WTCM	
ЦМТ ао
44	
233 182	
8,98	
8,82	
8,82	
9,08	
8,88
ROLO	
Русолово
39	
230 372	
3,84	
3,936	
3,756	
3,938	
3,784
BRZL	
БурЗолото
40	
225 684	
830	
832	
827	
832	
829
TGKDP	
Квадра-п
97	
220 745	
0,004155	
0,00404	
0,003955	
0,004975	
0,004005
RLMNP	
Роллман-п
152	
214 070	
19,64	
19,32	
18,9	
21	
19,28
TORS	
ТРК ао
30	
208 170	
0,386	
0,383	
0,381	
0,399	
0,383
SAREP	
СаратЭн-ап
63	
201 878	
0,093	
0,0932	
0,09	
0,0978	
0,0918
ABRD	
АбрауДюрсо
82	
200 695	
129,5	
130	
128	
130,5	
130
STSBP	
СтаврЭнСбп
56	
192 923	
0,338	
0,3395	
0,327	
0,3495	
0,333
MAGEP	
МагадЭн ап
22	
187 525	
7,5	
7,645	
7,32	
7,645	
7,48
MRKK	
Россети СК
46	
176 197	
26,42	
26,6	
26,14	
26,66	
26,32
YKEN	
Якутскэнрг
28	
176 155	
0,3525	
0,3515	
0,35	
0,3585	
0,3525
RLMN	
Роллман
87	
172 298	
19,4	
19,55	
19,15	
19,7	
19,3
MGNZ	
СМЗ-ао
26	
170 420	
3 960	
3 910	
3 850	
4 050	
4 000
YRSB	
ТНСэнЯр
28	
164 400	
168	
174	
164	
176	
170
KRKOP	
ТКЗКК ап
47	
163 339	
5,71	
5,79	
5,705	
5,79	
5,77
SAGO	
СамарЭн-ао
25	
150 020	
0,406	
0,402	
0,396	
0,412	
0,406
NFAZ	
Нефтекамск
46	
145 508	
163,6	
162,8	
160,4	
168,2	
162,6
VRSB	
ТНСэнВорон
16	
144 400	
46,6	
45,8	
45,6	
47,8	
46,6
KOGK	
КоршГОК ао
3	
140 600	
46 800	
46 400	
46 400	
47 200	
47 200
ZVEZ	
ЗВЕЗДА ао
14	
140 135	
4,52	
4,505	
4,5	
4,57	
4,57
KROTP	
КрасОкт-1п
21	
139 920	
254,5	
250,5	
250	
258,5	
257
VJGZP	
Варьеган-п
14	
138 090	
345	
343	
342	
356	
355
RUSI	
ИКРУСС-ИНВ
25	
136 910	
38	
37	
37	
38,5	
37,5
HALS	
Галс-Девел
30	
135 545	
770	
779	
761	
780	
762
KUZB	
КузнецкийБ
85	
130 806	
0,01681	
0,01699	
0,01661	
0,0171	
0,01686
LPSB	
ЛЭСК ао
25	
128 730	
7,85	
7,85	
7,8	
7,95	
7,8
ROST	
РОСИНТЕРао
25	
127 974	
63,8	
65	
63	
65	
64,6
CNTL	
Телеграф
36	
122 040	
20,35	
20,55	
20,2	
20,7	
20,25
GAZAP	
ГАЗ ап
25	
120 060	
316	
313,5	
313	
321	
321
DZRD	
iДонскЗР
41	
114 330	
1 875	
1 885	
1 865	
1 905	
1 880
RTGZ	
ГазпРнД ао
5	
103 450	
20 700	
21 050	
20 150	
21 050	
20 800
JNOSP	
Слав-ЯНОСп
18	
99 698	
14,66	
14,6	
14,3	
14,74	
14,32
MRSB	
МордЭнСб
14	
94 890	
0,351	
0,355	
0,347	
0,355	
0,35
EELT	
ЕвроЭлтех
46	
94 613	
7,54	
7,44	
7,44	
7,52	
7,52
VJGZ	
Варьеган
23	
87 776	
601	
601	
596	
610	
602
LVHK	
Левенгук
16	
87 395	
8,02	
8,02	
8	
8,03	
8,02
KCHE	
КамчатЭ ао
17	
80 160	
0,2005	
0,1985	
0,198	
0,2025	
0,202
KAZTP	
Куйбазот-п
17	
79 790	
145,2	
147,6	
142,4	
147,8	
146,4
JNOS	
Славн-ЯНОС
16	
77 790	
18,5	
18,55	
18,5	
18,7	
18,55
PRMB	
Приморье
3	
74 000	
24 600	
24 600	
24 600	
24 800	
24 800
KGKCP	
КурганГКап
20	
72 665	
58,5	
60	
57,5	
60	
59
ELTZ	
Электрцинк
36	
70 613	
170,5	
171,5	
169	
172	
169
KBTK	
КузбТК ао
26	
64 926	
154,6	
154,8	
153,6	
155,6	
154,4
IGSTP	
Ижсталь ап
23	
64 345	
663	
672	
660	
673	
667
YKENP	
Якутскэн-п
12	
61 030	
0,339	
0,3445	
0,334	
0,3445	
0,339
AVAN	
Авангрд-ао
19	
55 310	
710	
705	
700	
720	
720
DZRDP	
iДонскЗР п
24	
53 580	
1 580	
1 580	
1 560	
1 600	
1 600
SLEN	
Сахэнер ао
48	
51 429	
4,115	
4,15	
4,065	
4,23	
4,075
ROSB	
Росбанк ао
17	
45 582	
71,2	
71	
70,2	
72	
71,8
IGST	
Ижсталь2ао
17	
44 859	
831	
825	
824	
836	
836
SZPR	
СЗПароход
21	
43 936	
786	
792	
780	
792	
782
ALBK	
БестЭфБ ао
12	
43 805	
54	
54,5	
53,5	
55	
54,5
VRSBP	
ТНСэнВор-п
6	
41 000	
31,5	
31,5	
31,5	
32	
32
CHGZ	
РН-ЗапСиб
8	
31 380	
35	
34,4	
34,4	
35	
35
KGKC	
КурганГКао
10	
31 340	
55	
55	
54	
55	
54
KTSB	
КСБ ао
16	
28 728	
0,586	
0,578	
0,578	
0,598	
0,584
KTSBP	
КСБ ап
6	
27 660	
0,2515	
0,2495	
0,2495	
0,2525	
0,252
BLNG	
Белон ао
17	
27 070	
4,04	
4,042	
4	
4,058	
4,054
RTSB	
ТНСэнРст
3	
21 150	
0,35	
0,35	
0,35	
0,355	
0,35
STSB	
СтаврЭнСб
10	
18 879	
0,3855	
0,3845	
0,3835	
0,3905	
0,3835
CHKZ	
ЧКПЗ ао
2	
10 680	
5 340	
5 360	
5 320	
5 360	
5 320
MISB	
ТНСэнМарЭл
5	
6 770	
11,3	
11,3	
11,2	
11,4	
11,2
RTSBP	
ТНСэнРст-п
2	
5 800	
0,289	
0,29	
0,29	
0,29	
0,29
UKUZ	
ЮжКузб. ао
2	
4 804	
534	
532	
532	
536	
536
MISBP	
ТНСэМаЭл-п
4	
4 040	
10,2	
10,2	
10	
10,2	
10,2
RDRB	
РДБанк ао
1	
2 500	
250	
250	
250	
250	
250
YRSBP	
ТНСэнЯр-п
2	
1 695	
85	
85	
84,5	
85	
85
GAZC	
ГАЗКОН-ао
0	
0	
-	
-	
-	
-	
295
GTSS	
ГЕОТЕК ао
0	
0	
-	
-	
-	
-	
-
TRFM	
ТрансФ ао
0	
0	
-	
-	
-	
-	
-
KMTZ	
КосогМЗ ао
0	
0	
-	
-	
-	
-	
-
KZMS	
КЗМС ао
0	
0	
-	
-	
-	
-	
226
SAGOP	
СамарЭн-ап
0	
0	
-	
-	
-	
-	
0,39
GAZS	
ГАЗ-сервис
0	
0	
-	
-	
-	
-	
293
HIMC	
Химпром ао
0	
0	
-	
-	
-	
-	
0,99
URKA	
Уркалий-ао
0	
0	
-	
-	
-	
-	
119,04
VZRZ	
Возрожд-ао
0	
0	
-	
-	
-	
-	
480
GAZT	
ГАЗ-Тек ао
0	
0	
-	
-	
-	
-	
85
KCHEP	
КамчатЭ ап
0	
0	
-	
-	
-	
-	
0,349
KSGR	
Кокс ао
0	
0	
-	
-	
-	
-	
-
MFON	
МегаФон ао
0	
0	
-	
-	
-	
-	
650,6
MORI	
Морион ао
0	
0	
-	
-	
-	
-	
4,31
BISV	
БашИнСв ао
0	
0	
-	
-	
-	
-	
8,7
KRKO	
ТКЗКК ао
0	
0	
-	
-	
-	
-	
11,8
KUNF	
КУЗОЦМ ао
0	
0	
-	
-	
-	
-	
-
NPOF	
Физика ао
0	
0	
-	
-	
-	
-	
11 850