MSNG	
+МосЭнерго
1 063	
23 414 528	
1,9085	
1,89	
1,89	
1,9265	
1,9165
AGRO	
AGRO-гдр
1 968	
15 545 477	
614,4	
610	
609,4	
620,2	
612
ETLN	
ETLN-гдр
716	
14 387 528	
82,08	
82,1	
81,4	
82,4	
82,36
FIVE	
FIVE-гдр
10 757	
538 162 431	
2 188	
2 222	
2 151	
2 245,5	
2 151
QIWI	
iQIWI
2 758	
44 139 534	
897	
885	
880	
910	
889,5
UNAC	
iАвиастКао
233	
1 217 899	
0,4735	
0,475	
0,4665	
0,48	
0,474
DZRD	
iДонскЗР
77	
360 700	
1 870	
1 865	
1 840	
1 910	
1 875
DZRDP	
iДонскЗР п
30	
66 500	
1 550	
1 540	
1 530	
1 570	
1 570
ISKJ	
iИСКЧ ао
927	
9 343 884	
30,27	
30,67	
29,8	
31,35	
30,17
GEMA	
iММЦБ ао
365	
3 506 771	
650	
665	
645,5	
665	
646
NAUK	
iНПОНаука
80	
396 596	
170,2	
175,6	
169	
175,6	
172,4
LIFE	
iФармсинтз
1 009	
10 229 963	
7,765	
7,96	
7,65	
7,995	
7,815
POLY	
Polymetal
12 121	
733 747 868	
1 501,4	
1 480,8	
1 472,2	
1 512	
1 507
RAVN	
Raven
34	
251 120	
30,25	
30,8	
29,75	
30,8	
30,1
RUAL	
RUSAL plc
8 632	
152 427 462	
25,395	
25,6	
25,21	
25,6	
25,22
TCSG	
TCS-гдр
8 678	
436 221 229	
1 070,2	
1 084	
1 050,2	
1 084,6	
1 070
YNDX	
Yandex clA
21 004	
1 481 616 150	
2 849,6	
2 856,8	
2 795,8	
2 894	
2 839,6
ABRD	
АбрауДюрсо
81	
171 745	
131	
130,5	
130	
132	
131
AVAN	
Авангрд-ао
15	
37 585	
735	
740	
730	
750	
740
AKRN	
Акрон
319	
11 273 952	
5 884	
5 894	
5 868	
5 910	
5 888
ALRS	
АЛРОСА ао
26 579	
867 274 863	
60,74	
61,75	
59,82	
62	
59,82
ALNU	
АЛРОСА-Нюр
32	
3 928 400	
48 000	
47 600	
47 400	
48 400	
48 400
APTK	
Аптеки36и6
4 563	
12 115 147	
13,52	
13,35	
13,224	
13,72	
13,35
ARSA	
Арсагера
5	
23 010	
3,29	
3,24	
3,24	
3,31	
3,31
ASSB	
АстрЭнСб
79	
653 701	
0,6335	
0,6425	
0,6265	
0,6425	
0,629
AMEZ	
АшинскийМЗ
304	
2 021 171	
4,02	
3,99	
3,96	
4,08	
4,025
AFLT	
Аэрофлот
40 842	
1 109 476 446	
71,54	
72,32	
70,7	
72,8	
70,94
BISV	
БашИнСв ао
0	
0	
-	
-	
-	
-	
8,7
BISVP	
БашИнСв ап
78	
742 260	
6,98	
7,03	
6,8	
7,04	
6,86
BANE	
Башнефт ао
1 035	
22 308 561	
1 772,5	
1 787	
1 765	
1 804	
1 770,5
BANEP	
Башнефт ап
3 558	
124 429 054	
1 462	
1 471	
1 450	
1 485	
1 462,5
BLNG	
Белон ао
21	
26 881	
4,012	
3,96	
3,96	
4,04	
4,032
BELU	
Белуга ао
133	
2 287 070	
1 484	
1 508	
1 470	
1 508	
1 486
ALBK	
БестЭфБ ао
11	
10 750	
54	
59	
53	
59	
53
BSPB	
БСП ао
1 751	
14 975 714	
39,72	
39,98	
39	
40,74	
39,68
BRZL	
БурЗолото
109	
386 743	
832	
839	
827	
846	
834
VJGZ	
Варьеган
13	
27 331	
594	
599	
591	
599	
592
VJGZP	
Варьеган-п
27	
176 740	
327	
330	
325	
333	
329
VZRZ	
Возрожд-ао
0	
0	
-	
-	
-	
-	
480
VZRZP	
Возрожд-п
17	
51 628	
286,8	
288,4	
285,4	
288,6	
285,8
VGSB	
ВолгЭнСб
12	
27 550	
1,45	
1,47	
1,435	
1,47	
1,435
VGSBP	
ВолгЭнСб-п
8	
18 460	
1,025	
1,03	
1,02	
1,03	
1,02
VSMO	
ВСМПО-АВСМ
212	
7 279 720	
17 620	
17 580	
17 440	
17 960	
17 740
VTBR	
ВТБ ао
21 966	
748 585 656	
0,034535	
0,03462	
0,034215	
0,03485	
0,034215
VLHZ	
ВХЗ-ао
320	
416 585	
47,2	
47,5	
47	
47,5	
47,15
VSYD	
ВыбСудЗ ао
158	
918 105	
4 310	
4 250	
4 170	
4 475	
4 190
VSYDP	
ВыбСудЗ ап
77	
462 500	
4 680	
4 400	
4 400	
4 860	
4 780
GAZA	
ГАЗ ао
19	
129 515	
381	
380,5	
376,5	
383,5	
377,5
GAZAP	
ГАЗ ап
7	
22 615	
323	
324,5	
316,5	
328,5	
323
GAZS	
ГАЗ-сервис
0	
0	
-	
-	
-	
-	
293
GAZT	
ГАЗ-Тек ао
0	
0	
-	
-	
-	
-	
85
GAZC	
ГАЗКОН-ао
0	
0	
-	
-	
-	
-	
295
RTGZ	
ГазпРнД ао
30	
990 300	
20 650	
21 000	
20 100	
21 000	
20 500
SIBN	
Газпрнефть
8 447	
473 856 159	
320,4	
321,1	
318,05	
323,6	
320,2
GAZP	
ГАЗПРОМ ао
66 453	
8 888 177 507	
185,47	
185,61	
183,85	
186,98	
183,85
HALS	
Галс-Девел
35	
192 428	
715	
711	
710	
721	
715
GTSS	
ГЕОТЕК ао
0	
0	
-	
-	
-	
-	
-
GMKN	
ГМКНорНик
24 404	
4 891 660 900	
20 432	
20 376	
20 206	
20 754	
20 206
GTRK	
ГТМ ао
161	
741 291	
41,55	
41,6	
41,25	
41,7	
41,4
DASB	
ДагСб ао
90	
443 443	
0,0958	
0,096	
0,0949	
0,0975	
0,0954
FESH	
ДВМП ао
192	
1 328 577	
6,34	
6,4	
6,28	
6,4	
6,31
DSKY	
ДетскийМир
7 123	
118 304 415	
84,16	
84,2	
83,88	
84,7	
84,2
DVEC	
ДЭК ао
172	
925 166	
0,798	
0,804	
0,776	
0,821	
0,783
EELT	
ЕвроЭлтех
77	
479 508	
8,12	
8,38	
7,52	
8,4	
8,14
DIOD	
ЗаводДИОД
144	
698 564	
5,91	
5,88	
5,87	
5,98	
5,92
ZVEZ	
ЗВЕЗДА ао
31	
187 070	
4,455	
4,445	
4,425	
4,5	
4,45
ZILL	
ЗИЛ ао
41	
454 720	
1 355	
1 320	
1 320	
1 385	
1 385
IGSTP	
Ижсталь ап
12	
39 813	
698	
706	
692	
706	
697
IGST	
Ижсталь2ао
7	
52 287	
871	
878	
861	
882	
870
RUSI	
ИКРУСС-ИНВ
48	
272 660	
38,4	
38,5	
37,5	
39,6	
38,8
INGR	
ИНГРАД ао
192	
970 419	
752	
754	
739	
763	
755
IRAO	
ИнтерРАОао
14 114	
948 540 753	
4,7255	
4,71	
4,653	
4,786	
4,653
IRKT	
ИРКУТ-3
123	
1 287 380	
30,22	
30,34	
29,8	
30,82	
30,2
IRGZ	
ИркЭнерго
256	
2 281 906	
12,72	
12,52	
12,4	
13,1	
12,52
KLSB	
КалужскСК
57	
203 746	
11,26	
11,3	
11,05	
11,38	
11,25
KMAZ	
КАМАЗ
181	
750 104	
54,4	
54,4	
54	
54,8	
54,3
KCHE	
КамчатЭ ао
2	
5 420	
0,1805	
0,1805	
0,1805	
0,181	
0,181
KCHEP	
КамчатЭ ап
1	
3 390	
0,339	
0,339	
0,339	
0,339	
0,339
TGKD	
Квадра
186	
1 098 627	
0,00312	
0,00318	
0,00309	
0,00321	
0,00309
TGKDP	
Квадра-п
81	
305 396	
0,00411	
0,004395	
0,004035	
0,004395	
0,00409
KZMS	
КЗМС ао
0	
0	
-	
-	
-	
-	
226
KMEZ	
КМЗ
365	
754 394	
457	
446	
445	
466	
455
KSGR	
Кокс ао
0	
0	
-	
-	
-	
-	
-
KOGK	
КоршГОК ао
2	
90 000	
45 000	
45 000	
45 000	
45 000	
45 000
KMTZ	
КосогМЗ ао
0	
0	
-	
-	
-	
-	
-
KROTP	
КрасОкт-1п
48	
149 020	
252,5	
263	
246	
263	
255
KROT	
КрасОкт-ао
91	
558 280	
351	
352,5	
345	
360	
352,5
KRSB	
Красэсб ао
32	
263 720	
6,43	
6,41	
6,34	
6,6	
6,4
KRSBP	
Красэсб ап
53	
902 800	
6,32	
6,38	
6,28	
6,46	
6,3
KTSB	
КСБ ао
82	
148 140	
0,544	
0,564	
0,53	
0,574	
0,544
KTSBP	
КСБ ап
1	
2 695	
0,2695	
0,2695	
0,2695	
0,2695	
0,2695
KUBE	
Кубанэнр
48	
156 906	
62,3	
62,5	
60,4	
63,5	
62,5
KBTK	
КузбТК ао
24	
96 034	
157,4	
156,2	
155,6	
162,2	
156,4
KUZB	
КузнецкийБ
218	
149 313	
0,01627	
0,01639	
0,01611	
0,01667	
0,01647
KUNF	
КУЗОЦМ ао
0	
0	
-	
-	
-	
-	
-
KAZT	
Куйбазот
84	
273 578	
135,4	
139	
133,8	
139	
136,4
KAZTP	
Куйбазот-п
61	
160 600	
135	
139,2	
131,2	
139,2	
136,8
KGKC	
КурганГКао
13	
24 730	
53	
52	
52	
53	
52
KGKCP	
КурганГКап
0	
0	
-	
-	
-	
-	
54
LVHK	
Левенгук
51	
303 519	
8,32	
8,08	
8,08	
8,35	
8,25
LNZLP	
Лензол. ап
48	
641 460	
3 710	
3 745	
3 670	
3 745	
3 690
LNZL	
Лензолото
177	
3 538 660	
8 590	
8 660	
8 430	
8 700	
8 530
LNTA	
Лента др
3 995	
43 311 097	
149,8	
150	
149,1	
151,3	
149,6
LSRG	
ЛСР ао
5 647	
84 168 595	
579,4	
570	
570	
584	
583,2
LKOH	
ЛУКОЙЛ
43 369	
8 176 442 558	
4 926,5	
4 933	
4 874,5	
4 968	
4 874,5
LPSB	
ЛЭСК ао
100	
285 335	
7,95	
7,65	
7,65	
8,25	
7,85
MVID	
М.видео
1 949	
38 193 864	
348,4	
351,6	
341	
359	
345,1
MAGE	
МагадЭн ао
91	
1 887 330	
5,14	
4,98	
4,88	
5,48	
5,23
MAGEP	
МагадЭн ап
7	
265 620	
6,175	
6,135	
6,135	
6,27	
6,175
MGNT	
Магнит ао
18 313	
1 097 447 892	
3 549	
3 533,5	
3 520,5	
3 578	
3 544,5
MGTSP	
МГТС-4ап
3 406	
56 236 494	
2 170	
2 462	
2 000	
2 498	
2 056
MGTS	
МГТС-5ао
124	
1 528 720	
2 640	
2 765	
2 565	
2 765	
2 570
MFON	
МегаФон ао
0	
0	
-	
-	
-	
-	
650,6
MFGS	
Мегион-ао
3	
10 370	
345,5	
346,5	
345	
346,5	
345
MFGSP	
Мегион-ап
24	
137 295	
312	
320	
308,5	
323,5	
308,5
MTLR	
Мечел ао
10 140	
125 667 560	
61,75	
61,4	
61,06	
62,93	
61,22
MTLRP	
Мечел ап
1 319	
20 748 195	
71,25	
71,7	
70	
72,9	
70,5
CBOM	
МКБ ао
17 278	
463 590 058	
5,31	
5,292	
5,275	
5,346	
5,288
MAGN	
ММК
7 868	
353 713 243	
37,325	
37,335	
36,89	
37,76	
37,005
MRSB	
МордЭнСб
6	
39 080	
0,355	
0,359	
0,345	
0,359	
0,346
MORI	
Морион ао
0	
0	
-	
-	
-	
-	
4,31
MOEX	
МосБиржа
76 873	
3 490 350 004	
115,32	
118	
113,11	
119,6	
113,57
MOBB	
МосОблБанк
113	
373 509	
2,394	
2,404	
2,37	
2,416	
2,388
MSTT	
Мостотрест
253	
4 188 113	
158	
158,3	
156,8	
158,9	
158
MRKZ	
МРСК СЗ
87	
184 141	
0,04895	
0,0481	
0,0481	
0,0496	
0,04905
MRKU	
МРСК Ур
51	
526 314	
0,1518	
0,152	
0,15	
0,1526	
0,1526
MRKC	
МРСК Центр
339	
1 874 791	
0,2382	
0,2374	
0,237	
0,24	
0,2392
MRKP	
МРСК ЦП
636	
13 994 278	
0,1703	
0,171	
0,1689	
0,1724	
0,17
MRKV	
МРСКВол
531	
3 821 819	
0,0631	
0,06255	
0,06255	
0,0634	
0,06305
MRKS	
МРСКСиб
13	
56 205	
0,216	
0,216	
0,215	
0,2165	
0,2155
MTSS	
МТС-ао
12 602	
1 023 566 807	
320,25	
318	
318	
322,35	
320,15
NSVZ	
НаукаСвяз
19	
52 590	
219	
215	
213	
224,5	
220,5
NFAZ	
Нефтекамск
29	
1 205 190	
150,6	
150,8	
149,4	
152	
151,6
NKSH	
Нижкамшина
48	
157 124	
21,82	
22,78	
20,08	
22,78	
22,26
NKNC	
НКНХ ао
331	
1 665 155	
90,7	
91,5	
90	
91,5	
90,3
NKNCP	
НКНХ ап
1 167	
10 435 215	
75,36	
75,02	
75	
75,82	
75,18
NKHP	
НКХП ао
33	
183 865	
232,5	
232	
231	
235	
232,5
NLMK	
НЛМК ао
13 220	
622 345 392	
119,06	
118,32	
117,52	
120,22	
118,4
NMTP	
НМТП ао
1 041	
9 765 625	
8,72	
8,665	
8,625	
8,76	
8,725
NVTK	
Новатэк ао
14 905	
1 374 396 144	
1 015,4	
1 018,6	
1 004,8	
1 027	
1 008,2
UWGN	
ОВК ао
188	
801 703	
244,3	
244,6	
240,2	
248,7	
243,2
OGKB	
ОГК-2 ао
5 655	
121 213 857	
0,6331	
0,63	
0,6241	
0,6479	
0,627
UCSS	
ОКС ао
13	
27 150	
1 430	
1 430	
1 420	
1 440	
1 440
OMZZP	
ОМЗ-ап
148	
1 707 145	
3 430	
3 375	
3 345	
3 505	
3 365
OBUV	
ОР ао
2 353	
15 593 377	
29,55	
30,1	
28,9	
30,3	
29,7
KZOS	
ОргСинт ао
181	
1 232 825	
89,3	
89,2	
89	
89,4	
89,1
KZOSP	
ОргСинт ап
522	
1 797 186	
12,03	
12,14	
11,94	
12,2	
11,98
PAZA	
ПавлАвт ао
35	
332 060	
7 910	
8 090	
7 710	
8 090	
7 980
PMSBP	
ПермьЭнС-п
133	
572 742	
133	
133,4	
131,8	
133,4	
132,2
PMSB	
ПермьЭнСб
53	
143 772	
133,1	
133,7	
132,5	
133,8	
133,3
PIKK	
ПИК ао
1 225	
35 077 511	
366,8	
373,9	
364	
373,9	
364,1
PLZL	
Полюс
14 810	
1 537 824 541	
12 364	
12 389,5	
12 160	
12 444,5	
12 306
PRMB	
Приморье
25	
461 800	
17 800	
18 400	
17 400	
18 600	
17 400
PRTK	
ПРОТЕК ао
79	
704 270	
98,4	
98,7	
97,8	
99	
98,2
RASP	
Распадская
1 022	
32 833 517	
106,16	
106,3	
105,4	
107,5	
106,34
RBCM	
РБК ао
228	
750 261	
3,286	
3,28	
3,26	
3,318	
3,318
RGSS	
РГС СК ао
201	
799 913	
0,1492	
0,147	
0,147	
0,1508	
0,1484
RDRB	
РДБанк ао
0	
0	
-	
-	
-	
-	
245
CHGZ	
РН-ЗапСиб
1	
3 180	
31,8	
31,8	
31,8	
31,8	
31,8
RLMN	
Роллман
437	
1 345 928	
20,1	
20,1	
19,5	
20,95	
20,2
RLMNP	
Роллман-п
23	
33 847	
20,4	
20,2	
20,2	
20,5	
20,38
ROSB	
Росбанк ао
5	
4 936	
70,6	
70,2	
70,2	
71	
70,6
ROST	
РОСИНТЕРао
29	
178 582	
59,8	
60	
59,2	
61	
60,6
ROSN	
Роснефть
26 326	
3 349 772 687	
352,1	
351,2	
349,35	
354,75	
350,05
RSTI	
Россети ао
5 870	
226 214 600	
1,2955	
1,2951	
1,2829	
1,3118	
1,287
RSTIP	
Россети ап
1 024	
19 771 992	
1,941	
1,954	
1,919	
1,955	
1,934
MRKK	
Россети СК
50	
127 260	
26,14	
26,28	
26,04	
26,44	
26,1
MRKY	
РоссЮг ао
78	
284 000	
0,0499	
0,0502	
0,0498	
0,0502	
0,0499
RTKM	
Ростел -ао
7 507	
221 163 145	
81,46	
82,13	
80,73	
82,9	
80,88
RTKMP	
Ростел -ап
1 206	
13 864 375	
70,8	
70,85	
70,2	
71,75	
70,45
LSNG	
РСетиЛЭ
0	
0	
-	
-	
-	
-	
5,66
LSNGP	
РСетиЛЭ-п
0	
0	
-	
-	
-	
-	
119,95
MSRS	
РСетиМР ао
825	
19 730 870	
1,055	
1,03	
1,024	
1,0795	
1,0595
AQUA	
РусАква ао
122	
1 243 575	
192	
189,5	
189,5	
193	
193
HYDR	
РусГидро
8 148	
260 882 833	
0,638	
0,639	
0,6329	
0,6436	
0,6385
RUGR	
Русгрэйн
1 312	
725 332	
7,462	
7,588	
7,31	
7,588	
7,444
ROLO	
Русолово
28	
273 178	
3,692	
3,682	
3,65	
3,72	
3,68
RUSP	
Русполимет
39	
348 255	
0,633	
0,655	
0,6265	
0,655	
0,6265
RNFT	
РуссНфт ао
1 985	
4 974 854	
418,6	
418,8	
417	
420	
419
RZSB	
РязЭнСб
46	
826 420	
7,8	
7,92	
7,7	
7,92	
7,72
SAGO	
СамарЭн-ао
14	
725 040	
0,39	
0,388	
0,384	
0,39	
0,388
SAGOP	
СамарЭн-ап
20	
85 020	
0,37	
0,362	
0,352	
0,379	
0,377
KRKN	
СаратНПЗ
12	
156 750	
12 050	
12 100	
12 000	
12 100	
12 100
KRKNP	
СаратНПЗ-п
352	
20 168 620	
16 540	
16 560	
16 500	
16 600	
16 560
SARE	
СаратЭн-ао
14	
33 942	
0,117	
0,1152	
0,1152	
0,1226	
0,1188
SAREP	
СаратЭн-ап
9	
21 148	
0,0882	
0,0896	
0,087	
0,09	
0,088
SFIN	
САФМАР ао
503	
5 023 804	
444,6	
450	
440	
452,8	
440,4
SLEN	
Сахэнер ао
9	
8 898	
4,045	
4,025	
4,025	
4,07	
4,07
SBER	
Сбербанк
86 622	
11 679 302 655	
184,95	
186,13	
183,33	
186,78	
183,85
SBERP	
Сбербанк-п
29 556	
1 279 139 596	
173,51	
174,33	
172,25	
174,95	
172,28
CHMF	
СевСт-ао
26 854	
962 431 049	
833,2	
828,4	
824,2	
842,6	
824,2
SELG	
Селигдар
702	
9 619 132	
24,29	
24,23	
24,01	
24,5	
24,19
SELGP	
Селигдар-п
176	
1 431 705	
28,15	
28,4	
28	
28,45	
28,15
SZPR	
СЗПароход
186	
448 672	
732	
760	
708	
770	
726
AFKS	
Система ао
5 766	
200 603 065	
13,996	
13,98	
13,904	
14,07	
14
JNOSP	
Слав-ЯНОСп
28	
87 248	
13,64	
13,86	
13,52	
13,88	
13,52
JNOS	
Славн-ЯНОС
30	
330 575	
17,85	
17,95	
17,7	
18,25	
18,1
MGNZ	
СМЗ-ао
17	
176 790	
4 020	
4 180	
3 950	
4 180	
4 030
SVAV	
СОЛЛЕРС
255	
6 012 990	
260,5	
264,5	
258	
264,5	
262
STSB	
СтаврЭнСб
41	
133 795	
0,35	
0,3545	
0,3465	
0,3585	
0,3515
STSBP	
СтаврЭнСбп
60	
454 250	
0,289	
0,2875	
0,287	
0,29	
0,2885
SNGS	
Сургнфгз
53 782	
7 449 612 695	
40,17	
39,6	
38,92	
41	
40,145
SNGSP	
Сургнфгз-п
11 991	
999 375 826	
36,405	
36,545	
35,95	
36,75	
35,95
TASB	
ТамбЭнСб
54	
246 040	
0,286	
0,2805	
0,2805	
0,2885	
0,283
TASBP	
ТамбЭнСб-п
40	
178 820	
0,218	
0,2195	
0,214	
0,2205	
0,2185
TATN	
Татнфт 3ао
26 525	
2 463 148 779	
526,9	
529	
514,2	
535,6	
514,2
TATNP	
Татнфт 3ап
9 295	
457 793 350	
504,2	
502,1	
496	
510,5	
496
TTLK	
Таттел. ао
1 111	
11 303 885	
0,302	
0,296	
0,291	
0,31	
0,3
TGKA	
ТГК-1
12 288	
90 900 332	
0,011182	
0,0113	
0,011056	
0,01144	
0,01112
TGKN	
ТГК-14
69	
623 980	
0,00327	
0,00327	
0,00322	
0,00331	
0,00322
TGKB	
ТГК-2
1 092	
18 952 540	
0,004445	
0,004365	
0,00431	
0,00466	
0,00437
TGKBP	
ТГК-2 ап
81	
1 012 980	
0,00713	
0,00702	
0,00701	
0,00737	
0,00708
CNTL	
Телеграф
116	
899 355	
22,3	
22,15	
22	
22,6	
22,3
CNTLP	
Телеграф-п
333	
3 111 996	
18,38	
18,26	
18,18	
18,56	
18,46
TUZA	
ТЗА ао
366	
1 748 920	
94	
97	
91	
102	
94
KRKO	
ТКЗКК ао
0	
0	
-	
-	
-	
-	
11,8
KRKOP	
ТКЗКК ап
29	
80 414	
5,825	
5,815	
5,81	
5,89	
5,855
TRMK	
ТМК ао
1 601	
105 909 321	
57,14	
57,04	
56,72	
57,5	
57,46
KBSB	
ТНСэКубань
2	
3 935	
131	
131,5	
130,5	
131,5	
130,5
MISBP	
ТНСэМаЭл-п
6	
14 400	
9,6	
9,4	
9,4	
9,8	
9,8
VRSBP	
ТНСэнВор-п
57	
761 650	
32	
33	
31	
33	
32
VRSB	
ТНСэнВорон
6	
33 760	
48,2	
47,6	
47,6	
48,6	
48,4
MISB	
ТНСэнМарЭл
23	
31 840	
11,4	
10,9	
10,9	
11,6	
11,6
NNSB	
ТНСэнНН ао
88	
230 305	
1 325	
1 305	
1 275	
1 390	
1 280
NNSBP	
ТНСэнНН ап
20	
38 103	
552	
548	
538	
568	
541
TNSE	
ТНСэнрг ао
0	
0	
-	
-	
-	
-	
970
RTSB	
ТНСэнРст
2	
7 300	
0,365	
0,365	
0,365	
0,365	
0,365
RTSBP	
ТНСэнРст-п
7	
23 020	
0,288	
0,287	
0,285	
0,291	
0,286
YRSB	
ТНСэнЯр
38	
199 620	
152	
154	
150	
154	
154
YRSBP	
ТНСэнЯр-п
53	
231 520	
77	
80	
76,5	
80	
78,5
TRCN	
ТрансК ао
69	
1 640 890	
8 330	
8 350	
8 280	
8 350	
8 300
TRNFP	
Транснф ап
2 546	
568 220 150	
130 300	
130 800	
129 200	
132 150	
129 400
TRFM	
ТрансФ ао
0	
0	
-	
-	
-	
-	
-
TORS	
ТРК ао
18	
104 030	
0,358	
0,355	
0,355	
0,364	
0,362
TORSP	
ТРК ап
16	
80 450	
0,268	
0,27	
0,2655	
0,273	
0,266
USBN	
УралСиб ао
60	
911 857	
0,069	
0,0692	
0,0686	
0,0697	
0,0687
URKA	
Уркалий-ао
0	
0	
-	
-	
-	
-	
119,04
URKZ	
УрКузница
14	
152 960	
10 200	
10 340	
10 100	
10 340	
10 120
NPOF	
Физика ао
0	
0	
-	
-	
-	
-	
11 850
PHOR	
ФосАгро ао
4 086	
158 455 057	
2 743	
2 733	
2 724	
2 768	
2 756
FEES	
ФСК ЕЭС ао
16 170	
515 260 797	
0,18494	
0,187	
0,18204	
0,187	
0,18204
HIMC	
Химпром ао
0	
0	
-	
-	
-	
-	
0,99
HIMCP	
Химпром ап
131	
1 129 583	
5,84	
5,97	
5,8	
5,98	
5,8
WTCM	
ЦМТ ао
67	
316 588	
9	
8,96	
8,74	
9,26	
9,14
WTCMP	
ЦМТ ап
50	
214 274	
8,18	
8,14	
8,14	
8,32	
8,18
GCHE	
ЧеркизГ-ао
445	
3 664 338	
1 681,5	
1 689,5	
1 670	
1 696	
1 674
CHKZ	
ЧКПЗ ао
34	
260 840	
5 120	
5 240	
5 040	
5 280	
5 080
CHMK	
ЧМК ао
50	
420 420	
2 215	
2 210	
2 190	
2 235	
2 210
CHEP	
ЧТПЗ ао
46	
1 059 530	
199	
199	
197	
199	
198
ELTZ	
Электрцинк
62	
152 444	
176,5	
175	
174,5	
177,5	
176
ENPG	
ЭН+ГРУП ао
112	
8 586 245	
602	
608	
598	
608,5	
601,5
ENRU	
ЭнелРос ао
1 604	
18 941 051	
0,9105	
0,907	
0,905	
0,9155	
0,908
RKKE	
ЭнергияРКК
76	
964 480	
5 050	
4 940	
4 940	
5 240	
5 070
UKUZ	
ЮжКузб. ао
11	
18 286	
522	
518	
514	
528	
516
UPRO	
Юнипро ао
3 628	
122 700 363	
2,653	
2,67	
2,636	
2,674	
2,636
UTAR	
ЮТэйр ао
70	
270 144	
6,33	
6,33	
6,23	
6,42	
6,33
UNKL	
ЮУНК ао
41	
227 780	
3 400	
3 360	
3 330	
3 500	
3 350
YKENP	
Якутскэн-п
71	
555 725	
0,3175	
0,32	
0,312	
0,32	
0,319
YKEN	
Якутскэнрг
26	
305 410	
0,3395	
0,3355	
0,335	
0,346	
0,345
YAKG	
ЯТЭК ао
169	
3 398 145	
42,5	
42,75	
41,55	
43,9	
42