SBER	
Сбербанк
108 783	
15 627 615 938	
204,28	
207,46	
201,95	
207,57	
203,35
GAZP	
ГАЗПРОМ ао
63 335	
6 667 446 647	
167,13	
166,87	
166	
168,85	
166,99
LKOH	
ЛУКОЙЛ
56 322	
6 213 115 291	
4 292	
4 352	
4 231	
4 362,5	
4 265,5
YNDX	
Yandex clA
35 821	
4 796 237 583	
4 730,2	
4 755,4	
4 677	
4 780	
4 737,4
GMKN	
ГМКНорНик
19 837	
4 049 175 270	
19 652	
19 732	
19 500	
19 786	
19 702
AFKS	
Система ао
68 629	
3 809 409 278	
25,83	
26,3	
25,021	
26,9	
25,79
PLZL	
Полюс
15 258	
2 737 046 367	
17 230,5	
17 399	
17 085,5	
17 399	
17 384
TATN	
Татнфт 3ао
39 572	
2 287 196 697	
434,3	
441,6	
427,7	
442,5	
432
POLY	
Polymetal
20 290	
1 924 928 169	
1 772,2	
1 800	
1 760,1	
1 806,6	
1 782
AFLT	
Аэрофлот
50 858	
1 852 725 527	
58,04	
59,2	
57,16	
59,6	
57,66
MGNT	
Магнит ао
20 953	
1 709 792 068	
4 779	
4 900	
4 702	
4 912	
4 740
MTSS	
МТС-ао
26 177	
1 516 554 482	
327,05	
331,6	
320,1	
333,55	
325
ROSN	
Роснефть
9 722	
1 375 792 445	
380,3	
384,2	
379,2	
384,95	
381,1
SBERP	
Сбербанк-п
28 276	
1 317 613 969	
195,75	
198,72	
194	
198,79	
194,72
MOEX	
МосБиржа
17 916	
1 285 864 711	
150,17	
149,25	
148,44	
151,9	
149,4
SNGS	
Сургнфгз
11 566	
1 024 822 770	
33,92	
34,275	
33,4	
34,35	
33,845
ALRS	
АЛРОСА ао
24 660	
931 376 456	
75,82	
76,52	
75	
76,88	
75,07
MAGN	
ММК
16 294	
888 139 955	
34,93	
35,5	
34,575	
35,65	
34,675
NVTK	
Новатэк ао
10 175	
850 265 285	
1 077,4	
1 088,2	
1 060,6	
1 097,6	
1 063
TATNP	
Татнфт 3ап
26 576	
826 160 247	
420,4	
427,6	
415,6	
428,4	
417
VTBR	
ВТБ ао
41 022	
819 064 902	
0,03272	
0,03312	
0,032405	
0,033185	
0,032595
SNGSP	
Сургнфгз-п
9 042	
742 553 858	
38,22	
38,5	
37,91	
38,5	
38,25
IRAO	
ИнтерРАОао
10 379	
734 898 675	
5,23	
5,283	
5,2	
5,289	
5,233
NLMK	
НЛМК ао
8 759	
684 323 077	
170,06	
169,7	
168,68	
171,38	
170,86
MAIL	
MAIL-гдр
12 148	
676 566 859	
2 255	
2 269	
2 242,6	
2 270	
2 265
CHMF	
СевСт-ао
9 102	
551 869 693	
1 000,4	
1 006,8	
997	
1 006,8	
1 001,8
FIVE	
FIVE-гдр
8 900	
540 297 477	
2 989,5	
3 038	
2 963	
3 052	
3 009
TRNFP	
Транснф ап
1 652	
413 566 950	
146 650	
147 500	
145 800	
147 500	
146 200
FLOT	
Совкомфлот
12 314	
408 986 603	
100,94	
103	
100,06	
103	
100,26
HYDR	
РусГидро
11 817	
373 870 943	
0,7223	
0,7295	
0,716	
0,73	
0,7176
TCSG	
TCS-гдр
10 014	
372 481 662	
1 876,4	
1 931	
1 850,2	
1 931	
1 883,8
POGR	
Petropavl
10 181	
363 986 168	
30,115	
31,125	
29,8	
31,295	
30,015
CBOM	
МКБ ао
6 895	
338 589 322	
5,592	
5,63	
5,543	
5,642	
5,55
SIBN	
Газпрнефть
8 545	
337 358 173	
280,45	
283,25	
277,7	
283,75	
278,1
FEES	
ФСК ЕЭС ао
8 312	
241 845 947	
0,18978	
0,19146	
0,18728	
0,19206	
0,18728
PIKK	
ПИК ао
9 538	
203 558 556	
587,4	
586,7	
580,1	
592,7	
584,6
DSKY	
ДетскийМир
6 449	
194 286 328	
119	
119,48	
118,3	
120,34	
119,32
MVID	
М.видео
4 183	
179 525 135	
682,3	
689,9	
669,1	
690,8	
680,7
LNTA	
Лента др
21 502	
147 278 601	
220,6	
224,5	
217,3	
225,6	
220
RUAL	
РУСАЛ ао
10 064	
145 936 365	
32,705	
33,1	
32,04	
33,385	
32,52
RTKM	
Ростел -ао
5 347	
133 424 272	
94,1	
94,7	
93,2	
95,12	
93,43
RSTI	
Россети ао
3 733	
117 099 607	
1,4095	
1,4312	
1,398	
1,4312	
1,398
PHOR	
ФосАгро ао
2 825	
98 462 312	
2 811	
2 854	
2 776	
2 854	
2 801
RASP	
Распадская
1 745	
82 073 705	
115,28	
117	
114,3	
117,34	
114,48
AKRN	
Акрон
852	
70 538 194	
6 138	
6 120	
6 050	
6 180	
6 164
ETLN	
ETLN-гдр
7 233	
63 586 807	
127,22	
126,9	
126,38	
128,18	
127,8
LSRG	
ЛСР ао
4 608	
56 327 532	
875,2	
869,2	
867,4	
880	
875,4
UPRO	
Юнипро ао
2 298	
54 667 260	
2,699	
2,712	
2,69	
2,712	
2,691
AGRO	
AGRO-гдр
2 802	
51 677 930	
733	
740	
725,6	
743	
731,8
MTLR	
Мечел ао
8 249	
48 827 514	
58,42	
59,5	
57,36	
59,5	
57,77
ENRU	
ЭнелРос ао
2 541	
37 621 343	
0,9095	
0,9115	
0,905	
0,919	
0,908
HHRU	
iHHRU-адр
630	
37 052 957	
1 794,6	
1 800	
1 775,2	
1 814	
1 805,6
QIWI	
iQIWI
2 324	
35 103 293	
1 281	
1 312	
1 261	
1 312	
1 289,5
OGKB	
ОГК-2 ао
1 463	
30 142 253	
0,7465	
0,7478	
0,742	
0,7578	
0,7439
TGKA	
ТГК-1
2 299	
26 055 315	
0,010474	
0,010586	
0,010334	
0,010678	
0,01038
NMTP	
НМТП ао
1 884	
24 196 924	
8,195	
8,17	
8,16	
8,23	
8,18
RTKMP	
Ростел -ап
1 377	
23 693 032	
85,35	
86,1	
84,55	
86,4	
85
FESH	
ДВМП ао
805	
22 706 108	
10,12	
10,43	
9,97	
10,45	
10,13
MSNG	
+МосЭнерго
899	
20 385 157	
2,047	
2,047	
2,033	
2,058	
2,047
VSMO	
ВСМПО-АВСМ
571	
19 584 220	
16 540	
16 980	
16 020	
16 980	
16 520
BANEP	
Башнефт ап
1 492	
19 393 771	
1 214,5	
1 218	
1 210	
1 222	
1 210
TRMK	
ТМК ао
943	
14 806 539	
60,2	
60,4	
58,06	
60,6	
58,06
KRKOP	
ТКЗКК ап
2 076	
14 788 137	
9,79	
8,33	
8,22	
10,69	
9,9
MTLRP	
Мечел ап
1 067	
14 677 356	
66,8	
68,1	
65,8	
68,1	
66,35
APTK	
Аптеки36и6
7 813	
14 504 376	
14,05	
14	
13,864	
14,122	
14,068
MSTT	
Мостотрест
1 572	
11 381 903	
127,35	
133	
121,85	
134,25	
122,15
LNZLP	
Лензол. ап
963	
11 165 355	
4 085	
4 160	
3 975	
4 240	
4 055
LNZL	
Лензолото
95	
9 928 020	
19 240	
19 250	
19 200	
19 280	
19 260
LSNGP	
РСетиЛЭ-п
612	
9 748 429	
154,1	
153,55	
152,75	
155,05	
154
KMAZ	
КАМАЗ
1 344	
8 689 358	
61,7	
60,2	
59,7	
62,9	
61,4
MRKP	
МРСК ЦП
443	
8 095 727	
0,2183	
0,218	
0,2179	
0,2193	
0,218
LIFE	
iФармсинтз
825	
7 781 011	
6,76	
6,89	
6,615	
6,96	
6,69
NKNCP	
НКНХ ап
1 084	
7 778 130	
75,6	
75,52	
75,2	
75,88	
75,68
BSPB	
БСП ао
1 718	
7 699 779	
42,03	
42,4	
41,82	
42,4	
41,98
ISKJ	
iИСКЧ ао
727	
7 283 554	
31,64	
32,28	
30,66	
32,89	
30,99
RNFT	
РуссНфт ао
1 845	
7 007 239	
316,4	
330	
306,2	
334	
309
GCHE	
ЧеркизГ-ао
744	
6 998 285	
1 843	
1 850,5	
1 830,5	
1 858	
1 835
ABRD	
АбрауДюрсо
706	
6 007 370	
207,5	
205	
203	
216,5	
207,5
BANE	
Башнефт ао
430	
5 358 207	
1 624	
1 631	
1 620	
1 637,5	
1 620,5
KRKNP	
СаратНПЗ-п
195	
5 240 040	
15 060	
15 120	
15 000	
15 160	
15 020
RSTIP	
Россети ап
484	
4 895 291	
1,96	
1,969	
1,945	
1,973	
1,946
SELG	
Селигдар
326	
4 809 651	
42,64	
43,32	
42,25	
43,39	
42,58
INGR	
ИНГРАД ао
294	
4 622 780	
920	
921	
914	
926	
925
MGTSP	
МГТС-4ап
395	
4 547 140	
1 862	
1 890	
1 818	
1 892	
1 862
ENPG	
ЭН+ГРУП ао
936	
4 411 760	
700,5	
709,5	
698	
709,5	
702,5
MSRS	
РСетиМР ао
125	
4 329 164	
1,1595	
1,1655	
1,1515	
1,1665	
1,155
NKNC	
НКНХ ао
642	
4 317 627	
86,4	
86,25	
85,4	
88,15	
85,8
AQUA	
РусАква ао
348	
4 196 240	
242	
246	
240	
246	
241,5
YAKG	
ЯТЭК ао
39	
4 195 190	
47	
46,95	
46,5	
47,45	
47
BELU	
Белуга ао
292	
3 590 163	
1 251	
1 269	
1 241	
1 270	
1 256
TGKD	
Квадра
1 230	
3 410 557	
0,003915	
0,003865	
0,003865	
0,00398	
0,003895
KZOS	
ОргСинт ао
509	
3 385 529	
76,4	
77,3	
75,8	
77,9	
76,3
SELGP	
Селигдар-п
227	
3 259 325	
36,4	
36,65	
35,7	
36,7	
36,65
SVAV	
СОЛЛЕРС
140	
3 187 445	
283	
286,5	
279,5	
289	
280,5
OBUV	
ОР ао
2 928	
2 937 844	
31,5	
31,8	
31,25	
32,2	
31,35
MRKV	
РсетВол ао
332	
2 586 727	
0,06965	
0,0698	
0,06905	
0,0699	
0,0693
KCHEP	
КамчатЭ ап
299	
2 471 030	
0,425	
0,38	
0,38	
0,462	
0,399
NSVZ	
НаукаСвяз
330	
2 292 275	
193,5	
201	
173	
201,5	
195
MRKC	
МРСК Центр
787	
2 286 574	
0,2994	
0,2998	
0,2966	
0,3028	
0,2968
ALNU	
АЛРОСА-Нюр
18	
2 221 200	
57 000	
57 000	
56 800	
57 000	
56 800
CNTLP	
Телеграф-п
329	
2 167 168	
13,96	
13,96	
13,9	
14	
13,94
TGKB	
ТГК-2
174	
2 139 240	
0,003885	
0,003905	
0,00386	
0,00393	
0,00389
MAGEP	
МагадЭн ап
16	
1 979 930	
6	
6,19	
5,93	
6,19	
5,93
ZILL	
ЗИЛ ао
59	
1 973 010	
2 590	
2 575	
2 530	
2 610	
2 575
HALS	
Галс-Девел
251	
1 819 209	
1 070	
1 112	
1 045	
1 137	
1 056
RLMN	
Роллман
532	
1 528 608	
16,75	
17,35	
16,3	
17,95	
16,55
TTLK	
Таттел. ао
120	
1 498 110	
0,3435	
0,35	
0,34	
0,352	
0,343
MRSB	
МордЭнСб
102	
1 480 540	
0,435	
0,44	
0,431	
0,44	
0,436
MRKS	
РсетСиб ао
57	
1 437 710	
0,262	
0,262	
0,2585	
0,266	
0,266
BRZL	
БурЗолото
251	
1 397 200	
966	
985	
940	
998	
956
AMEZ	
АшинскийМЗ
880	
1 366 869	
4,54	
4,555	
4,525	
4,58	
4,575
UWGN	
ОВК ао
997	
1 334 723	
198,1	
195,8	
195,4	
200	
196,3
SFIN	
САФМАР ао
54	
1 310 168	
478,2	
508,6	
467,8	
519,4	
480,2
UNAC	
iАвиастКао
504	
1 159 818	
0,4105	
0,414	
0,4075	
0,414	
0,411
RUGR	
Русгрэйн
2 359	
1 145 498	
9,072	
9,138	
9,002	
9,138	
9,05
CNTL	
Телеграф
209	
1 122 070	
16,1	
16,15	
16	
16,25	
16,05
RUSI	
ИКРУСС-ИНВ
143	
1 045 030	
39,3	
38,1	
38,1	
40,9	
39,3
HIMCP	
Химпром ап
274	
1 026 497	
6,87	
6,82	
6,79	
6,95	
6,93
NAUK	
iНПОНаука
156	
976 626	
198	
194	
192	
204	
197,8
KCHE	
КамчатЭ ао
264	
965 450	
0,217	
0,22	
0,206	
0,226	
0,2105
BISVP	
БашИнСв ап
265	
958 966	
9,57	
9,93	
9,37	
9,93	
9,51
KLSB	
КалужскСК
165	
934 296	
13,23	
13,28	
13,02	
13,6	
13,22
MRKY	
РоссЮг ао
254	
860 757	
0,04735	
0,0471	
0,04705	
0,04775	
0,0474
ROLO	
Русолово
72	
828 614	
6,092	
6,024	
6,024	
6,188	
6,03
NFAZ	
Нефтекамск
90	
826 094	
206,6	
208,4	
203,2	
215	
207,4
GTRK	
ГТМ ао
1 348	
796 009	
42,35	
42,2	
42,1	
42,6	
42,4
SLEN	
Сахэнер ао
134	
784 075	
6,04	
6,135	
5,84	
6,36	
6,235
VGSB	
ВолгЭнСб
101	
744 195	
3,875	
4	
3,705	
4,095	
3,8
UNKL	
ЮУНК ао
88	
737 220	
6 520	
6 540	
6 480	
6 580	
6 480
SAGOP	
СамарЭн-ап
99	
671 500	
0,454	
0,472	
0,44	
0,472	
0,457
MAGE	
МагадЭн ао
62	
582 000	
5,94	
6,1	
5,74	
6,1	
5,81
TGKDP	
Квадра-п
166	
554 599	
0,00497	
0,005065	
0,004825	
0,005245	
0,004885
RKKE	
ЭнергияРКК
58	
552 790	
6 350	
6 400	
6 090	
6 500	
6 330
RGSS	
РГС СК ао
158	
541 907	
0,1424	
0,1408	
0,1408	
0,1436	
0,142
NKHP	
НКХП ао
81	
539 480	
255,5	
259	
253	
259	
254,5
KZOSP	
ОргСинт ап
1 415	
516 581	
10,9	
10,94	
10,8	
10,99	
10,85
URKZ	
УрКузница
22	
499 600	
15 620	
16 140	
15 060	
16 200	
16 100
YRSB	
ТНСэнЯр
51	
493 000	
170	
174	
164	
174	
170
ZVEZ	
ЗВЕЗДА ао
76	
488 515	
4,035	
4,14	
4	
4,14	
4,04
PAZA	
ПавлАвт ао
48	
487 930	
8 130	
8 100	
8 000	
8 230	
8 010
LSNG	
РСетиЛЭ
277	
464 095	
5,4	
5,44	
5,35	
5,46	
5,38
MRKZ	
МРСК СЗ
193	
455 984	
0,049	
0,0496	
0,0489	
0,0496	
0,0489
MRKU	
МРСК Ур
78	
443 288	
0,1352	
0,135	
0,1346	
0,1364	
0,1346
WTCMP	
ЦМТ ап
28	
438 734	
8	
8,08	
7,94	
8,18	
8,14
RAVN	
Raven
26	
433 250	
27,1	
27,75	
26,7	
27,75	
27,5
CHEP	
ЧТПЗ ао
61	
401 865	
209,5	
210,5	
208	
211	
209,5
KGKCP	
КурганГКап
101	
398 835	
56,5	
56,5	
56	
57	
57
PMSBP	
ПермьЭнС-п
78	
395 448	
129,6	
130	
129	
130,2	
129,8
RTSBP	
ТНСэнРст-п
69	
383 770	
0,48	
0,482	
0,47	
0,488	
0,484
IRGZ	
ИркЭнерго
72	
377 414	
11,24	
11,2	
11,14	
11,32	
11,18
RBCM	
РБК ао
120	
370 054	
3,296	
3,286	
3,282	
3,33	
3,282
BLNG	
Белон ао
85	
363 917	
4,178	
4,19	
4,15	
4,23	
4,15
DIOD	
ЗаводДИОД
91	
363 658	
7,1	
7,12	
7,06	
7,18	
7,1
NKSH	
Нижкамшина
25	
352 152	
22	
22,02	
21,98	
22,18	
22,18
YKEN	
Якутскэнрг
43	
351 910	
0,374	
0,376	
0,369	
0,382	
0,3705
DVEC	
ДЭК ао
132	
327 370	
0,902	
0,911	
0,895	
0,911	
0,9
KOGK	
КоршГОК ао
5	
322 800	
46 200	
46 000	
46 000	
46 600	
46 000
DZRDP	
iДонскЗР п
89	
296 930	
1 550	
1 560	
1 520	
1 590	
1 530
DZRD	
iДонскЗР
84	
289 620	
2 115	
2 085	
2 065	
2 165	
2 065
IRKT	
ИРКУТ-3
53	
283 342	
31,48	
31,68	
31,3	
31,72	
31,3
TUZA	
ТЗА ао
58	
279 340	
102	
103	
102	
103	
102
AVAN	
Авангрд-ао
59	
269 485	
810	
810	
805	
825	
810
STSB	
СтаврЭнСб
105	
266 148	
0,529	
0,5315	
0,522	
0,5545	
0,529
RUSP	
Русполимет
110	
261 931	
0,636	
0,6325	
0,632	
0,6445	
0,636
TGKN	
ТГК-14
34	
242 980	
0,00304	
0,00303	
0,00303	
0,00306	
0,00305
LVHK	
Левенгук
51	
221 794	
8,18	
8,2	
8,1	
8,25	
8,14
KBSB	
ТНСэКубань
65	
212 055	
131,5	
134	
129,5	
134	
132
GEMA	
iММЦБ ао
50	
201 333	
594	
598	
592	
598	
592,5
EELT	
ЕвроЭлтех
90	
193 584	
8	
8,06	
7,94	
8,08	
8,02
RTSB	
ТНСэнРст
20	
192 250	
0,535	
0,54	
0,53	
0,545	
0,535
VLHZ	
ВХЗ-ао
26	
187 846	
53,35	
53,6	
53,15	
54,05	
53,3
SAGO	
СамарЭн-ао
24	
186 440	
0,564	
0,564	
0,56	
0,572	
0,562
PMSB	
ПермьЭнСб
72	
185 531	
130,7	
129,1	
129,1	
131,9	
130,2
VGSBP	
ВолгЭнСб-п
68	
184 885	
1,83	
1,945	
1,76	
1,945	
1,825
KGKC	
КурганГКао
31	
174 410	
54	
54,5	
53,5	
54,5	
54
MGTS	
МГТС-5ао
8	
171 755	
2 175	
2 160	
2 160	
2 175	
2 160
ASSB	
АстрЭнСб
30	
168 856	
0,7605	
0,7605	
0,7585	
0,763	
0,7605
RDRB	
РДБанк ао
28	
168 650	
215	
220	
215	
220	
220
KAZT	
Куйбазот
18	
167 980	
150	
150,6	
149	
150,6	
149,2
TGKBP	
ТГК-2 ап
123	
166 504	
0,00645	
0,00652	
0,0064	
0,00655	
0,00641
VRSBP	
ТНСэнВор-п
25	
159 300	
43	
43,5	
43	
43,5	
43
OMZZP	
ОМЗ-ап
26	
156 900	
3 485	
3 530	
3 375	
3 570	
3 465
IGSTP	
Ижсталь ап
27	
152 979	
841	
843	
830	
845	
835
KBTK	
КузбТК ао
42	
150 114	
141,6	
142,4	
141	
142,6	
141
ROST	
РОСИНТЕРао
32	
149 196	
63,8	
63,4	
62,6	
64,4	
62,8
KMEZ	
КМЗ
44	
146 747	
516,5	
527,5	
511	
527,5	
518,5
TORSP	
ТРК ап
18	
141 385	
0,277	
0,281	
0,275	
0,281	
0,28
VZRZP	
Возрожд-п
21	
134 428	
298,8	
300,6	
295,4	
302	
297,6
STSBP	
СтаврЭнСбп
40	
123 891	
0,372	
0,3685	
0,3685	
0,376	
0,371
CHMK	
ЧМК ао
43	
116 430	
2 475	
2 485	
2 460	
2 495	
2 475
UCSS	
ОКС ао
11	
115 600	
1 450	
1 450	
1 440	
1 450	
1 440
USBN	
УралСиб ао
24	
112 530	
0,0662	
0,0664	
0,0658	
0,0664	
0,0662
NNSBP	
ТНСэнНН ап
39	
112 073	
696	
712	
682	
712	
690
KROT	
КрасОкт-ао
16	
111 095	
358,5	
358,5	
354,5	
362,5	
359,5
KUBE	
Кубанэнр
38	
107 188	
69,6	
70,7	
69,1	
70,7	
69,4
KRSBP	
Красэсб ап
23	
89 176	
7,14	
7,12	
7,1	
7,18	
7,14
KTSB	
КСБ ао
38	
84 562	
0,608	
0,612	
0,602	
0,618	
0,604
TNSE	
ТНСэнрг ао
25	
74 960	
975	
990	
970	
990	
975
KUZB	
КузнецкийБ
98	
69 489	
0,01355	
0,01361	
0,0134	
0,0137	
0,0136
LPSB	
ЛЭСК ао
20	
68 880	
8,1	
8,1	
8	
8,15	
8,05
ELTZ	
Электрцинк
51	
66 625	
161,5	
163	
161	
164	
163
IGST	
Ижсталь2ао
20	
65 960	
929	
930	
921	
932	
928
KRSB	
Красэсб ао
19	
64 837	
7,12	
7,12	
7,06	
7,19	
7,16
KRKN	
СаратНПЗ
5	
59 350	
11 850	
11 850	
11 800	
11 950	
11 800
RZSB	
РязЭнСб
24	
58 978	
8,94	
8,98	
8,84	
8,98	
8,98
RLMNP	
Роллман-п
36	
53 874	
17,72	
18,08	
17,5	
18,08	
17,86
PRMB	
Приморье
2	
52 200	
26 200	
26 200	
26 000	
26 200	
26 000
UTAR	
ЮТэйр ао
19	
50 979	
6,71	
6,75	
6,69	
6,75	
6,7
MGNZ	
СМЗ-ао
6	
49 420	
4 940	
4 920	
4 900	
4 980	
4 900
MFGSP	
Мегион-ап
8	
48 335	
284,5	
287	
282	
287	
284
KTSBP	
КСБ ап
15	
48 180	
0,2835	
0,2905	
0,278	
0,291	
0,2855
ALBK	
БестЭфБ ао
23	
47 935	
57	
57	
56,5	
57,5	
57
ARSA	
Арсагера
10	
44 060	
3,67	
3,68	
3,65	
3,73	
3,7
GAZA	
ГАЗ ао
9	
42 965	
390,5	
393	
388	
393	
392
YKENP	
Якутскэн-п
9	
39 860	
0,3625	
0,367	
0,359	
0,367	
0,361
VRSB	
ТНСэнВорон
6	
39 780	
66,4	
67	
65,8	
67	
66
GAZAP	
ГАЗ ап
8	
37 200	
310	
310,5	
306	
310,5	
310,5
CHGZ	
РН-ЗапСиб
7	
36 060	
51,6	
51,2	
51,2	
52,8	
51,2
WTCM	
ЦМТ ао
17	
30 704	
8,78	
8,78	
8,7	
8,8	
8,8
MISB	
ТНСэнМарЭл
12	
29 790	
11,9	
11,9	
11,9	
12	
12
ROSB	
Росбанк ао
22	
29 426	
75,4	
75,8	
75	
76	
75,4
VJGZ	
Варьеган
13	
28 775	
599	
598	
598	
606	
600
VSYD	
ВыбСудЗ ао
6	
23 320	
3 885	
3 960	
3 860	
3 960	
3 875
SARE	
СаратЭн-ао
12	
23 136	
0,1286	
0,1292	
0,1276	
0,1292	
0,1286
MFGS	
Мегион-ао
3	
22 095	
315	
315	
315	
319,5	
319,5
KAZTP	
Куйбазот-п
3	
21 228	
151,6	
151,8	
151,6	
151,8	
151,6
VJGZP	
Варьеган-п
6	
19 520	
325	
325	
324	
327	
326
SAREP	
СаратЭн-ап
13	
19 048	
0,1058	
0,1054	
0,1048	
0,1078	
0,1054
NNSB	
ТНСэнНН ао
9	
18 485	
2 055	
2 120	
2 040	
2 120	
2 040
JNOSP	
Слав-ЯНОСп
8	
17 992	
13,84	
13,8	
13,8	
13,9	
13,86
TORS	
ТРК ао
4	
15 920	
0,398	
0,398	
0,398	
0,398	
0,398
TASB	
ТамбЭнСб
4	
15 700	
0,3925	
0,396	
0,389	
0,396	
0,3925
MISBP	
ТНСэМаЭл-п
5	
15 280	
11,8	
11,8	
11,7	
11,8	
11,7
MRKK	
Россети СК
11	
13 202	
24,44	
24,42	
24,42	
24,62	
24,54
UKUZ	
ЮжКузб. ао
6	
12 002	
500	
500	
500	
502	
500
TASBP	
ТамбЭнСб-п
3	
11 115	
0,278	
0,2805	
0,2745	
0,282	
0,282
CHKZ	
ЧКПЗ ао
2	
10 320	
5 160	
5 180	
5 140	
5 180	
5 140
YRSBP	
ТНСэнЯр-п
6	
5 295	
88,5	
89	
87	
89	
87
VSYDP	
ВыбСудЗ ап
1	
3 800	
3 800	
3 800	
3 800	
3 800	
3 800
JNOS	
Славн-ЯНОС
0	
0	
-	
-	
-	
-	
18
MFON	
МегаФон ао
0	
0	
-	
-	
-	
-	
650,6
KRKO	
ТКЗКК ао
0	
0	
-	
-	
-	
-	
11,8
MORI	
Морион ао
0	
0	
-	
-	
-	
-	
4,31
DERZP	
Держава ап
0	
0	
-	
-	
-	
-	
-
GAZC	
ГАЗКОН-ао
0	
0	
-	
-	
-	
-	
295
GTSS	
ГЕОТЕК ао
0	
0	
-	
-	
-	
-	
-
KUNF	
КУЗОЦМ ао
0	
0	
-	
-	
-	
-	
-
PRTK	
ПРОТЕК ао
0	
0	
-	
-	
-	
-	
99,6
KROTP	
КрасОкт-1п
0	
0	
-	
-	
-	
-	
260,5
NPOF	
Физика ао
0	
0	
-	
-	
-	
-	
11 850
RTGZ	
ГазпРнД ао
0	
0	
-	
-	
-	
-	
27 700
TRCN	
ТрансК ао
0	
0	
-	
-	
-	
-	
8 595
BISV	
БашИнСв ао
0	
0	
-	
-	
-	
-	
8,7
GAZS	
ГАЗ-сервис
0	
0	
-	
-	
-	
-	
293
KMTZ	
КосогМЗ ао
0	
0	
-	
-	
-	
-	
-
KZMS	
КЗМС ао
0	
0	
-	
-	
-	
-	
226
TRFM	
ТрансФ ао
0	
0	
-	
-	
-	
-	
-
GAZT	
ГАЗ-Тек ао
0	
0	
-	
-	
-	
-	
85
HIMC	
Химпром ао
0	
0	
-	
-	
-	
-	
0,99
KSGR	
Кокс ао
0	
0	
-	
-	
-	
-	
-
MOBB	
МосОблБанк
0	
0	
-	
-	
-	
-	
0,698
URKA	
Уркалий-ао
0	
0	
-	
-	
-	
-	
119,04
VZRZ	
Возрожд-ао
0	
0	
-	
-	
-	
-	
480