SBER	
Сбербанк
45 884	
8 222 468 883	
210,67	
209,66	
208,63	
212,6	
212,1
GAZP	
ГАЗПРОМ ао
52 642	
5 374 081 300	
182,5	
181,06	
181,06	
183,8	
183,78
GMKN	
ГМКНорНик
25 407	
4 599 222 760	
18 034	
17 838	
17 728	
18 222	
18 120
PLZL	
Полюс
27 821	
4 226 629 010	
13 265,5	
13 269	
12 940	
13 536	
13 079
LKOH	
ЛУКОЙЛ
21 757	
3 930 059 889	
4 940,5	
4 929	
4 895	
4 974	
4 962,5
YNDX	
Yandex clA
22 700	
1 927 349 451	
3 836	
3 844,8	
3 807	
3 882,8	
3 810,2
MGNT	
Магнит ао
16 325	
1 558 169 749	
4 300,5	
4 285,5	
4 218	
4 360,5	
4 299,5
SNGS	
Сургнфгз
13 058	
1 335 188 968	
36,795	
36,91	
36,44	
37,24	
36,85
MOEX	
МосБиржа
19 916	
1 142 551 900	
125,67	
124,81	
124,33	
126,7	
124,84
MTSS	
МТС-ао
13 246	
1 124 724 146	
320,25	
319,1	
317,35	
322,1	
319,95
ROSN	
Роснефть
9 498	
1 023 272 650	
358,45	
357	
355,85	
361,45	
360,7
POLY	
Polymetal
14 570	
1 019 456 703	
1 440,5	
1 442,5	
1 423	
1 452,4	
1 445
ALRS	
АЛРОСА ао
17 286	
894 790 250	
63,7	
63,4	
62,94	
64,38	
64,36
TATN	
Татнфт 3ао
10 515	
890 365 459	
552,9	
550	
548,2	
556,2	
555
SNGSP	
Сургнфгз-п
9 680	
858 000 278	
36,06	
36,07	
35,865	
36,2	
36,045
IRAO	
ИнтерРАОао
8 186	
719 737 645	
4,9955	
5	
4,96	
5,0245	
4,9945
NVTK	
Новатэк ао
7 639	
659 970 412	
1 069,2	
1 064	
1 061	
1 077	
1 075
AFLT	
Аэрофлот
15 025	
648 491 147	
82,5	
82,44	
82,08	
83,32	
82,58
SBERP	
Сбербанк-п
12 865	
607 853 452	
193,62	
191,85	
191,85	
195,19	
194,6
MAGN	
ММК
5 620	
602 808 235	
38,525	
38,705	
38,28	
39,17	
38,325
CHMF	
СевСт-ао
14 401	
567 005 385	
877,6	
877,8	
874	
884,6	
880
VTBR	
ВТБ ао
19 914	
505 393 099	
0,034745	
0,03476	
0,034625	
0,03494	
0,03477
FIVE	
FIVE-гдр
7 571	
443 993 818	
2 497	
2 502,5	
2 444	
2 541	
2 541
DSKY	
ДетскийМир
12 457	
409 003 324	
110,08	
108	
108	
110,5	
110,2
SIBN	
Газпрнефть
6 494	
352 335 887	
317,8	
317,75	
316,65	
319,9	
316,65
NLMK	
НЛМК ао
5 242	
294 296 338	
137,9	
137,86	
136,6	
138,96	
138,22
CBOM	
МКБ ао
7 996	
258 482 686	
5,624	
5,632	
5,583	
5,657	
5,642
UNKL	
ЮУНК ао
9 290	
241 599 690	
11 450	
13 100	
7 710	
13 960	
7 710
RUGR	
Русгрэйн
67 162	
224 483 375	
11,88	
10,606	
8,86	
13,302	
8,902
POGR	
Petropavl
3 769	
223 751 462	
26,255	
26,5	
25,985	
26,63	
26,07
FEES	
ФСК ЕЭС ао
5 492	
218 325 667	
0,18464	
0,18472	
0,18352	
0,18578	
0,1846
TRNFP	
Транснф ап
980	
212 236 900	
134 250	
134 500	
133 500	
135 000	
134 200
HYDR	
РусГидро
7 189	
203 432 157	
0,7494	
0,748	
0,7431	
0,7536	
0,7504
TATNP	
Татнфт 3ап
4 783	
199 219 043	
530,2	
529	
527,5	
533,7	
527,9
AFKS	
Система ао
4 448	
194 759 033	
17,885	
17,947	
17,662	
18,087	
18,087
TCSG	
TCS-гдр
6 928	
168 570 131	
1 601,6	
1 583	
1 570,4	
1 617	
1 615,8
RTKM	
Ростел -ао
3 267	
140 667 969	
86,87	
86,79	
86,52	
87,29	
86,7
OGKB	
ОГК-2 ао
4 620	
128 955 686	
0,7438	
0,7553	
0,7355	
0,758	
0,742
NMTP	
НМТП ао
3 708	
115 856 872	
10,725	
10,645	
10,63	
10,785	
10,735
RUAL	
РУСАЛ ао
6 640	
115 849 778	
25,82	
25,725	
25,65	
26,035	
26
RSTI	
Россети ао
2 426	
113 372 376	
1,5097	
1,5045	
1,5022	
1,5187	
1,5098
ETLN	
ETLN-гдр
3 640	
86 146 638	
103,52	
102	
101	
106,3	
106,3
MAIL	
MAIL-гдр
4 001	
78 437 199	
1 809,6	
1 801,2	
1 801,2	
1 822	
1 821
PHOR	
ФосАгро ао
2 061	
68 885 463	
2 611	
2 613	
2 597	
2 620	
2 612
SFIN	
САФМАР ао
261	
63 578 774	
513,2	
514	
512	
514	
512,6
UPRO	
Юнипро ао
1 652	
56 882 728	
2,817	
2,849	
2,805	
2,85	
2,805
BLNG	
Белон ао
9 871	
56 534 773	
5,586	
5,4	
4,454	
6,668	
4,568
MTLRP	
Мечел ап
2 673	
54 252 637	
81,1	
81,3	
80,3	
81,95	
81,3
CNTL	
Телеграф
2 180	
52 046 085	
26,9	
27,3	
26,1	
27,45	
26,65
PIKK	
ПИК ао
1 910	
50 756 847	
426,9	
426	
423,4	
429,3	
428,3
TRMK	
ТМК ао
425	
48 210 696	
59,92	
59,86	
59,82	
59,98	
59,88
LNZL	
Лензолото
1 597	
47 577 160	
11 870	
11 900	
11 200	
12 300	
11 830
LNTA	
Лента др
2 697	
47 534 162	
175,6	
173,6	
173,3	
176,7	
176,2
CNTLP	
Телеграф-п
1 721	
45 264 418	
27,02	
26,96	
26,48	
27,4	
26,7
LSRG	
ЛСР ао
3 282	
44 519 426	
715,8	
708,6	
706,2	
721,4	
721,2
BANEP	
Башнефт ап
2 510	
41 009 737	
1 330,5	
1 332,5	
1 322,5	
1 340	
1 323
RASP	
Распадская
1 221	
39 907 397	
106,84	
108,86	
105,64	
108,86	
106,16
MSNG	
+МосЭнерго
1 646	
37 654 832	
2,0415	
2,07	
2,03	
2,07	
2,0315
ENRU	
ЭнелРос ао
3 623	
35 715 211	
0,9325	
0,9455	
0,927	
0,95	
0,927
AGRO	
AGRO-гдр
1 705	
34 455 860	
676,6	
675,4	
670,2	
682,2	
676
MTLR	
Мечел ао
4 124	
34 221 645	
63,23	
63,15	
62,77	
63,61	
63,4
TGKA	
ТГК-1
3 061	
33 523 404	
0,011784	
0,01175	
0,011676	
0,011982	
0,01171
LIFE	
iФармсинтз
2 451	
30 479 141	
7,025	
6,77	
6,77	
7,37	
6,95
QIWI	
iQIWI
1 655	
30 435 409	
1 305	
1 325	
1 285,5	
1 325	
1 313
CHMK	
ЧМК ао
2 341	
26 652 995	
2 955	
2 915	
2 625	
3 295	
2 700
BSPB	
БСП ао
1 941	
24 555 115	
42,18	
42,58	
41,58	
42,82	
42,11
KMEZ	
КМЗ
4 702	
24 459 766	
548	
450	
450	
620	
514
AKRN	
Акрон
499	
20 432 192	
5 602	
5 600	
5 550	
5 632	
5 630
RTKMP	
Ростел -ап
1 097	
18 746 319	
80,6	
79,6	
79,6	
80,95	
80,7
MVID	
М.видео
709	
18 003 884	
396,4	
395	
392,4	
399,1	
393,1
NKNCP	
НКНХ ап
1 592	
14 192 073	
80,9	
81,5	
80,12	
81,5	
80,8
AQUA	
РусАква ао
643	
12 642 230	
190	
191,5	
189,5	
192	
190,5
URKZ	
УрКузница
375	
10 909 620	
17 980	
20 740	
16 180	
20 740	
16 180
TGKB	
ТГК-2
756	
10 757 480	
0,004055	
0,003955	
0,003905	
0,004195	
0,004025
OBUV	
ОР ао
1 067	
10 289 603	
33,55	
33,25	
33,1	
33,95	
33,55
RBCM	
РБК ао
1 907	
9 605 703	
3,412	
3,118	
3,084	
3,58	
3,38
AMEZ	
АшинскийМЗ
1 651	
9 419 529	
4,105	
4,095	
4	
4,26	
4,055
LSNGP	
РСетиЛЭ-п
751	
9 410 949	
153,8	
155,65	
153,25	
155,65	
153,65
BANE	
Башнефт ао
649	
8 718 407	
1 729	
1 734,5	
1 717,5	
1 748,5	
1 722,5
IGST	
Ижсталь2ао
858	
8 475 019	
1 011	
900	
867	
1 123	
1 120
SELG	
Селигдар
593	
7 282 540	
26,53	
26,62	
26,16	
26,75	
26,55
FESH	
ДВМП ао
527	
6 760 572	
7,59	
7,64	
7,53	
7,7	
7,57
RSTIP	
Россети ап
446	
6 613 936	
2,069	
2,043	
2,043	
2,09	
2,05
DIOD	
ЗаводДИОД
549	
6 223 190	
6,54	
6,59	
6,42	
6,81	
6,45
GCHE	
ЧеркизГ-ао
570	
6 113 702	
1 759,5	
1 744,5	
1 743,5	
1 774	
1 756
IGSTP	
Ижсталь ап
923	
5 509 146	
790	
705	
683	
919	
890
KRKNP	
СаратНПЗ-п
183	
5 429 240	
15 520	
15 640	
15 460	
15 660	
15 500
HALS	
Галс-Девел
954	
5 286 472	
869	
797	
785	
980	
851
OMZZP	
ОМЗ-ап
774	
5 084 930	
3 845	
3 385	
3 380	
4 595	
3 580
RNFT	
РуссНфт ао
1 492	
4 821 774	
505,4	
515	
485,8	
515	
495,2
LNZLP	
Лензол. ап
421	
3 935 265	
4 095	
4 135	
4 015	
4 245	
4 080
APTK	
Аптеки36и6
2 081	
3 907 199	
13,468	
13,678	
13,408	
13,7	
13,458
KLSB	
КалужскСК
491	
3 535 018	
11,68	
11,2	
11,16	
12	
11,6
MRKC	
МРСК Центр
282	
3 408 499	
0,282	
0,282	
0,2796	
0,2846	
0,2842
VGSB	
ВолгЭнСб
114	
3 372 655	
1,67	
1,665	
1,63	
1,71	
1,665
KRKOP	
ТКЗКК ап
784	
3 344 526	
6,35	
5,955	
5,955	
6,7	
6,2
RGSS	
РГС СК ао
508	
3 215 733	
0,1478	
0,1518	
0,1458	
0,152	
0,148
MRKP	
МРСК ЦП
307	
3 210 627	
0,1971	
0,1985	
0,1963	
0,1985	
0,1971
KMAZ	
КАМАЗ
413	
3 176 559	
58,2	
58,5	
57,3	
58,6	
58,2
MGNZ	
СМЗ-ао
279	
2 849 440	
4 570	
4 280	
4 200	
4 900	
4 510
MSTT	
Мостотрест
415	
2 820 751	
156,35	
151,1	
151,1	
164,05	
157,1
SVAV	
СОЛЛЕРС
128	
2 757 485	
267,5	
265,5	
265	
269,5	
266
ISKJ	
iИСКЧ ао
348	
2 677 684	
25,07	
25,33	
24,7	
25,48	
25,25
KOGK	
КоршГОК ао
36	
2 666 400	
49 400	
49 000	
48 400	
49 800	
49 000
NKNC	
НКНХ ао
459	
2 391 189	
93,7	
94,1	
92,4	
95,3	
93,95
KZOSP	
ОргСинт ап
903	
2 256 761	
12,2	
11,71	
11,71	
12,67	
11,92
UKUZ	
ЮжКузб. ао
383	
2 186 522	
588	
558	
558	
616	
582
KZOS	
ОргСинт ао
283	
2 142 058	
86,5	
85,7	
85,7	
87	
86,2
RTGZ	
ГазпРнД ао
10	
1 880 850	
23 800	
23 800	
23 800	
23 850	
23 850
VLHZ	
ВХЗ-ао
300	
1 791 855	
50,55	
49,35	
49,1	
52,3	
50,1
SAGO	
СамарЭн-ао
146	
1 780 880	
0,48	
0,504	
0,462	
0,504	
0,476
MGTSP	
МГТС-4ап
131	
1 692 386	
1 994	
2 008	
1 984	
2 010	
1 996
YAKG	
ЯТЭК ао
13	
1 625 420	
41,35	
41,35	
41,35	
41,4	
41,35
VSMO	
ВСМПО-АВСМ
59	
1 478 620	
18 260	
18 220	
18 180	
18 300	
18 240
MAGEP	
МагадЭн ап
25	
1 438 300	
6,175	
6,1	
5,92	
6,24	
6,08
STSBP	
СтаврЭнСбп
308	
1 362 767	
0,3435	
0,3455	
0,34	
0,3585	
0,345
MRKU	
МРСК Ур
90	
1 334 298	
0,1556	
0,1556	
0,1542	
0,158	
0,156
TGKBP	
ТГК-2 ап
131	
1 306 100	
0,00702	
0,00691	
0,00686	
0,00728	
0,00689
BELU	
Белуга ао
115	
1 214 016	
1 350	
1 360	
1 345	
1 360	
1 356
ENPG	
ЭН+ГРУП ао
246	
1 199 480	
587	
586,5	
584,5	
590	
590
MRKV	
РсетВол ао
269	
1 175 262	
0,0746	
0,07455	
0,0741	
0,0751	
0,07485
ALNU	
АЛРОСА-Нюр
21	
1 154 200	
55 000	
56 400	
54 200	
56 400	
54 600
IRKT	
ИРКУТ-3
100	
1 086 778	
34,08	
34,8	
33,92	
34,8	
34,08
ZILL	
ЗИЛ ао
143	
1 006 120	
2 660	
2 610	
2 610	
2 735	
2 630
PMSBP	
ПермьЭнС-п
161	
919 440	
130,6	
129	
128,2	
132,4	
130,6
GEMA	
iММЦБ ао
150	
896 872	
612	
613	
608	
615	
612
MSRS	
РСетиМР ао
119	
867 441	
1,1135	
1,1185	
1,104	
1,12	
1,117
ROLO	
Русолово
108	
850 282	
3,936	
3,938	
3,864	
4	
3,896
KBSB	
ТНСэКубань
242	
816 990	
139	
143	
136	
146	
139,5
SAGOP	
СамарЭн-ап
145	
782 730	
0,425	
0,44	
0,413	
0,448	
0,418
TASBP	
ТамбЭнСб-п
109	
732 230	
0,3505	
0,3645	
0,339	
0,3645	
0,35
BRZL	
БурЗолото
115	
727 602	
844	
836	
824	
855	
836
KRSB	
Красэсб ао
28	
726 320	
6,43	
6,41	
6,37	
6,51	
6,49
RZSB	
РязЭнСб
46	
643 480	
9,06	
9,24	
8,92	
9,36	
9,06
MFGS	
Мегион-ао
13	
625 190	
370	
370	
360	
372	
360,5
LSNG	
РСетиЛЭ
178	
622 351	
5,92	
5,93	
5,91	
5,95	
5,91
VSYD	
ВыбСудЗ ао
79	
575 545	
3 940	
3 905	
3 865	
4 140	
3 875
ELTZ	
Электрцинк
201	
568 073	
164,5	
165	
160	
171	
162,5
UNAC	
iАвиастКао
142	
563 641	
0,4685	
0,469	
0,465	
0,4715	
0,471
PMSB	
ПермьЭнСб
99	
551 841	
132,7	
131,3	
130,2	
134	
133,2
GAZAP	
ГАЗ ап
80	
551 245	
315	
311,5	
307	
323	
312,5
MRKS	
РсетСиб ао
35	
547 895	
0,233	
0,2365	
0,232	
0,2365	
0,233
IRGZ	
ИркЭнерго
88	
541 966	
11,52	
11,34	
11,34	
11,66	
11,46
UTAR	
ЮТэйр ао
112	
522 558	
7,24	
7,21	
7,15	
7,36	
7,23
GTRK	
ГТМ ао
207	
520 292	
41,8	
42	
41,55	
42,1	
42,05
TASB	
ТамбЭнСб
67	
511 470	
0,4525	
0,4515	
0,4395	
0,468	
0,4565
UWGN	
ОВК ао
121	
486 659	
233,5	
234,5	
233	
235,5	
234,2
USBN	
УралСиб ао
82	
480 849	
0,0673	
0,0679	
0,0669	
0,068	
0,0675
SLEN	
Сахэнер ао
63	
474 441	
4,775	
4,755	
4,65	
4,8	
4,8
CHEP	
ЧТПЗ ао
82	
462 230	
197,5	
197,5	
196	
200	
200
KRSBP	
Красэсб ап
34	
442 460	
6,6	
6,7	
6,56	
6,7	
6,56
BISVP	
БашИнСв ап
33	
404 929	
8,33	
8,28	
8,25	
8,39	
8,33
DVEC	
ДЭК ао
47	
396 857	
1,018	
1,02	
1,011	
1,03	
1,018
ASSB	
АстрЭнСб
148	
388 199	
0,7135	
0,73	
0,7005	
0,7335	
0,715
TTLK	
Таттел. ао
65	
381 470	
0,2805	
0,2805	
0,2795	
0,281	
0,28
KUZB	
КузнецкийБ
192	
369 877	
0,01511	
0,01522	
0,015	
0,01547	
0,01546
HIMCP	
Химпром ап
60	
339 889	
5,94	
5,94	
5,91	
5,98	
5,94
NKHP	
НКХП ао
87	
333 120	
229,5	
231	
227,5	
232	
231
TGKD	
Квадра
79	
316 611	
0,00308	
0,003075	
0,00305	
0,003115	
0,003075
MISBP	
ТНСэМаЭл-п
48	
302 640	
12,2	
12	
12	
12,4	
12,2
VZRZP	
Возрожд-п
63	
297 190	
312,8	
318,6	
309,6	
319	
316
TUZA	
ТЗА ао
38	
290 880	
94	
95	
92	
95	
94
INGR	
ИНГРАД ао
83	
284 336	
722	
725	
720	
725	
725
RUSP	
Русполимет
35	
282 970	
0,615	
0,6205	
0,61	
0,621	
0,6195
YKEN	
Якутскэнрг
29	
261 825	
0,349	
0,347	
0,343	
0,352	
0,349
VSYDP	
ВыбСудЗ ап
30	
237 680	
4 100	
4 040	
4 020	
4 200	
4 060
NAUK	
iНПОНаука
57	
230 502	
183	
180,2	
180,2	
184,8	
183,4
KGKCP	
КурганГКап
18	
223 760	
53,5	
54	
53	
54	
53,5
TGKN	
ТГК-14
40	
222 540	
0,00309	
0,0031	
0,00306	
0,00311	
0,00307
MRKZ	
МРСК СЗ
45	
206 905	
0,04975	
0,0493	
0,0493	
0,0499	
0,0498
RDRB	
РДБанк ао
24	
205 050	
245	
240	
235	
245	
245
MGTS	
МГТС-5ао
35	
194 630	
2 290	
2 280	
2 265	
2 315	
2 295
RLMNP	
Роллман-п
33	
187 567	
19,68	
20	
19,3	
20	
19,98
RLMN	
Роллман
54	
186 209	
18,5	
18,55	
18,4	
18,6	
18,5
DZRD	
iДонскЗР
25	
176 550	
2 030	
2 005	
2 005	
2 055	
2 025
WTCM	
ЦМТ ао
47	
172 450	
8,76	
8,82	
8,62	
8,82	
8,82
MRKY	
РоссЮг ао
54	
161 217	
0,04915	
0,04855	
0,04855	
0,0499	
0,0491
SELGP	
Селигдар-п
31	
160 195	
26,7	
26,65	
26,6	
26,85	
26,75
NSVZ	
НаукаСвяз
44	
134 060	
223,5	
221	
219,5	
227	
224
MFGSP	
Мегион-ап
13	
133 645	
334	
330	
330	
335	
335
ABRD	
АбрауДюрсо
51	
133 210	
129,5	
130	
129	
130	
129
WTCMP	
ЦМТ ап
26	
133 076	
8,02	
8,26	
7,94	
8,26	
8,06
MAGE	
МагадЭн ао
13	
131 950	
6,94	
6,88	
6,81	
7	
6,89
STSB	
СтаврЭнСб
38	
127 228	
0,382	
0,3775	
0,3765	
0,385	
0,383
VRSBP	
ТНСэнВор-п
24	
123 100	
45,5	
45,5	
44,5	
47,5	
46,5
UCSS	
ОКС ао
32	
122 070	
1 450	
1 470	
1 430	
1 470	
1 450
KRKN	
СаратНПЗ
9	
115 100	
12 800	
12 900	
12 600	
12 950	
12 800
LVHK	
Левенгук
40	
109 381	
7,81	
7,89	
7,7	
7,92	
7,84
RTSB	
ТНСэнРст
9	
108 800	
0,375	
0,375	
0,375	
0,38	
0,375
VJGZP	
Варьеган-п
7	
104 810	
349	
350	
340	
350	
346
GAZA	
ГАЗ ао
20	
103 250	
382,5	
385,5	
380	
387,5	
381,5
KROT	
КрасОкт-ао
19	
100 220	
345,5	
345,5	
344	
349	
345,5
MRKK	
Россети СК
64	
96 953	
25,52	
25,84	
24,6	
25,98	
25,4
ZVEZ	
ЗВЕЗДА ао
10	
95 230	
4,535	
4,5	
4,5	
4,555	
4,55
TORSP	
ТРК ап
23	
92 505	
0,257	
0,2595	
0,254	
0,261	
0,256
CHKZ	
ЧКПЗ ао
9	
80 200	
5 340	
5 320	
5 220	
5 460	
5 220
YRSBP	
ТНСэнЯр-п
21	
79 950	
86	
87	
83,5	
88,5	
86
CHGZ	
РН-ЗапСиб
15	
72 500	
34,6	
34,4	
34,2	
35	
34,6
YRSB	
ТНСэнЯр
13	
68 860	
168	
168	
166	
170	
170
PAZA	
ПавлАвт ао
9	
68 270	
7 590	
7 630	
7 520	
7 630	
7 550
PRMB	
Приморье
2	
67 400	
22 400	
22 600	
22 400	
22 600	
22 400
TNSE	
ТНСэнрг ао
8	
62 930	
970	
960	
960	
970	
970
YKENP	
Якутскэн-п
15	
62 320	
0,328	
0,3285	
0,3255	
0,3305	
0,3305
MRSB	
МордЭнСб
10	
61 400	
0,341	
0,343	
0,338	
0,345	
0,339
VRSB	
ТНСэнВорон
8	
56 280	
51,2	
52	
50,6	
52	
50,8
NKSH	
Нижкамшина
13	
55 268	
22,12	
22,02	
22	
22,58	
22,06
KAZTP	
Куйбазот-п
13	
48 898	
148,2	
148,2	
147,8	
149	
147,8
NFAZ	
Нефтекамск
14	
40 192	
167,6	
170,8	
166	
170,8	
167,4
KTSB	
КСБ ао
31	
39 010	
0,61	
0,604	
0,602	
0,628	
0,622
SAREP	
СаратЭн-ап
13	
37 728	
0,092	
0,0902	
0,0902	
0,0926	
0,0924
JNOSP	
Слав-ЯНОСп
17	
34 256	
13,7	
13,68	
13,6	
13,74	
13,72
ROST	
РОСИНТЕРао
8	
32 312	
61	
60,8	
60,8	
61	
60,8
KTSBP	
КСБ ап
10	
31 455	
0,262	
0,26	
0,2555	
0,265	
0,2555
MISB	
ТНСэнМарЭл
16	
28 700	
12,5	
12,2	
12,2	
12,6	
12,4
KAZT	
Куйбазот
10	
28 376	
149,4	
148,6	
148,6	
150,4	
149
VJGZ	
Варьеган
26	
26 470	
588	
589	
580	
595	
594
RUSI	
ИКРУСС-ИНВ
7	
26 400	
37,7	
38,1	
37,1	
38,1	
37,9
ARSA	
Арсагера
5	
26 320	
3,29	
3,3	
3,25	
3,3	
3,29
KBTK	
КузбТК ао
13	
25 744	
151,4	
153	
151	
153	
151,6
RKKE	
ЭнергияРКК
4	
25 380	
5 080	
5 110	
5 060	
5 110	
5 060
DZRDP	
iДонскЗР п
5	
23 880	
1 590	
1 590	
1 590	
1 600	
1 600
NNSBP	
ТНСэнНН ап
10	
23 303	
598	
598	
579	
620	
594
AVAN	
Авангрд-ао
10	
21 595	
675	
670	
670	
680	
680
TGKDP	
Квадра-п
11	
20 860	
0,003865	
0,00389	
0,00383	
0,003895	
0,003875
LPSB	
ЛЭСК ао
14	
19 165	
7,65	
7,7	
7,65	
7,7	
7,65
KUBE	
Кубанэнр
11	
16 329	
71	
70,9	
70,5	
71,5	
71,4
VGSBP	
ВолгЭнСб-п
9	
14 725	
1,135	
1,14	
1,11	
1,145	
1,145
KROTP	
КрасОкт-1п
5	
12 875	
257,5	
255	
255	
259	
255,5
ALBK	
БестЭфБ ао
4	
12 195	
53	
53	
53	
53,5	
53,5
RAVN	
Raven
4	
11 810	
29,55	
29,6	
29,35	
29,65	
29,65
ROSB	
Росбанк ао
5	
9 950	
71,2	
71	
71	
71,6	
71,6
SARE	
СаратЭн-ао
7	
9 556	
0,1196	
0,1188	
0,1188	
0,12	
0,1196
JNOS	
Славн-ЯНОС
5	
9 235	
18,45	
18,2	
18,2	
18,7	
18,7
RTSBP	
ТНСэнРст-п
3	
8 880	
0,296	
0,294	
0,294	
0,298	
0,298
KCHE	
КамчатЭ ао
3	
7 970	
0,1995	
0,199	
0,199	
0,1995	
0,1995
TORS	
ТРК ао
2	
7 520	
0,376	
0,376	
0,376	
0,376	
0,376
KCHEP	
КамчатЭ ап
2	
7 060	
0,353	
0,35	
0,35	
0,356	
0,356
KGKC	
КурганГКао
4	
4 180	
52	
52	
52	
53	
52
NNSB	
ТНСэнНН ао
1	
1 305	
1 305	
1 305	
1 305	
1 305	
1 305
GAZC	
ГАЗКОН-ао
0	
0	
-	
-	
-	
-	
295
GAZC	
ГАЗКОН-ао
0	
0	
-	
-	
-	
-	
295
GAZS	
ГАЗ-сервис
0	
0	
-	
-	
-	
-	
293
GAZT	
ГАЗ-Тек ао
0	
0	
-	
-	
-	
-	
85
GTSS	
ГЕОТЕК ао
0	
0	
-	
-	
-	
-	
-
HIMC	
Химпром ао
0	
0	
-	
-	
-	
-	
0,99
KMTZ	
КосогМЗ ао
0	
0	
-	
-	
-	
-	
-
KRKO	
ТКЗКК ао
0	
0	
-	
-	
-	
-	
11,8
KSGR	
Кокс ао
0	
0	
-	
-	
-	
-	
-
KUNF	
КУЗОЦМ ао
0	
0	
-	
-	
-	
-	
-
KZMS	
КЗМС ао
0	
0	
-	
-	
-	
-	
226
MFON	
МегаФон ао
0	
0	
-	
-	
-	
-	
650,6
MOBB	
МосОблБанк
0	
0	
-	
-	
-	
-	
0,698
MORI	
Морион ао
0	
0	
-	
-	
-	
-	
4,31
NPOF	
Физика ао
0	
0	
-	
-	
-	
-	
11 850
PRTK	
ПРОТЕК ао
0	
0	
-	
-	
-	
-	
99,6
TRCN	
ТрансК ао
0	
0	
-	
-	
-	
-	
8 595
TRFM	
ТрансФ ао
0	
0	
-	
-	
-	
-	
-
URKA	
Уркалий-ао
0	
0	
-	
-	
-	
-	
119,04
VZRZ	
Возрожд-ао
0	
0	
-	
-	
-	
-	
480