GMKN	
ГМКНорНик
57 704	
13 251 699 290	
19 282	
19 570	
19 086	
19 588	
19 272
SBER	
Сбербанк
56 972	
9 156 984 437	
231,21	
231,72	
230,15	
232,6	
231,35
GAZP	
ГАЗПРОМ ао
76 013	
6 842 570 438	
182,81	
182,67	
181,35	
184,16	
183,8
LKOH	
ЛУКОЙЛ
40 680	
6 596 566 207	
4 871,5	
4 893	
4 821,5	
4 929,5	
4 847,5
TATN	
Татнфт 3ао
69 280	
5 583 888 527	
533,9	
554	
516,1	
557,5	
527,5
PLZL	
Полюс
21 656	
4 223 614 167	
17 189	
16 938,5	
16 886	
17 413	
17 413
YNDX	
Yandex clA
40 363	
4 194 996 955	
4 654,8	
4 704,6	
4 608	
4 719,6	
4 658
MOEX	
МосБиржа
41 898	
2 759 351 961	
143,99	
140	
139,8	
145,9	
145,57
TATNP	
Татнфт 3ап
49 108	
2 211 494 869	
511,4	
539,9	
492,2	
544	
510,3
POLY	
Polymetal
19 208	
1 965 212 410	
1 890,7	
1 880,4	
1 877,4	
1 906	
1 905,5
ROSN	
Роснефть
17 362	
1 910 105 464	
386,3	
386,05	
381,8	
389,9	
384,3
SBERP	
Сбербанк-п
27 311	
1 801 868 077	
221,95	
221,9	
220,81	
224,1	
222,3
NVTK	
Новатэк ао
12 571	
1 419 275 394	
1 111,8	
1 120	
1 104,4	
1 126	
1 112
ALRS	
АЛРОСА ао
19 852	
1 360 333 223	
74,8	
75,48	
74,13	
75,48	
74,85
MGNT	
Магнит ао
13 347	
1 286 584 738	
4 685,5	
4 721,5	
4 637	
4 753	
4 728
CHMF	
СевСт-ао
19 380	
1 270 092 673	
984,8	
996,8	
977	
998,2	
991
NLMK	
НЛМК ао
13 971	
1 098 810 622	
166,84	
167,5	
165,64	
169,08	
167,86
SNGS	
Сургнфгз
15 366	
1 079 223 124	
36,635	
36,995	
36,335	
37,07	
36,38
MAIL	
MAIL-гдр
27 624	
1 074 374 620	
2 191,8	
2 237	
2 166	
2 259,8	
2 177
IRAO	
ИнтерРАОао
12 477	
1 062 816 934	
5,598	
5,6405	
5,54	
5,661	
5,5865
MTSS	
МТС-ао
10 659	
899 823 057	
338,3	
337,2	
336,5	
339,7	
338,75
VTBR	
ВТБ ао
26 445	
793 501 237	
0,035965	
0,03624	
0,035685	
0,036345	
0,035805
AFKS	
Система ао
14 460	
785 083 251	
21,268	
21,1	
21	
21,538	
21,423
HYDR	
РусГидро
17 633	
713 382 167	
0,7549	
0,7532	
0,7427	
0,7656	
0,746
DSKY	
ДетскийМир
15 771	
669 813 112	
113,44	
112,78	
111,94	
115,4	
114,5
MAGN	
ММК
10 532	
608 138 707	
38,745	
39,19	
38,355	
39,24	
38,41
SNGSP	
Сургнфгз-п
14 622	
602 029 715	
37,56	
37,6	
37,345	
37,76	
37,395
FIVE	
FIVE-гдр
7 695	
593 085 762	
2 670	
2 699,5	
2 643	
2 727	
2 685
AFLT	
Аэрофлот
13 980	
521 761 993	
82,98	
82,14	
82,14	
83,76	
82,9
TCSG	
TCS-гдр
13 259	
519 440 486	
1 952	
1 946,8	
1 907,8	
1 988	
1 979,8
RUAL	
РУСАЛ ао
15 590	
509 635 019	
32,705	
32,855	
32,2	
33,235	
32,6
SIBN	
Газпрнефть
7 465	
443 829 060	
315,2	
317,8	
312,15	
319,55	
314,5
POGR	
Petropavl
6 130	
383 535 065	
37,615	
37,7	
37,27	
37,98	
37,62
RSTI	
Россети ао
5 189	
329 030 454	
1,4796	
1,4846	
1,4542	
1,5018	
1,462
RTKM	
Ростел -ао
6 760	
312 667 381	
97	
96,3	
95,95	
97,5	
97,13
UPRO	
Юнипро ао
4 603	
261 503 638	
2,784	
2,775	
2,765	
2,809	
2,805
CBOM	
МКБ ао
8 118	
257 357 308	
5,852	
5,882	
5,82	
5,885	
5,832
PHOR	
ФосАгро ао
4 460	
216 037 972	
2 736	
2 745	
2 720	
2 753	
2 720
FEES	
ФСК ЕЭС ао
4 801	
204 471 485	
0,20364	
0,203	
0,20262	
0,20456	
0,2033
TRNFP	
Транснф ап
928	
201 635 150	
139 450	
139 400	
138 800	
140 500	
138 800
LSRG	
ЛСР ао
8 244	
160 174 336	
851,8	
844	
830,2	
868,8	
858,8
OGKB	
ОГК-2 ао
6 951	
120 030 553	
0,7777	
0,7715	
0,7691	
0,7844	
0,7829
ENRU	
ЭнелРос ао
4 967	
106 596 520	
0,9565	
0,9515	
0,943	
0,9675	
0,9575
MVID	
М.видео
1 954	
94 180 153	
578,4	
586	
573,6	
586	
580,8
MTLR	
Мечел ао
7 182	
80 301 760	
63,8	
65,29	
63,07	
65,33	
63,11
QIWI	
iQIWI
3 512	
71 607 887	
1 254	
1 240	
1 232,5	
1 270	
1 241,5
RASP	
Распадская
1 847	
69 192 298	
118,9	
119,7	
117,68	
120,58	
118,2
PIKK	
ПИК ао
1 809	
62 409 566	
568,6	
571	
566,6	
571	
568,3
ETLN	
ETLN-гдр
2 823	
60 230 732	
120,3	
121,8	
119,78	
121,86	
120,4
BANEP	
Башнефт ап
2 340	
55 811 942	
1 306	
1 307,5	
1 301	
1 313,5	
1 307,5
FESH	
ДВМП ао
2 758	
52 590 897	
8,68	
8,5	
8,45	
8,87	
8,65
SFIN	
САФМАР ао
223	
50 250 526	
529,6	
530,4	
529,2	
530,4	
529,8
LNTA	
Лента др
3 597	
48 129 334	
208	
208,3	
206,6	
209,5	
207,4
NMTP	
НМТП ао
3 114	
46 673 717	
8,67	
8,66	
8,62	
8,71	
8,625
AGRO	
AGRO-гдр
2 984	
43 441 299	
736,6	
732	
732	
739,6	
738,6
NKNCP	
НКНХ ап
1 717	
33 568 493	
79,88	
79,1	
79,04	
80,48	
79,94
RTKMP	
Ростел -ап
2 014	
31 964 625	
87,2	
88	
86,6	
88	
87,45
TGKA	
ТГК-1
1 918	
31 301 330	
0,011608	
0,011644	
0,011408	
0,011694	
0,011522
MTLRP	
Мечел ап
1 947	
29 201 316	
69,9	
71,3	
69,1	
71,3	
69,2
TRMK	
ТМК ао
591	
25 433 406	
60,82	
60,92	
60,76	
60,92	
60,82
ISKJ	
iИСКЧ ао
2 056	
21 461 767	
27,19	
26,88	
26,21	
28,14	
27,68
SELG	
Селигдар
1 110	
20 035 881	
44,83	
43,81	
43,51	
45,35	
45,05
MSNG	
+МосЭнерго
760	
18 658 865	
2,0575	
2,063	
2,047	
2,0695	
2,047
LSNGP	
РСетиЛЭ-п
1 044	
18 211 323	
153,15	
152,9	
152,4	
153,6	
153,6
MRKV	
РсетВол ао
3 060	
15 058 874	
0,0687	
0,06995	
0,0681	
0,06995	
0,06885
LNZL	
Лензолото
221	
14 600 910	
18 370	
18 260	
18 190	
18 540	
18 400
BSPB	
БСП ао
1 168	
12 047 273	
43,47	
43,2	
43,15	
43,85	
43,56
MRKP	
МРСК ЦП
651	
10 865 291	
0,2196	
0,2197	
0,2165	
0,2215	
0,2197
MRKC	
МРСК Центр
850	
10 278 622	
0,3022	
0,2974	
0,2966	
0,3058	
0,303
LIFE	
iФармсинтз
810	
9 745 832	
7,25	
7,18	
7,165	
7,39	
7,215
HIMCP	
Химпром ап
1 172	
9 361 291	
8,05	
7,78	
7,78	
8,27	
8,13
BANE	
Башнефт ао
462	
8 987 871	
1 707,5	
1 723	
1 692,5	
1 724	
1 706,5
OBUV	
ОР ао
1 151	
8 085 871	
34,2	
34,6	
34	
34,65	
34,1
SELGP	
Селигдар-п
313	
7 685 940	
38,8	
37,65	
37,6	
39,05	
38,95
RSTIP	
Россети ап
385	
7 360 700	
2,043	
2,054	
2,035	
2,057	
2,042
GCHE	
ЧеркизГ-ао
728	
7 245 224	
1 891,5	
1 886,5	
1 882	
1 904	
1 890,5
TGKD	
Квадра
765	
6 922 978	
0,0036	
0,00351	
0,00348	
0,00369	
0,003585
KRKNP	
СаратНПЗ-п
178	
6 825 900	
15 540	
15 500	
15 480	
15 600	
15 560
ENPG	
ЭН+ГРУП ао
358	
6 559 246	
667,5	
670	
665	
674,5	
667
VSMO	
ВСМПО-АВСМ
201	
6 097 640	
17 420	
17 560	
17 320	
17 560	
17 340
CNTLP	
Телеграф-п
539	
5 609 444	
15,2	
15,28	
14,92	
15,38	
15,04
AVAN	
Авангрд-ао
393	
5 356 895	
1 005	
995	
970	
1 020	
1 015
RNFT	
РуссНфт ао
699	
4 971 548	
405	
403	
401	
407,8	
404,8
AKRN	
Акрон
237	
4 832 870	
5 966	
5 950	
5 932	
5 998	
5 960
MSRS	
РСетиМР ао
178	
4 545 045	
1,1755	
1,174	
1,1705	
1,184	
1,1795
MSTT	
Мостотрест
150	
4 493 171	
151,25	
151,9	
149,7	
152	
151,55
NSVZ	
НаукаСвяз
338	
4 392 385	
216	
217	
214	
218,5	
216,5
AQUA	
РусАква ао
328	
4 356 475	
225,5	
226	
224	
226,5	
225
LNZLP	
Лензол. ап
318	
4 038 985	
4 265	
4 180	
4 180	
4 325	
4 300
ABRD	
АбрауДюрсо
554	
3 811 530	
205,5	
202	
202	
212	
204
ROLO	
Русолово
180	
2 847 038	
6,978	
7,172	
6,89	
7,172	
6,906
LSNG	
РСетиЛЭ
428	
2 759 142	
5,84	
5,91	
5,75	
5,96	
5,79
NKNC	
НКНХ ао
343	
2 735 922	
91,7	
92,05	
91,2	
92,25	
91,5
SVAV	
СОЛЛЕРС
134	
2 696 395	
292	
291	
290	
293,5	
292
KAZTP	
Куйбазот-п
129	
2 551 292	
152	
149,4	
148,4	
156,8	
150,8
TGKB	
ТГК-2
163	
2 503 870	
0,004245	
0,00425	
0,004215	
0,004295	
0,004225
RUSI	
ИКРУСС-ИНВ
338	
2 452 210	
40,5	
39,4	
38,9	
44,9	
39,7
IRKT	
ИРКУТ-3
182	
2 392 748	
34,52	
35,46	
34	
35,46	
34,46
TGKDP	
Квадра-п
828	
2 358 972	
0,00457	
0,004175	
0,004175	
0,00479	
0,00447
CNTL	
Телеграф
190	
2 181 085	
17,6	
17,75	
17,45	
17,75	
17,5
AMEZ	
АшинскийМЗ
493	
2 034 782	
4,84	
4,845	
4,73	
4,94	
4,73
YKEN	
Якутскэнрг
140	
1 968 310	
0,4195	
0,4145	
0,4055	
0,4275	
0,417
DVEC	
ДЭК ао
72	
1 876 076	
0,91	
0,911	
0,908	
0,917	
0,911
BELU	
Белуга ао
182	
1 874 880	
1 302	
1 312	
1 298	
1 324	
1 303
DZRDP	
iДонскЗР п
126	
1 675 950	
1 940	
1 960	
1 910	
1 970	
1 910
NNSB	
ТНСэнНН ао
364	
1 536 890	
1 890	
1 800	
1 790	
2 200	
1 805
KZOS	
ОргСинт ао
368	
1 449 998	
85,1	
86,3	
84,9	
86,3	
85,2
ZVEZ	
ЗВЕЗДА ао
145	
1 364 805	
4,77	
4,73	
4,615	
4,89	
4,86
NFAZ	
Нефтекамск
159	
1 340 960	
193,2	
191,2	
186,2	
210	
191,8
INGR	
ИНГРАД ао
38	
1 326 063	
810	
800	
800	
811	
810
UWGN	
ОВК ао
306	
1 299 093	
219,2	
220	
218	
220,1	
218,3
CHMK	
ЧМК ао
128	
1 278 395	
2 685	
2 710	
2 600	
2 725	
2 655
SAGO	
СамарЭн-ао
82	
1 270 920	
0,63	
0,63	
0,6	
0,648	
0,618
VRSB	
ТНСэнВорон
82	
1 101 800	
80,4	
79	
78,6	
84	
80,4
BRZL	
БурЗолото
113	
1 096 732	
1 104	
1 098	
1 096	
1 107	
1 105
CHEP	
ЧТПЗ ао
155	
1 078 740	
210,5	
210,5	
207,5	
212	
211
UNKL	
ЮУНК ао
95	
1 062 990	
7 040	
7 000	
6 940	
7 120	
7 070
KLSB	
КалужскСК
117	
1 061 655	
14,42	
14,45	
14,06	
14,5	
14,21
KUZB	
КузнецкийБ
368	
1 054 834	
0,01527	
0,01535	
0,01514	
0,0154	
0,0152
MGTSP	
МГТС-4ап
139	
1 049 490	
1 992	
1 990	
1 982	
1 998	
1 990
KMAZ	
КАМАЗ
325	
1 043 394	
62,6	
62,9	
62,4	
62,9	
62,6
UNAC	
iАвиастКао
204	
1 035 610	
0,4605	
0,459	
0,4555	
0,4625	
0,458
MRKZ	
МРСК СЗ
143	
1 007 579	
0,04905	
0,04895	
0,04875	
0,0496	
0,0491
RBCM	
РБК ао
183	
935 495	
3,328	
3,35	
3,308	
3,35	
3,322
MRKY	
РоссЮг ао
167	
864 243	
0,0483	
0,049	
0,0479	
0,0494	
0,0484
YAKG	
ЯТЭК ао
69	
823 885	
41,2	
41,35	
40,55	
41,7	
40,8
RLMN	
Роллман
198	
737 274	
18,1	
18	
17,85	
18,4	
18,3
VRSBP	
ТНСэнВор-п
64	
735 300	
46	
46,5	
45,5	
47	
47
DIOD	
ЗаводДИОД
146	
730 973	
6,69	
6,74	
6,65	
6,74	
6,71
RUSP	
Русполимет
121	
729 220	
0,6425	
0,65	
0,64	
0,6505	
0,642
NNSBP	
ТНСэнНН ап
173	
716 402	
684	
660	
625	
734	
671
RAVN	
Raven
42	
714 140	
30,25	
29,05	
29,05	
30,6	
30,25
RUGR	
Русгрэйн
675	
710 818	
9,242	
9,326	
9,11	
9,39	
9,192
ALBK	
БестЭфБ ао
166	
670 480	
61	
62	
60	
65	
60
VLHZ	
ВХЗ-ао
98	
651 510	
54,3	
54,8	
54	
55	
54,3
TGKN	
ТГК-14
61	
624 640	
0,00319	
0,00317	
0,00315	
0,0032	
0,00319
RGSS	
РГС СК ао
91	
579 143	
0,1498	
0,15	
0,1492	
0,151	
0,1506
KAZT	
Куйбазот
85	
550 372	
156,8	
160	
151	
161,2	
156,6
SAGOP	
СамарЭн-ап
47	
544 590	
0,469	
0,475	
0,46	
0,476	
0,471
RTGZ	
ГазпРнД ао
7	
534 900	
26 750	
26 750	
26 700	
26 750	
26 700
APTK	
Аптеки36и6
917	
520 965	
13,43	
13,416	
13,386	
13,508	
13,414
STSBP	
СтаврЭнСбп
136	
496 814	
0,4025	
0,414	
0,4	
0,414	
0,4025
NKHP	
НКХП ао
83	
490 555	
268	
265,5	
265,5	
270	
267,5
RTSB	
ТНСэнРст
20	
482 100	
0,59	
0,585	
0,585	
0,595	
0,59
KOGK	
КоршГОК ао
9	
465 000	
46 600	
46 000	
46 000	
46 800	
46 800
NAUK	
iНПОНаука
32	
435 040	
199,6	
199,2	
199	
201	
201
RKKE	
ЭнергияРКК
46	
428 660	
7 650	
7 510	
7 500	
7 920	
7 540
TTLK	
Таттел. ао
50	
424 715	
0,3265	
0,3255	
0,325	
0,328	
0,3255
GAZA	
ГАЗ ао
41	
386 530	
402,5	
401,5	
398	
406	
406
GEMA	
iММЦБ ао
58	
382 621	
603,5	
609	
603	
609	
603,5
YKENP	
Якутскэн-п
47	
370 425	
0,394	
0,39	
0,3715	
0,4045	
0,392
USBN	
УралСиб ао
43	
369 073	
0,0683	
0,0685	
0,068	
0,0686	
0,0686
VGSB	
ВолгЭнСб
61	
361 865	
4,145	
4,145	
4,085	
4,3	
4,125
SARE	
СаратЭн-ао
88	
344 260	
0,1416	
0,1402	
0,1396	
0,1446	
0,1404
TGKBP	
ТГК-2 ап
115	
341 081	
0,00708	
0,00714	
0,00706	
0,00715	
0,00712
ALNU	
АЛРОСА-Нюр
6	
339 800	
56 600	
56 600	
56 400	
57 000	
56 400
IGST	
Ижсталь2ао
34	
338 941	
982	
995	
980	
995	
985
UTAR	
ЮТэйр ао
58	
312 633	
7,14	
7,14	
7,03	
7,18	
7,11
PMSBP	
ПермьЭнС-п
63	
300 266	
132,2	
132,8	
131,2	
132,8	
132,6
KBSB	
ТНСэКубань
62	
297 215	
141,5	
139,5	
139,5	
144	
140,5
IRGZ	
ИркЭнерго
46	
296 088	
12,18	
12,24	
12,14	
12,24	
12,16
MRKU	
МРСК Ур
47	
292 068	
0,146	
0,1474	
0,1452	
0,1476	
0,1454
TUZA	
ТЗА ао
78	
289 180	
105	
107	
103	
107	
106
CHGZ	
РН-ЗапСиб
27	
287 480	
54,2	
53	
52,8	
55	
53,8
MAGE	
МагадЭн ао
24	
284 040	
5,92	
5,82	
5,81	
6,15	
5,97
KTSBP	
КСБ ап
55	
278 525	
0,293	
0,292	
0,284	
0,302	
0,289
KROT	
КрасОкт-ао
29	
278 450	
381,5	
384,5	
377,5	
387	
381
KZOSP	
ОргСинт ап
289	
270 170	
11,66	
11,8	
11,51	
11,82	
11,71
MFGSP	
Мегион-ап
9	
264 640	
315	
315	
314,5	
320	
320
VGSBP	
ВолгЭнСб-п
62	
264 265	
2,13	
2,18	
2,055	
2,18	
2,13
RDRB	
РДБанк ао
25	
262 600	
230	
230	
225	
235	
235
SLEN	
Сахэнер ао
43	
256 676	
6,825	
6,895	
6,78	
6,9	
6,875
RLMNP	
Роллман-п
173	
251 852	
18,8	
19	
17,5	
20,94	
18,72
PMSB	
ПермьЭнСб
57	
236 680	
133	
133,9	
131	
134	
132,6
URKZ	
УрКузница
7	
224 400	
16 020	
15 960	
15 840	
16 200	
16 060
BLNG	
Белон ао
131	
220 333	
4,338	
4,318	
4,26	
4,396	
4,32
LVHK	
Левенгук
64	
208 561	
8,02	
8,16	
7,95	
8,16	
8,08
ASSB	
АстрЭнСб
39	
200 943	
0,7725	
0,773	
0,769	
0,7885	
0,772
MRSB	
МордЭнСб
23	
200 190	
0,417	
0,411	
0,411	
0,42	
0,42
PRMB	
Приморье
7	
191 400	
27 400	
27 400	
27 200	
27 400	
27 200
KRSB	
Красэсб ао
26	
188 335	
7,19	
7,2	
7,12	
7,34	
7,22
VZRZP	
Возрожд-п
29	
186 978	
317	
316	
314,2	
318,4	
318
BISVP	
БашИнСв ап
72	
182 682	
10,15	
10,2	
10,06	
10,23	
10,14
KRKOP	
ТКЗКК ап
75	
178 502	
8,225	
8,315	
8,115	
8,32	
8,235
PAZA	
ПавлАвт ао
17	
159 200	
8 380	
8 430	
8 310	
8 430	
8 330
ELTZ	
Электрцинк
70	
142 988	
174	
178	
173,5	
178	
175
SAREP	
СаратЭн-ап
42	
135 370	
0,1242	
0,125	
0,1206	
0,1296	
0,1206
OMZZP	
ОМЗ-ап
15	
130 465	
3 625	
3 530	
3 530	
3 675	
3 580
ROSB	
Росбанк ао
36	
128 550	
78,8	
80	
77,6	
80,8	
79,2
ZILL	
ЗИЛ ао
15	
119 550	
2 490	
2 450	
2 450	
2 500	
2 500
GTRK	
ГТМ ао
64	
114 374	
43,15	
42,8	
42,8	
43,4	
43,05
STSB	
СтаврЭнСб
42	
108 362	
0,5825	
0,597	
0,5775	
0,598	
0,581
NKSH	
Нижкамшина
11	
105 360	
22,42	
22,58	
22,32	
22,58	
22,56
MISB	
ТНСэнМарЭл
19	
101 870	
12,6	
12,8	
12,4	
12,8	
12,5
KTSB	
КСБ ао
61	
101 668	
0,644	
0,648	
0,62	
0,67	
0,622
MISBP	
ТНСэМаЭл-п
14	
92 510	
12,3	
12,5	
12,3	
12,6	
12,5
MGTS	
МГТС-5ао
14	
86 585	
2 280	
2 290	
2 275	
2 295	
2 280
VJGZP	
Варьеган-п
22	
85 870	
343	
338	
338	
347	
345
MGNZ	
СМЗ-ао
11	
85 320	
4 740	
4 810	
4 700	
4 820	
4 710
ARSA	
Арсагера
15	
85 300	
4,06	
4,05	
4,05	
4,08	
4,08
MAGEP	
МагадЭн ап
10	
84 600	
6,47	
6,55	
6,41	
6,55	
6,45
MRKS	
РсетСиб ао
11	
82 700	
0,2365	
0,2355	
0,2355	
0,238	
0,2375
MFGS	
Мегион-ао
9	
76 500	
364,5	
360,5	
360	
365,5	
365
GAZAP	
ГАЗ ап
15	
72 325	
314,5	
312,5	
312,5	
317	
312,5
VSYDP	
ВыбСудЗ ап
7	
72 060	
4 000	
4 020	
4 000	
4 020	
4 000
KBTK	
КузбТК ао
21	
67 906	
151	
153,2	
150	
153,2	
150,8
KRKN	
СаратНПЗ
4	
63 500	
12 700	
12 700	
12 700	
12 700	
12 700
YRSBP	
ТНСэнЯр-п
26	
61 465	
85,5	
86,5	
84	
88,5	
88
HALS	
Галс-Девел
26	
60 937	
1 219	
1 212	
1 211	
1 233	
1 231
ROST	
РОСИНТЕРао
20	
59 190	
63	
63,8	
62,6	
64	
63
RZSB	
РязЭнСб
21	
55 680	
9,28	
9,34	
9,22	
9,36	
9,3
MRKK	
Россети СК
34	
54 207	
25,44	
25,32	
25,26	
25,66	
25,3
KUBE	
Кубанэнр
17	
51 533	
74,7	
75,3	
74	
75,3	
74,6
KMEZ	
КМЗ
81	
49 516	
516	
527,5	
506	
527,5	
514
KGKCP	
КурганГКап
10	
47 210	
55,5	
56	
55	
56	
55,5
LPSB	
ЛЭСК ао
15	
45 215	
8,2	
8,25	
8,15	
8,25	
8,2
KRSBP	
Красэсб ап
17	
40 784	
7,16	
7,2	
7,1	
7,3	
7,1
RTSBP	
ТНСэнРст-п
7	
37 320	
0,533	
0,524	
0,524	
0,539	
0,539
UCSS	
ОКС ао
16	
33 820	
1 470	
1 470	
1 460	
1 490	
1 490
VJGZ	
Варьеган
11	
33 720	
624	
630	
622	
631	
630
TORSP	
ТРК ап
5	
33 410	
0,2785	
0,278	
0,278	
0,2795	
0,2795
EELT	
ЕвроЭлтех
37	
30 154	
7,86	
8,1	
7,82	
8,1	
7,84
TNSE	
ТНСэнрг ао
13	
30 000	
1 000	
1 000	
995	
1 010	
1 000
WTCMP	
ЦМТ ап
21	
27 386	
8,3	
8,3	
8,28	
8,34	
8,28
TASBP	
ТамбЭнСб-п
9	
27 340	
0,304	
0,302	
0,3	
0,306	
0,3055
JNOSP	
Слав-ЯНОСп
9	
22 554	
14,1	
14,04	
14,04	
14,18	
14,16
CHKZ	
ЧКПЗ ао
4	
21 660	
5 420	
5 400	
5 360	
5 480	
5 480
KGKC	
КурганГКао
10	
19 875	
57	
57	
56	
57,5	
56,5
IGSTP	
Ижсталь ап
7	
17 855	
893	
890	
890	
894	
894
YRSB	
ТНСэнЯр
3	
17 000	
170	
170	
170	
170	
170
KROTP	
КрасОкт-1п
6	
16 215	
270,5	
268,5	
268	
274,5	
268,5
KCHEP	
КамчатЭ ап
4	
15 780	
0,395	
0,398	
0,391	
0,398	
0,391
DZRD	
iДонскЗР
7	
15 040	
2 150	
2 140	
2 140	
2 160	
2 155
UKUZ	
ЮжКузб. ао
9	
13 106	
524	
532	
522	
532	
524
JNOS	
Славн-ЯНОС
5	
11 070	
18,45	
18,4	
18,35	
18,6	
18,6
WTCM	
ЦМТ ао
8	
9 122	
9,12	
9,14	
9,1	
9,16	
9,1
VSYD	
ВыбСудЗ ао
2	
8 070	
4 035	
4 085	
3 985	
4 085	
3 985
KUNF	
КУЗОЦМ ао
0	
0	
-	
-	
-	
-	
-
PRTK	
ПРОТЕК ао
0	
0	
-	
-	
-	
-	
99,6
GAZC	
ГАЗКОН-ао
0	
0	
-	
-	
-	
-	
295
GAZT	
ГАЗ-Тек ао
0	
0	
-	
-	
-	
-	
85
GTSS	
ГЕОТЕК ао
0	
0	
-	
-	
-	
-	
-
HIMC	
Химпром ао
0	
0	
-	
-	
-	
-	
0,99
KCHE	
КамчатЭ ао
0	
0	
-	
-	
-	
-	
0,2185
KMTZ	
КосогМЗ ао
0	
0	
-	
-	
-	
-	
-
KRKO	
ТКЗКК ао
0	
0	
-	
-	
-	
-	
11,8
KSGR	
Кокс ао
0	
0	
-	
-	
-	
-	
-
KUNF	
КУЗОЦМ ао
0	
0	
-	
-	
-	
-	
-
KZMS	
КЗМС ао
0	
0	
-	
-	
-	
-	
226
MFON	
МегаФон ао
0	
0	
-	
-	
-	
-	
650,6
MOBB	
МосОблБанк
0	
0	
-	
-	
-	
-	
0,698
MORI	
Морион ао
0	
0	
-	
-	
-	
-	
4,31
NPOF	
Физика ао
0	
0	
-	
-	
-	
-	
11 850
PRTK	
ПРОТЕК ао
0	
0	
-	
-	
-	
-	
99,6
TASB	
ТамбЭнСб
0	
0	
-	
-	
-	
-	
0,4085
TORS	
ТРК ао
0	
0	
-	
-	
-	
-	
0,42
TRCN	
ТрансК ао
0	
0	
-	
-	
-	
-	
8 595
TRFM	
ТрансФ ао
0	
0	
-	
-	
-	
-	
-
URKA	
Уркалий-ао
0	
0	
-	
-	
-	
-	
119,04
VZRZ	
Возрожд-ао
0	
0	
-	
-	
-	
-	
480