SBER	
Сбербанк
81 903	
13 980 584 331	
210,05	
210,28	
207,52	
212,19	
207,76
GMKN	
ГМКНорНик
42 029	
8 703 705 682	
19 622	
19 360	
19 300	
19 912	
19 472
LKOH	
ЛУКОЙЛ
41 084	
8 667 714 650	
5 403	
5 327	
5 310	
5 474,5	
5 392
GAZP	
ГАЗПРОМ ао
62 605	
8 581 931 678	
197,54	
196	
195,2	
199,59	
196,59
ROSN	
Роснефть
23 613	
3 439 137 417	
373,5	
372,15	
370,25	
376,8	
371,4
TATN	
Татнфт 3ао
35 433	
3 349 621 632	
589,2	
591,2	
576,5	
596,1	
581
YNDX	
Yandex clA
33 206	
2 763 644 462	
3 007,4	
2 984,2	
2 967,4	
3 062	
3 009
AFLT	
Аэрофлот
35 861	
2 394 382 205	
90,04	
89	
88,7	
90,86	
89,6
HYDR	
РусГидро
45 151	
2 324 261 517	
0,817	
0,794	
0,785	
0,8367	
0,8333
PLZL	
Полюс
16 495	
1 878 259 256	
10 480	
10 518	
10 345	
10 642,5	
10 345
ALRS	
АЛРОСА ао
28 834	
1 775 078 702	
63,95	
63,93	
63,23	
64,46	
63,92
MTSS	
МТС-ао
14 436	
1 675 098 539	
327,4	
325,55	
325,55	
328,5	
328
MGNT	
Магнит ао
16 111	
1 631 188 678	
3 982,5	
4 009	
3 945	
4 043,5	
3 950
SNGSP	
Сургнфгз-п
19 362	
1 565 423 266	
35,005	
34,75	
34,55	
35,255	
34,875
RSTI	
Россети ао
24 730	
1 467 608 557	
1,5663	
1,564	
1,5221	
1,598	
1,5552
SNGS	
Сургнфгз
15 124	
1 395 767 264	
40,09	
39,55	
39,55	
40,56	
39,965
CHMF	
СевСт-ао
24 894	
1 337 680 374	
890	
884,4	
880	
897	
880
NVTK	
Новатэк ао
13 186	
1 309 516 962	
1 074,2	
1 074,8	
1 065,4	
1 082,8	
1 075,4
SBERP	
Сбербанк-п
18 975	
1 260 213 951	
194,09	
193,02	
192,58	
195,6	
193,2
SIBN	
Газпрнефть
12 635	
1 236 090 899	
357,25	
355,9	
354,05	
360,4	
355,5
IRAO	
ИнтерРАОао
14 530	
1 182 959 672	
5,0055	
4,997	
4,941	
5,068	
5
MOEX	
МосБиржа
15 683	
1 145 931 588	
116,87	
116,57	
116,13	
117,59	
116,13
POLY	
Polymetal
17 659	
1 141 304 285	
1 292,2	
1 298	
1 264,7	
1 318	
1 281
DSKY	
ДетскийМир
27 881	
1 098 661 097	
98,02	
99	
95,9	
100,8	
96,8
NLMK	
НЛМК ао
15 266	
1 062 260 355	
133,86	
132,36	
132,36	
134,9	
133,36
FEES	
ФСК ЕЭС ао
19 926	
985 902 066	
0,18754	
0,1863	
0,18382	
0,191	
0,18744
TCSG	
TCS-гдр
23 501	
963 122 394	
1 306,6	
1 239,2	
1 235,4	
1 330	
1 312,8
VTBR	
ВТБ ао
26 248	
959 110 153	
0,03719	
0,0372	
0,0368	
0,03743	
0,03688
NMTP	
НМТП ао
35 936	
911 747 936	
11,005	
10,045	
10,045	
12,48	
11,08
MAGN	
ММК
13 701	
859 095 672	
39,985	
39,15	
39,05	
41,02	
39,92
RTKM	
Ростел -ао
15 896	
781 943 229	
82,37	
83,03	
80,67	
83,5	
82,56
TRNFP	
Транснф ап
2 917	
668 023 050	
136 050	
135 350	
134 600	
137 600	
135 200
FIVE	
FIVE-гдр
8 655	
616 835 920	
2 327	
2 350	
2 305	
2 369,5	
2 320,5
AFKS	
Система ао
10 155	
550 267 864	
16,917	
16,684	
16,624	
17,072	
16,95
TATNP	
Татнфт 3ап
8 559	
479 586 021	
569,4	
568,5	
556,4	
575,1	
560,5
BANEP	
Башнефт ап
6 835	
295 618 959	
1 459	
1 444	
1 439,5	
1 472,5	
1 452
CBOM	
МКБ ао
11 568	
285 831 939	
5,407	
5,382	
5,375	
5,436	
5,412
LNTA	
Лента др
12 027	
214 261 764	
171,1	
169,8	
166,1	
174,6	
168,7
TRMK	
ТМК ао
1 822	
177 956 646	
59,68	
59,7	
59,4	
59,78	
59,64
RUAL	
РУСАЛ ао
9 242	
168 056 467	
27,35	
27,09	
26,94	
27,59	
27,25
TGKA	
ТГК-1
7 356	
149 086 915	
0,013082	
0,012934	
0,012934	
0,01322	
0,01312
MTLR	
Мечел ао
10 330	
145 840 400	
67,8	
67,58	
66,66	
68,8	
67,22
UPRO	
Юнипро ао
3 480	
142 544 521	
2,788	
2,773	
2,76	
2,8	
2,79
LSRG	
ЛСР ао
6 794	
142 176 161	
669,4	
664,8	
652,2	
677,4	
675,8
PHOR	
ФосАгро ао
3 066	
137 567 516	
2 764	
2 795	
2 740	
2 795	
2 747
OGKB	
ОГК-2 ао
5 869	
137 113 681	
0,7113	
0,7139	
0,703	
0,72	
0,715
MVID	
М.видео
2 473	
107 522 199	
414,2	
412,5	
405,2	
419,6	
410,5
MTLRP	
Мечел ап
3 424	
98 919 282	
86,9	
85,95	
84,75	
89,65	
85,25
MSNG	
+МосЭнерго
2 173	
67 528 901	
2,0945	
2,122	
2,0675	
2,122	
2,084
RASP	
Распадская
1 286	
61 339 377	
107,9	
108,08	
107,1	
108,7	
107,86
ENRU	
ЭнелРос ао
3 830	
57 522 145	
0,991	
0,988	
0,9765	
0,998	
0,9925
NKNCP	
НКНХ ап
2 800	
54 874 840	
88,34	
87,3	
87,3	
88,9	
88,06
AKRN	
Акрон
2 268	
50 865 368	
5 514	
5 598	
5 460	
5 600	
5 460
VSMO	
ВСМПО-АВСМ
730	
43 384 580	
20 580	
20 980	
19 560	
24 540	
20 400
ETLN	
ETLN-гдр
1 700	
35 722 928	
94,56	
93	
93	
95,48	
95,2
QIWI	
iQIWI
2 435	
34 507 281	
1 001	
990	
989,5	
1 012	
1 005,5
AGRO	
AGRO-гдр
2 713	
33 993 147	
654,2	
655	
647	
659	
649,2
RSTIP	
Россети ап
1 855	
31 905 313	
2,142	
2,18	
2,117	
2,18	
2,141
BSPB	
БСП ао
2 613	
31 550 558	
42,95	
42	
42	
43,38	
42,73
PIKK	
ПИК ао
1 583	
29 713 447	
404,9	
393	
393	
410	
409,9
BANE	
Башнефт ао
1 924	
28 271 325	
1 834	
1 830	
1 814,5	
1 847,5	
1 835
LSNGP	
РСетиЛЭ-п
1 618	
27 008 511	
156,95	
155,55	
155,55	
158,8	
155,8
MRKP	
МРСК ЦП
1 982	
26 935 864	
0,1933	
0,192	
0,1907	
0,195	
0,1919
MRKC	
МРСК Центр
2 352	
22 958 208	
0,2744	
0,2636	
0,2636	
0,2776	
0,273
MRKV	
РсетВол ао
1 357	
19 979 029	
0,0746	
0,072	
0,0718	
0,07575	
0,0727
INGR	
ИНГРАД ао
1 604	
19 401 973	
829	
822	
812	
850	
824
ZILL	
ЗИЛ ао
1 599	
18 964 045	
2 790	
2 545	
2 480	
3 010	
2 970
OBUV	
ОР ао
1 570	
15 924 715	
34,65	
34	
34	
35,35	
34,65
KRKNP	
СаратНПЗ-п
589	
15 577 120	
16 580	
16 460	
16 460	
16 840	
16 600
FESH	
ДВМП ао
1 369	
14 936 568	
7,3	
7,19	
7,12	
7,7	
7,3
APTK	
Аптеки36и6
3 616	
14 316 865	
13,8	
13,72	
13,662	
13,89	
13,762
NKNC	
НКНХ ао
837	
12 904 638	
97,35	
97	
96,8	
97,8	
97,6
RTKMP	
Ростел -ап
1 165	
12 788 576	
74,7	
74,95	
74,2	
75,05	
74,65
SELG	
Селигдар
881	
12 315 468	
24,6	
24,26	
24,09	
24,97	
24,46
MOBB	
МосОблБанк
2 612	
11 715 829	
1,17	
1,14	
1,12	
1,21	
1,164
LIFE	
iФармсинтз
1 271	
10 099 257	
6,92	
7,025	
6,775	
7,115	
6,92
CNTLP	
Телеграф-п
737	
8 371 382	
17,82	
16,96	
16,96	
18,4	
17,84
PMSBP	
ПермьЭнС-п
962	
8 117 452	
144	
141,2	
131,4	
147,8	
147
MRKZ	
МРСК СЗ
640	
7 613 735	
0,0504	
0,04895	
0,04895	
0,0516	
0,0495
UNAC	
iАвиастКао
625	
7 078 991	
0,494	
0,4965	
0,484	
0,508	
0,4905
TASB	
ТамбЭнСб
667	
6 204 585	
0,554	
0,472	
0,4505	
0,621	
0,59
UNKL	
ЮУНК ао
791	
6 064 190	
4 000	
4 190	
3 740	
4 530	
3 990
GCHE	
ЧеркизГ-ао
541	
5 926 238	
1 776	
1 770	
1 765	
1 795	
1 768
RNFT	
РуссНфт ао
1 005	
5 632 332	
456,8	
451,8	
451,2	
459	
452,6
PMSB	
ПермьЭнСб
657	
5 617 032	
145,8	
146,9	
141	
149	
147,3
ENPG	
ЭН+ГРУП ао
109	
5 402 261	
604,5	
604,5	
603	
608	
604
ISKJ	
iИСКЧ ао
584	
5 295 866	
27,96	
28,2	
27,56	
28,6	
27,87
TGKB	
ТГК-2
242	
5 186 715	
0,004205	
0,0042	
0,004175	
0,00425	
0,0042
SFIN	
САФМАР ао
258	
5 182 208	
464,8	
469,4	
462,6	
469,4	
462,8
SVAV	
СОЛЛЕРС
154	
4 750 500	
257	
255	
255	
258,5	
256
IRKT	
ИРКУТ-3
175	
4 304 568	
34,88	
36,06	
33,88	
36,48	
35,3
UTAR	
ЮТэйр ао
775	
4 230 211	
7,52	
7,81	
7,25	
7,88	
7,55
TASBP	
ТамбЭнСб-п
537	
4 114 500	
0,446	
0,4185	
0,402	
0,4765	
0,439
VSYDP	
ВыбСудЗ ап
465	
4 016 000	
4 660	
4 360	
4 240	
5 300	
4 280
UWGN	
ОВК ао
554	
3 936 533	
240,5	
244,9	
238,5	
244,9	
240,2
KMAZ	
КАМАЗ
487	
3 733 772	
57,8	
58,9	
57,1	
59	
57,8
ALNU	
АЛРОСА-Нюр
54	
3 705 800	
55 400	
56 000	
54 400	
56 000	
55 000
KRSBP	
Красэсб ап
203	
3 627 160	
7,32	
7,4	
7,12	
7,78	
7,42
MSTT	
Мостотрест
273	
3 445 441	
159	
160,25	
158,3	
160,25	
159,2
MSRS	
РСетиМР ао
259	
3 378 069	
1,1275	
1,12	
1,12	
1,1325	
1,1255
MGTSP	
МГТС-4ап
336	
3 025 732	
2 034	
1 992	
1 990	
2 060	
2 038
GEMA	
iММЦБ ао
396	
3 002 638	
608	
616,5	
603	
616,5	
605
KLSB	
КалужскСК
493	
2 860 837	
11,24	
10,9	
10,78	
11,65	
11,18
MRKS	
РсетСиб ао
85	
2 673 015	
0,238	
0,236	
0,233	
0,242	
0,234
GTRK	
ГТМ ао
475	
2 434 398	
41,65	
41,75	
41,3	
42,15	
41,8
RTGZ	
ГазпРнД ао
12	
2 203 900	
21 000	
20 250	
20 250	
21 200	
21 000
KZOS	
ОргСинт ао
348	
2 018 157	
90,3	
89,4	
88,8	
91,3	
90,4
YRSBP	
ТНСэнЯр-п
61	
1 925 635	
87	
87	
84	
90	
84,5
VSYD	
ВыбСудЗ ао
258	
1 921 245	
4 470	
4 230	
4 150	
4 790	
4 445
KRSB	
Красэсб ао
148	
1 727 020	
7,35	
7,49	
7,17	
7,68	
7,45
LSNG	
РСетиЛЭ
288	
1 700 111	
6,09	
6,04	
6,04	
6,12	
6,06
LNZL	
Лензолото
119	
1 600 250	
8 420	
8 410	
8 380	
8 450	
8 400
VZRZP	
Возрожд-п
73	
1 572 240	
316,4	
311	
307,6	
318	
311,4
UCSS	
ОКС ао
214	
1 549 870	
1 440	
1 470	
1 410	
1 470	
1 460
PRTK	
ПРОТЕК ао
177	
1 503 313	
99,4	
99	
98,8	
99,6	
99
IRGZ	
ИркЭнерго
169	
1 471 634	
11,96	
11,7	
11,7	
12,2	
11,86
RZSB	
РязЭнСб
82	
1 377 540	
10,36	
10,42	
10,14	
10,68	
10,6
USBN	
УралСиб ао
93	
1 362 528	
0,0702	
0,07	
0,07	
0,0708	
0,0706
AQUA	
РусАква ао
150	
1 271 520	
210	
209,5	
208,5	
210,5	
210
LNZLP	
Лензол. ап
91	
1 118 015	
3 560	
3 570	
3 540	
3 590	
3 590
RBCM	
РБК ао
243	
1 110 446	
3,34	
3,3	
3,296	
3,376	
3,362
RGSS	
РГС СК ао
210	
1 079 236	
0,1498	
0,148	
0,148	
0,151	
0,151
BELU	
Белуга ао
92	
1 065 090	
1 347	
1 350	
1 339	
1 352	
1 350
IGSTP	
Ижсталь ап
164	
1 060 582	
643	
669	
622	
675	
629
MRKU	
МРСК Ур
177	
1 058 168	
0,158	
0,159	
0,1538	
0,1614	
0,1576
AMEZ	
АшинскийМЗ
264	
1 025 810	
4,005	
4,045	
3,965	
4,05	
4,045
MAGEP	
МагадЭн ап
92	
992 490	
7,19	
7,33	
7	
7,615	
7,155
MGTS	
МГТС-5ао
130	
977 400	
2 455	
2 410	
2 325	
2 555	
2 485
TGKN	
ТГК-14
80	
834 920	
0,00322	
0,0032	
0,0032	
0,00326	
0,00323
NFAZ	
Нефтекамск
86	
821 376	
172,6	
165,2	
165,2	
175	
169,6
RAVN	
Raven
15	
814 225	
31,8	
31,85	
31,45	
31,9	
31,65
SELGP	
Селигдар-п
127	
779 520	
26,35	
26,2	
25,95	
26,55	
26,3
TRCN	
ТрансК ао
58	
751 905	
8 545	
8 565	
8 510	
8 570	
8 560
MRKY	
РоссЮг ао
168	
726 467	
0,05085	
0,0506	
0,0504	
0,0513	
0,05055
TTLK	
Таттел. ао
100	
701 455	
0,285	
0,2805	
0,2805	
0,2865	
0,286
CHEP	
ЧТПЗ ао
86	
699 435	
202,5	
204	
200	
204	
201
KROT	
КрасОкт-ао
65	
680 795	
347,5	
345	
343	
353	
343,5
TGKBP	
ТГК-2 ап
64	
652 180	
0,00733	
0,00733	
0,00722	
0,00744	
0,00726
MAGE	
МагадЭн ао
36	
639 370	
8,52	
8,56	
8,34	
8,71	
8,47
CHMK	
ЧМК ао
75	
629 630	
2 510	
2 510	
2 475	
2 530	
2 475
CNTL	
Телеграф
120	
609 945	
21,1	
20,3	
20,2	
21,55	
20,95
KUZB	
КузнецкийБ
305	
586 748	
0,01661	
0,01688	
0,01623	
0,01692	
0,01673
MRKK	
Россети СК
93	
580 993	
26,16	
26,48	
26,08	
26,48	
26,1
DIOD	
ЗаводДИОД
95	
564 214	
5,78	
5,77	
5,75	
5,79	
5,79
RUGR	
Русгрэйн
776	
549 904	
7,502	
7,45	
7,406	
7,538	
7,496
NKSH	
Нижкамшина
22	
546 510	
22,78	
23,44	
22,7	
23,88	
22,8
PAZA	
ПавлАвт ао
45	
496 990	
7 890	
7 710	
7 710	
8 030	
7 870
ASSB	
АстрЭнСб
111	
495 940	
0,7935	
0,788	
0,7835	
0,8025	
0,8015
DVEC	
ДЭК ао
124	
477 299	
0,928	
0,927	
0,911	
0,949	
0,935
URKZ	
УрКузница
20	
433 320	
11 400	
11 400	
11 260	
11 460	
11 420
VJGZP	
Варьеган-п
47	
407 230	
345	
344	
340	
357	
350
HIMCP	
Химпром ап
59	
369 196	
5,9	
5,81	
5,81	
5,92	
5,9
ZVEZ	
ЗВЕЗДА ао
44	
357 680	
4,585	
4,59	
4,5	
4,67	
4,51
KMEZ	
КМЗ
129	
349 938	
473	
471	
455	
487	
470,5
KRKOP	
ТКЗКК ап
90	
346 200	
5,87	
5,775	
5,715	
6,195	
5,73
OMZZP	
ОМЗ-ап
70	
333 375	
3 365	
3 350	
3 330	
3 445	
3 340
MRSB	
МордЭнСб
40	
330 990	
0,345	
0,35	
0,34	
0,35	
0,35
ROLO	
Русолово
40	
321 630	
3,83	
3,882	
3,766	
3,89	
3,838
KAZT	
Куйбазот
102	
310 130	
139,8	
140,2	
136,8	
141,8	
141,6
YAKG	
ЯТЭК ао
32	
309 330	
39,7	
39,7	
39,5	
39,85	
39,8
ABRD	
АбрауДюрсо
95	
306 525	
130,5	
130	
129,5	
131	
131
KRKN	
СаратНПЗ
18	
299 050	
13 600	
13 550	
13 500	
13 700	
13 600
SAGO	
СамарЭн-ао
13	
288 260	
0,4	
0,402	
0,4	
0,406	
0,4
NKHP	
НКХП ао
50	
279 840	
231,5	
233	
230	
233	
230
TUZA	
ТЗА ао
97	
272 730	
96	
94	
93	
98	
95
GAZAP	
ГАЗ ап
16	
260 105	
321	
320	
319	
322	
322
JNOSP	
Слав-ЯНОСп
11	
258 500	
14,44	
14,48	
14,44	
14,48	
14,44
KOGK	
КоршГОК ао
5	
235 600	
47 200	
46 400	
46 400	
47 600	
47 600
RUSP	
Русполимет
28	
225 845	
0,5945	
0,6	
0,5875	
0,602	
0,59
NAUK	
iНПОНаука
73	
225 094	
178,6	
180	
176,2	
182	
181
BISVP	
БашИнСв ап
45	
223 847	
8,11	
7,98	
7,97	
8,27	
8,02
WTCM	
ЦМТ ао
61	
214 346	
8,94	
8,86	
8,8	
9,06	
8,86
KZOSP	
ОргСинт ап
351	
210 076	
12,12	
12,04	
12	
12,18	
12,14
EELT	
ЕвроЭлтех
73	
203 248	
7,56	
7,54	
7,4	
7,56	
7,54
KUBE	
Кубанэнр
67	
194 332	
70,4	
70,7	
69,3	
71,4	
71,2
PRMB	
Приморье
8	
193 800	
24 200	
24 000	
24 000	
24 400	
24 400
RLMN	
Роллман
92	
185 282	
19,25	
19,35	
19	
19,6	
19,25
TGKD	
Квадра
60	
181 301	
0,00307	
0,003075	
0,00305	
0,00309	
0,00308
TORSP	
ТРК ап
21	
169 780	
0,2785	
0,2745	
0,2745	
0,279	
0,2775
RLMNP	
Роллман-п
65	
164 321	
19,26	
19,76	
19	
19,76	
19,28
VLHZ	
ВХЗ-ао
37	
155 284	
49,6	
49,55	
49,15	
49,85	
49,85
GAZA	
ГАЗ ао
23	
147 530	
388	
383	
383	
390,5	
386
TGKDP	
Квадра-п
55	
133 560	
0,004035	
0,004025	
0,00401	
0,004075	
0,004015
RDRB	
РДБанк ао
15	
131 150	
250	
255	
245	
255	
250
KAZTP	
Куйбазот-п
43	
127 428	
143,2	
147,6	
140	
147,6	
144
VJGZ	
Варьеган
13	
123 277	
601	
612	
598	
612	
600
UKUZ	
ЮжКузб. ао
37	
119 452	
536	
528	
528	
542	
540
VRSBP	
ТНСэнВор-п
19	
118 400	
32	
32	
31,5	
32,5	
32
MFGS	
Мегион-ао
19	
113 570	
355	
352	
347,5	
363	
363
AVAN	
Авангрд-ао
33	
112 330	
705	
720	
700	
720	
715
ARSA	
Арсагера
24	
110 550	
3,25	
3,22	
3,21	
3,31	
3,28
BRZL	
БурЗолото
47	
109 543	
830	
827	
827	
833	
828
NSVZ	
НаукаСвяз
23	
106 605	
232	
228,5	
228	
239	
229
LVHK	
Левенгук
22	
102 921	
8,04	
8,04	
8	
8,08	
8,05
TORS	
ТРК ао
17	
99 130	
0,381	
0,38	
0,38	
0,384	
0,384
YKENP	
Якутскэн-п
10	
98 075	
0,338	
0,332	
0,3315	
0,34	
0,3395
STSB	
СтаврЭнСб
43	
97 107	
0,3825	
0,384	
0,375	
0,397	
0,384
CHKZ	
ЧКПЗ ао
9	
95 780	
5 320	
5 260	
5 260	
5 360	
5 360
HALS	
Галс-Девел
10	
95 359	
763	
761	
761	
776	
775
KCHE	
КамчатЭ ао
6	
88 680	
0,2015	
0,2015	
0,2015	
0,202	
0,202
ALBK	
БестЭфБ ао
25	
83 025	
54	
54	
53,5	
54,5	
54,5
NNSB	
ТНСэнНН ао
32	
81 595	
1 315	
1 290	
1 290	
1 355	
1 355
KBSB	
ТНСэКубань
27	
77 860	
139	
143	
135	
143,5	
137,5
SLEN	
Сахэнер ао
25	
73 225	
4,185	
4,17	
4,11	
4,195	
4,18
YKEN	
Якутскэнрг
15	
70 915	
0,3545	
0,3545	
0,35	
0,356	
0,354
RUSI	
ИКРУСС-ИНВ
18	
68 830	
38,2	
37,8	
37,6	
39	
39
ROST	
РОСИНТЕРао
39	
66 542	
63,4	
63	
62,2	
64,4	
63,6
IGST	
Ижсталь2ао
11	
66 038	
825	
832	
824	
840	
824
STSBP	
СтаврЭнСбп
50	
65 940	
0,3265	
0,333	
0,3225	
0,333	
0,3295
DZRD	
iДонскЗР
17	
62 625	
1 900	
1 905	
1 890	
1 920	
1 900
SZPR	
СЗПароход
23	
62 528	
782	
788	
778	
788	
780
ELTZ	
Электрцинк
30	
61 134	
171	
170	
169,5	
171,5	
170
ROSB	
Росбанк ао
33	
59 666	
71	
71,2	
70	
72,8	
72,8
DZRDP	
iДонскЗР п
23	
54 580	
1 610	
1 620	
1 560	
1 620	
1 610
WTCMP	
ЦМТ ап
31	
51 478	
8,04	
8,12	
7,94	
8,12	
8,06
MGNZ	
СМЗ-ао
9	
49 260	
4 110	
4 080	
4 060	
4 130	
4 070
RKKE	
ЭнергияРКК
7	
44 850	
4 980	
5 010	
4 940	
5 010	
4 950
LPSB	
ЛЭСК ао
21	
36 190	
7,85	
7,9	
7,8	
7,9	
7,9
VRSB	
ТНСэнВорон
6	
33 140	
47,4	
47,6	
47	
47,6	
47,4
VGSBP	
ВолгЭнСб-п
17	
31 305	
1,12	
1,105	
1,1	
1,15	
1,11
BLNG	
Белон ао
22	
30 228	
4,03	
4,08	
4,006	
4,086	
4,016
JNOS	
Славн-ЯНОС
7	
29 980	
18,75	
18,85	
18,55	
18,85	
18,8
KROTP	
КрасОкт-1п
7	
28 305	
257,5	
254	
254	
262	
259,5
KGKCP	
КурганГКап
10	
27 655	
59	
59	
58	
60	
59
KTSBP	
КСБ ап
7	
27 220	
0,2475	
0,2455	
0,2455	
0,2495	
0,248
VGSB	
ВолгЭнСб
8	
26 560	
1,66	
1,65	
1,65	
1,69	
1,69
KBTK	
КузбТК ао
10	
23 292	
155,4	
155	
154,6	
155,8	
154,8
YRSB	
ТНСэнЯр
5	
21 840	
168	
168	
168	
168	
168
KGKC	
КурганГКао
6	
21 650	
54	
55	
54	
55	
55
SAREP	
СаратЭн-ап
14	
21 042	
0,0916	
0,0906	
0,0904	
0,092	
0,092
KCHEP	
КамчатЭ ап
5	
17 770	
0,355	
0,36	
0,35	
0,36	
0,359
RTSB	
ТНСэнРст
3	
14 250	
0,355	
0,355	
0,355	
0,36	
0,36
CHGZ	
РН-ЗапСиб
4	
13 900	
34,8	
33	
33	
36	
35,6
NNSBP	
ТНСэнНН ап
10	
13 179	
549	
548	
539	
559	
557
SARE	
СаратЭн-ао
7	
11 984	
0,1198	
0,1206	
0,1188	
0,1208	
0,119
SAGOP	
СамарЭн-ап
1	
7 700	
0,385	
0,385	
0,385	
0,385	
0,385
MFGSP	
Мегион-ап
2	
6 775	
339	
333,5	
333,5	
344	
344
MISB	
ТНСэнМарЭл
6	
6 620	
11	
10,9	
10,9	
11,3	
11
TNSE	
ТНСэнрг ао
4	
3 860	
965	
965	
965	
965	
965
KTSB	
КСБ ао
5	
3 530	
0,588	
0,584	
0,584	
0,594	
0,592
MISBP	
ТНСэМаЭл-п
1	
1 000	
10	
10	
10	
10	
10
GAZC	
ГАЗКОН-ао
0	
0	
-	
-	
-	
-	
295
GTSS	
ГЕОТЕК ао
0	
0	
-	
-	
-	
-	
-
TRFM	
ТрансФ ао
0	
0	
-	
-	
-	
-	
-
KMTZ	
КосогМЗ ао
0	
0	
-	
-	
-	
-	
-
KZMS	
КЗМС ао
0	
0	
-	
-	
-	
-	
226
GAZS	
ГАЗ-сервис
0	
0	
-	
-	
-	
-	
293
HIMC	
Химпром ао
0	
0	
-	
-	
-	
-	
0,99
RTSBP	
ТНСэнРст-п
0	
0	
-	
-	
-	
-	
0,29
URKA	
Уркалий-ао
0	
0	
-	
-	
-	
-	
119,04
VZRZ	
Возрожд-ао
0	
0	
-	
-	
-	
-	
480
GAZT	
ГАЗ-Тек ао
0	
0	
-	
-	
-	
-	
85
KSGR	
Кокс ао
0	
0	
-	
-	
-	
-	
-
MFON	
МегаФон ао
0	
0	
-	
-	
-	
-	
650,6
MORI	
Морион ао
0	
0	
-	
-	
-	
-	
4,31
BISV	
БашИнСв ао
0	
0	
-	
-	
-	
-	
8,7
KRKO	
ТКЗКК ао
0	
0	
-	
-	
-	
-	
11,8
KUNF	
КУЗОЦМ ао
0	
0	
-	
-	
-	
-	
-
NPOF	
Физика ао
0	
0	
-	
-	
-	
-	
11 850