SBER	
Сбербанк
122 247	
20 595 306 653	
188,65	
187,22	
183,53	
191,67	
188,5
LKOH	
ЛУКОЙЛ
98 960	
15 461 714 269	
4 523,5	
4 501,5	
4 365	
4 631	
4 561,5
GAZP	
ГАЗПРОМ ао
95 702	
10 509 106 948	
186,37	
185,15	
182,75	
189,16	
184,3
GMKN	
ГМКНорНик
36 460	
6 861 314 622	
19 688	
19 800	
19 300	
20 034	
19 520
ROSN	
Роснефть
68 072	
6 649 867 696	
308,45	
308,85	
296,25	
314,9	
305,75
TATN	
Татнфт 3ао
77 383	
5 779 717 841	
511,9	
512,7	
491,6	
526,9	
510,4
PLZL	
Полюс
31 284	
3 249 408 101	
11 884,5	
11 622	
11 602	
12 139	
11 940
SBERP	
Сбербанк-п
55 737	
3 021 798 735	
172,51	
173,1	
169,4	
175,16	
172,16
VTBR	
ВТБ ао
68 750	
2 946 299 604	
0,033825	
0,03349	
0,0327	
0,034465	
0,034
SNGS	
Сургнфгз
27 628	
2 874 156 705	
34,145	
33,92	
32,96	
35,025	
34,295
NVTK	
Новатэк ао
32 259	
2 847 978 221	
944,6	
950,2	
931,8	
955,6	
938,4
MOEX	
МосБиржа
45 548	
2 752 873 958	
106,31	
103,56	
102,8	
108,98	
108,58
ALRS	
АЛРОСА ао
53 948	
2 038 568 503	
59,41	
60,23	
58,5	
60,74	
59,24
YNDX	
Yandex clA
27 434	
1 863 514 182	
2 626	
2 603	
2 570,2	
2 680	
2 637,8
MTSS	
МТС-ао
20 497	
1 713 982 967	
305,55	
305	
299,25	
309,8	
303,4
AFLT	
Аэрофлот
36 859	
1 708 863 779	
73,06	
72,44	
70,7	
74,44	
73,42
POLY	
Polymetal
24 794	
1 561 302 508	
1 459,7	
1 437	
1 425,2	
1 496	
1 435,5
IRAO	
ИнтерРАОао
27 849	
1 495 764 778	
4,8915	
4,9345	
4,78	
4,9895	
4,8455
MGNT	
Магнит ао
24 924	
1 373 387 266	
3 238,5	
3 249	
3 180	
3 290	
3 196,5
CHMF	
СевСт-ао
22 809	
1 211 104 675	
870,4	
862,6	
854	
882,2	
857,4
NLMK	
НЛМК ао
16 302	
997 809 771	
126,1	
125,66	
124,58	
127,48	
125,5
TRNFP	
Транснф ап
3 570	
952 396 050	
154 150	
146 000	
144 700	
157 550	
155 250
AFKS	
Система ао
25 834	
898 525 556	
13,198	
13,16	
12,865	
13,448	
13
TATNP	
Татнфт 3ап
25 132	
898 376 242	
490,6	
490	
469,6	
503,8	
484
SIBN	
Газпрнефть
17 117	
888 798 189	
308,35	
307	
297	
315,95	
304
SNGSP	
Сургнфгз-п
11 964	
804 320 872	
36,86	
37	
36,34	
37,53	
36,555
MAGN	
ММК
11 606	
718 484 499	
39,035	
38,215	
37,81	
39,745	
38,785
FIVE	
FIVE-гдр
11 534	
702 094 415	
2 136,5	
2 120	
2 080	
2 171	
2 154,5
HYDR	
РусГидро
15 714	
557 630 807	
0,6023	
0,6	
0,5877	
0,6117	
0,6016
FEES	
ФСК ЕЭС ао
14 679	
550 205 339	
0,17484	
0,17434	
0,16688	
0,1785	
0,1748
TCSG	
TCS-гдр
14 071	
525 120 813	
911,2	
930	
891	
930	
891
RSTI	
Россети ао
13 428	
493 412 686	
1,2664	
1,2682	
1,2227	
1,295	
1,2587
RTKM	
Ростел -ао
12 912	
426 340 956	
77,86	
77,87	
73	
79,47	
78,13
CBOM	
МКБ ао
19 343	
389 591 787	
5,322	
5,291	
5,257	
5,385	
5,315
DSKY	
ДетскийМир
19 050	
382 532 559	
94,08	
95,94	
92,6	
96,92	
93
RUAL	
RUSAL plc
13 903	
367 431 749	
25,4	
25,1	
24,77	
25,9	
25,75
LIFE	
iФармсинтз
18 655	
301 814 609	
9,4	
8,935	
8,675	
10,375	
9,305
PHOR	
ФосАгро ао
5 767	
260 967 649	
2 599	
2 625	
2 575	
2 632	
2 600
TRMK	
ТМК ао
4 088	
226 434 187	
57,58	
57,78	
57,4	
57,8	
57,46
TGKA	
ТГК-1
11 217	
220 967 183	
0,0108	
0,01058	
0,01017	
0,011164	
0,010844
MTLR	
Мечел ао
14 886	
194 425 361	
65,11	
64,33	
62,96	
66,25	
65,12
UPRO	
Юнипро ао
5 368	
188 725 860	
2,722	
2,677	
2,65	
2,767	
2,702
BANEP	
Башнефт ап
6 697	
184 885 545	
1 332	
1 312	
1 280	
1 359,5	
1 336,5
GEMA	
iММЦБ ао
5 380	
125 335 397	
950,5	
733	
733	
1 025,5	
1 010
OGKB	
ОГК-2 ао
7 718	
123 847 574	
0,5894	
0,5751	
0,5711	
0,5989	
0,5862
DIOD	
ЗаводДИОД
10 159	
112 753 007	
8,96	
7,84	
7,45	
9,96	
8,2
LSRG	
ЛСР ао
7 462	
105 778 888	
575,8	
575	
559	
590	
568,2
ISKJ	
iИСКЧ ао
4 401	
101 132 422	
39,65	
33,07	
32,3	
42,07	
42,07
MVID	
М.видео
3 331	
97 139 356	
345,5	
357,7	
336,1	
359,6	
342,1
RASP	
Распадская
2 241	
96 012 133	
100,2	
97,7	
97,7	
101,12	
100,16
MTLRP	
Мечел ап
3 123	
85 991 709	
62,7	
61,35	
60,75	
63,9	
62,2
QIWI	
iQIWI
3 700	
83 970 695	
897,5	
900	
880	
916	
902,5
LNTA	
Лента др
7 163	
79 256 841	
146,4	
147,5	
142	
149	
146,6
MSNG	
+МосЭнерго
2 358	
55 155 267	
1,909	
1,89	
1,8475	
1,954	
1,891
NKNCP	
НКНХ ап
2 767	
52 687 313	
83,58	
82,82	
82,74	
83,98	
83,54
AGRO	
AGRO-гдр
4 148	
51 305 454	
592	
582	
575,8	
599	
596
PIKK	
ПИК ао
2 359	
51 108 946	
388,3	
384,6	
382,2	
392,4	
391,7
ENRU	
ЭнелРос ао
3 752	
49 786 683	
0,902	
0,9245	
0,8915	
0,9245	
0,8975
BANE	
Башнефт ао
2 476	
48 629 993	
1 642,5	
1 637,5	
1 570	
1 677	
1 649
SELG	
Селигдар
2 631	
39 250 948	
23,84	
23,09	
23,09	
24,38	
23,5
ETLN	
ETLN-гдр
2 138	
36 954 839	
86,74	
89,9	
84,5	
90,48	
85,62
AKRN	
Акрон
1 209	
31 781 960	
5 754	
5 740	
5 618	
5 832	
5 816
GTRK	
ГТМ ао
3 670	
31 208 315	
46,3	
42,1	
25,8	
52	
44,8
RTKMP	
Ростел -ап
1 801	
24 886 137	
65,6	
65	
63,85	
66,6	
65,4
APTK	
Аптеки36и6
6 459	
21 958 416	
13,232	
13,104	
13,1	
13,4	
13,212
ENPG	
ЭН+ГРУП ао
317	
20 504 124	
563,9	
558,6	
556,3	
572,6	
572,1
LNZL	
Лензолото
944	
20 002 970	
9 310	
9 100	
9 100	
9 450	
9 260
BSPB	
БСП ао
2 613	
18 159 407	
42,12	
42,06	
41,75	
43,28	
41,8
FESH	
ДВМП ао
1 186	
14 584 652	
6,16	
6,15	
6,03	
6,31	
6,21
NMTP	
НМТП ао
1 112	
13 600 635	
8,49	
8,425	
8,375	
8,57	
8,54
MRKP	
МРСК ЦП
912	
12 601 520	
0,1688	
0,166	
0,1607	
0,1714	
0,1687
RSTIP	
Россети ап
591	
9 289 114	
1,485	
1,461	
1,441	
1,51	
1,49
GCHE	
ЧеркизГ-ао
1 205	
9 177 042	
1 722,5	
1 730	
1 694	
1 769	
1 730
TGKB	
ТГК-2
506	
8 751 300	
0,003705	
0,00363	
0,0036	
0,00385	
0,00364
NKNC	
НКНХ ао
698	
7 954 572	
100,8	
103	
100,05	
103	
100,75
LNZLP	
Лензол. ап
593	
7 675 085	
4 020	
3 925	
3 905	
4 150	
4 020
RNFT	
РуссНфт ао
2 596	
6 873 561	
439,6	
448,8	
425,8	
458	
425,8
OBUV	
ОР ао
1 161	
5 914 036	
30,3	
30,35	
29,5	
30,75	
30,5
SELGP	
Селигдар-п
356	
5 717 210	
28,4	
28,4	
27,55	
29,6	
28,1
SFIN	
САФМАР ао
345	
5 698 160	
452,6	
447	
446	
457	
451,6
KZOS	
ОргСинт ао
629	
5 295 433	
93,7	
93,9	
92,1	
95,5	
94,1
MGTSP	
МГТС-4ап
361	
5 243 810	
2 194	
2 230	
2 102	
2 238	
2 192
TTLK	
Таттел. ао
461	
4 393 025	
0,2865	
0,292	
0,275	
0,294	
0,29
TGKN	
ТГК-14
300	
4 365 010	
0,00322	
0,00324	
0,00306	
0,00336	
0,00324
MRKV	
МРСКВол
395	
4 225 518	
0,0688	
0,0679	
0,06755	
0,0698	
0,0688
VSMO	
ВСМПО-АВСМ
165	
4 138 240	
19 700	
19 740	
19 340	
19 900	
19 840
PAZA	
ПавлАвт ао
379	
4 022 730	
7 560	
7 780	
7 060	
7 980	
7 520
RUGR	
Русгрэйн
2 538	
3 959 164	
7,76	
7,696	
7,48	
7,98	
7,594
RUSP	
Русполимет
325	
3 531 150	
0,611	
0,6065	
0,5945	
0,658	
0,618
CNTLP	
Телеграф-п
512	
3 530 686	
17,94	
17,5	
17,5	
18,3	
18,04
AMEZ	
АшинскийМЗ
662	
3 417 440	
3,755	
3,66	
3,66	
3,815	
3,795
MSTT	
Мостотрест
370	
3 403 317	
154,15	
156	
153,2	
156,8	
153,95
BELU	
Белуга ао
284	
3 304 536	
1 475	
1 469	
1 435	
1 500	
1 500
VLHZ	
ВХЗ-ао
659	
3 229 591	
49,3	
47,8	
47,55	
51	
49,4
IRKT	
ИРКУТ-3
289	
3 142 886	
30,2	
29,92	
28,66	
31,4	
30
KMEZ	
КМЗ
916	
2 998 336	
443,5	
402	
401,5	
479	
427
KRKNP	
СаратНПЗ-п
86	
2 969 060	
15 080	
14 980	
14 920	
15 220	
15 060
MSRS	
МОЭСК
250	
2 826 971	
0,997	
0,994	
0,98	
1,008	
0,994
MRKC	
МРСК Центр
566	
2 789 341	
0,2404	
0,2402	
0,2366	
0,243	
0,24
AQUA	
РусАква ао
279	
2 728 875	
204,5	
204	
203	
206	
205
SVAV	
СОЛЛЕРС
175	
2 449 915	
254,5	
250	
248,5	
258	
255,5
TRCN	
ТрансК ао
48	
2 191 560	
8 240	
8 365	
8 205	
8 395	
8 205
CNTL	
Телеграф
324	
2 030 155	
21,7	
21,65	
21	
23,25	
21,5
RBCM	
РБК ао
577	
1 962 220	
3,05	
3,004	
2,958	
3,094	
3,058
DASB	
ДагСб ао
431	
1 946 922	
0,09	
0,0904	
0,0851	
0,0943	
0,0912
KMAZ	
КАМАЗ
377	
1 859 590	
53	
51,7	
51,6	
53,4	
53,1
RGSS	
РГС СК ао
424	
1 823 958	
0,143	
0,1434	
0,1404	
0,146	
0,1426
PRTK	
ПРОТЕК ао
208	
1 685 338	
97,4	
96,4	
96	
98,9	
98,8
UNAC	
iАвиастКао
258	
1 592 271	
0,479	
0,479	
0,4655	
0,4895	
0,483
KZOSP	
ОргСинт ап
841	
1 510 665	
12,45	
12,14	
11,8	
12,9	
12,59
ROLO	
Русолово
155	
1 470 252	
3,81	
3,74	
3,524	
3,87	
3,794
BRZL	
БурЗолото
171	
1 455 238	
830	
825	
825	
839	
830
CHEP	
ЧТПЗ ао
150	
1 342 020	
197	
202	
193	
202	
195
MFGS	
Мегион-ао
28	
1 311 480	
347	
322	
322	
350	
341
MOBB	
МосОблБанк
306	
1 304 999	
2,314	
2,398	
2,2	
2,398	
2,264
NSVZ	
НаукаСвяз
131	
1 263 345	
223,5	
212	
211	
236	
221
AVAN	
Авангрд-ао
176	
1 242 265	
890	
890	
760	
955	
910
JNOS	
Славн-ЯНОС
87	
1 239 085	
16,6	
17,3	
16,15	
17,55	
16,85
RLMN	
Роллман
307	
1 196 157	
17,15	
17,15	
16,9	
18	
17,3
USBN	
УралСиб ао
139	
1 040 771	
0,0689	
0,0697	
0,0671	
0,07	
0,0684
UTAR	
ЮТэйр ао
143	
1 018 395	
6,23	
6,6	
6,15	
6,6	
6,25
WTCM	
ЦМТ ао
77	
933 182	
9	
8,6	
8,56	
9,36	
9,06
BISVP	
БашИнСв ап
180	
869 180	
6,46	
6,61	
6,26	
6,61	
6,5
ALNU	
АЛРОСА-Нюр
18	
836 600	
46 400	
46 000	
45 000	
47 200	
46 600
PMSBP	
ПермьЭнС-п
127	
802 398	
133,6	
132,2	
127,4	
136,2	
134,2
RUSI	
ИКРУСС-ИНВ
79	
798 740	
37	
33,8	
33,8	
39	
37,8
KBTK	
КузбТК ао
102	
757 300	
159,8	
153,6	
153,6	
163	
162
MRKZ	
МРСК СЗ
279	
755 515	
0,0469	
0,0469	
0,04585	
0,0475	
0,04675
LVHK	
Левенгук
221	
753 159	
8,28	
8,4	
7,65	
8,89	
8,24
GAZA	
ГАЗ ао
51	
745 090	
384	
388,5	
380	
390,5	
388,5
NKSH	
Нижкамшина
65	
723 476	
21,6	
21,68	
20,62	
23,06	
22
YKEN	
Якутскэнрг
39	
722 770	
0,32	
0,3055	
0,3055	
0,328	
0,3165
TGKBP	
ТГК-2 ап
70	
698 860	
0,00641	
0,00631	
0,00631	
0,0065	
0,00639
CHKZ	
ЧКПЗ ао
87	
689 900	
5 480	
4 540	
4 540	
5 920	
5 260
UWGN	
ОВК ао
244	
675 231	
241,1	
241,1	
239,2	
248	
241,5
ROST	
РОСИНТЕРао
85	
659 240	
58,4	
58	
57	
60	
58,4
NKHP	
НКХП ао
108	
650 845	
235	
234	
230	
238	
236
IRGZ	
ИркЭнерго
134	
647 000	
11,28	
11,1	
11,08	
11,6	
11,22
MRKU	
МРСК Ур
74	
634 992	
0,1464	
0,1476	
0,145	
0,1478	
0,1466
WTCMP	
ЦМТ ап
98	
624 554	
8,56	
8,7	
7,86	
8,84	
8,8
DZRD	
iДонскЗР
137	
571 484	
2 158	
2 130	
1 854	
2 424	
2 236
TGKD	
Квадра
110	
539 025	
0,002935	
0,002915	
0,00283	
0,002955	
0,002915
UNKL	
ЮУНК ао
59	
501 810	
3 510	
3 570	
3 440	
3 620	
3 500
DVEC	
ДЭК ао
85	
501 432	
0,777	
0,78	
0,771	
0,789	
0,774
PMSB	
ПермьЭнСб
106	
475 561	
132,1	
134	
127	
136,8	
135,1
SLEN	
Сахэнер ао
78	
448 961	
4	
3,98	
3,85	
4,15	
4,06
VZRZP	
Возрожд-п
102	
443 168	
297,4	
291,4	
276	
310	
297,6
KRSB	
Красэсб ао
29	
420 830	
5,61	
5,21	
5,21	
5,85	
5,65
ZILL	
ЗИЛ ао
51	
411 390	
1 350	
1 300	
1 274	
1 380	
1 332
VGSB	
ВолгЭнСб
111	
402 315	
1,525	
1,495	
1,445	
1,64	
1,475
IGSTP	
Ижсталь ап
64	
379 118	
745	
738	
718	
772	
730
TGKDP	
Квадра-п
71	
371 046	
0,00359	
0,0036	
0,003505	
0,003695	
0,00361
ABRD	
АбрауДюрсо
79	
361 425	
134	
134,5	
133	
135	
133,5
KUZB	
КузнецкийБ
263	
352 709	
0,01714	
0,01669	
0,01661	
0,01749	
0,01704
KRKN	
СаратНПЗ
28	
352 550	
11 350	
11 000	
10 450	
11 700	
11 300
IGST	
Ижсталь2ао
79	
330 625	
841	
775	
775	
900	
849
KCHEP	
КамчатЭ ап
47	
324 070	
0,368	
0,355	
0,355	
0,388	
0,376
NAUK	
iНПОНаука
78	
313 420	
172,2	
170,2	
168,6	
176,4	
174,2
DZRDP	
iДонскЗР п
117	
310 670	
1 630	
1 570	
1 550	
1 690	
1 660
HIMCP	
Химпром ап
89	
307 025	
5,75	
5,79	
5,67	
5,82	
5,78
MGNZ	
СМЗ-ао
17	
304 400	
3 950	
3 990	
3 920	
4 020	
3 940
KLSB	
КалужскСК
66	
303 143	
10,28	
10	
10	
10,5	
10,25
KUBE	
Кубанэнр
50	
298 660	
59,4	
59	
58,8	
60,9	
59,3
PRMB	
Приморье
14	
291 000	
18 200	
18 000	
17 200	
18 600	
17 800
CHMK	
ЧМК ао
60	
289 815	
2 320	
2 305	
2 275	
2 410	
2 300
VJGZP	
Варьеган-п
36	
282 420	
304	
303	
287	
310	
305
VGSBP	
ВолгЭнСб-п
78	
277 850	
1,085	
1,17	
1,015	
1,17	
1,09
MRKY	
РоссЮг ао
79	
271 569	
0,0505	
0,05	
0,05	
0,05125	
0,05045
YKENP	
Якутскэн-п
31	
269 070	
0,2955	
0,28	
0,28	
0,3055	
0,297
OMZZP	
ОМЗ-ап
39	
240 995	
3 395	
3 400	
3 300	
3 515	
3 410
RZSB	
РязЭнСб
19	
234 760	
6,34	
6,3	
6,2	
6,4	
6,36
UKUZ	
ЮжКузб. ао
49	
222 182	
506	
522	
490	
524	
522
BLNG	
Белон ао
66	
219 295	
4,01	
3,984	
3,984	
4,05	
3,998
YAKG	
ЯТЭК ао
28	
206 430	
51,62	
51,3	
50,06	
52,84	
52,2
ZVEZ	
ЗВЕЗДА ао
30	
202 690	
4,225	
4,1	
4,1	
4,3	
4,23
TNSE	
ТНСэнрг ао
12	
202 055	
980	
975	
960	
1 000	
960
KAZT	
Куйбазот
31	
191 654	
145,2	
144	
144	
148	
147
MISB	
ТНСэнМарЭл
33	
188 870	
11,6	
10,9	
10,9	
12	
11,3
UCSS	
ОКС ао
32	
182 480	
1 460	
1 440	
1 440	
1 480	
1 460
ELTZ	
Электрцинк
133	
176 569	
167,5	
168	
162	
172	
171,5
KOGK	
КоршГОК ао
4	
174 600	
43 600	
43 600	
43 600	
43 800	
43 600
KTSBP	
КСБ ап
36	
172 175	
0,236	
0,232	
0,232	
0,252	
0,237
MAGEP	
МагадЭн ап
27	
163 205	
3,71	
3,405	
2,7	
4,2	
4,09
KROT	
КрасОкт-ао
40	
154 545	
309	
312	
302,5	
313	
306
ASSB	
АстрЭнСб
42	
145 736	
0,5785	
0,569	
0,5575	
0,594	
0,564
RDRB	
РДБанк ао
42	
144 350	
255	
260	
255	
265	
265
URKZ	
УрКузница
13	
139 580	
9 980	
9 740	
9 740	
10 240	
10 120
MRKS	
МРСКСиб
19	
135 125	
0,211	
0,2115	
0,2095	
0,2125	
0,21
INGR	
ИНГРАД ао
40	
130 335	
776	
755	
755	
784	
764
KROTP	
КрасОкт-1п
22	
124 050	
217,5	
213,5	
213,5	
220	
219,5
ARSA	
Арсагера
19	
114 160	
3,17	
3,14	
3,09	
3,24	
3,1
KTSB	
КСБ ао
42	
107 556	
0,492	
0,46	
0,46	
0,512	
0,488
LPSB	
ЛЭСК ао
34	
106 330	
7,3	
7,15	
7,15	
7,5	
7,25
RLMNP	
Роллман-п
43	
106 069	
18,84	
19,2	
18,2	
19,2	
18,36
VRSBP	
ТНСэнВор-п
27	
103 800	
30,5	
28,5	
28,5	
31,5	
31,5
MAGE	
МагадЭн ао
12	
93 530	
4,68	
4,51	
4,51	
4,82	
4,7
GAZAP	
ГАЗ ап
8	
86 320	
319,5	
319,5	
318	
320	
319
MGTS	
МГТС-5ао
15	
84 020	
2 625	
2 600	
2 600	
2 650	
2 625
HALS	
Галс-Девел
26	
83 828	
735	
728	
724	
747	
735
MRKK	
Россети СК
100	
78 324	
25,76	
26	
25,02	
26,1	
25,72
RAVN	
Raven
11	
76 405	
31,85	
32,1	
31,7	
32,1	
32,05
VSYDP	
ВыбСудЗ ап
18	
74 560	
2 760	
2 720	
2 720	
2 820	
2 800
ALBK	
БестЭфБ ао
25	
71 635	
52,5	
53	
50	
54	
51
VRSB	
ТНСэнВорон
10	
70 820	
47,2	
47	
47	
47,6	
47,4
KAZTP	
Куйбазот-п
19	
64 648	
147	
143,2	
143	
148,4	
148,4
TORSP	
ТРК ап
20	
60 330	
0,2515	
0,2465	
0,245	
0,2565	
0,255
VJGZ	
Варьеган
25	
58 495	
591	
604	
586	
604	
599
STSBP	
СтаврЭнСбп
31	
54 690	
0,2878	
0,2866	
0,2866	
0,2924	
0,2876
MRSB	
МордЭнСб
9	
54 500	
0,341	
0,321	
0,321	
0,345	
0,339
TASB	
ТамбЭнСб
8	
53 605	
0,268	
0,271	
0,264	
0,274	
0,2705
ROSB	
Росбанк ао
42	
50 678	
70,4	
69,6	
68,4	
72	
71
KRKOP	
ТКЗКК ап
40	
50 122	
3,825	
3,6	
3,375	
4,045	
3,86
TUZA	
ТЗА ао
20	
49 160	
79	
79	
78	
81	
80
MFGSP	
Мегион-ап
14	
48 960	
306	
300	
300	
314	
314
NFAZ	
Нефтекамск
27	
47 084	
130,8	
132,6	
127,4	
133,6	
131,2
KCHE	
КамчатЭ ао
11	
45 625	
0,1825	
0,1855	
0,1805	
0,1855	
0,183
KRSBP	
Красэсб ап
5	
44 660	
5,58	
5,72	
5,5	
5,72	
5,56
RTGZ	
ГазпРнД ао
2	
43 450	
21 750	
21 500	
21 500	
21 950	
21 950
RKKE	
ЭнергияРКК
9	
43 140	
4 790	
4 860	
4 720	
4 860	
4 790
JNOSP	
Слав-ЯНОСп
17	
31 530	
13,72	
13,32	
13,32	
13,96	
13,6
SAGO	
СамарЭн-ао
8	
30 640	
0,384	
0,376	
0,376	
0,39	
0,384
MISBP	
ТНСэМаЭл-п
9	
30 460	
10,6	
10,6	
10,4	
10,8	
10,4
SZPR	
СЗПароход
19	
30 232	
738	
738	
716	
750	
746
KBSB	
ТНСэКубань
6	
26 275	
131,5	
129,5	
129,5	
133	
132
CHGZ	
РН-ЗапСиб
7	
23 940	
30	
30,8	
29,4	
30,8	
29,4
YRSBP	
ТНСэнЯр-п
5	
20 180	
80,5	
79,5	
78,5	
81	
81
SARE	
СаратЭн-ао
4	
19 798	
0,11	
0,1094	
0,1094	
0,111	
0,111
STSB	
СтаврЭнСб
11	
16 707	
0,341	
0,343	
0,336	
0,348	
0,3425
NNSB	
ТНСэнНН ао
8	
16 675	
1 285	
1 295	
1 240	
1 315	
1 240
NNSBP	
ТНСэнНН ап
7	
14 485	
536	
550	
525	
550	
545
TORS	
ТРК ао
3	
11 000	
0,367	
0,359	
0,359	
0,371	
0,371
SAREP	
СаратЭн-ап
9	
10 898	
0,0838	
0,0822	
0,0822	
0,0864	
0,085
TASBP	
ТамбЭнСб-п
3	
5 860	
0,1955	
0,191	
0,191	
0,1995	
0,1975
KGKCP	
КурганГКап
7	
5 475	
55	
55	
54,5	
55,5	
54,5
VSYD	
ВыбСудЗ ао
1	
2 760	
2 760	
2 760	
2 760	
2 760	
2 760
RTSBP	
ТНСэнРст-п
1	
2 490	
0,249	
0,249	
0,249	
0,249	
0,249
YRSB	
ТНСэнЯр
1	
1 600	
160	
160	
160	
160	
160
KUNF	
КУЗОЦМ ао
0	
0	
-	
-	
-	
-	
-
NPOF	
Физика ао
0	
0	
-	
-	
-	
-	
11 850
ENPL	
ENPL-гдр
0	
0	
-	
-	
-	
-	
531,2
GAZS	
ГАЗ-сервис
0	
0	
-	
-	
-	
-	
293
GAZT	
ГАЗ-Тек ао
0	
0	
-	
-	
-	
-	
85
GTSS	
ГЕОТЕК ао
0	
0	
-	
-	
-	
-	
-
HIMC	
Химпром ао
0	
0	
-	
-	
-	
-	
0,99
KGKC	
КурганГКао
0	
0	
-	
-	
-	
-	
52
KMTZ	
КосогМЗ ао
0	
0	
-	
-	
-	
-	
-
KRKO	
ТКЗКК ао
0	
0	
-	
-	
-	
-	
11,8
KSGR	
Кокс ао
0	
0	
-	
-	
-	
-	
-
KUNF	
КУЗОЦМ ао
0	
0	
-	
-	
-	
-	
-
KZMS	
КЗМС ао
0	
0	
-	
-	
-	
-	
226
LSNG	
Ленэнерго
0	
0	
-	
-	
-	
-	
5,66
LSNGP	
Ленэнерг-п
0	
0	
-	
-	
-	
-	
119,95
MFON	
МегаФон ао
0	
0	
-	
-	
-	
-	
650,6
MORI	
Морион ао
0	
0	
-	
-	
-	
-	
4,31
NPOF	
Физика ао
0	
0	
-	
-	
-	
-	
11 850
RTSB	
ТНСэнРст
0	
0	
-	
-	
-	
-	
0,315
SAGOP	
СамарЭн-ап
0	
0	
-	
-	
-	
-	
0,361
TRFM	
ТрансФ ао
0	
0	
-	
-	
-	
-	
-
URKA	
Уркалий-ао
0	
0	
-	
-	
-	
-	
119,04
VZRZ	
Возрожд-ао
0	
0	
-	
-	
-	
-	
480
RU000A0JVT35	
ИСУ ЕФГ-3
0	
0	
-	
-	
-	
-	
400