SBER	
Сбербанк
87 244	
13 392 342 060	
202,12	
204,02	
200,5	
204,25	
201,22
YNDX	
Yandex clA
105 423	
10 368 259 362	
4 628,6	
4 754	
4 503	
4 779,8	
4 630,4
GAZP	
ГАЗПРОМ ао
97 200	
8 295 920 976	
164,56	
167,24	
163,56	
167,25	
163,8
LKOH	
ЛУКОЙЛ
40 775	
6 310 284 442	
4 254	
4 260	
4 200,5	
4 301	
4 274,5
GMKN	
ГМКНорНик
18 086	
4 321 838 670	
19 722	
19 674	
19 604	
19 826	
19 664
PLZL	
Полюс
14 920	
3 001 990 113	
17 381,5	
17 380	
17 255	
17 538	
17 361
MTSS	
МТС-ао
40 629	
2 719 929 101	
319,25	
322,15	
313,7	
324,2	
322,75
AFKS	
Система ао
36 119	
2 199 437 125	
25,104	
25,71	
24,771	
25,818	
24,9
MOEX	
МосБиржа
25 821	
2 022 726 202	
148,06	
150,1	
146,16	
150,1	
146,65
TATN	
Татнфт 3ао
27 658	
1 814 020 575	
430,3	
432,3	
426,2	
433,8	
430,2
MGNT	
Магнит ао
18 506	
1 702 119 155	
4 745,5	
4 743	
4 687	
4 804,5	
4 755
POLY	
Polymetal
18 979	
1 588 101 220	
1 792,5	
1 784	
1 771,4	
1 808,2	
1 786,6
SBERP	
Сбербанк-п
30 518	
1 559 650 070	
193,36	
195,28	
192,3	
196,21	
192,99
AFLT	
Аэрофлот
36 922	
1 512 190 515	
58,34	
58,14	
57,66	
59,14	
58,38
TRNFP	
Транснф ап
4 323	
1 356 955 150	
144 500	
146 900	
141 400	
146 900	
144 500
ROSN	
Роснефть
12 064	
1 280 807 713	
381,55	
378,75	
377,95	
384,35	
384
TCSG	
TCS-гдр
31 857	
1 257 811 096	
1 819,8	
1 874	
1 754,8	
1 878,2	
1 825
MAIL	
MAIL-гдр
19 448	
1 196 772 689	
2 282	
2 260,4	
2 250	
2 318,4	
2 294,8
TATNP	
Татнфт 3ап
28 391	
908 793 710	
411,4	
418,4	
408	
418,7	
410,4
ALRS	
АЛРОСА ао
17 455	
852 866 213	
76,38	
75,48	
75,29	
76,97	
76
SNGS	
Сургнфгз
10 822	
832 785 012	
34	
33,655	
33,655	
34,27	
33,93
FIVE	
FIVE-гдр
10 545	
772 188 667	
3 055,5	
2 991,5	
2 990	
3 087	
3 069,5
IRAO	
ИнтерРАОао
10 455	
747 523 524	
5,1985	
5,221	
5,1625	
5,259	
5,1965
NLMK	
НЛМК ао
9 225	
696 421 318	
170,96	
170,76	
169,64	
171,9	
170,24
MAGN	
ММК
11 317	
652 486 311	
34,94	
34,875	
34,525	
35,44	
34,97
VTBR	
ВТБ ао
37 708	
643 403 969	
0,032245	
0,0326	
0,032005	
0,032675	
0,032045
SNGSP	
Сургнфгз-п
8 989	
629 127 597	
37,95	
38,35	
37,81	
38,35	
37,87
NVTK	
Новатэк ао
7 939	
621 982 341	
1 063,4	
1 065	
1 054,6	
1 070	
1 067,2
CHMF	
СевСт-ао
10 628	
608 397 457	
998,6	
1 001,8	
992,6	
1 006,8	
993,8
FEES	
ФСК ЕЭС ао
8 238	
451 630 592	
0,18696	
0,1875	
0,18432	
0,19	
0,18452
DSKY	
ДетскийМир
15 177	
434 405 443	
116,14	
119,68	
114,64	
119,68	
115,3
SIBN	
Газпрнефть
8 323	
305 349 340	
275,45	
279,4	
272,5	
279,45	
276,55
CBOM	
МКБ ао
7 033	
270 826 313	
5,533	
5,566	
5,503	
5,566	
5,519
HYDR	
РусГидро
11 364	
218 645 741	
0,7196	
0,7192	
0,7131	
0,7259	
0,7168
FLOT	
Совкомфлот
9 841	
197 750 764	
100,46	
100,88	
100,06	
101,93	
100,47
POGR	
Petropavl
4 953	
163 535 276	
30,01	
29,95	
29,2	
30,45	
29,925
LNTA	
Лента др
14 993	
158 731 376	
219,3	
220,4	
218	
223	
220,5
RTKM	
Ростел -ао
6 284	
156 598 348	
93,79	
93,88	
92,41	
94,79	
93,84
RSTI	
Россети ао
4 481	
156 435 698	
1,3886	
1,4034	
1,378	
1,4079	
1,38
MVID	
М.видео
3 222	
155 407 786	
673	
678,6	
660,5	
688	
670,8
RUAL	
РУСАЛ ао
8 067	
109 175 674	
32,22	
32,565	
31,57	
32,77	
32,525
PIKK	
ПИК ао
3 069	
103 425 010	
589	
584,7	
582,2	
598,3	
592
PHOR	
ФосАгро ао
2 775	
99 776 587	
2 812	
2 800	
2 773	
2 849	
2 829
LSRG	
ЛСР ао
9 078	
95 239 352	
872,2	
875,4	
869	
877	
872
AGRO	
AGRO-гдр
3 649	
94 462 704	
745,2	
731,8	
731,8	
752,4	
748,4
UPRO	
Юнипро ао
2 473	
71 541 906	
2,695	
2,701	
2,687	
2,705	
2,699
BANEP	
Башнефт ап
3 445	
58 024 207	
1 204,5	
1 215,5	
1 200	
1 215,5	
1 207
OGKB	
ОГК-2 ао
2 134	
57 733 244	
0,7387	
0,745	
0,7304	
0,7485	
0,7311
ETLN	
ETLN-гдр
8 850	
55 387 014	
127,64	
127,8	
126,04	
128,92	
126,86
MTLR	
Мечел ао
7 148	
54 498 854	
57,58	
57,87	
57,06	
58,18	
57,41
APTK	
Аптеки36и6
9 473	
50 255 855	
14,02	
13,904	
13,904	
14,148	
14,036
RASP	
Распадская
1 214	
46 082 357	
113,64	
115,4	
112,1	
115,4	
113,92
AKRN	
Акрон
803	
45 786 168	
6 142	
6 126	
6 070	
6 164	
6 158
NMTP	
НМТП ао
3 261	
43 430 017	
8,135	
8,17	
8,075	
8,225	
8,16
EELT	
ЕвроЭлтех
273	
34 730 706	
8	
8,12	
7,92	
8,2	
8,1
QIWI	
iQIWI
2 303	
33 067 202	
1 267	
1 285	
1 250,5	
1 290	
1 258,5
TGKA	
ТГК-1
2 421	
27 200 289	
0,010342	
0,010444	
0,010252	
0,010484	
0,010386
LNZL	
Лензолото
104	
22 557 450	
19 310	
19 300	
19 250	
19 350	
19 320
RTKMP	
Ростел -ап
1 915	
19 309 677	
84,85	
84,85	
84,1	
85,7	
84,75
ENRU	
ЭнелРос ао
1 417	
16 421 225	
0,9095	
0,9115	
0,905	
0,914	
0,91
ENPG	
ЭН+ГРУП ао
987	
15 918 992	
702	
703,5	
696,5	
705	
704,5
YAKG	
ЯТЭК ао
1 114	
14 849 975	
51,95	
47,6	
47,4	
54,8	
52,15
LSNGP	
РСетиЛЭ-п
923	
14 293 108	
153,15	
154,2	
152,1	
155	
152,6
SELG	
Селигдар
638	
12 388 634	
43,53	
42,91	
42,77	
43,93	
43,6
ISKJ	
iИСКЧ ао
1 003	
12 020 281	
30,07	
30,93	
29,53	
31,47	
29,66
MSTT	
Мостотрест
1 951	
11 839 624	
115,6	
121,85	
113	
123,9	
114,1
SELGP	
Селигдар-п
719	
11 560 200	
38,15	
36,95	
36,9	
38,95	
38,1
MTLRP	
Мечел ап
1 001	
10 478 299	
65,8	
66,25	
65	
66,55	
65,7
LNZLP	
Лензол. ап
756	
9 418 740	
4 155	
4 130	
4 070	
4 245	
4 085
OBUV	
ОР ао
2 820	
9 280 600	
30,6	
31,45	
30,05	
31,6	
30,55
FESH	
ДВМП ао
541	
8 671 766	
10,13	
10,16	
10	
10,34	
10,21
MRKP	
МРСК ЦП
663	
8 646 969	
0,2172	
0,2185	
0,2149	
0,2206	
0,2162
BSPB	
БСП ао
1 581	
8 221 837	
41,9	
42,2	
41,75	
42,2	
42
LIFE	
iФармсинтз
642	
7 856 302	
6,74	
6,735	
6,64	
6,8	
6,765
INGR	
ИНГРАД ао
323	
7 508 932	
914	
913	
909	
919	
916
MSNG	
+МосЭнерго
522	
7 410 774	
2,0495	
2,0415	
2,04	
2,0575	
2,0565
HHRU	
iHHRU-адр
145	
7 287 201	
1 802,4	
1 801,2	
1 798	
1 809,2	
1 809,2
VSMO	
ВСМПО-АВСМ
258	
7 038 560	
16 360	
16 200	
16 040	
16 600	
16 400
TRMK	
ТМК ао
593	
6 823 847	
59,94	
58	
57,3	
58,66	
57,92
RSTIP	
Россети ап
698	
6 377 476	
1,933	
1,949	
1,92	
1,955	
1,928
BANE	
Башнефт ао
591	
5 865 076	
1 611,5	
1 634	
1 606	
1 634	
1 606
CNTLP	
Телеграф-п
713	
5 497 716	
13,7	
13,92	
13,5	
13,98	
13,56
NKNCP	
НКНХ ап
976	
5 469 693	
75,38	
75,78	
75,12	
75,78	
75,44
MSRS	
РСетиМР ао
194	
5 153 548	
1,167	
1,162	
1,1465	
1,1725	
1,17
KRKNP	
СаратНПЗ-п
196	
4 414 660	
14 960	
15 040	
14 900	
15 040	
14 960
RNFT	
РуссНфт ао
1 744	
4 350 263	
310	
313	
305	
320,2	
307,2
AQUA	
РусАква ао
437	
4 304 990	
238,5	
241	
237	
241	
240
GCHE	
ЧеркизГ-ао
557	
3 776 857	
1 831	
1 839	
1 822	
1 842,5	
1 830
ABRD	
АбрауДюрсо
416	
3 459 340	
202	
207	
198	
207	
200,5
BRZL	
БурЗолото
624	
3 407 781	
989	
961	
960	
1 038	
969
KGKCP	
КурганГКап
385	
3 247 545	
57	
56	
55,5	
57	
57
ZILL	
ЗИЛ ао
74	
3 130 340	
2 580	
2 590	
2 545	
2 645	
2 600
CNTL	
Телеграф
336	
2 963 035	
15,8	
16	
15,55	
16	
15,85
KMAZ	
КАМАЗ
1 053	
2 913 810	
61,6	
61,6	
60,7	
62,7	
62
KZOS	
ОргСинт ао
410	
2 794 620	
76,5	
75,6	
75,5	
77,4	
76,7
BELU	
Белуга ао
314	
2 749 520	
1 241	
1 260	
1 232	
1 260	
1 242
MRKV	
РсетВол ао
508	
2 718 546	
0,0688	
0,06915	
0,0683	
0,0694	
0,0687
ALNU	
АЛРОСА-Нюр
21	
2 209 600	
56 600	
56 800	
56 600	
57 000	
56 600
KRKOP	
ТКЗКК ап
472	
2 143 232	
9,415	
9,595	
9,095	
9,97	
9,22
TGKB	
ТГК-2
136	
2 101 140	
0,00386	
0,0039	
0,00384	
0,0039	
0,00385
MRKC	
МРСК Центр
865	
2 074 478	
0,2942	
0,297	
0,2914	
0,2986	
0,2938
NKNC	
НКНХ ао
616	
2 055 373	
85,5	
87	
85	
87	
85,1
DIOD	
ЗаводДИОД
259	
2 038 027	
6,92	
7,18	
6,77	
7,19	
6,97
BLNG	
Белон ао
538	
1 953 911	
4,28	
4,222	
4,1	
4,39	
4,308
LSNG	
РСетиЛЭ
473	
1 836 784	
5,33	
5,4	
5,3	
5,41	
5,36
KTSBP	
КСБ ап
221	
1 745 730	
0,298	
0,282	
0,282	
0,3175	
0,2845
TTLK	
Таттел. ао
89	
1 671 930	
0,3445	
0,345	
0,343	
0,3505	
0,348
TGKD	
Квадра
1 038	
1 522 430	
0,003855	
0,0039	
0,00382	
0,0039	
0,003875
ROLO	
Русолово
159	
1 493 046	
6,12	
6,018	
6,016	
6,204	
6,2
KTSB	
КСБ ао
456	
1 470 712	
0,676	
0,6	
0,598	
0,74	
0,68
IRKT	
ИРКУТ-3
127	
1 329 830	
31	
31,26	
30,62	
31,28	
31,2
UNAC	
iАвиастКао
417	
1 301 676	
0,41	
0,4095	
0,401	
0,4105	
0,407
IRGZ	
ИркЭнерго
260	
1 250 766	
10,86	
11,12	
10,2	
11,18	
10,86
SVAV	
СОЛЛЕРС
73	
1 211 690	
279	
281	
277,5	
282,5	
279
KCHEP	
КамчатЭ ап
188	
1 191 100	
0,427	
0,408	
0,393	
0,482	
0,402
MGTSP	
МГТС-4ап
212	
1 166 532	
1 846	
1 850	
1 838	
1 858	
1 848
KZOSP	
ОргСинт ап
1 043	
1 115 749	
10,73	
10,92	
10,66	
11,08	
10,73
RAVN	
Raven
33	
1 087 815	
26,55	
26,75	
24,05	
27,5	
26,45
NSVZ	
НаукаСвяз
147	
1 027 025	
194	
195,5	
190	
196,5	
192,5
SFIN	
САФМАР ао
57	
1 007 994	
482,2	
485	
480	
506,2	
485,2
KGKC	
КурганГКао
78	
1 002 340	
54,5	
54	
53,5	
55,5	
54,5
UWGN	
ОВК ао
694	
982 518	
195,1	
196	
191,1	
197,9	
192,2
AMEZ	
АшинскийМЗ
611	
972 706	
4,54	
4,56	
4,53	
4,585	
4,55
MRSB	
МордЭнСб
91	
922 950	
0,435	
0,435	
0,434	
0,437	
0,436
CHEP	
ЧТПЗ ао
132	
809 860	
209,5	
210,5	
208	
211	
210
GTRK	
ГТМ ао
870	
771 744	
42,05	
42,1	
41,4	
42,95	
42,05
MRKZ	
МРСК СЗ
243	
760 176	
0,04875	
0,0487	
0,0485	
0,04915	
0,04885
MRKY	
РоссЮг ао
501	
757 584	
0,04745	
0,0472	
0,0472	
0,04765	
0,04735
KAZT	
Куйбазот
30	
689 138	
149,8	
148,4	
148	
150,2	
150,2
RLMN	
Роллман
383	
654 626	
16	
16,7	
15,4	
16,7	
16
UNKL	
ЮУНК ао
69	
636 540	
6 500	
6 500	
6 450	
6 560	
6 470
VZRZP	
Возрожд-п
130	
614 830	
290	
297,2	
272	
304,8	
290,2
MRKU	
МРСК Ур
73	
607 476	
0,1342	
0,1376	
0,1336	
0,1376	
0,1344
MAGE	
МагадЭн ао
44	
590 460	
5,9	
5,91	
5,83	
6,05	
5,92
HIMCP	
Химпром ап
172	
575 678	
6,88	
6,98	
6,82	
6,99	
6,9
RUGR	
Русгрэйн
1 680	
532 435	
9,054	
8,906	
8,906	
9,13	
9,04
MRKS	
РсетСиб ао
67	
530 620	
0,2655	
0,264	
0,2625	
0,269	
0,267
RGSS	
РГС СК ао
131	
519 752	
0,1406	
0,1432	
0,14	
0,1432	
0,141
YRSB	
ТНСэнЯр
46	
507 640	
168	
170	
160	
174	
166
KOGK	
КоршГОК ао
7	
457 800	
45 800	
45 600	
45 600	
46 000	
45 800
DVEC	
ДЭК ао
130	
439 777	
0,89	
0,904	
0,885	
0,906	
0,895
KCHE	
КамчатЭ ао
83	
427 720	
0,2105	
0,2165	
0,1995	
0,2185	
0,2085
ZVEZ	
ЗВЕЗДА ао
45	
402 100	
4,02	
4,07	
3,985	
4,08	
3,985
RLMNP	
Роллман-п
138	
379 670	
17,04	
17,72	
16,64	
17,74	
17,26
NAUK	
iНПОНаука
59	
375 958	
194,8	
197	
193	
197,4	
195,2
VLHZ	
ВХЗ-ао
67	
370 954	
53,3	
53,1	
52,5	
54,15	
53
GEMA	
iММЦБ ао
61	
351 879	
591,5	
597,5	
590	
597,5	
593
TASBP	
ТамбЭнСб-п
85	
347 265	
0,292	
0,286	
0,276	
0,31	
0,28
MAGEP	
МагадЭн ап
45	
341 280	
5,88	
6	
5,73	
6,08	
5,83
VRSB	
ТНСэнВорон
39	
336 300	
68,6	
67,6	
66,8	
69,4	
69
RBCM	
РБК ао
182	
332 143	
3,276	
3,286	
3,218	
3,33	
3,266
BISVP	
БашИнСв ап
96	
326 745	
9,58	
9,44	
9,44	
9,7	
9,61
RUSP	
Русполимет
140	
326 125	
0,6355	
0,6335	
0,62	
0,648	
0,6345
KRKN	
СаратНПЗ
22	
321 000	
11 900	
11 750	
11 550	
12 100	
12 050
HALS	
Галс-Девел
58	
305 939	
1 062	
1 061	
1 047	
1 078	
1 063
STSBP	
СтаврЭнСбп
89	
301 621	
0,361	
0,3665	
0,355	
0,3775	
0,36
YKEN	
Якутскэнрг
27	
296 200	
0,3705	
0,368	
0,3675	
0,375	
0,3705
TGKN	
ТГК-14
35	
288 130	
0,00303	
0,00305	
0,00301	
0,00306	
0,00303
RUSI	
ИКРУСС-ИНВ
50	
255 130	
37,5	
38,1	
37	
38,1	
37,5
KUZB	
КузнецкийБ
182	
251 189	
0,01327	
0,01368	
0,01315	
0,01368	
0,01321
RKKE	
ЭнергияРКК
23	
249 230	
6 390	
6 330	
6 330	
6 460	
6 420
NKHP	
НКХП ао
58	
245 410	
255,5	
254	
254	
257	
257
PMSBP	
ПермьЭнС-п
61	
225 060	
129,4	
130	
128,8	
130	
129,2
RDRB	
РДБанк ао
34	
224 000	
215	
220	
210	
220	
220
NFAZ	
Нефтекамск
44	
203 216	
207,4	
207,8	
205	
210,8	
207
CHGZ	
РН-ЗапСиб
24	
181 780	
52	
51,2	
50,8	
54,4	
53,2
SLEN	
Сахэнер ао
36	
180 245	
6,215	
6,39	
6,015	
6,39	
6,12
PAZA	
ПавлАвт ао
12	
178 190	
8 100	
8 000	
8 000	
8 200	
8 130
USBN	
УралСиб ао
52	
172 681	
0,0657	
0,0659	
0,065	
0,066	
0,0659
ROST	
РОСИНТЕРао
32	
170 972	
62,6	
63,4	
61,2	
63,4	
63
ASSB	
АстрЭнСб
36	
167 510	
0,7685	
0,7615	
0,7615	
0,785	
0,7845
ALBK	
БестЭфБ ао
28	
164 620	
57	
56,5	
56,5	
58	
58
PMSB	
ПермьЭнСб
63	
149 278	
129,8	
128,2	
126,7	
130,8	
130
KBTK	
КузбТК ао
36	
149 018	
140,6	
143,2	
140	
143,2	
141
LVHK	
Левенгук
82	
145 668	
8,05	
8,16	
7,99	
8,16	
8,1
KBSB	
ТНСэКубань
33	
144 995	
127	
132	
125	
132	
129
YKENP	
Якутскэн-п
15	
144 885	
0,3535	
0,359	
0,351	
0,359	
0,353
MGNZ	
СМЗ-ао
26	
143 800	
4 790	
4 860	
4 750	
4 860	
4 760
VJGZ	
Варьеган
65	
136 495	
618	
597	
595	
627	
624
TASB	
ТамбЭнСб
24	
129 580	
0,405	
0,3955	
0,392	
0,4255	
0,395
URKZ	
УрКузница
4	
128 260	
16 040	
15 700	
15 640	
16 160	
16 120
GAZA	
ГАЗ ао
15	
124 260	
388,5	
388	
388	
391,5	
391,5
RZSB	
РязЭнСб
20	
121 200	
8,92	
8,88	
8,84	
8,94	
8,88
SAGO	
СамарЭн-ао
20	
120 260	
0,572	
0,568	
0,566	
0,578	
0,572
MGTS	
МГТС-5ао
22	
118 680	
2 160	
2 170	
2 150	
2 180	
2 150
KRSB	
Красэсб ао
15	
111 390	
7,09	
7,1	
7,04	
7,14	
7,1
UCSS	
ОКС ао
20	
110 460	
1 430	
1 440	
1 410	
1 450	
1 450
TGKBP	
ТГК-2 ап
112	
109 968	
0,00632	
0,00645	
0,00618	
0,00645	
0,00631
JNOS	
Славн-ЯНОС
27	
102 010	
17,3	
17,55	
17	
18	
18
NNSBP	
ТНСэнНН ап
31	
99 915	
699	
687	
674	
719	
695
TGKDP	
Квадра-п
25	
98 016	
0,0049	
0,004955	
0,004875	
0,00498	
0,00489
VGSB	
ВолгЭнСб
13	
97 975	
3,92	
3,95	
3,815	
3,98	
3,835
IGST	
Ижсталь2ао
32	
97 649	
930	
930	
920	
954	
933
DZRDP	
iДонскЗР п
27	
96 050	
1 520	
1 530	
1 500	
1 530	
1 520
VGSBP	
ВолгЭнСб-п
25	
92 180	
1,805	
1,91	
1,79	
1,91	
1,845
TUZA	
ТЗА ао
14	
90 860	
102	
102	
102	
103	
103
KLSB	
КалужскСК
28	
85 685	
13,18	
13,22	
13,11	
13,25	
13,22
STSB	
СтаврЭнСб
58	
85 643	
0,532	
0,529	
0,5235	
0,54	
0,5285
WTCM	
ЦМТ ао
25	
85 504	
8,64	
8,8	
8,6	
8,8	
8,7
TORS	
ТРК ао
12	
81 920	
0,39	
0,399	
0,382	
0,4	
0,384
KMEZ	
КМЗ
63	
80 483	
512,5	
534,5	
503	
535	
508,5
PRMB	
Приморье
3	
78 200	
26 000	
26 200	
26 000	
26 200	
26 000
TNSE	
ТНСэнрг ао
15	
76 685	
970	
980	
965	
980	
975
ARSA	
Арсагера
18	
70 260	
3,7	
3,61	
3,6	
3,76	
3,76
CHMK	
ЧМК ао
23	
66 700	
2 470	
2 465	
2 465	
2 480	
2 470
OMZZP	
ОМЗ-ап
15	
64 885	
3 415	
3 460	
3 395	
3 465	
3 405
VRSBP	
ТНСэнВор-п
9	
60 300	
43	
43	
42,5	
43,5	
43
MFGSP	
Мегион-ап
5	
54 510	
287	
287	
286,5	
287	
287
UTAR	
ЮТэйр ао
24	
54 155	
6,69	
6,7	
6,67	
6,75	
6,68
KUBE	
Кубанэнр
17	
53 772	
69,8	
69,4	
69,4	
70	
69,9
UKUZ	
ЮжКузб. ао
10	
52 274	
498	
498	
496	
500	
498
LPSB	
ЛЭСК ао
11	
50 540	
8	
8,1	
8	
8,1	
8
TORSP	
ТРК ап
16	
50 455	
0,2805	
0,28	
0,28	
0,281	
0,28
KROT	
КрасОкт-ао
10	
49 840	
356	
361,5	
354	
361,5	
356
MISBP	
ТНСэМаЭл-п
6	
46 590	
11,6	
11,7	
11,6	
11,7	
11,7
IGSTP	
Ижсталь ап
10	
45 482	
827	
826	
826	
839	
827
KAZTP	
Куйбазот-п
10	
45 366	
151,2	
151,6	
150,8	
152	
150,8
SAGOP	
СамарЭн-ап
7	
44 820	
0,448	
0,447	
0,447	
0,451	
0,447
ELTZ	
Электрцинк
58	
42 850	
161	
161	
159,5	
162,5	
162
KRSBP	
Красэсб ап
23	
39 256	
7,14	
7,1	
7,08	
7,2	
7,08
ROSB	
Росбанк ао
16	
36 044	
75	
75	
74,8	
75,6	
75,2
AVAN	
Авангрд-ао
22	
35 810	
815	
810	
810	
820	
815
SARE	
СаратЭн-ао
16	
34 168	
0,1266	
0,128	
0,1258	
0,128	
0,1274
VSYD	
ВыбСудЗ ао
5	
31 840	
3 980	
3 995	
3 900	
3 995	
3 900
KROTP	
КрасОкт-1п
6	
28 510	
259	
269	
258	
269	
258
MFGS	
Мегион-ао
8	
28 295	
314,5	
314,5	
314	
314,5	
314,5
RTGZ	
ГазпРнД ао
1	
27 300	
27 300	
27 300	
27 300	
27 300	
27 300
NNSB	
ТНСэнНН ао
13	
27 025	
2 080	
2 005	
2 005	
2 095	
2 095
WTCMP	
ЦМТ ап
13	
22 686	
8,1	
8,2	
8,06	
8,2	
8,06
NKSH	
Нижкамшина
5	
22 062	
22,06	
22	
22	
22,1	
22,1
GAZAP	
ГАЗ ап
5	
18 480	
308	
305	
305	
310,5	
308
MRKK	
Россети СК
10	
16 375	
24,44	
24,9	
24,42	
24,9	
24,42
VSYDP	
ВыбСудЗ ап
3	
15 200	
3 800	
3 800	
3 800	
3 800	
3 800
VJGZP	
Варьеган-п
3	
13 010	
325	
326	
325	
326	
325
SAREP	
СаратЭн-ап
11	
11 558	
0,1046	
0,11	
0,1034	
0,11	
0,104
MISB	
ТНСэнМарЭл
6	
10 810	
12	
12	
12	
12,1	
12
JNOSP	
Слав-ЯНОСп
5	
6 916	
13,84	
13,8	
13,7	
14	
13,7
DZRD	
iДонскЗР
3	
6 170	
2 055	
2 055	
2 055	
2 060	
2 060
RTSB	
ТНСэнРст
1	
5 300	
0,53	
0,53	
0,53	
0,53	
0,53
CHKZ	
ЧКПЗ ао
1	
5 140	
5 140	
5 140	
5 140	
5 140	
5 140
RTSBP	
ТНСэнРст-п
1	
4 750	
0,475	
0,475	
0,475	
0,475	
0,475
YRSBP	
ТНСэнЯр-п
5	
4 315	
86,5	
87	
86	
87	
86
BISV	
БашИнСв ао
0	
0	
-	
-	
-	
-	
8,7
DERZP	
Держава ап
0	
0	
-	
-	
-	
-	
-
GAZC	
ГАЗКОН-ао
0	
0	
-	
-	
-	
-	
295
GAZS	
ГАЗ-сервис
0	
0	
-	
-	
-	
-	
293
GAZT	
ГАЗ-Тек ао
0	
0	
-	
-	
-	
-	
85
GTSS	
ГЕОТЕК ао
0	
0	
-	
-	
-	
-	
-
HIMC	
Химпром ао
0	
0	
-	
-	
-	
-	
0,99
KMTZ	
КосогМЗ ао
0	
0	
-	
-	
-	
-	
-
KRKO	
ТКЗКК ао
0	
0	
-	
-	
-	
-	
11,8
KSGR	
Кокс ао
0	
0	
-	
-	
-	
-	
-
KUNF	
КУЗОЦМ ао
0	
0	
-	
-	
-	
-	
-
KZMS	
КЗМС ао
0	
0	
-	
-	
-	
-	
226
MFON	
МегаФон ао
0	
0	
-	
-	
-	
-	
650,6
MOBB	
МосОблБанк
0	
0	
-	
-	
-	
-	
0,698
MORI	
Морион ао
0	
0	
-	
-	
-	
-	
4,31
NPOF	
Физика ао
0	
0	
-	
-	
-	
-	
11 850
PRTK	
ПРОТЕК ао
0	
0	
-	
-	
-	
-	
99,6
TRCN	
ТрансК ао
0	
0	
-	
-	
-	
-	
8 595
MOBB	
МосОблБанк
0	
0	
-	
-	
-	
-	
0,698
URKA	
Уркалий-ао
0	
0	
-	
-	
-	
-	
119,04
VZRZ	
Возрожд-ао
0	
0	
-	
-	
-	
-	
480