SBER	
Сбербанк
59 102	
11 305 308 495	
230,14	
229,1	
228,57	
231,75	
231,75
GAZP	
ГАЗПРОМ ао
82 391	
9 103 806 563	
182,6	
181,8	
180,34	
184,84	
184,5
YNDX	
Yandex clA
65 989	
7 460 074 667	
4 546,8	
4 606,8	
4 483,4	
4 614	
4 566
LKOH	
ЛУКОЙЛ
42 831	
7 359 571 961	
4 776	
4 813,5	
4 750,5	
4 821	
4 790
GMKN	
ГМКНорНик
34 242	
7 191 494 968	
19 274	
19 168	
19 054	
19 498	
19 498
TATN	
Татнфт 3ао
80 958	
5 254 114 895	
516	
527	
508,1	
529,7	
514,2
PLZL	
Полюс
33 905	
5 168 748 477	
17 120	
16 280	
16 280	
17 367	
17 103,5
IRAO	
ИнтерРАОао
40 079	
4 631 426 533	
5,7875	
5,67	
5,565	
5,93	
5,901
POLY	
Polymetal
61 877	
4 593 751 456	
1 823,1	
1 874,5	
1 771,1	
1 888,7	
1 810
MGNT	
Магнит ао
33 411	
3 790 196 227	
4 812,5	
4 682	
4 677	
4 889,5	
4 840
MOEX	
МосБиржа
45 334	
2 882 105 970	
148	
144,83	
144,23	
149,42	
147,99
ROSN	
Роснефть
17 280	
2 031 126 962	
380,55	
383	
378,65	
384,15	
379,1
SBERP	
Сбербанк-п
23 089	
1 613 217 303	
221,36	
220,95	
220,01	
222,22	
222,15
SNGS	
Сургнфгз
14 499	
1 544 658 288	
36,385	
36,555	
36,02	
36,715	
36,365
MAIL	
MAIL-гдр
24 443	
1 430 772 345	
2 174,6	
2 160	
2 134	
2 222	
2 222
FIVE	
FIVE-гдр
17 141	
1 400 675 441	
2 770	
2 662	
2 662	
2 826	
2 817
ALRS	
АЛРОСА ао
23 224	
1 358 649 232	
75,34	
75,5	
74,41	
76,48	
75,39
NVTK	
Новатэк ао
13 091	
1 204 032 760	
1 118,2	
1 104	
1 103,4	
1 130,2	
1 124
TATNP	
Татнфт 3ап
39 044	
1 068 408 361	
503,4	
509,3	
498,1	
513	
501,1
TRNFP	
Транснф ап
3 934	
1 058 781 900	
142 600	
138 350	
136 300	
144 800	
144 000
MTSS	
МТС-ао
11 981	
1 025 721 024	
338,55	
337,5	
337,1	
340,4	
338,3
SIBN	
Газпрнефть
18 025	
899 095 224	
307,4	
311,95	
304,5	
313,95	
305,7
MAGN	
ММК
12 329	
876 519 631	
39,165	
38,555	
38,24	
39,65	
39,58
VTBR	
ВТБ ао
26 426	
870 344 626	
0,03555	
0,03561	
0,035345	
0,03577	
0,03565
NLMK	
НЛМК ао
13 604	
835 752 162	
167,94	
166,72	
166,1	
168,96	
167,86
AFKS	
Система ао
13 917	
795 448 286	
21,022	
21,25	
20,803	
21,3	
20,803
CHMF	
СевСт-ао
13 730	
776 534 249	
989,4	
983,8	
980,8	
994,6	
989,6
SNGSP	
Сургнфгз-п
11 658	
774 569 391	
37,47	
37,395	
37,325	
37,69	
37,56
HYDR	
РусГидро
20 008	
728 382 591	
0,7574	
0,7441	
0,7421	
0,7638	
0,7584
RSTI	
Россети ао
11 379	
711 286 621	
1,5044	
1,4505	
1,4463	
1,5268	
1,5268
TCSG	
TCS-гдр
15 194	
652 896 619	
1 981,6	
1 967,8	
1 818	
1 997,6	
1 977,6
DSKY	
ДетскийМир
12 893	
652 683 398	
114	
114,14	
113,04	
115,5	
114,9
POGR	
Petropavl
27 530	
597 548 927	
37,17	
37,055	
36,65	
37,9	
37,9
UPRO	
Юнипро ао
9 639	
528 527 522	
2,862	
2,81	
2,794	
2,907	
2,901
AFLT	
Аэрофлот
12 248	
429 216 986	
82,52	
82,32	
82,02	
83,08	
82,02
RUAL	
РУСАЛ ао
15 151	
409 059 858	
32,515	
32,1	
31,88	
33,89	
32,4
FEES	
ФСК ЕЭС ао
8 491	
329 482 200	
0,20306	
0,202	
0,2018	
0,20402	
0,20314
RTKM	
Ростел -ао
9 151	
294 681 032	
96,88	
96,5	
96,29	
97,5	
96,85
CBOM	
МКБ ао
6 460	
291 715 751	
5,838	
5,835	
5,774	
5,904	
5,861
PHOR	
ФосАгро ао
5 126	
196 334 946	
2 724	
2 718	
2 704	
2 742	
2 728
OGKB	
ОГК-2 ао
6 194	
137 377 140	
0,7877	
0,7731	
0,7729	
0,7935	
0,7884
QIWI	
iQIWI
2 986	
135 573 506	
1 249,5	
1 242	
1 217,5	
1 275	
1 275
LNTA	
Лента др
6 481	
122 789 975	
208	
206	
204	
210,9	
209,7
NMTP	
НМТП ао
7 191	
121 109 633	
8,855	
8,695	
8,62	
9,1	
8,96
FESH	
ДВМП ао
6 026	
115 660 582	
9,37	
8,65	
8,65	
9,88	
9,88
MVID	
М.видео
2 413	
109 012 251	
583	
577,2	
574,7	
587,4	
583,4
LSRG	
ЛСР ао
6 189	
104 038 850	
847,6	
855	
839,2	
862	
847
ENRU	
ЭнелРос ао
4 921	
93 905 503	
0,9685	
0,957	
0,944	
0,975	
0,9685
PIKK	
ПИК ао
2 541	
92 244 228	
565,1	
568,3	
558,3	
571	
561,3
TRMK	
ТМК ао
487	
89 941 059	
60,82	
60,82	
60,76	
60,88	
60,84
AGRO	
AGRO-гдр
3 892	
82 151 867	
734,2	
723	
720	
750	
747,8
MTLR	
Мечел ао
5 108	
48 095 561	
63,42	
62,99	
62,69	
64,29	
63,6
BANEP	
Башнефт ап
2 591	
42 690 017	
1 293	
1 282	
1 280	
1 300	
1 296
RASP	
Распадская
1 311	
36 884 199	
117,9	
118	
116,78	
119,24	
119,16
MTLRP	
Мечел ап
1 592	
30 215 078	
69,75	
69,3	
68,35	
70,8	
70,25
TGKA	
ТГК-1
2 210	
28 050 881	
0,011518	
0,01149	
0,011432	
0,011594	
0,011568
MSNG	
+МосЭнерго
1 347	
23 427 775	
2,052	
2,0485	
2,031	
2,0725	
2,0595
RTKMP	
Ростел -ап
1 343	
21 575 591	
87,7	
87,45	
86,85	
88,3	
87,8
NKNCP	
НКНХ ап
1 438	
20 579 083	
79,28	
79,6	
79	
80,5	
79,56
ETLN	
ETLN-гдр
2 235	
17 863 474	
120,06	
120,4	
119,52	
121,46	
120,48
LNZLP	
Лензол. ап
606	
12 698 520	
4 225	
4 305	
4 110	
4 400	
4 175
AKRN	
Акрон
365	
12 183 768	
5 978	
5 976	
5 944	
5 998	
5 978
SELG	
Селигдар
683	
11 382 418	
44,5	
44	
44	
44,91	
44,54
MRKV	
РсетВол ао
2 908	
10 933 656	
0,06785	
0,0685	
0,06735	
0,06885	
0,0684
ISKJ	
iИСКЧ ао
936	
10 826 679	
27,6	
27,68	
27,14	
28,07	
27,33
LNZL	
Лензолото
223	
9 793 650	
18 510	
18 430	
18 410	
18 600	
18 530
BSPB	
БСП ао
824	
9 616 071	
43,33	
43,59	
43,1	
43,59	
43,31
RSTIP	
Россети ап
616	
9 608 516	
2,056	
2,042	
2,023	
2,071	
2,051
LSNGP	
РСетиЛЭ-п
753	
9 444 380	
153,15	
153,9	
152,4	
153,9	
153,45
MRKP	
МРСК ЦП
436	
9 392 077	
0,22	
0,2185	
0,2169	
0,2208	
0,2208
SELGP	
Селигдар-п
506	
8 614 785	
38,05	
38,6	
37,35	
38,8	
38,35
BANE	
Башнефт ао
590	
7 316 476	
1 693	
1 689	
1 650	
1 708,5	
1 699,5
GCHE	
ЧеркизГ-ао
560	
7 164 442	
1 893	
1 890	
1 839	
1 908	
1 893
HIMCP	
Химпром ап
807	
7 081 807	
8,11	
8,17	
7,81	
8,42	
8,11
KRKNP	
СаратНПЗ-п
211	
6 554 860	
15 600	
15 560	
15 520	
15 740	
15 600
MSTT	
Мостотрест
194	
6 296 430	
150,9	
151,5	
149,65	
151,5	
150,6
ENPG	
ЭН+ГРУП ао
306	
5 813 353	
665,5	
665	
660	
674,5	
669,5
OBUV	
ОР ао
1 139	
4 970 574	
33,95	
34,15	
33,7	
34,2	
34
AVAN	
Авангрд-ао
500	
4 381 005	
1 015	
990	
980	
1 040	
1 025
LIFE	
iФармсинтз
386	
4 226 940	
7,215	
7,235	
7,18	
7,32	
7,2
VSMO	
ВСМПО-АВСМ
128	
4 174 820	
17 400	
17 440	
17 300	
17 440	
17 400
MRKC	
МРСК Центр
422	
4 111 573	
0,303	
0,3014	
0,3006	
0,3046	
0,3042
MSRS	
РСетиМР ао
142	
3 886 140	
1,18	
1,17	
1,17	
1,184	
1,182
RNFT	
РуссНфт ао
371	
3 398 203	
405,4	
411,6	
402	
411,6	
404,2
DIOD	
ЗаводДИОД
636	
3 334 667	
6,89	
6,63	
6,57	
7,14	
6,89
SFIN	
САФМАР ао
169	
3 249 548	
527,6	
525	
525	
529,4	
529
SVAV	
СОЛЛЕРС
108	
3 244 560	
289	
291	
287	
291	
290,5
YAKG	
ЯТЭК ао
130	
3 235 480	
42,35	
41,4	
41,4	
43,1	
42,7
AQUA	
РусАква ао
294	
2 831 835	
223,5	
224,5	
221,5	
224,5	
224
RBCM	
РБК ао
745	
2 766 709	
3,402	
3,328	
3,278	
3,48	
3,42
UNKL	
ЮУНК ао
207	
2 730 320	
6 880	
7 060	
6 790	
7 060	
6 850
ZVEZ	
ЗВЕЗДА ао
194	
2 537 745	
4,715	
4,915	
4,59	
4,915	
4,685
NKNC	
НКНХ ао
295	
2 528 890	
91,5	
91,25	
91	
92,15	
91,75
TGKD	
Квадра
243	
2 474 028	
0,00361	
0,00357	
0,00355	
0,00365	
0,003635
CHEP	
ЧТПЗ ао
217	
2 396 590	
211,5	
209	
208,5	
214,5	
213
CNTLP	
Телеграф-п
323	
2 204 336	
14,96	
15,1	
14,86	
15,1	
15,04
IRKT	
ИРКУТ-3
158	
2 063 182	
34,16	
34,52	
34	
34,58	
34,3
MGTSP	
МГТС-4ап
132	
2 048 022	
1 986	
1 984	
1 980	
1 996	
1 990
KUZB	
КузнецкийБ
440	
1 906 474	
0,01526	
0,01535	
0,01501	
0,01539	
0,01529
KZOS	
ОргСинт ао
358	
1 896 983	
84,8	
85,1	
84,6	
85,1	
85
TGKB	
ТГК-2
88	
1 880 240	
0,004235	
0,00422	
0,00421	
0,004255	
0,004235
AMEZ	
АшинскийМЗ
372	
1 856 761	
4,77	
4,74	
4,71	
4,83	
4,785
VLHZ	
ВХЗ-ао
378	
1 845 344	
54,9	
53,85	
51,35	
57,2	
54,6
ROLO	
Русолово
139	
1 748 656	
6,83	
6,9	
6,798	
6,908	
6,906
UWGN	
ОВК ао
232	
1 605 452	
217,3	
220	
216,8	
220	
217,8
BRZL	
БурЗолото
280	
1 588 004	
1 097	
1 101	
1 074	
1 105	
1 094
KMAZ	
КАМАЗ
334	
1 581 317	
62,8	
62,4	
62,3	
63,3	
63
NSVZ	
НаукаСвяз
231	
1 518 205	
215,5	
217	
214	
217,5	
214
APTK	
Аптеки36и6
743	
1 458 571	
13,42	
13,502	
13,368	
13,502	
13,426
NFAZ	
Нефтекамск
136	
1 378 992	
188,4	
193	
187	
194,4	
190,6
KLSB	
КалужскСК
165	
1 374 271	
13,78	
14,17	
13,56	
14,17	
13,75
KAZTP	
Куйбазот-п
52	
1 255 594	
154,8	
151	
151	
157,2	
153,4
BELU	
Белуга ао
164	
1 252 768	
1 301	
1 311	
1 297	
1 315	
1 310
ALNU	
АЛРОСА-Нюр
15	
1 244 800	
56 600	
56 600	
56 200	
56 800	
56 200
MRKZ	
МРСК СЗ
210	
1 233 402	
0,05025	
0,04875	
0,04825	
0,0525	
0,05015
DZRDP	
iДонскЗР п
148	
1 231 770	
1 920	
1 950	
1 850	
1 960	
1 920
CNTL	
Телеграф
166	
1 099 635	
17,3	
17,45	
17,2	
17,6	
17,25
RUGR	
Русгрэйн
752	
1 040 265	
9,162	
9,15	
9,09	
9,258	
9,232
MRKK	
Россети СК
198	
889 029	
25,38	
25,22	
24,46	
26	
25,04
RGSS	
РГС СК ао
120	
859 564	
0,1498	
0,151	
0,149	
0,151	
0,1498
LSNG	
РСетиЛЭ
216	
801 263	
5,79	
5,82	
5,75	
5,83	
5,82
DVEC	
ДЭК ао
55	
787 417	
0,91	
0,911	
0,907	
0,916	
0,91
KAZT	
Куйбазот
109	
730 432	
160,6	
157,8	
156	
164	
158,4
ABRD	
АбрауДюрсо
177	
710 895	
203,5	
202,5	
202,5	
205	
203
EELT	
ЕвроЭлтех
65	
692 599	
7,8	
7,98	
7,76	
7,98	
7,76
BISVP	
БашИнСв ап
129	
689 087	
10,05	
10,18	
10	
10,18	
10,09
TGKN	
ТГК-14
85	
634 720	
0,00317	
0,00319	
0,00315	
0,00321	
0,00321
ASSB	
АстрЭнСб
143	
625 246	
0,7525	
0,782	
0,72	
0,7825	
0,7285
NAUK	
iНПОНаука
72	
601 646	
199,8	
201,8	
197,8	
202,4	
200,2
PRMB	
Приморье
19	
596 400	
27 200	
27 400	
26 800	
27 600	
27 400
RTGZ	
ГазпРнД ао
4	
586 700	
26 650	
26 700	
26 350	
26 700	
26 400
RTSBP	
ТНСэнРст-п
36	
578 360	
0,526	
0,52	
0,51	
0,537	
0,53
YKEN	
Якутскэнрг
78	
569 010	
0,4185	
0,42	
0,4105	
0,425	
0,418
IRGZ	
ИркЭнерго
54	
558 214	
12,1	
12,22	
12,06	
12,22	
12,1
VRSB	
ТНСэнВорон
60	
554 280	
79,2	
79,6	
77,4	
80,8	
79,2
TGKDP	
Квадра-п
224	
552 731	
0,00435	
0,004535	
0,004215	
0,004545	
0,0044
MRKU	
МРСК Ур
77	
527 608	
0,1446	
0,145	
0,1424	
0,1462	
0,1454
GAZA	
ГАЗ ао
43	
521 870	
404,5	
406	
398	
408	
406
MAGEP	
МагадЭн ап
51	
507 550	
6,41	
6,35	
6,33	
6,69	
6,55
ZILL	
ЗИЛ ао
35	
506 150	
2 545	
2 545	
2 500	
2 600	
2 510
KRKN	
СаратНПЗ
13	
504 800	
12 600	
12 850	
12 500	
12 900	
12 600
NKHP	
НКХП ао
89	
477 775	
265,5	
265,5	
263,5	
268	
264,5
VJGZP	
Варьеган-п
87	
472 900	
348	
344	
336	
359	
345
MAGE	
МагадЭн ао
33	
457 600	
6,02	
5,98	
5,96	
6,27	
6,07
VJGZ	
Варьеган
152	
455 939	
639	
631	
620	
677	
620
SAGO	
СамарЭн-ао
48	
454 960	
0,614	
0,626	
0,59	
0,634	
0,62
USBN	
УралСиб ао
37	
445 105	
0,0682	
0,0685	
0,0681	
0,0685	
0,0683
ARSA	
Арсагера
53	
438 030	
4,17	
4,07	
4,07	
4,27	
4,2
KZOSP	
ОргСинт ап
263	
434 580	
11,55	
11,76	
11,44	
11,79	
11,6
GEMA	
iММЦБ ао
54	
424 740	
602,5	
602	
602	
605	
604
VRSBP	
ТНСэнВор-п
37	
418 450	
46	
47	
45	
47	
46,5
KROT	
КрасОкт-ао
27	
396 545	
381,5	
377	
377	
385	
378,5
GAZAP	
ГАЗ ап
33	
392 470	
314	
311,5	
310,5	
317	
315,5
UNAC	
iАвиастКао
124	
390 419	
0,457	
0,4565	
0,4555	
0,4595	
0,456
INGR	
ИНГРАД ао
65	
387 791	
798	
801	
790	
810	
799
RTSB	
ТНСэнРст
28	
378 600	
0,58	
0,58	
0,575	
0,6	
0,58
UTAR	
ЮТэйр ао
55	
372 480	
7,12	
7,05	
7,05	
7,17	
7,14
BLNG	
Белон ао
165	
371 527	
4,25	
4,37	
4,19	
4,37	
4,24
YKENP	
Якутскэн-п
41	
363 640	
0,404	
0,397	
0,397	
0,419	
0,402
RAVN	
Raven
24	
345 850	
30,6	
30,25	
30,25	
30,85	
30,85
TTLK	
Таттел. ао
59	
342 475	
0,326	
0,3265	
0,325	
0,3275	
0,326
WTCM	
ЦМТ ао
31	
335 506	
9,24	
9,16	
9,14	
9,32	
9,26
MGTS	
МГТС-5ао
34	
320 855	
2 245	
2 230	
2 225	
2 250	
2 235
RUSI	
ИКРУСС-ИНВ
49	
318 620	
39,8	
40,9	
38,7	
40,9	
38,9
RKKE	
ЭнергияРКК
23	
310 860	
7 580	
7 510	
7 470	
7 680	
7 670
RDRB	
РДБанк ао
40	
309 650	
225	
225	
225	
235	
230
RUSP	
Русполимет
81	
303 560	
0,643	
0,6485	
0,64	
0,65	
0,641
RZSB	
РязЭнСб
30	
300 084	
9,34	
9,3	
9,28	
9,5	
9,44
VGSBP	
ВолгЭнСб-п
58	
291 055	
2,065	
2,09	
2,06	
2,1	
2,06
TASBP	
ТамбЭнСб-п
28	
288 255	
0,3005	
0,3045	
0,299	
0,305	
0,3
ALBK	
БестЭфБ ао
84	
280 150	
61	
61	
60	
62	
61
TUZA	
ТЗА ао
84	
272 790	
105	
105	
104	
107	
105
KRSB	
Красэсб ао
48	
269 811	
7,27	
7,06	
7,05	
7,5	
7,44
STSB	
СтаврЭнСб
121	
255 821	
0,5735	
0,585	
0,55	
0,597	
0,5805
HALS	
Галс-Девел
55	
237 632	
1 206	
1 231	
1 200	
1 231	
1 205
PMSBP	
ПермьЭнС-п
54	
234 736	
131,8	
132,4	
131	
132,6	
131,6
VGSB	
ВолгЭнСб
29	
233 435	
4,095	
4,13	
4,055	
4,13	
4,06
MRSB	
МордЭнСб
24	
223 660	
0,414	
0,412	
0,411	
0,419	
0,415
VSYD	
ВыбСудЗ ао
31	
217 775	
4 035	
3 985	
3 985	
4 195	
4 005
SAGOP	
СамарЭн-ап
36	
205 010	
0,456	
0,468	
0,451	
0,468	
0,453
LVHK	
Левенгук
76	
200 786	
8,06	
8,01	
8,01	
8,12	
8,1
CHGZ	
РН-ЗапСиб
21	
199 660	
52,6	
53	
51,8	
53,4	
51,8
VZRZP	
Возрожд-п
27	
193 968	
312,8	
317,2	
305	
317,2	
309,2
TGKBP	
ТГК-2 ап
77	
192 466	
0,00708	
0,00712	
0,00704	
0,00713	
0,00708
MRKY	
РоссЮг ао
75	
190 589	
0,04835	
0,0481	
0,0481	
0,04875	
0,04865
KOGK	
КоршГОК ао
4	
186 200	
46 600	
47 000	
46 200	
47 000	
46 200
NNSBP	
ТНСэнНН ап
68	
184 606	
684	
668	
663	
696	
663
PAZA	
ПавлАвт ао
19	
181 500	
8 250	
8 300	
8 160	
8 320	
8 220
IGSTP	
Ижсталь ап
49	
172 540	
880	
907	
870	
907	
877
NNSB	
ТНСэнНН ао
39	
164 835	
1 850	
1 825	
1 810	
1 880	
1 810
KRSBP	
Красэсб ап
27	
143 630	
7,3	
7,22	
7,1	
7,32	
7,3
KRKOP	
ТКЗКК ап
55	
141 997	
8,255	
8,235	
8,21	
8,385	
8,275
ELTZ	
Электрцинк
43	
140 669	
173	
173	
172,5	
176	
175,5
VSYDP	
ВыбСудЗ ап
28	
139 180	
3 980	
4 040	
3 920	
4 040	
3 960
CHMK	
ЧМК ао
20	
135 910	
2 665	
2 650	
2 650	
2 680	
2 680
KBTK	
КузбТК ао
28	
131 470	
149,4	
150,2	
149	
151,2	
149,6
SARE	
СаратЭн-ао
58	
127 654	
0,1418	
0,1396	
0,1396	
0,145	
0,1414
PMSB	
ПермьЭнСб
46	
127 066	
133,8	
134,7	
132,1	
134,7	
133,5
SLEN	
Сахэнер ао
38	
122 329	
6,76	
6,81	
6,695	
6,845	
6,775
GTRK	
ГТМ ао
58	
104 917	
43,2	
43,4	
42,85	
43,4	
42,95
NKSH	
Нижкамшина
16	
101 246	
22,5	
22,5	
22,48	
22,6	
22,5
UCSS	
ОКС ао
13	
99 370	
1 460	
1 470	
1 460	
1 470	
1 470
ROST	
РОСИНТЕРао
26	
89 066	
61,8	
63,4	
61,2	
63,4	
62
MISBP	
ТНСэМаЭл-п
26	
79 790	
12,3	
12,5	
12,1	
12,5	
12,4
STSBP	
СтаврЭнСбп
71	
78 213	
0,403	
0,399	
0,3975	
0,41	
0,402
OMZZP	
ОМЗ-ап
13	
74 540	
3 550	
3 595	
3 535	
3 595	
3 550
RLMNP	
Роллман-п
36	
67 603	
19,26	
18,96	
18,74	
19,52	
19
RLMN	
Роллман
79	
67 448	
18,15	
18,25	
18	
18,3	
18,05
KCHE	
КамчатЭ ао
11	
65 125	
0,217	
0,2175	
0,212	
0,2185	
0,215
CHKZ	
ЧКПЗ ао
5	
64 920	
5 420	
5 380	
5 380	
5 460	
5 380
MFGSP	
Мегион-ап
9	
57 550	
319,5	
318,5	
318,5	
320	
319,5
LPSB	
ЛЭСК ао
13	
56 305	
8,15	
8,25	
8,1	
8,3	
8,1
MRKS	
РсетСиб ао
8	
54 205	
0,2355	
0,236	
0,2355	
0,237	
0,2355
KBSB	
ТНСэКубань
19	
51 890	
140	
141,5	
139,5	
141,5	
139,5
KMEZ	
КМЗ
23	
50 660	
511,5	
518	
511	
518	
511,5
IGST	
Ижсталь2ао
22	
48 038	
980	
989	
973	
989	
980
KUBE	
Кубанэнр
13	
46 827	
74,3	
74	
73,5	
74,5	
73,8
KCHEP	
КамчатЭ ап
5	
46 400	
0,387	
0,39	
0,385	
0,39	
0,385
KGKCP	
КурганГКап
10	
43 620	
55	
55,5	
55	
56	
56
JNOS	
Славн-ЯНОС
20	
42 445	
18,45	
18,6	
18,35	
18,65	
18,35
MFGS	
Мегион-ао
4	
39 630	
360,5	
360	
360	
363	
363
JNOSP	
Слав-ЯНОСп
15	
37 994	
14,08	
14,16	
14	
14,16	
14,04
MGNZ	
СМЗ-ао
7	
37 440	
4 680	
4 650	
4 650	
4 720	
4 720
KGKC	
КурганГКао
8	
32 640	
56,5	
56	
56	
57	
57
KROTP	
КрасОкт-1п
7	
32 440	
270,5	
270	
270	
271,5	
270,5
SAREP	
СаратЭн-ап
21	
31 470	
0,121	
0,121	
0,12	
0,1226	
0,12
ROSB	
Росбанк ао
18	
30 868	
79,2	
80	
79	
80	
79
MISB	
ТНСэнМарЭл
11	
27 820	
12,6	
12,7	
12,4	
12,7	
12,4
TNSE	
ТНСэнрг ао
12	
25 245	
1 010	
1 010	
1 005	
1 015	
1 005
DZRD	
iДонскЗР
7	
23 455	
2 130	
2 135	
2 125	
2 135	
2 125
KTSB	
КСБ ао
23	
21 952	
0,628	
0,62	
0,62	
0,638	
0,626
TASB	
ТамбЭнСб
4	
20 405	
0,408	
0,407	
0,407	
0,4095	
0,4085
TORS	
ТРК ао
2	
16 690	
0,417	
0,42	
0,409	
0,42	
0,409
URKZ	
УрКузница
1	
15 880	
15 880	
15 880	
15 880	
15 880	
15 880
YRSB	
ТНСэнЯр
3	
11 760	
168	
168	
168	
168	
168
KTSBP	
КСБ ап
4	
11 760	
0,294	
0,294	
0,29	
0,2975	
0,29
WTCMP	
ЦМТ ап
8	
9 084	
8,26	
8,3	
8,24	
8,3	
8,24
UKUZ	
ЮжКузб. ао
7	
7 862	
524	
530	
522	
530	
522
TORSP	
ТРК ап
2	
5 600	
0,28	
0,28	
0,28	
0,28	
0,28
YRSBP	
ТНСэнЯр-п
2	
1 765	
88,5	
88,5	
88	
88,5	
88
KUNF	
КУЗОЦМ ао
0	
0	
-	
-	
-	
-	
-
PRTK	
ПРОТЕК ао
0	
0	
-	
-	
-	
-	
99,6
GAZC	
ГАЗКОН-ао
0	
0	
-	
-	
-	
-	
295
GTSS	
ГЕОТЕК ао
0	
0	
-	
-	
-	
-	
-
NPOF	
Физика ао
0	
0	
-	
-	
-	
-	
11 850
TRCN	
ТрансК ао
0	
0	
-	
-	
-	
-	
8 595
KMTZ	
КосогМЗ ао
0	
0	
-	
-	
-	
-	
-
KZMS	
КЗМС ао
0	
0	
-	
-	
-	
-	
226
TRFM	
ТрансФ ао
0	
0	
-	
-	
-	
-	
-
GAZS	
ГАЗ-сервис
0	
0	
-	
-	
-	
-	
293
HIMC	
Химпром ао
0	
0	
-	
-	
-	
-	
0,99
GAZT	
ГАЗ-Тек ао
0	
0	
-	
-	
-	
-	
85
KSGR	
Кокс ао
0	
0	
-	
-	
-	
-	
-
MOBB	
МосОблБанк
0	
0	
-	
-	
-	
-	
0,698
URKA	
Уркалий-ао
0	
0	
-	
-	
-	
-	
119,04
VZRZ	
Возрожд-ао
0	
0	
-	
-	
-	
-	
480
BISV	
БашИнСв ао
0	
0	
-	
-	
-	
-	
8,7
MFON	
МегаФон ао
0	
0	
-	
-	
-	
-	
650,6
KRKO	
ТКЗКК ао
0	
0	
-	
-	
-	
-	
11,8
MORI	
Морион ао
0	
0	
-	
-	
-	
-	
4,31