SBER	
Сбербанк
40 240	
7 621 648 288	
210,89	
211,69	
209,86	
212,18	
210,73
IRAO	
ИнтерРАОао
53 018	
5 006 954 950	
5,2245	
5,0045	
4,977	
5,38	
5,27
GAZP	
ГАЗПРОМ ао
43 307	
4 690 935 250	
184,06	
183,8	
182,87	
184,93	
184,93
GMKN	
ГМКНорНик
21 081	
3 587 829 054	
18 282	
18 120	
18 102	
18 378	
18 344
LKOH	
ЛУКОЙЛ
17 920	
2 759 295 192	
4 940,5	
4 950,5	
4 911	
4 972	
4 950
YNDX	
Yandex clA
33 070	
2 495 725 115	
3 909,8	
3 824	
3 824	
3 966	
3 927,2
PLZL	
Полюс
11 281	
1 853 064 271	
13 204	
13 132,5	
13 105,5	
13 320	
13 236,5
SNGSP	
Сургнфгз-п
12 925	
1 323 398 951	
35,995	
35,36	
35,305	
36,49	
36,49
TATN	
Татнфт 3ао
12 516	
1 143 822 699	
549,3	
550,9	
545	
555	
552,3
POLY	
Polymetal
12 660	
946 830 597	
1 441,3	
1 440	
1 425,2	
1 460	
1 460
SNGS	
Сургнфгз
8 780	
928 002 096	
36,645	
36,3	
36,265	
36,9	
36,875
NVTK	
Новатэк ао
10 838	
924 584 027	
1 082,2	
1 073	
1 067,8	
1 093,2	
1 092
SBERP	
Сбербанк-п
13 973	
869 099 551	
194,54	
194,48	
193,44	
195,45	
195,1
ROSN	
Роснефть
8 308	
774 257 899	
359,7	
361	
358,35	
362,25	
360,5
MGNT	
Магнит ао
8 688	
757 009 501	
4 300,5	
4 300,5	
4 264	
4 328,5	
4 296
AFLT	
Аэрофлот
14 956	
634 499 880	
82,9	
82,08	
82,08	
83,34	
83,1
SIBN	
Газпрнефть
10 798	
570 038 601	
315,55	
317,35	
313,1	
318,6	
317,15
VTBR	
ВТБ ао
23 216	
536 432 351	
0,034735	
0,034815	
0,034605	
0,03488	
0,03476
MTSS	
МТС-ао
8 881	
532 737 495	
321,25	
320,05	
319,8	
322,15	
321,7
MOEX	
МосБиржа
10 317	
530 269 125	
125,23	
125	
124,01	
125,8	
125,38
FIVE	
FIVE-гдр
7 098	
486 452 297	
2 533	
2 544,5	
2 504,5	
2 564	
2 521,5
TRNFP	
Транснф ап
1 772	
447 111 950	
134 050	
134 300	
133 300	
134 800	
133 550
ALRS	
АЛРОСА ао
12 250	
434 417 928	
63,96	
64,02	
63,66	
64,43	
63,93
AFKS	
Система ао
8 333	
404 584 390	
18,312	
18,085	
17,993	
18,52	
18,41
FEES	
ФСК ЕЭС ао
8 852	
379 683 960	
0,18768	
0,18506	
0,18422	
0,1898	
0,1886
CHMF	
СевСт-ао
9 209	
375 229 898	
878,6	
880	
875,4	
884	
879,2
MAGN	
ММК
5 368	
367 903 825	
38,17	
38,495	
37,92	
38,625	
38,1
TCSG	
TCS-гдр
11 976	
364 205 097	
1 657	
1 625	
1 605,2	
1 682,6	
1 655,8
DSKY	
ДетскийМир
14 969	
306 780 764	
112,42	
110,7	
110,16	
113,78	
112,54
CBOM	
МКБ ао
8 269	
273 844 422	
5,643	
5,63	
5,613	
5,677	
5,675
POGR	
Petropavl
5 012	
245 668 382	
26,165	
26,135	
25,81	
26,66	
26,15
NLMK	
НЛМК ао
4 570	
232 600 078	
137,58	
138,3	
136,94	
138,92	
137,6
HYDR	
РусГидро
7 354	
215 296 178	
0,7528	
0,75	
0,7481	
0,7583	
0,7539
RSTI	
Россети ао
4 395	
201 630 112	
1,52	
1,5149	
1,508	
1,5284	
1,5135
MAIL	
MAIL-гдр
7 208	
184 826 707	
1 827,6	
1 825	
1 808	
1 840	
1 827
TATNP	
Татнфт 3ап
4 754	
163 144 156	
528	
531,9	
523,4	
531,9	
528
TRMK	
ТМК ао
620	
148 693 962	
60,18	
59,98	
59,54	
60,6	
59,94
RTKM	
Ростел -ао
3 258	
145 810 370	
87,07	
86,71	
86,71	
87,5	
86,98
SFIN	
САФМАР ао
420	
133 496 682	
513	
512,8	
512,4	
514	
512,8
RUAL	
РУСАЛ ао
6 592	
126 419 152	
25,935	
25,83	
25,805	
26,065	
25,905
NMTP	
НМТП ао
6 196	
122 803 412	
10,875	
10,815	
10,81	
10,95	
10,93
RUGR	
Русгрэйн
33 104	
102 593 884	
9,774	
9,098	
8,812	
11,43	
9,334
PHOR	
ФосАгро ао
2 633	
89 370 332	
2 599	
2 619	
2 583	
2 627	
2 599
UNKL	
ЮУНК ао
4 717	
79 203 520	
6 800	
7 270	
6 350	
7 400	
6 660
UPRO	
Юнипро ао
2 021	
76 477 835	
2,815	
2,816	
2,8	
2,83	
2,82
MSNG	
+МосЭнерго
2 040	
67 354 696	
2,032	
2,0395	
2,02	
2,05	
2,04
OGKB	
ОГК-2 ао
3 080	
64 967 268	
0,7397	
0,7421	
0,7344	
0,7498	
0,7358
CNTL	
Телеграф
2 682	
64 854 285	
26,35	
26,7	
26	
27,1	
26,3
LIFE	
iФармсинтз
4 549	
64 776 192	
7,41	
7,07	
6,97	
7,755	
7,565
ETLN	
ETLN-гдр
5 005	
63 584 353	
107,84	
106,72	
106,1	
108,7	
108,2
ENRU	
ЭнелРос ао
5 084	
61 004 761	
0,923	
0,9275	
0,909	
0,939	
0,925
LSRG	
ЛСР ао
3 903	
57 477 421	
716,8	
721	
714,2	
722	
715
CNTLP	
Телеграф-п
2 366	
44 793 302	
26,48	
26,72	
26,2	
26,98	
26,6
TGKA	
ТГК-1
2 072	
37 738 911	
0,011878	
0,011796	
0,011718	
0,01195	
0,011948
MTLR	
Мечел ао
4 479	
36 359 549	
62,95	
63,43	
62,8	
63,43	
62,88
BANEP	
Башнефт ап
1 986	
29 108 658	
1 332,5	
1 334	
1 326	
1 337	
1 333
MVID	
М.видео
1 003	
28 500 686	
400,1	
393,7	
393,7	
403	
399
PIKK	
ПИК ао
1 594	
27 872 387	
427,5	
428,4	
424,4	
431,4	
431
LNTA	
Лента др
2 677	
27 540 945	
176,9	
174,3	
174,3	
178,5	
178,2
IGST	
Ижсталь2ао
3 928	
26 680 404	
1 243	
1 178	
1 003	
1 486	
1 018
QIWI	
iQIWI
1 455	
25 452 410	
1 321	
1 319	
1 312,5	
1 331	
1 320,5
IGSTP	
Ижсталь ап
3 928	
22 475 274	
1 048	
974	
827	
1 285	
836
AGRO	
AGRO-гдр
1 666	
21 775 845	
671,6	
676,6	
666,6	
679,2	
670,2
MTLRP	
Мечел ап
1 011	
18 546 948	
81,8	
81,45	
81,3	
82,35	
81,75
BSPB	
БСП ао
1 631	
17 031 537	
42,52	
42,12	
42,05	
42,95	
42,44
RASP	
Распадская
647	
16 393 624	
107,04	
106,56	
106,16	
107,92	
107,74
NKNCP	
НКНХ ап
1 918	
15 784 074	
80,86	
81,36	
80,02	
81,36	
80,8
ISKJ	
iИСКЧ ао
936	
15 356 515	
25,87	
25,07	
24,95	
26,66	
26,44
AKRN	
Акрон
383	
14 520 012	
5 634	
5 582	
5 582	
5 678	
5 668
OBUV	
ОР ао
1 059	
13 376 548	
33,75	
33,7	
33,45	
34	
33,85
AQUA	
РусАква ао
804	
12 909 320	
192	
192	
190	
194,5	
194,5
KMAZ	
КАМАЗ
1 568	
12 539 096	
59,6	
61,9	
57,7	
61,9	
58,5
KRKNP	
СаратНПЗ-п
288	
12 309 580	
15 520	
15 600	
15 400	
15 620	
15 500
LSNGP	
РСетиЛЭ-п
733	
12 284 597	
154,45	
153,6	
153,6	
154,85	
154,7
RTKMP	
Ростел -ап
1 118	
12 200 771	
81	
80,7	
80,5	
81,25	
81,2
FESH	
ДВМП ао
463	
10 748 005	
7,59	
7,54	
7,5	
7,62	
7,54
LNZL	
Лензолото
414	
10 670 270	
12 030	
11 900	
11 880	
12 440	
11 990
RBCM	
РБК ао
1 468	
10 637 406	
3,418	
3,49	
3,3	
3,59	
3,404
MRKP	
МРСК ЦП
566	
8 764 978	
0,1985	
0,1974	
0,1961	
0,1993	
0,1986
ENPG	
ЭН+ГРУП ао
266	
8 007 678	
595	
592	
588	
599,5	
597
BLNG	
Белон ао
2 458	
7 759 669	
4,434	
4,568	
4,264	
4,66	
4,492
RSTIP	
Россети ап
441	
6 007 675	
2,053	
2,05	
2,042	
2,074	
2,049
BANE	
Башнефт ао
445	
5 887 409	
1 727,5	
1 721,5	
1 721	
1 732	
1 732
ELTZ	
Электрцинк
1 207	
5 849 415	
175,5	
164	
158,5	
191	
161
CHMK	
ЧМК ао
536	
4 912 420	
2 680	
2 660	
2 625	
2 775	
2 655
RNFT	
РуссНфт ао
1 768	
4 713 449	
498,4	
490,6	
490	
500	
497
VSMO	
ВСМПО-АВСМ
130	
4 230 400	
18 320	
18 240	
18 240	
18 360	
18 320
GEMA	
iММЦБ ао
293	
3 992 952	
617	
614,5	
610,5	
622	
621
TGKB	
ТГК-2
328	
3 907 790	
0,00409	
0,00403	
0,00401	
0,004155	
0,004055
MRKC	
МРСК Центр
454	
3 728 017	
0,2852	
0,283	
0,2794	
0,2868	
0,285
IRKT	
ИРКУТ-3
252	
3 631 826	
33,94	
34,08	
33,2	
34,44	
33,96
URKZ	
УрКузница
148	
3 417 620	
16 280	
16 500	
14 860	
17 300	
16 360
SELG	
Селигдар
338	
3 235 573	
26,37	
25,97	
25,97	
26,55	
26,4
MRKV	
РсетВол ао
431	
3 120 527	
0,07515	
0,07495	
0,07455	
0,07585	
0,07495
YRSBP	
ТНСэнЯр-п
129	
3 101 770	
87,5	
84	
84	
90	
88,5
GCHE	
ЧеркизГ-ао
362	
2 946 121	
1 761	
1 761	
1 744,5	
1 773,5	
1 744,5
NKNC	
НКНХ ао
470	
2 768 324	
93,8	
93,6	
93	
94,25	
93,8
MSTT	
Мостотрест
220	
2 718 779	
156	
155,45	
153,7	
159,65	
156
MSRS	
РСетиМР ао
166	
2 617 732	
1,115	
1,119	
1,101	
1,125	
1,1125
APTK	
Аптеки36и6
1 065	
2 509 229	
13,402	
13,402	
13,36	
13,536	
13,426
HIMCP	
Химпром ап
263	
2 444 347	
6,07	
5,97	
5,96	
6,2	
6,02
KMEZ	
КМЗ
666	
2 286 619	
488,5	
516,5	
480	
516,5	
485,5
KOGK	
КоршГОК ао
39	
2 278 200	
50 600	
49 400	
49 000	
52 200	
51 400
STSBP	
СтаврЭнСбп
330	
1 898 266	
0,3395	
0,347	
0,335	
0,348	
0,343
MRKS	
РсетСиб ао
37	
1 813 620	
0,2335	
0,2325	
0,2305	
0,237	
0,234
DIOD	
ЗаводДИОД
332	
1 785 323	
6,42	
6,56	
6,29	
6,56	
6,4
HALS	
Галс-Девел
311	
1 745 802	
810	
860	
784	
860	
816
RGSS	
РГС СК ао
164	
1 625 268	
0,1488	
0,1484	
0,1462	
0,1494	
0,1484
SLEN	
Сахэнер ао
204	
1 458 771	
4,92	
4,84	
4,775	
5,095	
4,97
LNZLP	
Лензол. ап
70	
1 438 205	
4 085	
4 075	
4 035	
4 105	
4 090
MGTSP	
МГТС-4ап
167	
1 383 394	
1 996	
2 008	
1 984	
2 008	
2 000
SVAV	
СОЛЛЕРС
100	
1 345 315	
266	
268	
264	
269	
265
AMEZ	
АшинскийМЗ
352	
1 316 492	
4,125	
4,09	
4,06	
4,16	
4,14
KZOS	
ОргСинт ао
264	
1 176 459	
86,5	
86,4	
85,8	
87	
86,9
KRKOP	
ТКЗКК ап
278	
1 156 370	
6,31	
6,33	
6,13	
6,455	
6,375
TTLK	
Таттел. ао
127	
1 081 955	
0,279	
0,28	
0,2775	
0,28	
0,28
UNAC	
iАвиастКао
148	
994 392	
0,47	
0,471	
0,4675	
0,472	
0,471
OMZZP	
ОМЗ-ап
175	
974 770	
3 610	
3 540	
3 425	
3 860	
3 535
UWGN	
ОВК ао
188	
972 945	
232,6	
233,1	
230,6	
234	
233,9
KLSB	
КалужскСК
166	
893 898	
11,55	
11,45	
11,32	
11,69	
11,53
CHEP	
ЧТПЗ ао
91	
881 170	
198,5	
201,5	
197	
201,5	
199
UKUZ	
ЮжКузб. ао
119	
849 506	
576	
582	
564	
590	
566
BELU	
Белуга ао
121	
846 257	
1 356	
1 360	
1 350	
1 360	
1 350
SAGOP	
СамарЭн-ап
116	
842 360	
0,432	
0,428	
0,41	
0,447	
0,411
ALNU	
АЛРОСА-Нюр
14	
766 200	
54 800	
54 800	
54 400	
55 000	
55 000
DVEC	
ДЭК ао
65	
719 737	
1,016	
1,006	
1,006	
1,034	
1,026
WTCM	
ЦМТ ао
126	
713 134	
9,04	
8,8	
8,8	
9,14	
8,98
RZSB	
РязЭнСб
65	
711 720	
9,02	
9,1	
8,6	
9,24	
8,8
MGNZ	
СМЗ-ао
92	
702 270	
4 560	
4 870	
4 300	
4 870	
4 370
NKHP	
НКХП ао
151	
679 575	
229,5	
232	
228	
232	
230
LSNG	
РСетиЛЭ
168	
678 141	
5,94	
5,96	
5,92	
5,96	
5,94
YAKG	
ЯТЭК ао
20	
645 125	
41,35	
41,4	
41,35	
41,4	
41,35
TGKBP	
ТГК-2 ап
41	
639 270	
0,00702	
0,00692	
0,00689	
0,00707	
0,00705
INGR	
ИНГРАД ао
85	
620 281	
723	
725	
719	
726	
724
KZOSP	
ОргСинт ап
384	
585 884	
12,11	
12,09	
11,94	
12,25	
12,09
SAREP	
СаратЭн-ап
107	
584 524	
0,0938	
0,0918	
0,0906	
0,0974	
0,095
ASSB	
АстрЭнСб
200	
566 585	
0,7445	
0,71	
0,703	
0,7595	
0,7415
RLMN	
Роллман
155	
565 021	
18,6	
18,55	
18,4	
18,85	
18,8
VLHZ	
ВХЗ-ао
128	
563 120	
50,55	
50,3	
49,9	
51,45	
50
RUSP	
Русполимет
36	
556 400	
0,6115	
0,6185	
0,61	
0,619	
0,6145
KBSB	
ТНСэКубань
114	
530 680	
138,5	
137,5	
137	
140,5	
140,5
MRKZ	
МРСК СЗ
71	
530 578	
0,04995	
0,05	
0,0495	
0,05015	
0,05
ROLO	
Русолово
72	
466 870	
3,924	
3,972	
3,854	
3,998	
3,912
IRGZ	
ИркЭнерго
101	
455 492	
11,44	
11,58	
11,36	
11,58	
11,48
SAGO	
СамарЭн-ао
43	
448 640	
0,498	
0,508	
0,452	
0,576	
0,484
ZILL	
ЗИЛ ао
76	
446 645	
2 645	
2 620	
2 610	
2 680	
2 645
MRKU	
МРСК Ур
53	
438 718	
0,1562	
0,1562	
0,155	
0,1572	
0,1556
TGKN	
ТГК-14
61	
437 130	
0,0031	
0,00307	
0,00306	
0,00312	
0,0031
KROT	
КрасОкт-ао
75	
403 130	
344,5	
345	
333,5	
349	
344
MAGE	
МагадЭн ао
50	
381 540	
6,69	
6,97	
6,41	
6,97	
6,82
KAZT	
Куйбазот
34	
369 402	
149	
151,6	
148	
151,8	
150,4
KUZB	
КузнецкийБ
190	
355 958	
0,01506	
0,01522	
0,015	
0,01545	
0,0151
UTAR	
ЮТэйр ао
61	
355 740	
7,19	
7,21	
7,14	
7,29	
7,2
MAGEP	
МагадЭн ап
46	
355 510	
5,83	
5,96	
5,725	
5,99	
5,93
KAZTP	
Куйбазот-п
56	
354 022	
146,4	
148,2	
143	
150	
147,2
MFGS	
Мегион-ао
51	
321 085	
373,5	
366,5	
364	
385	
371,5
NFAZ	
Нефтекамск
42	
301 652	
170,4	
169,8	
168	
173,6	
168
RLMNP	
Роллман-п
111	
298 805	
20,3	
20	
19,58	
20,7	
20,22
ABRD	
АбрауДюрсо
43	
294 495	
129,5	
130	
129	
130	
129,5
PMSB	
ПермьЭнСб
84	
280 257	
131,6	
134,6	
129	
134,6	
132,1
BRZL	
БурЗолото
55	
269 941	
833	
831	
828	
840	
828
VZRZP	
Возрожд-п
39	
262 866	
316,8	
310,2	
310,2	
319,4	
319,4
KRSB	
Красэсб ао
21	
257 250	
6,77	
6,61	
6,61	
6,93	
6,66
KRSBP	
Красэсб ап
21	
240 820	
6,7	
6,58	
6,58	
6,82	
6,78
RTGZ	
ГазпРнД ао
2	
235 500	
23 550	
23 550	
23 550	
23 550	
23 550
GTRK	
ГТМ ао
101	
234 398	
42	
42	
42	
42,05	
42
USBN	
УралСиб ао
37	
232 874	
0,0675	
0,0676	
0,0672	
0,068	
0,0675
SELGP	
Селигдар-п
43	
230 075	
26,75	
26,8	
26,65	
26,95	
26,65
GAZA	
ГАЗ ао
31	
216 450	
386,5	
380,5	
380	
389	
383,5
UCSS	
ОКС ао
46	
204 510	
1 450	
1 450	
1 440	
1 470	
1 470
MGTS	
МГТС-5ао
18	
179 290	
2 300	
2 275	
2 275	
2 310	
2 305
RUSI	
ИКРУСС-ИНВ
13	
178 610	
38	
38	
37,8	
38,3	
38,3
BISVP	
БашИнСв ап
44	
177 598	
8,26	
8,37	
8,2	
8,39	
8,39
TASB	
ТамбЭнСб
32	
173 255	
0,443	
0,456	
0,41	
0,465	
0,4475
CHKZ	
ЧКПЗ ао
28	
168 020	
5 420	
5 360	
5 300	
5 580	
5 320
VJGZP	
Варьеган-п
22	
154 340	
336	
334	
334	
340	
340
PAZA	
ПавлАвт ао
16	
151 630	
7 580	
7 500	
7 480	
7 660	
7 560
MRKY	
РоссЮг ао
66	
144 923	
0,04965	
0,0497	
0,04875	
0,0498	
0,04945
KRKN	
СаратНПЗ
10	
140 350	
12 750	
12 500	
12 500	
12 850	
12 700
VSYD	
ВыбСудЗ ао
29	
139 910	
3 885	
3 920	
3 830	
3 980	
3 850
WTCMP	
ЦМТ ап
32	
137 266	
8,08	
8,04	
8,02	
8,18	
8,16
VGSB	
ВолгЭнСб
30	
132 775	
1,66	
1,65	
1,64	
1,7	
1,665
PMSBP	
ПермьЭнС-п
48	
122 540	
130,4	
131,2	
130	
131,4	
130,2
TGKD	
Квадра
44	
118 827	
0,003105	
0,003085	
0,00308	
0,003115	
0,0031
VRSBP	
ТНСэнВор-п
21	
118 200	
45,5	
45,5	
45	
46,5	
45,5
NAUK	
iНПОНаука
41	
117 544	
183,8	
183,8	
181	
185	
185
MISBP	
ТНСэМаЭл-п
23	
114 560	
12,2	
12,2	
12	
12,4	
12,4
GAZAP	
ГАЗ ап
29	
114 340	
309	
312,5	
308	
312,5	
308
CHGZ	
РН-ЗапСиб
9	
105 620	
35,2	
35,2	
35,2	
35,4	
35,4
NSVZ	
НаукаСвяз
19	
101 695	
226	
225,5	
224	
228	
224,5
PRMB	
Приморье
4	
91 800	
23 000	
22 200	
22 200	
23 200	
23 200
RDRB	
РДБанк ао
13	
91 750	
240	
245	
235	
245	
240
TASBP	
ТамбЭнСб-п
23	
88 835	
0,3415	
0,338	
0,3375	
0,3465	
0,34
DZRD	
iДонскЗР
22	
73 340	
2 035	
2 060	
2 000	
2 070	
2 005
VRSB	
ТНСэнВорон
9	
71 260	
51	
51,8	
50,6	
51,8	
50,6
STSB	
СтаврЭнСб
45	
69 201	
0,38	
0,385	
0,376	
0,385	
0,379
YRSB	
ТНСэнЯр
6	
68 000	
170	
170	
170	
170	
170
LPSB	
ЛЭСК ао
27	
63 020	
7,7	
7,6	
7,6	
7,75	
7,65
TORSP	
ТРК ап
20	
62 120	
0,259	
0,2595	
0,2555	
0,2605	
0,26
KGKCP	
КурганГКап
17	
58 455	
53	
53,5	
52,5	
53,5	
53
DZRDP	
iДонскЗР п
23	
57 110	
1 590	
1 600	
1 560	
1 600	
1 600
AVAN	
Авангрд-ао
28	
52 510	
680	
680	
670	
695	
685
RKKE	
ЭнергияРКК
9	
50 720	
5 070	
5 090	
5 030	
5 140	
5 050
RTSBP	
ТНСэнРст-п
8	
44 330	
0,296	
0,295	
0,294	
0,296	
0,296
LVHK	
Левенгук
22	
43 654	
7,94	
7,88	
7,82	
7,98	
7,89
TGKDP	
Квадра-п
16	
41 198	
0,00385	
0,00391	
0,00384	
0,00391	
0,00387
KCHE	
КамчатЭ ао
19	
40 760	
0,204	
0,202	
0,2005	
0,2085	
0,2015
YKEN	
Якутскэнрг
5	
38 000	
0,3455	
0,346	
0,345	
0,3485	
0,3485
KGKC	
КурганГКао
4	
37 640	
53	
53	
53	
54	
53
RTSB	
ТНСэнРст
4	
37 500	
0,375	
0,375	
0,375	
0,375	
0,375
YKENP	
Якутскэн-п
3	
33 120	
0,331	
0,3305	
0,3305	
0,3315	
0,331
ROSB	
Росбанк ао
13	
30 444	
70,8	
70,8	
70,8	
70,8	
70,8
JNOS	
Славн-ЯНОС
11	
24 085	
18,55	
18,45	
18,35	
18,7	
18,65
VGSBP	
ВолгЭнСб-п
14	
23 890	
1,14	
1,135	
1,12	
1,155	
1,14
MISB	
ТНСэнМарЭл
7	
22 470	
12,5	
12,5	
12,4	
12,6	
12,4
MRKK	
Россети СК
35	
22 363	
25,72	
25,9	
24,86	
25,9	
25,68
TNSE	
ТНСэнрг ао
9	
19 190	
960	
955	
955	
965	
965
TORS	
ТРК ао
4	
18 980	
0,38	
0,378	
0,378	
0,381	
0,38
ROST	
РОСИНТЕРао
13	
18 764	
60,6	
60,4	
60,2	
60,8	
60,4
KTSB	
КСБ ао
28	
18 650	
0,622	
0,616	
0,608	
0,634	
0,634
KTSBP	
КСБ ап
6	
18 285	
0,261	
0,265	
0,2525	
0,2655	
0,2575
KCHEP	
КамчатЭ ап
5	
17 690	
0,354	
0,357	
0,35	
0,357	
0,354
KROTP	
КрасОкт-1п
5	
15 335	
255,5	
255,5	
254,5	
258,5	
254,5
ZVEZ	
ЗВЕЗДА ао
3	
13 525	
4,51	
4,515	
4,505	
4,515	
4,505
VJGZ	
Варьеган
3	
12 991	
591	
598	
590	
598	
593
JNOSP	
Слав-ЯНОСп
7	
12 360	
13,74	
13,7	
13,56	
13,94	
13,92
RAVN	
Raven
4	
11 900	
29,75	
29,65	
29,55	
30	
29,8
NKSH	
Нижкамшина
4	
11 198	
22,4	
22,68	
22,04	
22,68	
22,3
ARSA	
Арсагера
3	
9 840	
3,28	
3,25	
3,25	
3,3	
3,3
KUBE	
Кубанэнр
3	
8 472	
70,6	
70,6	
70,6	
70,6	
70,6
VSYDP	
ВыбСудЗ ап
2	
8 180	
4 100	
4 100	
4 080	
4 100	
4 080
NNSB	
ТНСэнНН ао
2	
7 915	
1 320	
1 315	
1 315	
1 320	
1 320
KBTK	
КузбТК ао
3	
7 552	
151	
150,8	
150,8	
151,2	
151,2
SARE	
СаратЭн-ао
4	
7 118	
0,1186	
0,1168	
0,1168	
0,119	
0,119
MRSB	
МордЭнСб
2	
6 790	
0,34	
0,339	
0,339	
0,34	
0,34
MFGSP	
Мегион-ап
2	
6 670	
333,5	
336	
331	
336	
331
NNSBP	
ТНСэнНН ап
4	
2 370	
593	
582	
582	
597	
597
TUZA	
ТЗА ао
2	
1 880	
94	
94	
94	
94	
94
ALBK	
БестЭфБ ао
1	
535	
53,5	
53,5	
53,5	
53,5	
53,5
GAZC	
ГАЗКОН-ао
0	
0	
-	
-	
-	
-	
295
GAZC	
ГАЗКОН-ао
0	
0	
-	
-	
-	
-	
295
GAZS	
ГАЗ-сервис
0	
0	
-	
-	
-	
-	
293
GAZT	
ГАЗ-Тек ао
0	
0	
-	
-	
-	
-	
85
GTSS	
ГЕОТЕК ао
0	
0	
-	
-	
-	
-	
-
HIMC	
Химпром ао
0	
0	
-	
-	
-	
-	
0,99
KMTZ	
КосогМЗ ао
0	
0	
-	
-	
-	
-	
-
KRKO	
ТКЗКК ао
0	
0	
-	
-	
-	
-	
11,8
KSGR	
Кокс ао
0	
0	
-	
-	
-	
-	
-
KUNF	
КУЗОЦМ ао
0	
0	
-	
-	
-	
-	
-
KZMS	
КЗМС ао
0	
0	
-	
-	
-	
-	
226
MFON	
МегаФон ао
0	
0	
-	
-	
-	
-	
650,6
MOBB	
МосОблБанк
0	
0	
-	
-	
-	
-	
0,698
MORI	
Морион ао
0	
0	
-	
-	
-	
-	
4,31
NPOF	
Физика ао
0	
0	
-	
-	
-	
-	
11 850
PRTK	
ПРОТЕК ао
0	
0	
-	
-	
-	
-	
99,6
TRCN	
ТрансК ао
0	
0	
-	
-	
-	
-	
8 595
TRFM	
ТрансФ ао
0	
0	
-	
-	
-	
-	
-
URKA	
Уркалий-ао
0	
0	
-	
-	
-	
-	
119,04
VZRZ	
Возрожд-ао
0	
0	
-	
-	
-	
-	
480