SBER	
Сбербанк
91 888	
18 405 007 816	
238,65	
240,8	
234,5	
242,35	
237,01
YNDX	
Yandex clA
87 349	
11 367 304 986	
4 487,6	
4 409,8	
4 406	
4 534,6	
4 496
GAZP	
ГАЗПРОМ ао
82 876	
10 685 393 991	
191,63	
193,83	
189,2	
194,68	
189,81
GMKN	
ГМКНорНик
29 422	
6 025 122 950	
20 828	
20 850	
20 540	
21 098	
20 600
PLZL	
Полюс
29 042	
4 818 740 723	
17 915,5	
17 530	
17 517	
18 280,5	
18 103,5
LKOH	
ЛУКОЙЛ
21 025	
3 580 651 760	
5 277,5	
5 303	
5 235	
5 321,5	
5 264,5
ROSN	
Роснефть
21 691	
2 551 765 735	
389,8	
389,5	
383,2	
393,1	
387,25
MGNT	
Магнит ао
26 267	
2 455 662 829	
4 737	
4 764	
4 647,5	
4 817,5	
4 663
TATN	
Татнфт 3ао
26 581	
2 198 139 669	
604,7	
611,9	
596,3	
616,4	
598,6
SBERP	
Сбербанк-п
25 321	
1 919 606 471	
218,59	
220,73	
215,5	
220,73	
217,4
MTSS	
МТС-ао
19 213	
1 911 858 317	
342	
340,05	
339,15	
344,55	
342,4
AFKS	
Система ао
35 604	
1 851 429 730	
21,224	
21,951	
20,66	
21,998	
20,9
MOEX	
МосБиржа
25 375	
1 735 952 235	
144,05	
144	
141,7	
145,95	
143,76
POGR	
Petropavl
27 211	
1 667 917 369	
32,46	
31,2	
31,005	
33,55	
33,54
ALRS	
АЛРОСА ао
39 764	
1 652 826 226	
66,69	
67,82	
66	
67,85	
66,05
POLY	
Polymetal
19 268	
1 627 919 896	
1 938,8	
1 909,9	
1 900,2	
1 968,4	
1 968,4
NVTK	
Новатэк ао
18 643	
1 619 117 389	
1 165,8	
1 180,6	
1 151,2	
1 189,8	
1 153,4
VTBR	
ВТБ ао
32 311	
1 360 532 249	
0,03772	
0,03785	
0,03737	
0,0381	
0,03763
IRAO	
ИнтерРАОао
14 964	
1 193 405 612	
5,6455	
5,7	
5,5225	
5,7285	
5,646
MAIL	
MAIL-гдр
24 488	
1 171 318 590	
2 116,8	
2 087	
2 080	
2 145,8	
2 106
NLMK	
НЛМК ао
15 096	
977 520 394	
159,72	
161,34	
157,72	
161,86	
158,98
SNGS	
Сургнфгз
10 835	
966 680 833	
38,33	
38,7	
37,99	
38,87	
38,325
TRNFP	
Транснф ап
3 302	
867 473 650	
146 200	
145 400	
143 200	
148 350	
146 450
SNGSP	
Сургнфгз-п
10 739	
794 528 490	
37,91	
37,855	
37,66	
38,05	
37,815
CHMF	
СевСт-ао
16 030	
767 902 053	
965	
969,8	
957,2	
974	
964,6
TCSG	
TCS-гдр
22 997	
735 032 709	
1 748,6	
1 703,2	
1 702,4	
1 799	
1 793
RTKM	
Ростел -ао
17 066	
693 748 628	
99,72	
99	
98,55	
100,84	
99,5
HYDR	
РусГидро
14 211	
580 288 582	
0,7492	
0,7548	
0,7427	
0,757	
0,7471
SIBN	
Газпрнефть
9 281	
556 510 421	
330,05	
332,1	
327,15	
333	
327,45
AFLT	
Аэрофлот
13 702	
493 301 036	
85,46	
86,22	
84,4	
86,6	
85,06
TATNP	
Татнфт 3ап
10 685	
423 486 750	
580,9	
586,9	
574,9	
588,3	
576,6
MAGN	
ММК
7 376	
368 058 694	
39,92	
40	
39,65	
40,17	
40
FIVE	
FIVE-гдр
7 583	
362 982 205	
2 808	
2 838	
2 785,5	
2 838	
2 817,5
CBOM	
МКБ ао
8 946	
358 583 846	
5,904	
5,937	
5,84	
5,971	
5,87
FEES	
ФСК ЕЭС ао
7 578	
355 682 077	
0,20414	
0,2041	
0,20314	
0,20658	
0,20388
PHOR	
ФосАгро ао
4 924	
342 999 673	
2 793	
2 823	
2 765	
2 824	
2 810
UPRO	
Юнипро ао
9 859	
308 253 549	
2,727	
2,756	
2,701	
2,761	
2,721
RSTI	
Россети ао
5 751	
265 521 119	
1,5816	
1,604	
1,5704	
1,604	
1,5782
DSKY	
ДетскийМир
9 005	
259 653 857	
120,34	
121,82	
118,24	
122,16	
119,9
RUAL	
РУСАЛ ао
9 225	
201 622 404	
30,63	
30,825	
30,295	
30,91	
30,5
SELGP	
Селигдар-п
6 717	
180 567 680	
38,1	
32	
32	
40,75	
39,9
LNZL	
Лензолото
2 964	
177 985 380	
18 620	
19 000	
18 230	
19 190	
18 580
RTKMP	
Ростел -ап
7 969	
163 721 382	
95,35	
94,05	
94,05	
96	
95,6
BANEP	
Башнефт ап
4 066	
152 395 529	
1 365,5	
1 366,5	
1 356	
1 375	
1 363,5
LNZLP	
Лензол. ап
5 323	
141 359 380	
6 025	
5 945	
5 455	
7 455	
5 620
SELG	
Селигдар
5 302	
136 356 336	
49,75	
47,98	
47,8	
51,7	
49,7
AGRO	
AGRO-гдр
5 541	
120 699 064	
743,2	
749,8	
717,6	
754,2	
746,6
LNTA	
Лента др
6 813	
118 429 441	
208,5	
210,1	
206,5	
212,7	
207
LSRG	
ЛСР ао
5 673	
101 956 467	
784	
794,6	
775	
797	
778,2
NKHP	
НКХП ао
9 097	
100 615 020	
321,5	
269	
269	
365	
311
OGKB	
ОГК-2 ао
4 884	
95 406 402	
0,7775	
0,7716	
0,7646	
0,7845	
0,7721
RASP	
Распадская
1 446	
78 205 202	
114,66	
113,56	
113,56	
115,66	
115,5
MTLR	
Мечел ао
5 648	
73 469 578	
66,42	
67,13	
65,88	
67,18	
66,87
ETLN	
ETLN-гдр
3 287	
69 168 421	
110,68	
111,96	
109,68	
111,96	
110,08
QIWI	
iQIWI
2 442	
56 205 915	
1 442	
1 440,5	
1 423	
1 451	
1 438,5
MVID	
М.видео
1 661	
53 312 713	
468,2	
467,9	
462,6	
474,8	
465,9
TGKA	
ТГК-1
2 746	
50 123 738	
0,012108	
0,01217	
0,012022	
0,012222	
0,01206
NMTP	
НМТП ао
3 916	
46 989 758	
9,155	
9,14	
9,12	
9,3	
9,14
AQUA	
РусАква ао
1 761	
42 781 035	
216,5	
225	
210	
225	
213
BSPB	
БСП ао
2 365	
35 125 673	
44,49	
44,61	
44,11	
45,34	
44,41
MTLRP	
Мечел ап
1 915	
33 700 500	
80,75	
80,5	
80,2	
81,9	
80,35
PIKK	
ПИК ао
1 687	
32 816 913	
498,2	
499,9	
496,1	
500	
498
NKNCP	
НКНХ ап
2 748	
30 302 406	
81,88	
82,02	
81	
83	
81,08
MSNG	
+МосЭнерго
928	
29 858 708	
2,1385	
2,14	
2,128	
2,1535	
2,135
ROLO	
Русолово
1 450	
25 125 724	
7,528	
7,662	
6,982	
7,9	
7,4
RSTIP	
Россети ап
924	
24 659 451	
2,137	
2,126	
2,116	
2,162	
2,135
ENRU	
ЭнелРос ао
1 525	
24 166 754	
0,948	
0,945	
0,944	
0,9515	
0,949
OBUV	
ОР ао
2 001	
23 925 196	
35,7	
35,75	
35,05	
36,1	
35,55
LSNGP	
РСетиЛЭ-п
1 241	
23 221 446	
155,35	
155,9	
154,8	
156,45	
154,85
BANE	
Башнефт ао
1 215	
20 459 375	
1 768,5	
1 768,5	
1 760	
1 782	
1 769
GCHE	
ЧеркизГ-ао
1 800	
20 065 668	
1 827	
1 807,5	
1 802,5	
1 845	
1 833
LIFE	
iФармсинтз
1 254	
18 033 949	
7,625	
7,8	
7,485	
7,91	
7,545
MRKP	
МРСК ЦП
899	
17 865 037	
0,2171	
0,2165	
0,2156	
0,218	
0,218
CNTLP	
Телеграф-п
1 301	
17 660 796	
17,18	
17,22	
16,92	
17,4	
17,04
TGKB	
ТГК-2
743	
13 424 190	
0,00464	
0,004765	
0,004515	
0,004765	
0,00461
ENPG	
ЭН+ГРУП ао
639	
11 775 486	
676	
674	
668,5	
678	
668,5
RTSBP	
ТНСэнРст-п
1 135	
11 687 480	
0,509	
0,43	
0,413	
0,588	
0,545
ALNU	
АЛРОСА-Нюр
45	
11 337 200	
55 000	
55 200	
54 800	
56 200	
55 000
VSMO	
ВСМПО-АВСМ
276	
11 201 280	
18 040	
17 960	
17 960	
18 100	
18 000
VRSB	
ТНСэнВорон
680	
10 507 900	
91,2	
94,8	
86	
100	
92
BRZL	
БурЗолото
1 277	
10 271 122	
1 150	
1 100	
1 090	
1 195	
1 195
CNTL	
Телеграф
744	
9 918 475	
19,1	
19,1	
19	
19,45	
19
FESH	
ДВМП ао
475	
8 692 763	
7,58	
7,58	
7,48	
7,69	
7,64
AKRN	
Акрон
417	
8 564 862	
5 862	
5 856	
5 840	
5 890	
5 870
KMAZ	
КАМАЗ
1 372	
8 148 945	
64,3	
66,5	
63	
66,5	
64,2
MRKV	
РсетВол ао
559	
7 711 014	
0,07495	
0,0749	
0,0744	
0,0755	
0,07505
TRMK	
ТМК ао
491	
7 149 038	
58,72	
58,7	
58,08	
59,2	
58,54
SVAV	
СОЛЛЕРС
222	
6 858 545	
283	
280,5	
279	
285,5	
282
MSRS	
РСетиМР ао
330	
6 547 857	
1,2095	
1,203	
1,192	
1,23	
1,212
KRKNP	
СаратНПЗ-п
216	
6 330 480	
15 940	
16 000	
15 920	
16 000	
15 940
ISKJ	
iИСКЧ ао
536	
6 147 269	
24,18	
24,3	
23,8	
24,67	
24,05
SFIN	
САФМАР ао
78	
6 086 144	
525,2	
524,4	
524,4	
526	
526
TUZA	
ТЗА ао
113	
5 704 480	
105	
105	
100	
107	
105
MGTSP	
МГТС-4ап
380	
5 586 452	
2 064	
2 068	
2 014	
2 090	
2 050
NKNC	
НКНХ ао
621	
5 356 939	
94,25	
94,4	
93,8	
94,9	
93,8
MRKC	
МРСК Центр
337	
5 323 949	
0,2996	
0,298	
0,298	
0,3	
0,2994
KAZT	
Куйбазот
390	
5 169 026	
152,4	
146,4	
146,4	
170,2	
151,4
RTSB	
ТНСэнРст
416	
4 840 450	
0,61	
0,595	
0,575	
0,655	
0,605
AMEZ	
АшинскийМЗ
848	
4 747 107	
4,71	
4,83	
4,635	
4,83	
4,695
NSVZ	
НаукаСвяз
593	
4 720 430	
257	
263,5	
252	
266	
255
STSBP	
СтаврЭнСбп
720	
4 644 013	
0,5285	
0,5335	
0,5025	
0,542	
0,5295
TTLK	
Таттел. ао
220	
4 640 110	
0,3115	
0,3125	
0,309	
0,314	
0,3115
YKEN	
Якутскэнрг
280	
4 505 835	
0,4375	
0,438	
0,42	
0,4765	
0,4295
CHEP	
ЧТПЗ ао
327	
3 984 165	
216	
215	
214	
218,5	
216
RNFT	
РуссНфт ао
426	
3 716 157	
501,4	
504	
493	
505,6	
503
DIOD	
ЗаводДИОД
547	
3 672 074	
7,74	
7,86	
7,28	
7,88	
7,66
ABRD	
АбрауДюрсо
487	
3 551 725	
225	
231	
222	
231	
222
VGSB	
ВолгЭнСб
285	
3 484 130	
5,47	
5,695	
5,25	
6,01	
5,365
UNAC	
iАвиастКао
267	
3 483 253	
0,496	
0,4935	
0,491	
0,4995	
0,496
TGKD	
Квадра
358	
3 326 533	
0,003615	
0,00357	
0,00355	
0,00369	
0,003565
YRSBP	
ТНСэнЯр-п
165	
3 234 655	
99	
94	
93	
103,5	
96
KZOS	
ОргСинт ао
433	
3 230 339	
87,5	
87,7	
87	
88,5	
87,1
KLSB	
КалужскСК
465	
3 225 399	
12,9	
13,26	
12,65	
13,69	
12,65
VRSBP	
ТНСэнВор-п
263	
3 065 000	
50,5	
50	
48,5	
53,5	
50,5
RUGR	
Русгрэйн
1 008	
2 937 261	
9,748	
9,7	
9,628	
10	
9,7
USBN	
УралСиб ао
167	
2 837 165	
0,0694	
0,0706	
0,0686	
0,0707	
0,0691
TGKN	
ТГК-14
163	
2 826 940	
0,00328	
0,00337	
0,00321	
0,00338	
0,0033
NNSBP	
ТНСэнНН ап
639	
2 648 035	
716	
680	
678	
774	
694
RZSB	
РязЭнСб
177	
2 570 920	
9,78	
9,56	
9,38	
10	
9,64
NNSB	
ТНСэнНН ао
485	
2 553 885	
1 830	
1 570	
1 570	
1 975	
1 675
UNKL	
ЮУНК ао
156	
2 399 840	
8 330	
8 390	
8 200	
8 550	
8 240
RBCM	
РБК ао
286	
2 321 988	
3,452	
3,426	
3,426	
3,476	
3,44
MRSB	
МордЭнСб
214	
2 260 970	
0,433	
0,435	
0,421	
0,45	
0,439
MSTT	
Мостотрест
200	
2 216 401	
159,7	
159,9	
158,65	
161	
159,35
IRKT	
ИРКУТ-3
218	
2 180 534	
36,66	
35,88	
35,86	
37,3	
36,22
ALBK	
БестЭфБ ао
300	
2 084 370	
58,5	
54	
54	
59,5	
59,5
UWGN	
ОВК ао
168	
2 065 354	
235,1	
234,9	
234,5	
237,7	
235,8
JNOS	
Славн-ЯНОС
276	
1 923 615	
19,7	
19,4	
19	
20,65	
19,6
PMSB	
ПермьЭнСб
135	
1 916 081	
139,1	
138,2	
137	
140	
137,8
ZILL	
ЗИЛ ао
83	
1 851 245	
2 695	
2 695	
2 645	
2 700	
2 675
RGSS	
РГС СК ао
244	
1 842 633	
0,151	
0,1516	
0,1502	
0,1536	
0,1512
APTK	
Аптеки36и6
1 203	
1 797 547	
13,436	
13,432	
13,408	
13,49	
13,408
PMSBP	
ПермьЭнС-п
181	
1 774 926	
134,6	
136	
133	
136,6	
135
GAZA	
ГАЗ ао
78	
1 754 485	
406	
402	
401	
420	
420
TGKBP	
ТГК-2 ап
109	
1 726 020	
0,00764	
0,00763	
0,00744	
0,00788	
0,00753
KUBE	
Кубанэнр
261	
1 688 376	
76,4	
77,3	
75,3	
78,9	
77
KAZTP	
Куйбазот-п
124	
1 654 852	
151	
146,2	
146	
153	
149,4
BELU	
Белуга ао
252	
1 634 214	
1 316	
1 326	
1 305	
1 326	
1 320
UTAR	
ЮТэйр ао
212	
1 517 759	
7,13	
7,19	
7,1	
7,29	
7,12
TNSE	
ТНСэнрг ао
91	
1 395 205	
1 040	
1 050	
1 030	
1 075	
1 055
NAUK	
iНПОНаука
214	
1 326 594	
208,4	
207	
203,4	
210,4	
207,8
KTSBP	
КСБ ап
34	
1 296 995	
0,297	
0,295	
0,2915	
0,3015	
0,299
LSNG	
РСетиЛЭ
361	
1 275 737	
6,09	
6,12	
6,04	
6,13	
6,06
MRKU	
МРСК Ур
95	
1 270 596	
0,1538	
0,155	
0,153	
0,1552	
0,1532
STSB	
СтаврЭнСб
322	
1 225 377	
0,6755	
0,685	
0,63	
0,7	
0,6525
MRKS	
РсетСиб ао
46	
1 223 265	
0,2405	
0,2395	
0,2395	
0,2415	
0,2405
TORSP	
ТРК ап
95	
1 213 135	
0,29	
0,276	
0,2735	
0,296	
0,29
KZOSP	
ОргСинт ап
450	
1 182 465	
11,95	
12,09	
11,83	
12,12	
11,84
VSYD	
ВыбСудЗ ао
96	
1 137 285	
4 275	
4 200	
4 200	
4 430	
4 200
MAGE	
МагадЭн ао
85	
1 136 720	
6,42	
6,54	
6,32	
6,57	
6,44
PRMB	
Приморье
41	
1 100 200	
26 800	
25 800	
25 800	
27 600	
27 200
LPSB	
ЛЭСК ао
203	
1 091 705	
8,95	
8,75	
8,45	
9,25	
8,95
VGSBP	
ВолгЭнСб-п
204	
1 049 495	
2,345	
2,4	
2,26	
2,4	
2,36
INGR	
ИНГРАД ао
87	
1 007 087	
815	
816	
812	
820	
812
KGKC	
КурганГКао
213	
990 435	
57,5	
62,5	
55,5	
62,5	
57,5
RKKE	
ЭнергияРКК
77	
972 250	
8 450	
8 610	
8 370	
8 620	
8 370
YAKG	
ЯТЭК ао
42	
940 245	
42,55	
42,95	
42,3	
42,95	
42,6
IRGZ	
ИркЭнерго
149	
921 570	
12,22	
12,3	
12,16	
12,32	
12,24
WTCMP	
ЦМТ ап
95	
917 236	
8,46	
8,68	
8,3	
8,68	
8,48
MGNZ	
СМЗ-ао
91	
885 740	
5 030	
5 080	
4 850	
5 280	
5 100
ASSB	
АстрЭнСб
254	
885 256	
0,8115	
0,8415	
0,799	
0,8415	
0,8115
RDRB	
РДБанк ао
80	
860 100	
230	
235	
230	
240	
230
CHGZ	
РН-ЗапСиб
73	
851 540	
53,6	
52,8	
48	
57,4	
53,2
GTRK	
ГТМ ао
191	
818 894	
43,75	
44,1	
43,4	
44,1	
43,55
DVEC	
ДЭК ао
143	
807 872	
0,94	
0,938	
0,927	
0,95	
0,943
SARE	
СаратЭн-ао
201	
801 452	
0,143	
0,1406	
0,14	
0,1498	
0,143
VSYDP	
ВыбСудЗ ап
61	
799 180	
4 080	
4 100	
4 040	
4 180	
4 060
SAGO	
СамарЭн-ао
70	
782 160	
0,478	
0,466	
0,46	
0,484	
0,476
HALS	
Галс-Девел
124	
769 550	
1 233	
1 250	
1 200	
1 272	
1 207
MRKZ	
МРСК СЗ
137	
755 775	
0,052	
0,0518	
0,0517	
0,05265	
0,0519
WTCM	
ЦМТ ао
142	
738 538	
9,68	
10,14	
9,5	
10,14	
9,52
KRKOP	
ТКЗКК ап
139	
727 606	
7,325	
7,215	
7,14	
7,5	
7,27
URKZ	
УрКузница
31	
695 340	
17 820	
17 840	
17 480	
18 000	
17 600
KGKCP	
КурганГКап
143	
683 735	
56	
56,5	
55	
60	
57
DZRDP	
iДонскЗР п
91	
672 290	
1 860	
1 900	
1 840	
1 900	
1 850
SLEN	
Сахэнер ао
103	
656 498	
6,505	
6,715	
6,4	
6,85	
6,42
EELT	
ЕвроЭлтех
123	
649 953	
8,12	
8,02	
7,92	
8,18	
8,14
VLHZ	
ВХЗ-ао
99	
613 469	
54,45	
55,45	
54	
55,45	
54,6
BLNG	
Белон ао
142	
597 007	
4,396	
4,46	
4,35	
4,46	
4,404
RTGZ	
ГазпРнД ао
20	
590 150	
28 100	
28 050	
27 550	
28 600	
28 350
MAGEP	
МагадЭн ап
32	
588 690	
7,75	
7,87	
7,61	
8,06	
7,79
YKENP	
Якутскэн-п
68	
588 310	
0,4265	
0,4235	
0,413	
0,4565	
0,425
VJGZ	
Варьеган
157	
581 039	
677	
691	
661	
691	
670
VZRZP	
Возрожд-п
90	
571 990	
323,2	
326,2	
319,8	
330	
325,4
PAZA	
ПавлАвт ао
51	
566 380	
8 990	
8 910	
8 860	
9 200	
8 930
GAZAP	
ГАЗ ап
59	
532 270	
311,5	
312	
306,5	
314	
314
SAREP	
СаратЭн-ап
113	
518 428	
0,1208	
0,1216	
0,1164	
0,1282	
0,1202
BISVP	
БашИнСв ап
172	
512 815	
10,06	
10,23	
9,86	
10,5	
9,91
GEMA	
iММЦБ ао
125	
501 286	
600,5	
603,5	
599	
603,5	
600
KROT	
КрасОкт-ао
65	
501 060	
401	
408	
396	
408,5	
399
HIMCP	
Химпром ап
78	
488 312	
6,26	
6,29	
6,2	
6,29	
6,24
TASB	
ТамбЭнСб
66	
480 120	
0,453	
0,4585	
0,441	
0,4635	
0,4465
IGST	
Ижсталь2ао
133	
465 684	
993	
997	
969	
1 017	
998
MRKY	
РоссЮг ао
141	
460 850	
0,0512	
0,0514	
0,0509	
0,05155	
0,051
KBSB	
ТНСэКубань
73	
457 735	
152	
150,5	
149	
155	
151,5
ROSB	
Росбанк ао
131	
455 800	
79,4	
80	
77	
81	
77,8
CHMK	
ЧМК ао
55	
452 550	
2 725	
2 765	
2 705	
2 765	
2 720
RUSP	
Русполимет
54	
416 595	
0,631	
0,632	
0,6245	
0,638	
0,633
AVAN	
Авангрд-ао
93	
415 895	
850	
860	
840	
860	
855
JNOSP	
Слав-ЯНОСп
70	
406 106	
14,72	
14,74	
14,4	
14,92	
14,62
MGTS	
МГТС-5ао
52	
397 355	
2 350	
2 330	
2 330	
2 390	
2 370
NFAZ	
Нефтекамск
41	
379 020	
168,6	
167,4	
167	
172	
168,6
ZVEZ	
ЗВЕЗДА ао
32	
359 655	
4,67	
4,56	
4,56	
4,74	
4,73
VJGZP	
Варьеган-п
47	
352 710	
375	
373	
372	
387	
377
ROST	
РОСИНТЕРао
97	
350 922	
62,6	
64,6	
61	
64,6	
62,4
IGSTP	
Ижсталь ап
47	
313 023	
915	
925	
903	
925	
905
MRKK	
Россети СК
54	
310 563	
25,88	
25,9	
25,76	
26,08	
25,98
ARSA	
Арсагера
39	
302 270	
4,14	
4,18	
4,12	
4,18	
4,13
KOGK	
КоршГОК ао
5	
299 000	
49 800	
49 800	
49 600	
50 000	
50 000
ELTZ	
Электрцинк
95	
281 963	
192	
190	
189,5	
193,5	
193
KROTP	
КрасОкт-1п
33	
276 970	
274	
279,5	
272	
280	
274
DZRD	
iДонскЗР
53	
246 295	
2 325	
2 340	
2 250	
2 370	
2 330
YRSB	
ТНСэнЯр
27	
220 520	
186	
188	
184	
190	
186
TGKDP	
Квадра-п
51	
218 417	
0,004285	
0,004225	
0,004225	
0,00434	
0,004295
KCHE	
КамчатЭ ао
34	
216 070	
0,2185	
0,22	
0,215	
0,22	
0,219
CHKZ	
ЧКПЗ ао
29	
214 080	
5 780	
5 860	
5 700	
5 880	
5 800
UKUZ	
ЮжКузб. ао
47	
211 374	
546	
550	
540	
556	
546
RAVN	
Raven
25	
211 135	
30,15	
30,2	
30,1	
30,35	
30,15
KMEZ	
КМЗ
153	
205 554	
528,5	
530	
515,5	
540	
539,5
KUZB	
КузнецкийБ
214	
187 389	
0,01536	
0,01533	
0,01507	
0,01552	
0,01536
MFGS	
Мегион-ао
35	
178 585	
396,5	
392	
385	
406	
385
KTSB	
КСБ ао
65	
173 020	
0,74	
0,76	
0,724	
0,764	
0,74
RLMN	
Роллман
51	
158 326	
19,25	
19,1	
19	
19,35	
19,35
LVHK	
Левенгук
42	
141 492	
8,32	
8,31	
8,2	
8,39	
8,32
KRSB	
Красэсб ао
16	
132 490	
7,36	
7,4	
7,3	
7,49	
7,39
KBTK	
КузбТК ао
28	
123 832	
153	
153,2	
151,4	
153,2	
153
NKSH	
Нижкамшина
20	
123 542	
22,46	
22,52	
22,28	
22,62	
22,54
MISB	
ТНСэнМарЭл
26	
114 930	
12,9	
13	
12,8	
13	
12,9
UCSS	
ОКС ао
20	
110 320	
1 470	
1 450	
1 450	
1 480	
1 450
SAGOP	
СамарЭн-ап
18	
99 490	
0,415	
0,42	
0,41	
0,42	
0,411
KRSBP	
Красэсб ап
12	
95 560	
7,36	
7,44	
7,16	
7,54	
7,36
MISBP	
ТНСэМаЭл-п
40	
90 690	
12,1	
12,1	
11,9	
12,2	
12,2
OMZZP	
ОМЗ-ап
19	
86 375	
3 600	
3 585	
3 575	
3 690	
3 585
TASBP	
ТамбЭнСб-п
19	
76 865	
0,3495	
0,3455	
0,3455	
0,36	
0,3515
RLMNP	
Роллман-п
40	
60 354	
19,22	
19,4	
19,06	
19,42	
19,3
KCHEP	
КамчатЭ ап
12	
55 410	
0,396	
0,4	
0,388	
0,403	
0,395
KRKN	
СаратНПЗ
4	
51 700	
12 950	
12 950	
12 900	
12 950	
12 900
TORS	
ТРК ао
10	
51 620	
0,469	
0,47	
0,464	
0,473	
0,468
MFGSP	
Мегион-ап
7	
36 780	
334,5	
334	
330	
335	
330
RUSI	
ИКРУСС-ИНВ
7	
34 990	
38,9	
38,7	
38,6	
39	
38,7
KUNF	
КУЗОЦМ ао
0	
0	
-	
-	
-	
-	
-
PRTK	
ПРОТЕК ао
0	
0	
-	
-	
-	
-	
99,6
GAZC	
ГАЗКОН-ао
0	
0	
-	
-	
-	
-	
295
GTSS	
ГЕОТЕК ао
0	
0	
-	
-	
-	
-	
-
NPOF	
Физика ао
0	
0	
-	
-	
-	
-	
11 850
TRCN	
ТрансК ао
0	
0	
-	
-	
-	
-	
8 595
KMTZ	
КосогМЗ ао
0	
0	
-	
-	
-	
-	
-
KZMS	
КЗМС ао
0	
0	
-	
-	
-	
-	
226
TRFM	
ТрансФ ао
0	
0	
-	
-	
-	
-	
-
GAZS	
ГАЗ-сервис
0	
0	
-	
-	
-	
-	
293
HIMC	
Химпром ао
0	
0	
-	
-	
-	
-	
0,99
GAZT	
ГАЗ-Тек ао
0	
0	
-	
-	
-	
-	
85
KSGR	
Кокс ао
0	
0	
-	
-	
-	
-	
-
MOBB	
МосОблБанк
0	
0	
-	
-	
-	
-	
0,698
URKA	
Уркалий-ао
0	
0	
-	
-	
-	
-	
119,04
VZRZ	
Возрожд-ао
0	
0	
-	
-	
-	
-	
480
BISV	
БашИнСв ао
0	
0	
-	
-	
-	
-	
8,7
MFON	
МегаФон ао
0	
0	
-	
-	
-	
-	
650,6
KRKO	
ТКЗКК ао
0	
0	
-	
-	
-	
-	
11,8
MORI	
Морион ао
0	
0	
-	
-	
-	
-	
4,31