SBER	
Сбербанк
93 108	
13 685 370 763	
190,8	
192,5	
188,28	
192,7	
191,8
LKOH	
ЛУКОЙЛ
52 824	
7 803 092 054	
4 613	
4 696	
4 545	
4 697	
4 620
GAZP	
ГАЗПРОМ ао
54 408	
7 190 727 980	
185,4	
187,06	
183,54	
187,87	
184,68
ROSN	
Роснефть
37 983	
4 573 637 824	
311,85	
312	
307,3	
314,75	
313,9
GMKN	
ГМКНорНик
21 260	
3 954 184 486	
19 776	
19 910	
19 606	
19 936	
19 718
TATN	
Татнфт 3ао
34 105	
3 161 904 134	
518,5	
522,1	
513,4	
527,5	
516,4
MOEX	
МосБиржа
47 928	
2 835 811 791	
112,28	
109,9	
109,52	
113,77	
113,37
PLZL	
Полюс
24 887	
2 737 742 876	
11 701,5	
11 734,5	
11 570,5	
11 888	
11 685
NVTK	
Новатэк ао
24 549	
2 359 075 118	
961,2	
950	
942,2	
977	
957,8
SBERP	
Сбербанк-п
35 070	
2 059 346 800	
173,03	
175	
165,5	
175,03	
174,1
POLY	
Polymetal
29 773	
1 816 492 228	
1 415,6	
1 424	
1 389,5	
1 452,7	
1 402,9
SNGS	
Сургнфгз
16 133	
1 679 526 151	
34,46	
34,76	
33,965	
34,85	
34,36
ALRS	
АЛРОСА ао
29 770	
1 613 950 824	
60,26	
60,01	
59,02	
61,1	
60,78
VTBR	
ВТБ ао
35 972	
1 394 950 593	
0,034365	
0,0348	
0,034	
0,0348	
0,0343
AFLT	
Аэрофлот
27 254	
1 320 893 300	
73,86	
74,94	
72,52	
75,48	
74,2
YNDX	
Yandex clA
18 503	
1 224 131 250	
2 647,2	
2 659,6	
2 620,2	
2 668,8	
2 630,4
TRNFP	
Транснф ап
4 713	
1 210 972 300	
155 750	
158 100	
149 250	
163 350	
150 000
IRAO	
ИнтерРАОао
18 425	
1 178 714 808	
4,977	
4,94	
4,867	
5,069	
4,97
MTSS	
МТС-ао
14 678	
1 085 985 298	
306,5	
306,35	
304,4	
309,85	
305,35
MGNT	
Магнит ао
15 978	
944 810 189	
3 236	
3 253	
3 200	
3 263,5	
3 236
NLMK	
НЛМК ао
13 630	
716 766 620	
126,66	
127,3	
125,52	
127,98	
126,1
TATNP	
Татнфт 3ап
15 004	
713 074 480	
495	
499	
490,5	
500	
494
SNGSP	
Сургнфгз-п
10 454	
600 533 234	
36,785	
36,7	
36,16	
37,24	
36,995
SIBN	
Газпрнефть
10 448	
558 632 102	
310,6	
312,75	
305,7	
314,7	
310,1
CHMF	
СевСт-ао
12 094	
525 822 650	
868,2	
869,4	
862,2	
877,2	
864,6
FIVE	
FIVE-гдр
9 117	
500 224 373	
2 168	
2 176	
2 105	
2 210	
2 113
TCSG	
TCS-гдр
14 478	
450 939 953	
894,2	
915	
877,8	
922,8	
895
DSKY	
ДетскийМир
22 215	
423 101 393	
91,74	
94,58	
90,74	
94,9	
91,3
HYDR	
РусГидро
12 236	
419 020 628	
0,6159	
0,6162	
0,6095	
0,623	
0,6156
RSTI	
Россети ао
10 326	
378 757 661	
1,2658	
1,2905	
1,2507	
1,2911	
1,2661
MAGN	
ММК
6 402	
359 402 293	
38,98	
39,255	
38,465	
39,445	
38,73
FEES	
ФСК ЕЭС ао
8 614	
350 660 308	
0,17586	
0,177	
0,17404	
0,17868	
0,1752
RUAL	
RUSAL plc
11 631	
334 376 756	
25,72	
25,8	
25,43	
25,95	
25,6
AFKS	
Система ао
11 270	
327 865 032	
13,257	
13,239	
13,14	
13,37	
13,327
TRMK	
ТМК ао
4 386	
315 597 438	
57,5	
57,7	
57,16	
57,8	
57,44
ISKJ	
iИСКЧ ао
18 533	
309 247 086	
40,82	
42,07	
32,81	
46,24	
39,28
RASP	
Распадская
6 825	
306 969 285	
103,2	
102,44	
100,38	
105,48	
104,6
CBOM	
МКБ ао
17 630	
256 312 584	
5,336	
5,334	
5,308	
5,373	
5,335
RTKM	
Ростел -ао
9 477	
250 245 721	
79,13	
79,5	
78	
80,94	
78,26
PHOR	
ФосАгро ао
4 168	
165 515 400	
2 636	
2 609	
2 600	
2 654	
2 627
TGKA	
ТГК-1
6 367	
137 325 993	
0,011044	
0,011012	
0,010704	
0,011238	
0,011034
UPRO	
Юнипро ао
4 484	
131 392 560	
2,715	
2,75	
2,68	
2,763	
2,69
LIFE	
iФармсинтз
7 459	
122 285 476	
9,56	
9,8	
9,02	
10,56	
9,225
MVID	
М.видео
4 835	
112 276 450	
335,3	
349	
330,3	
349	
337
BANEP	
Башнефт ап
4 240	
112 007 357	
1 359	
1 366,5	
1 338,5	
1 385	
1 385
OGKB	
ОГК-2 ао
5 753	
108 103 470	
0,6014	
0,5937	
0,5916	
0,6101	
0,6046
MTLR	
Мечел ао
7 466	
95 853 535	
66,14	
65,9	
65,21	
66,78	
66,78
LSRG	
ЛСР ао
5 827	
77 406 159	
578,2	
577	
573	
583,6	
574,8
GEMA	
iММЦБ ао
5 339	
68 003 187	
860	
1 017	
773	
1 024	
802
ETLN	
ETLN-гдр
6 845	
50 339 042	
83,08	
88	
81,06	
88	
82
ENRU	
ЭнелРос ао
2 497	
46 914 953	
0,899	
0,9075	
0,891	
0,915	
0,891
MTLRP	
Мечел ап
1 567	
45 035 380	
63,25	
63	
62,5	
63,7	
63
NKNCP	
НКНХ ап
2 078	
43 975 148	
83,64	
84	
83,3	
84	
83,66
AGRO	
AGRO-гдр
3 476	
40 212 946	
605,6	
598	
580,8	
619	
609,4
LNZL	
Лензолото
1 613	
37 825 570	
8 840	
9 160	
8 500	
9 250	
8 860
QIWI	
iQIWI
2 083	
36 725 254	
909,5	
915	
900,5	
918,5	
905
PIKK	
ПИК ао
2 157	
34 794 070	
390,1	
395,7	
387,3	
395,7	
389,6
BANE	
Башнефт ао
1 966	
33 243 733	
1 673	
1 685	
1 651	
1 706	
1 677,5
DIOD	
ЗаводДИОД
4 558	
29 511 250	
7,11	
8,36	
6,71	
8,49	
6,92
AKRN	
Акрон
1 216	
26 764 342	
5 762	
5 780	
5 702	
5 846	
5 762
MSNG	
+МосЭнерго
1 276	
25 586 795	
1,9125	
1,9285	
1,898	
1,9385	
1,8995
RTKMP	
Ростел -ап
1 550	
19 120 673	
66,3	
65,9	
65,7	
66,7	
66,45
ENPG	
ЭН+ГРУП ао
213	
19 031 476	
565	
573	
559,4	
573	
572
LNTA	
Лента др
2 818	
15 027 491	
147,8	
148	
146,8	
148,3	
148
APTK	
Аптеки36и6
4 038	
14 589 304	
13,202	
13,3	
13,1	
13,48	
13,152
BELU	
Белуга ао
639	
13 201 972	
1 558	
1 470	
1 470	
1 599	
1 550
VSMO	
ВСМПО-АВСМ
304	
12 257 240	
19 540	
19 940	
18 800	
20 260	
19 440
SELG	
Селигдар
1 068	
11 591 267	
23,15	
23,03	
22,85	
23,54	
22,99
PAZA	
ПавлАвт ао
617	
9 368 090	
8 160	
7 130	
7 130	
8 750	
8 010
FESH	
ДВМП ао
502	
9 238 884	
6,22	
6,31	
6,07	
6,37	
6,22
MSTT	
Мостотрест
733	
8 947 525	
157,55	
154,35	
151,4	
160,6	
159,45
NMTP	
НМТП ао
881	
8 352 866	
8,62	
8,65	
8,575	
8,655	
8,635
MRKP	
МРСК ЦП
686	
8 135 704	
0,1724	
0,166	
0,166	
0,1739	
0,1735
BSPB	
БСП ао
1 365	
8 076 475	
42,33	
41,91	
41,91	
42,98	
42,2
RNFT	
РуссНфт ао
1 661	
7 481 826	
423	
437,6	
416	
438	
417
NKNC	
НКНХ ао
648	
7 162 532	
100,6	
100	
100	
101,65	
100,65
RSTIP	
Россети ап
513	
6 462 876	
1,499	
1,497	
1,481	
1,527	
1,505
USBN	
УралСиб ао
725	
6 451 558	
0,0723	
0,07	
0,068	
0,077	
0,0758
SFIN	
САФМАР ао
514	
5 390 806	
447,4	
455,8	
445,2	
455,8	
448,4
GCHE	
ЧеркизГ-ао
668	
5 010 179	
1 738,5	
1 761	
1 731,5	
1 761	
1 735
GTRK	
ГТМ ао
983	
4 867 105	
45,8	
44,6	
43,5	
47,5	
45,3
TGKB	
ТГК-2
299	
4 513 260	
0,003695	
0,00365	
0,00365	
0,003765	
0,00369
OBUV	
ОР ао
812	
4 131 635	
30,6	
30,95	
30,25	
30,95	
30,8
AMEZ	
АшинскийМЗ
607	
3 941 792	
3,725	
3,81	
3,695	
3,82	
3,77
LNZLP	
Лензол. ап
392	
3 926 550	
3 905	
4 045	
3 840	
4 050	
3 905
MGTSP	
МГТС-4ап
311	
3 830 418	
2 194	
2 210	
2 170	
2 242	
2 198
MRKV	
МРСКВол
467	
3 701 099	
0,07	
0,0695	
0,06925	
0,0713	
0,0697
TRCN	
ТрансК ао
64	
3 686 175	
8 285	
8 380	
8 200	
8 380	
8 240
KRKNP	
СаратНПЗ-п
84	
3 203 540	
15 040	
15 160	
14 980	
15 260	
15 040
CNTLP	
Телеграф-п
421	
3 107 262	
18,1	
17,9	
17,86	
18,4	
18,24
MRKC	
МРСК Центр
373	
2 826 644	
0,2436	
0,242	
0,241	
0,2446	
0,2438
RUGR	
Русгрэйн
2 411	
2 798 214	
7,586	
7,606	
7,198	
7,8	
7,596
BISVP	
БашИнСв ап
235	
2 749 730	
6,52	
6,48	
6,2	
6,74	
6,58
UNAC	
iАвиастКао
236	
2 417 271	
0,4845	
0,4855	
0,4715	
0,498	
0,489
AQUA	
РусАква ао
186	
2 278 525	
204,5	
205,5	
203	
207	
204,5
TGKN	
ТГК-14
170	
2 254 720	
0,00324	
0,00331	
0,00317	
0,00335	
0,00322
VRSBP	
ТНСэнВор-п
227	
2 231 100	
34,5	
31	
30,5	
41,5	
31
KRKOP	
ТКЗКК ап
679	
2 209 023	
4,605	
3,91	
3,885	
5,085	
4,165
HIMCP	
Химпром ап
381	
2 128 982	
5,97	
5,8	
5,8	
6,13	
5,97
KZOS	
ОргСинт ао
360	
2 122 026	
94,9	
95	
93,2	
95,6	
94,8
MSRS	
МОЭСК
207	
2 011 167	
1,001	
0,9995	
0,9915	
1,019	
1,0015
UTAR	
ЮТэйр ао
142	
1 824 047	
6,23	
6,29	
6,16	
6,3	
6,29
TTLK	
Таттел. ао
166	
1 692 950	
0,296	
0,2945	
0,294	
0,297	
0,2965
MRKZ	
МРСК СЗ
266	
1 671 164	
0,04845	
0,0467	
0,0467	
0,0491	
0,0489
RUSP	
Русполимет
158	
1 523 015	
0,6045	
0,5955	
0,5605	
0,625	
0,6005
RBCM	
РБК ао
380	
1 493 759	
3,064	
3,032	
3,032	
3,12	
3,05
SVAV	
СОЛЛЕРС
168	
1 379 345	
253,5	
255,5	
249,5	
258,5	
253,5
KROT	
КрасОкт-ао
113	
1 284 005	
323,5	
318,5	
307	
336	
323
KZOSP	
ОргСинт ап
575	
1 279 649	
12,3	
12,87	
12,02	
12,87	
12,36
ALNU	
АЛРОСА-Нюр
21	
1 216 800	
46 800	
46 000	
46 000	
47 200	
47 200
HALS	
Галс-Девел
229	
1 168 768	
747	
747	
715	
776	
730
RGSS	
РГС СК ао
281	
1 120 598	
0,1442	
0,144	
0,1422	
0,1474	
0,144
SELGP	
Селигдар-п
143	
1 091 855	
27,65	
27,55	
27,4	
27,95	
27,75
IRKT	
ИРКУТ-3
109	
1 088 072	
30,48	
30,34	
29,88	
31,22	
30,14
KMAZ	
КАМАЗ
235	
1 020 886	
53,2	
52,8	
52,8	
53,8	
53
TGKD	
Квадра
109	
913 288	
0,00294	
0,00293	
0,002915	
0,002975	
0,00295
VLHZ	
ВХЗ-ао
115	
911 622	
49,7	
49,8	
49,05	
50,35	
49,4
PRTK	
ПРОТЕК ао
121	
893 646	
97,5	
96,8	
96,8	
98,5	
97,1
KUBE	
Кубанэнр
56	
891 261	
60,7	
59	
59	
61,2	
60,9
AVAN	
Авангрд-ао
128	
873 365	
920	
900	
890	
950	
945
MOBB	
МосОблБанк
148	
855 978	
2,338	
2,37	
2,29	
2,37	
2,324
MFGS	
Мегион-ао
27	
851 865	
349	
347	
340	
350	
348,5
NSVZ	
НаукаСвяз
149	
847 145	
220	
224	
211,5	
234	
222
NNSB	
ТНСэнНН ао
126	
825 765	
1 365	
1 350	
1 265	
1 450	
1 295
PMSBP	
ПермьЭнС-п
115	
782 098	
134,4	
137	
129,4	
138	
134,8
NKHP	
НКХП ао
114	
743 655	
232,5	
235,5	
228	
237	
231,5
MRKS	
МРСКСиб
31	
694 465	
0,2145	
0,214	
0,2115	
0,2185	
0,215
VRSB	
ТНСэнВорон
75	
680 540	
48,4	
47,2	
47	
49,6	
47,4
KMEZ	
КМЗ
230	
658 721	
415,5	
424	
410	
430	
418
DVEC	
ДЭК ао
125	
616 977	
0,766	
0,784	
0,743	
0,786	
0,774
CNTL	
Телеграф
130	
606 640	
21,75	
21,75	
21,45	
22,3	
21,95
YKEN	
Якутскэнрг
51	
549 705	
0,3175	
0,315	
0,31	
0,3275	
0,3275
BRZL	
БурЗолото
90	
530 923	
826	
832	
825	
832	
825
UWGN	
ОВК ао
146	
528 063	
240,4	
239,4	
237,2	
245,7	
242,4
CHEP	
ЧТПЗ ао
94	
510 140	
197	
195,5	
195,5	
199	
196
IRGZ	
ИркЭнерго
106	
488 346	
11,24	
11,34	
11,02	
11,38	
11,24
RLMN	
Роллман
252	
487 237	
17,6	
17,4	
17,15	
18,5	
17,4
MRKY	
РоссЮг ао
97	
481 579	
0,051	
0,0504	
0,0503	
0,05135	
0,051
WTCM	
ЦМТ ао
80	
447 814	
9,26	
9,24	
8,98	
9,48	
9,3
ZILL	
ЗИЛ ао
27	
405 046	
1 308	
1 334	
1 300	
1 334	
1 320
VZRZP	
Возрожд-п
90	
396 776	
310	
295,8	
295,8	
340	
303,2
MGNZ	
СМЗ-ао
20	
388 200	
4 040	
4 010	
3 970	
4 160	
4 160
UCSS	
ОКС ао
58	
383 570	
1 440	
1 470	
1 430	
1 470	
1 460
DASB	
ДагСб ао
84	
354 060	
0,0924	
0,0939	
0,0912	
0,094	
0,0926
TGKBP	
ТГК-2 ап
38	
352 990	
0,00642	
0,00646	
0,00634	
0,00649	
0,0064
UNKL	
ЮУНК ао
34	
345 020	
3 420	
3 340	
3 340	
3 510	
3 470
KBTK	
КузбТК ао
48	
340 606	
158,4	
158,6	
155,8	
161,8	
160,8
NFAZ	
Нефтекамск
48	
338 464	
135,4	
132,8	
129,2	
138,6	
137,6
ROLO	
Русолово
49	
331 444	
3,81	
3,8	
3,77	
3,93	
3,798
MRKU	
МРСК Ур
48	
326 878	
0,148	
0,1476	
0,1464	
0,1492	
0,148
YAKG	
ЯТЭК ао
44	
321 086	
50,98	
51	
50	
52,68	
51,08
MAGE	
МагадЭн ао
30	
319 060	
4,91	
4,67	
4,67	
4,97	
4,92
DZRD	
iДонскЗР
78	
308 956	
2 132	
2 286	
2 050	
2 290	
2 122
GAZA	
ГАЗ ао
37	
293 090	
385,5	
383	
381,5	
399	
386
WTCMP	
ЦМТ ап
65	
290 286	
8,88	
8,9	
8,72	
8,94	
8,82
MRSB	
МордЭнСб
31	
284 390	
0,351	
0,346	
0,343	
0,356	
0,35
KUZB	
КузнецкийБ
232	
279 448	
0,01698	
0,01714	
0,01601	
0,0175	
0,01679
ZVEZ	
ЗВЕЗДА ао
38	
269 505	
4,21	
4,3	
4,14	
4,315	
4,18
KCHEP	
КамчатЭ ап
10	
263 870	
0,377	
0,38	
0,351	
0,38	
0,378
TORS	
ТРК ао
38	
255 310	
0,381	
0,383	
0,369	
0,404	
0,371
BLNG	
Белон ао
45	
240 971	
3,996	
3,99	
3,99	
4,002	
3,992
RZSB	
РязЭнСб
26	
237 780	
6,26	
6,37	
6,11	
6,37	
6,29
YKENP	
Якутскэн-п
17	
222 665	
0,293	
0,2935	
0,2905	
0,2955	
0,2925
NKSH	
Нижкамшина
33	
221 872	
22,64	
21,94	
21,94	
23,44	
22,4
KOGK	
КоршГОК ао
4	
216 200	
43 200	
43 600	
43 000	
43 600	
43 200
TORSP	
ТРК ап
30	
214 120	
0,252	
0,2565	
0,25	
0,259	
0,256
TGKDP	
Квадра-п
84	
211 186	
0,00371	
0,003585	
0,003585	
0,003795	
0,003745
PMSB	
ПермьЭнСб
61	
202 761	
136,1	
133,5	
132,4	
137,4	
136,3
NAUK	
iНПОНаука
57	
197 900	
170,6	
173	
168,8	
173,8	
173,8
ROST	
РОСИНТЕРао
42	
197 020	
58,6	
58,6	
57,8	
59,8	
58,8
SLEN	
Сахэнер ао
52	
182 404	
4	
3,935	
3,93	
4,05	
4,025
IGST	
Ижсталь2ао
60	
180 363	
859	
802	
796	
898	
850
CHMK	
ЧМК ао
29	
179 265	
2 330	
2 285	
2 285	
2 360	
2 310
GAZAP	
ГАЗ ап
19	
167 135	
315,5	
313	
313	
323	
313
LVHK	
Левенгук
102	
162 257	
8,11	
8,14	
8	
8,28	
8,28
ABRD	
АбрауДюрсо
71	
156 775	
134	
134,5	
133,5	
134,5	
134
UKUZ	
ЮжКузб. ао
22	
144 148	
510	
520	
504	
520	
508
MFGSP	
Мегион-ап
22	
133 750	
326	
317,5	
317,5	
330,5	
328
URKZ	
УрКузница
11	
132 180	
10 160	
10 440	
10 000	
10 460	
10 160
JNOS	
Славн-ЯНОС
28	
131 880	
16,9	
16,65	
16,65	
17,1	
16,95
RTGZ	
ГазпРнД ао
5	
131 700	
21 950	
21 550	
21 550	
22 150	
22 150
TASBP	
ТамбЭнСб-п
20	
130 805	
0,2045	
0,194	
0,194	
0,21	
0,2
KRSB	
Красэсб ао
11	
129 210	
5,62	
5,91	
5,6	
5,91	
5,6
VGSB	
ВолгЭнСб
17	
122 140	
1,455	
1,455	
1,42	
1,5	
1,495
KAZTP	
Куйбазот-п
26	
119 746	
146	
149,8	
145,2	
149,8	
147,2
KTSB	
КСБ ао
41	
118 372	
0,484	
0,49	
0,472	
0,512	
0,486
MAGEP	
МагадЭн ап
9	
112 900	
4,18	
4,17	
4,115	
4,275	
4,155
MRKK	
Россети СК
70	
110 099	
26,6	
26,08	
25,82	
27,2	
26,14
CHKZ	
ЧКПЗ ао
7	
100 940	
5 320	
5 180	
5 180	
5 340	
5 320
KLSB	
КалужскСК
44	
99 445	
10,25	
10,19	
10,15	
10,4	
10,35
DZRDP	
iДонскЗР п
25	
98 580	
1 620	
1 650	
1 600	
1 660	
1 610
KROTP	
КрасОкт-1п
14	
96 950	
220,5	
205	
205	
234,5	
233
ELTZ	
Электрцинк
80	
92 186	
170,5	
173,5	
166	
173,5	
172
ROSB	
Росбанк ао
34	
88 476	
69,8	
71	
69	
71,4	
71
LPSB	
ЛЭСК ао
49	
88 080	
7,3	
7,15	
7,15	
7,4	
7,35
RLMNP	
Роллман-п
59	
87 899	
18,52	
18,06	
17,92	
19,2	
18,06
VJGZP	
Варьеган-п
15	
75 880	
304	
304	
300	
306	
302
VSYDP	
ВыбСудЗ ап
10	
72 420	
2 780	
2 680	
2 680	
2 840	
2 780
OMZZP	
ОМЗ-ап
17	
71 720	
3 415	
3 315	
3 315	
3 485	
3 450
IGSTP	
Ижсталь ап
25	
68 484	
744	
714	
714	
760	
742
MISB	
ТНСэнМарЭл
22	
66 720	
11,3	
11,6	
10,9	
11,8	
11,2
KAZT	
Куйбазот
16	
65 590	
145,8	
148	
145,2	
148	
146,8
KGKCP	
КурганГКап
8	
65 330	
51,5	
55,5	
50	
55,5	
54,5
SARE	
СаратЭн-ао
13	
64 102	
0,1146	
0,1076	
0,1076	
0,118	
0,1174
VGSBP	
ВолгЭнСб-п
32	
61 785	
1,03	
1,015	
0,985	
1,105	
1,04
RDRB	
РДБанк ао
22	
60 000	
260	
260	
255	
265	
260
RUSI	
ИКРУСС-ИНВ
9	
55 910	
37,3	
37	
37	
38,6	
37,2
PRMB	
Приморье
3	
54 400	
18 200	
17 800	
17 800	
18 600	
18 000
TASB	
ТамбЭнСб
9	
51 520	
0,271	
0,26	
0,26	
0,2725	
0,268
VSYD	
ВыбСудЗ ао
17	
47 420	
2 790	
2 735	
2 735	
2 835	
2 760
STSB	
СтаврЭнСб
22	
46 961	
0,3405	
0,3335	
0,3335	
0,346	
0,345
RKKE	
ЭнергияРКК
5	
43 500	
4 830	
4 800	
4 800	
4 860	
4 860
INGR	
ИНГРАД ао
21	
39 185	
754	
700	
699	
765	
761
MGTS	
МГТС-5ао
11	
36 805	
2 630	
2 650	
2 620	
2 655	
2 625
VJGZ	
Варьеган
16	
36 000	
600	
599	
593	
619	
598
ARSA	
Арсагера
3	
34 880	
3,17	
3,16	
3,16	
3,18	
3,18
KRKN	
СаратНПЗ
3	
34 200	
11 400	
11 300	
11 300	
11 500	
11 400
SAGO	
СамарЭн-ао
8	
30 740	
0,384	
0,384	
0,38	
0,388	
0,382
KRSBP	
Красэсб ап
4	
27 820	
5,56	
5,64	
5,4	
5,64	
5,58
RAVN	
Raven
4	
25 735	
32,15	
32,05	
32,05	
32,2	
32,2
SAGOP	
СамарЭн-ап
6	
22 770	
0,38	
0,378	
0,371	
0,382	
0,371
ASSB	
АстрЭнСб
12	
20 459	
0,5685	
0,5685	
0,564	
0,569	
0,568
KCHE	
КамчатЭ ао
7	
19 870	
0,1805	
0,1865	
0,176	
0,1865	
0,1795
RTSBP	
ТНСэнРст-п
5	
19 870	
0,248	
0,25	
0,245	
0,25	
0,246
SZPR	
СЗПароход
11	
18 146	
756	
750	
742	
768	
764
CHGZ	
РН-ЗапСиб
6	
18 100	
30,2	
30,8	
28,6	
31	
31
KGKC	
КурганГКао
3	
16 130	
52	
52	
52	
53	
52
KTSBP	
КСБ ап
5	
14 070	
0,2345	
0,2305	
0,2305	
0,2455	
0,238
NNSBP	
ТНСэнНН ап
4	
12 920	
538	
523	
523	
549	
538
JNOSP	
Слав-ЯНОСп
6	
10 874	
13,6	
13,54	
13,46	
13,68	
13,68
YRSB	
ТНСэнЯр
4	
8 060	
162	
164	
158	
164	
160
SAREP	
СаратЭн-ап
7	
6 878	
0,086	
0,0868	
0,0826	
0,0868	
0,0868
TNSE	
ТНСэнрг ао
3	
5 765	
960	
965	
960	
965	
960
STSBP	
СтаврЭнСбп
3	
3 451	
0,2876	
0,2872	
0,2872	
0,289	
0,289
YRSBP	
ТНСэнЯр-п
4	
3 250	
81,5	
82,5	
80	
82,5	
80,5
TUZA	
ТЗА ао
4	
3 220	
81	
81	
79	
81	
81
MISBP	
ТНСэМаЭл-п
2	
2 120	
10,6	
10,6	
10,6	
10,6	
10,6
KBSB	
ТНСэКубань
1	
1 365	
136,5	
136,5	
136,5	
136,5	
136,5
ALBK	
БестЭфБ ао
2	
1 040	
52	
51,5	
51,5	
52,5	
52,5
BISV	
БашИнСв ао
0	
0	
-	
-	
-	
-	
8,7
ENPL	
ENPL-гдр
0	
0	
531,2	
-	
-	
-	
531,2
GAZC	
ГАЗКОН-ао
0	
0	
-	
-	
-	
-	
295
GAZS	
ГАЗ-сервис
0	
0	
-	
-	
-	
-	
293
GAZT	
ГАЗ-Тек ао
0	
0	
-	
-	
-	
-	
85
GTSS	
ГЕОТЕК ао
0	
0	
-	
-	
-	
-	
-
HIMC	
Химпром ао
0	
0	
-	
-	
-	
-	
0,99
KMTZ	
КосогМЗ ао
0	
0	
-	
-	
-	
-	
-
KRKO	
ТКЗКК ао
0	
0	
-	
-	
-	
-	
11,8
KSGR	
Кокс ао
0	
0	
-	
-	
-	
-	
-
KUNF	
КУЗОЦМ ао
0	
0	
-	
-	
-	
-	
-
KZMS	
КЗМС ао
0	
0	
-	
-	
-	
-	
226
LSNG	
Ленэнерго
0	
0	
-	
-	
-	
-	
5,66
LSNGP	
Ленэнерг-п
0	
0	
-	
-	
-	
-	
119,95
MFON	
МегаФон ао
0	
0	
-	
-	
-	
-	
650,6
MORI	
Морион ао
0	
0	
-	
-	
-	
-	
4,31
NPOF	
Физика ао
0	
0	
-	
-	
-	
-	
11 850
RTSB	
ТНСэнРст
0	
0	
0,375	
-	
-	
-	
0,315
TRFM	
ТрансФ ао
0	
0	
-	
-	
-	
-	
-
URKA	
Уркалий-ао
0	
0	
-	
-	
-	
-	
119,04
VZRZ	
Возрожд-ао
0	
0	
-	
-	
-	
-	
480
RU000A0JVT35	
ИСУ ЕФГ-3
0	
0	
-	
-	
-	
-	
400