SBER	
Сбербанк
82 123	
11 802 788 689	
208,61	
208,52	
206,94	
210,35	
208,14
LKOH	
ЛУКОЙЛ
34 835	
7 274 647 441	
5 362,5	
5 418	
5 301	
5 441,5	
5 343
GAZP	
ГАЗПРОМ ао
52 328	
6 796 396 555	
196,99	
197,98	
195,21	
199,08	
195,86
GMKN	
ГМКНорНик
28 595	
5 541 761 634	
19 394	
19 546	
19 174	
19 632	
19 256
TATN	
Татнфт 3ао
38 868	
3 596 367 177	
575,8	
582,5	
565,4	
590,2	
565,4
DSKY	
ДетскийМир
67 360	
2 706 828 561	
96,18	
97,2	
97,16	
100,3	
97,4
AFLT	
Аэрофлот
41 735	
2 653 394 562	
87,62	
90,26	
84,68	
90,34	
85
PLZL	
Полюс
20 585	
2 633 822 454	
10 626	
10 399,5	
10 395	
10 749,5	
10 742
ROSN	
Роснефть
17 923	
2 406 687 501	
374	
372,55	
371,05	
376,85	
371,75
MGNT	
Магнит ао
22 751	
2 141 727 187	
3 945	
3 970	
3 904	
3 990	
3 945
YNDX	
Yandex clA
20 681	
1 852 988 142	
3 053,2	
3 024,8	
3 010	
3 074	
3 068,2
HYDR	
РусГидро
35 376	
1 536 711 473	
0,8266	
0,8365	
0,8146	
0,8401	
0,8246
MTSS	
МТС-ао
13 721	
1 438 365 475	
325,9	
328	
323,35	
328,9	
325,75
SNGS	
Сургнфгз
15 126	
1 406 770 159	
39,665	
40,315	
38,9	
40,435	
39,205
SNGSP	
Сургнфгз-п
17 020	
1 393 513 377	
35,115	
34,97	
34,785	
35,355	
34,785
AFKS	
Система ао
28 876	
1 353 603 590	
17,39	
17,2	
17,086	
17,64	
17,484
MOEX	
МосБиржа
16 789	
1 317 515 334	
116,01	
116,4	
115	
117,26	
115
CHMF	
СевСт-ао
22 836	
1 146 807 879	
881,4	
884,2	
876,6	
889,2	
883,6
NLMK	
НЛМК ао
15 409	
1 142 932 096	
136,5	
134,66	
134,16	
137,72	
137,28
ALRS	
АЛРОСА ао
21 276	
1 121 092 476	
64,16	
64,05	
63,64	
64,6	
63,94
SBERP	
Сбербанк-п
19 244	
1 079 505 973	
193,16	
194,89	
191,29	
194,89	
191,29
POLY	
Polymetal
15 868	
1 057 801 369	
1 287,1	
1 284,8	
1 271,3	
1 299	
1 288,9
NVTK	
Новатэк ао
10 372	
986 581 547	
1 079,2	
1 076,2	
1 069,2	
1 087	
1 072,2
VTBR	
ВТБ ао
69 772	
914 193 319	
0,036765	
0,03692	
0,03645	
0,03716	
0,0365
IRAO	
ИнтерРАОао
10 401	
844 828 416	
4,9945	
5,0155	
4,9615	
5,0335	
5
RSTI	
Россети ао
12 019	
616 891 757	
1,5569	
1,5574	
1,5255	
1,594	
1,5617
SIBN	
Газпрнефть
12 571	
549 703 288	
354,75	
358	
352	
358	
354,05
FEES	
ФСК ЕЭС ао
13 858	
546 639 189	
0,18788	
0,188	
0,18566	
0,19034	
0,188
FIVE	
FIVE-гдр
6 932	
418 712 795	
2 280,5	
2 300,5	
2 260	
2 337	
2 260
MAGN	
ММК
6 922	
409 941 557	
39,835	
39,89	
39,315	
40,435	
39,315
BANEP	
Башнефт ап
9 877	
399 850 667	
1 470	
1 460	
1 450	
1 495	
1 459
TATNP	
Татнфт 3ап
8 640	
384 062 418	
558,9	
560,6	
551	
570	
551
TRNFP	
Транснф ап
1 583	
374 996 950	
135 700	
135 500	
134 600	
136 850	
134 600
PHOR	
ФосАгро ао
14 100	
322 105 971	
2 709	
2 747	
2 680	
2 768	
2 701
NMTP	
НМТП ао
11 900	
276 010 915	
11,12	
11,15	
10,96	
11,35	
11,09
TCSG	
TCS-гдр
8 836	
270 663 929	
1 318,4	
1 319,6	
1 296,4	
1 328	
1 309,6
CBOM	
МКБ ао
12 427	
254 934 724	
5,444	
5,412	
5,412	
5,475	
5,475
TRMK	
ТМК ао
1 068	
221 673 112	
59,74	
59,64	
59,6	
59,84	
59,68
UPRO	
Юнипро ао
4 230	
211 327 749	
2,789	
2,796	
2,77	
2,8	
2,795
RTKM	
Ростел -ао
7 602	
199 029 660	
82,73	
82,33	
81,91	
83,5	
82,69
RUAL	
РУСАЛ ао
14 943	
174 430 833	
27,03	
27,46	
26,83	
27,5	
26,885
BANE	
Башнефт ао
7 234	
174 202 836	
1 924,5	
1 848	
1 829	
2 157,5	
1 866
MTLR	
Мечел ао
11 465	
134 868 666	
68,31	
67,5	
67,21	
69,1	
68,12
LSRG	
ЛСР ао
6 560	
123 748 714	
669,8	
676,2	
659,2	
683,2	
660
TGKA	
ТГК-1
7 902	
117 452 404	
0,013066	
0,013026	
0,01298	
0,01325	
0,013162
RASP	
Распадская
1 680	
110 361 916	
109,66	
108,06	
107,64	
111,16	
110,9
LNTA	
Лента др
6 257	
77 658 124	
168,2	
169,4	
165,6	
172,4	
168,7
OGKB	
ОГК-2 ао
3 990	
65 737 477	
0,7156	
0,7181	
0,7103	
0,7218	
0,713
ENRU	
ЭнелРос ао
3 403	
61 951 407	
0,99	
0,9965	
0,9815	
0,9965	
0,9885
MTLRP	
Мечел ап
2 334	
53 012 450	
85,4	
85,9	
83,2	
87,7	
83,75
MVID	
М.видео
1 440	
48 246 386	
410,3	
414	
407	
414,5	
407
QIWI	
iQIWI
2 099	
40 559 987	
1 020	
1 010	
1 007	
1 030	
1 029
NKNCP	
НКНХ ап
1 598	
31 864 569	
88,74	
88,76	
88,46	
89,88	
88,56
PIKK	
ПИК ао
2 518	
31 628 825	
411,1	
405,4	
405,4	
414,6	
414,4
AGRO	
AGRO-гдр
2 025	
30 753 317	
652,2	
655,4	
639,2	
658,4	
656,8
ETLN	
ETLN-гдр
1 576	
29 791 169	
96,22	
95,18	
94,7	
97,76	
94,98
APTK	
Аптеки36и6
6 842	
25 947 997	
13,854	
13,796	
13,738	
13,938	
13,792
INGR	
ИНГРАД ао
1 059	
23 710 521	
827	
826	
820	
843	
825
AKRN	
Акрон
1 175	
23 402 154	
5 470	
5 506	
5 434	
5 506	
5 464
MSNG	
+МосЭнерго
1 051	
22 279 500	
2,087	
2,104	
2,073	
2,104	
2,073
LSNGP	
РСетиЛЭ-п
1 435	
21 994 439	
156,05	
155,3	
154,6	
157,35	
154,6
SFIN	
САФМАР ао
602	
20 277 520	
463,2	
463,2	
460,8	
470,2	
460,8
MRKS	
РсетСиб ао
1 248	
17 776 080	
0,2555	
0,2365	
0,2365	
0,275	
0,2475
KRKNP	
СаратНПЗ-п
603	
17 548 680	
16 620	
16 620	
16 500	
16 780	
16 600
MRKP	
МРСК ЦП
1 637	
17 316 692	
0,1951	
0,1921	
0,1919	
0,1985	
0,1924
OBUV	
ОР ао
1 516	
15 105 464	
33,9	
34,75	
33	
35,05	
34
TASB	
ТамбЭнСб
1 320	
14 933 115	
0,56	
0,59	
0,511	
0,714	
0,536
BSPB	
БСП ао
1 479	
14 871 614	
42,69	
42,8	
41,83	
43,2	
42,2
TASBP	
ТамбЭнСб-п
1 004	
14 849 115	
0,486	
0,445	
0,427	
0,55	
0,4595
VSMO	
ВСМПО-АВСМ
293	
14 294 600	
20 280	
20 400	
20 020	
20 920	
20 020
ZILL	
ЗИЛ ао
1 154	
12 926 870	
3 075	
3 005	
2 865	
3 240	
2 955
RSTIP	
Россети ап
855	
12 685 251	
2,135	
2,14	
2,125	
2,163	
2,127
LIFE	
iФармсинтз
935	
10 561 143	
6,84	
6,905	
6,77	
6,935	
6,84
RTKMP	
Ростел -ап
881	
10 144 072	
74,85	
74,7	
74,45	
75,15	
74,95
MRKC	
МРСК Центр
998	
9 177 573	
0,2746	
0,273	
0,27	
0,2796	
0,2702
MOBB	
МосОблБанк
2 483	
7 830 757	
1,124	
1,168	
1,072	
1,18	
1,108
FESH	
ДВМП ао
778	
7 828 878	
7,15	
7,47	
7,03	
7,47	
7,12
SELG	
Селигдар
705	
7 117 267	
24,84	
25	
24,53	
25	
24,89
TGKB	
ТГК-2
420	
6 834 210	
0,004255	
0,004215	
0,004165	
0,00434	
0,00422
MRKV	
РсетВол ао
724	
6 747 943	
0,0745	
0,07375	
0,0733	
0,07535	
0,0733
PRTK	
ПРОТЕК ао
154	
6 192 419	
99,1	
98,9	
98,9	
99,7	
99,6
NKNC	
НКНХ ао
422	
5 595 710	
97,45	
97,85	
97,25	
98,1	
97,35
KLSB	
КалужскСК
753	
5 380 886	
11,67	
11,08	
11,08	
11,97	
11,9
RNFT	
РуссНфт ао
1 420	
5 326 268	
455,8	
450	
450	
460	
456
KZOS	
ОргСинт ао
591	
4 956 977	
89,3	
90,6	
87,8	
90,6	
89
GEMA	
iММЦБ ао
392	
4 630 262	
601	
612	
598	
612	
599,5
MRKZ	
МРСК СЗ
451	
3 962 731	
0,04925	
0,04985	
0,0482	
0,05025	
0,04845
UTAR	
ЮТэйр ао
485	
3 788 478	
7,41	
7,7	
7,3	
7,7	
7,35
UNAC	
iАвиастКао
466	
3 747 854	
0,485	
0,492	
0,4755	
0,4975	
0,487
ALNU	
АЛРОСА-Нюр
59	
3 483 800	
54 400	
56 000	
53 000	
56 000	
53 600
MSTT	
Мостотрест
259	
3 214 938	
159,25	
159,55	
158,75	
159,95	
158,8
MSRS	
РСетиМР ао
268	
3 000 043	
1,133	
1,1285	
1,1275	
1,1365	
1,1335
ISKJ	
iИСКЧ ао
383	
2 819 232	
27,69	
27,9	
27,35	
28,27	
27,45
GCHE	
ЧеркизГ-ао
364	
2 725 598	
1 779	
1 772	
1 770,5	
1 790,5	
1 780
IRGZ	
ИркЭнерго
288	
2 415 164	
12,04	
11,92	
11,62	
12,36	
12,12
MGTSP	
МГТС-4ап
199	
2 342 512	
2 038	
2 048	
2 022	
2 052	
2 026
IRKT	
ИРКУТ-3
187	
2 225 348	
34,62	
35,38	
34,14	
35,56	
34,54
LNZL	
Лензолото
121	
2 115 230	
8 460	
8 570	
8 410	
8 570	
8 540
AQUA	
РусАква ао
154	
2 033 735	
209,5	
210,5	
207	
212	
207,5
PMSBP	
ПермьЭнС-п
314	
2 032 680	
144,6	
145,6	
142	
146,2	
142
SELGP	
Селигдар-п
110	
1 809 070	
25,9	
26,35	
25,75	
26,4	
25,95
ENPG	
ЭН+ГРУП ао
83	
1 761 427	
607	
605	
604,5	
609,5	
604,5
TGKBP	
ТГК-2 ап
110	
1 727 790	
0,00745	
0,0074	
0,00734	
0,00756	
0,0074
RGSS	
РГС СК ао
226	
1 708 695	
0,1512	
0,151	
0,1498	
0,1532	
0,15
UWGN	
ОВК ао
281	
1 700 479	
239	
241,2	
237	
241,2	
237,4
YAKG	
ЯТЭК ао
106	
1 517 280	
40,15	
39,8	
39,3	
41	
40
LSNG	
РСетиЛЭ
205	
1 478 637	
6,08	
6,06	
6,04	
6,1	
6,09
IGSTP	
Ижсталь ап
391	
1 452 947	
671	
642	
642	
715	
660
PMSB	
ПермьЭнСб
260	
1 442 206	
145,1	
147,5	
141,2	
147,5	
143,1
RTSB	
ТНСэнРст
60	
1 266 000	
0,37	
0,355	
0,35	
0,385	
0,35
KMAZ	
КАМАЗ
282	
1 218 725	
57,6	
57,2	
57,2	
57,9	
57,7
BISVP	
БашИнСв ап
98	
1 126 230	
8,36	
8,25	
8,01	
8,5	
8,14
TGKD	
Квадра
149	
1 088 512	
0,003085	
0,003085	
0,00304	
0,00316	
0,00315
CNTLP	
Телеграф-п
199	
1 080 170	
17,72	
17,72	
17,6	
17,94	
17,74
RUGR	
Русгрэйн
849	
1 049 010	
7,446	
7,454	
7,42	
7,516	
7,44
MRKU	
МРСК Ур
184	
1 010 532	
0,1608	
0,1554	
0,1552	
0,162	
0,1618
MRKK	
Россети СК
170	
970 889	
26,54	
26,48	
26,12	
27	
26,5
AMEZ	
АшинскийМЗ
194	
958 208	
4,045	
4,045	
4,01	
4,065	
4,05
IGST	
Ижсталь2ао
310	
945 008	
863	
825	
802	
938	
846
SVAV	
СОЛЛЕРС
62	
923 945	
256	
257	
255,5	
257	
256
YRSBP	
ТНСэнЯр-п
76	
901 700	
86	
85	
82,5	
90	
85
GTRK	
ГТМ ао
268	
901 674	
42,15	
42	
41,8	
42,85	
42,45
RLMN	
Роллман
326	
892 880	
19,2	
19,35	
18,9	
19,7	
19,2
MRSB	
МордЭнСб
70	
812 050	
0,343	
0,351	
0,34	
0,351	
0,348
BELU	
Белуга ао
93	
800 313	
1 350	
1 365	
1 326	
1 375	
1 349
MRKY	
РоссЮг ао
168	
761 100	
0,05045	
0,0503	
0,0502	
0,0508	
0,0503
URKZ	
УрКузница
21	
759 280	
11 500	
11 500	
11 420	
11 660	
11 620
UNKL	
ЮУНК ао
117	
709 550	
3 920	
4 070	
3 820	
4 070	
3 900
LNZLP	
Лензол. ап
48	
709 280	
3 600	
3 625	
3 580	
3 625	
3 620
RZSB	
РязЭнСб
54	
692 960	
10,2	
10,8	
10,06	
10,8	
10,12
USBN	
УралСиб ао
35	
687 078	
0,0708	
0,0706	
0,0703	
0,0711	
0,0705
PAZA	
ПавлАвт ао
61	
662 800	
7 890	
7 750	
7 730	
8 100	
7 770
MAGEP	
МагадЭн ап
48	
649 905	
7,3	
7,035	
7,035	
7,64	
7,24
TTLK	
Таттел. ао
77	
646 710	
0,2875	
0,283	
0,283	
0,29	
0,286
TGKN	
ТГК-14
49	
642 980	
0,00325	
0,00326	
0,00323	
0,00326	
0,00325
VSYD	
ВыбСудЗ ао
84	
636 010	
4 415	
4 460	
4 300	
4 665	
4 370
KZOSP	
ОргСинт ап
348	
610 987	
12,08	
12,14	
11,95	
12,27	
12,09
NFAZ	
Нефтекамск
35	
598 968	
170,6	
174,6	
169	
174,8	
170,2
VLHZ	
ВХЗ-ао
129	
596 162	
50,1	
49,75	
49,75	
50,8	
49,95
KAZTP	
Куйбазот-п
57	
551 538	
141,8	
146	
140,6	
146,4	
142,2
KRSBP	
Красэсб ап
40	
546 500	
7,6	
7,3	
7,3	
7,9	
7,4
ASSB	
АстрЭнСб
114	
514 179	
0,806	
0,802	
0,802	
0,815	
0,805
KROT	
КрасОкт-ао
60	
504 155	
350	
345,5	
345	
355	
350,5
KGKCP	
КурганГКап
38	
484 930	
59	
60,5	
58	
61	
60,5
EELT	
ЕвроЭлтех
205	
438 181	
7,52	
7,38	
5,22	
7,78	
7,46
TORSP	
ТРК ап
49	
405 405	
0,276	
0,2785	
0,274	
0,28	
0,2745
DIOD	
ЗаводДИОД
68	
400 397	
5,78	
5,78	
5,76	
5,79	
5,77
RBCM	
РБК ао
129	
380 270	
3,34	
3,38	
3,312	
3,38	
3,312
RTGZ	
ГазпРнД ао
4	
377 800	
21 000	
20 850	
20 850	
21 000	
21 000
TRCN	
ТрансК ао
17	
349 485	
8 525	
8 595	
8 480	
8 595	
8 550
ABRD	
АбрауДюрсо
86	
339 220	
130,5	
130	
130	
131	
130
MAGE	
МагадЭн ао
36	
338 070	
8,45	
8,68	
8,03	
8,68	
8,27
KGKC	
КурганГКао
55	
330 180	
55	
54	
53	
57	
55
WTCM	
ЦМТ ао
84	
326 588	
8,98	
8,96	
8,9	
9,08	
9,04
HIMCP	
Химпром ап
52	
324 077	
5,92	
5,94	
5,85	
5,95	
5,93
SAGO	
СамарЭн-ао
52	
318 880	
0,42	
0,418	
0,41	
0,426	
0,41
KRSB	
Красэсб ао
22	
278 050	
7,51	
7,54	
7,45	
7,55	
7,45
MGTS	
МГТС-5ао
29	
277 160	
2 455	
2 445	
2 420	
2 505	
2 450
VSYDP	
ВыбСудЗ ап
36	
276 720	
4 400	
4 400	
4 300	
4 500	
4 380
CHMK	
ЧМК ао
59	
272 160	
2 495	
2 555	
2 410	
2 555	
2 495
CHEP	
ЧТПЗ ао
73	
254 900	
200,5	
199,5	
199	
202	
201
BLNG	
Белон ао
56	
239 023	
4,086	
4,002	
4	
4,118	
4,076
DVEC	
ДЭК ао
71	
238 081	
0,941	
0,931	
0,931	
0,95	
0,931
NKHP	
НКХП ао
44	
236 480	
229,5	
232	
229	
232	
229,5
PRMB	
Приморье
9	
225 200	
25 000	
25 000	
24 200	
25 600	
24 200
VJGZP	
Варьеган-п
18	
207 570	
352	
349	
349	
359	
350
VZRZP	
Возрожд-п
37	
203 210	
312,6	
310,4	
310,4	
317	
314,2
MISB	
ТНСэнМарЭл
50	
202 760	
10,8	
11	
10,7	
11,1	
11,1
WTCMP	
ЦМТ ап
31	
198 208	
8,02	
8,14	
7,82	
8,14	
8,06
SZPR	
СЗПароход
69	
185 942	
782	
780	
774	
792	
782
BRZL	
БурЗолото
37	
178 189	
829	
833	
827	
833	
829
KTSBP	
КСБ ап
15	
177 450	
0,25	
0,2515	
0,2455	
0,2515	
0,2465
KRKN	
СаратНПЗ
12	
177 000	
13 600	
13 700	
13 500	
13 700	
13 550
CNTL	
Телеграф
38	
175 055	
21,35	
20,35	
20,35	
21,5	
21,4
LPSB	
ЛЭСК ао
62	
171 110	
8	
7,9	
7,9	
8,1	
7,95
STSB	
СтаврЭнСб
52	
166 173	
0,392	
0,381	
0,381	
0,402	
0,3995
SAGOP	
СамарЭн-ап
23	
162 310	
0,396	
0,394	
0,393	
0,399	
0,394
UCSS	
ОКС ао
36	
160 510	
1 460	
1 470	
1 440	
1 480	
1 440
ROLO	
Русолово
16	
160 348	
3,818	
3,844	
3,77	
3,844	
3,838
NNSB	
ТНСэнНН ао
16	
158 545	
1 390	
1 320	
1 320	
1 395	
1 395
KAZT	
Куйбазот
31	
153 086	
140,4	
141,4	
139,8	
141,4	
140,6
TORS	
ТРК ао
20	
145 290	
0,382	
0,377	
0,377	
0,39	
0,378
ROST	
РОСИНТЕРао
24	
142 144	
63	
64,2	
62,2	
64,2	
62,8
RKKE	
ЭнергияРКК
19	
138 200	
4 940	
4 960	
4 910	
4 960	
4 940
NSVZ	
НаукаСвяз
22	
134 835	
232,5	
231	
231	
235	
231,5
RUSI	
ИКРУСС-ИНВ
26	
131 600	
38,7	
38,7	
38,5	
39,9	
38,5
YKENP	
Якутскэн-п
11	
129 120	
0,34	
0,339	
0,335	
0,3405	
0,335
SAREP	
СаратЭн-ап
25	
124 448	
0,0916	
0,0918	
0,0898	
0,0922	
0,0908
VRSB	
ТНСэнВорон
10	
117 940	
47,2	
47,8	
47	
47,8	
47,2
VRSBP	
ТНСэнВор-п
9	
112 000	
32	
32	
32	
32	
32
NNSBP	
ТНСэнНН ап
71	
108 167	
569	
538	
538	
600	
561
KUZB	
КузнецкийБ
105	
106 282	
0,01674	
0,01654	
0,01654	
0,0169	
0,0168
MGNZ	
СМЗ-ао
11	
105 630	
4 060	
4 160	
4 050	
4 160	
4 060
ALBK	
БестЭфБ ао
25	
105 395	
54	
53,5	
53,5	
54,5	
54,5
TUZA	
ТЗА ао
31	
103 800	
96	
96	
95	
97	
96
ZVEZ	
ЗВЕЗДА ао
13	
99 825	
4,54	
4,535	
4,525	
4,57	
4,535
ELTZ	
Электрцинк
48	
94 201	
169,5	
171,5	
168,5	
171,5	
169,5
KOGK	
КоршГОК ао
2	
93 600	
46 800	
46 800	
46 800	
46 800	
46 800
SARE	
СаратЭн-ао
34	
93 412	
0,1182	
0,1214	
0,117	
0,1214	
0,1184
GAZA	
ГАЗ ао
11	
93 110	
387,5	
385	
383,5	
390	
388,5
KBTK	
КузбТК ао
27	
91 938	
155,8	
156,4	
153,6	
157,4	
154,2
JNOSP	
Слав-ЯНОСп
8	
88 800	
14,32	
14,68	
14,3	
14,68	
14,3
YRSB	
ТНСэнЯр
11	
87 780	
166	
166	
164	
166	
166
KUBE	
Кубанэнр
31	
85 847	
70,4	
70,1	
69,6	
72	
70,7
VGSB	
ВолгЭнСб
6	
84 150	
1,685	
1,69	
1,66	
1,69	
1,67
NKSH	
Нижкамшина
16	
82 150	
22,82	
22,66	
22,66	
23,16	
23,1
MFGSP	
Мегион-ап
14	
80 160	
334	
335	
330	
336,5	
331,5
YKEN	
Якутскэнрг
12	
75 115	
0,3575	
0,359	
0,354	
0,3595	
0,358
GAZAP	
ГАЗ ап
15	
67 615	
322	
324,5	
320	
324,5	
323
KRKOP	
ТКЗКК ап
30	
67 250	
5,75	
5,795	
5,72	
5,81	
5,78
KMEZ	
КМЗ
35	
66 094	
468,5	
470,5	
465	
473,5	
470
AVAN	
Авангрд-ао
23	
61 135	
710	
720	
705	
720	
715
JNOS	
Славн-ЯНОС
18	
59 780	
18,7	
19,05	
18,55	
19,2	
18,7
RUSP	
Русполимет
9	
59 460	
0,5945	
0,604	
0,59	
0,604	
0,591
STSBP	
СтаврЭнСбп
16	
59 382	
0,33	
0,3335	
0,3295	
0,3335	
0,33
ARSA	
Арсагера
8	
55 270	
3,25	
3,27	
3,22	
3,31	
3,23
UKUZ	
ЮжКузб. ао
11	
44 150	
546	
544	
544	
548	
548
RTSBP	
ТНСэнРст-п
7	
42 900	
0,285	
0,286	
0,286	
0,286	
0,286
NAUK	
iНПОНаука
17	
41 428	
180,2	
179	
179	
181,8	
181,8
CHGZ	
РН-ЗапСиб
7	
31 720	
35,2	
36,2	
34,2	
36,2	
36
RLMNP	
Роллман-п
41	
30 915	
19,08	
19,42	
18,9	
19,42	
19,22
KROTP	
КрасОкт-1п
9	
28 335	
257,5	
257,5	
256	
262,5	
256,5
MISBP	
ТНСэМаЭл-п
9	
27 020	
10	
10	
10	
10,2	
10,2
DZRD	
iДонскЗР
8	
26 525	
1 895	
1 895	
1 890	
1 900	
1 890
TGKDP	
Квадра-п
23	
24 587	
0,00403	
0,00397	
0,00397	
0,0041	
0,004045
HALS	
Галс-Девел
10	
23 956	
773	
775	
771	
775	
771
VGSBP	
ВолгЭнСб-п
6	
23 710	
1,13	
1,145	
1,105	
1,145	
1,105
LVHK	
Левенгук
13	
21 715	
8,04	
8,04	
8,03	
8,08	
8,03
ROSB	
Росбанк ао
10	
21 694	
72,4	
71,2	
71,2	
73	
72,4
KBSB	
ТНСэКубань
11	
17 715	
136,5	
136,5	
135	
142	
135,5
OMZZP	
ОМЗ-ап
5	
16 700	
3 340	
3 340	
3 340	
3 340	
3 340
CHKZ	
ЧКПЗ ао
3	
15 920	
5 300	
5 300	
5 300	
5 320	
5 300
RAVN	
Raven
3	
15 760	
31,5	
31,45	
31,45	
31,65	
31,5
RDRB	
РДБанк ао
4	
12 550	
250	
255	
250	
255	
250
KTSB	
КСБ ао
7	
11 316	
0,596	
0,596	
0,588	
0,6	
0,598
TNSE	
ТНСэнрг ао
4	
10 615	
965	
965	
965	
965	
965
DZRDP	
iДонскЗР п
4	
8 050	
1 610	
1 610	
1 610	
1 610	
1 610
SLEN	
Сахэнер ао
2	
7 855	
4,135	
4,135	
4,13	
4,135	
4,13
VJGZ	
Варьеган
6	
7 252	
604	
611	
596	
611	
604
MFGS	
Мегион-ао
2	
7 200	
360	
353,5	
353,5	
366,5	
366,5
KCHE	
КамчатЭ ао
2	
4 090	
0,2045	
0,2045	
0,2045	
0,2045	
0,2045
BISV	
БашИнСв ао
0	
0	
-	
-	
-	
-	
8,7
GAZC	
ГАЗКОН-ао
0	
0	
-	
-	
-	
-	
295
GAZS	
ГАЗ-сервис
0	
0	
-	
-	
-	
-	
293
GAZT	
ГАЗ-Тек ао
0	
0	
-	
-	
-	
-	
85
GTSS	
ГЕОТЕК ао
0	
0	
-	
-	
-	
-	
-
HIMC	
Химпром ао
0	
0	
-	
-	
-	
-	
0,99
KCHEP	
КамчатЭ ап
0	
0	
-	
-	
-	
-	
0,359
KMTZ	
КосогМЗ ао
0	
0	
-	
-	
-	
-	
-
KRKO	
ТКЗКК ао
0	
0	
-	
-	
-	
-	
11,8
KSGR	
Кокс ао
0	
0	
-	
-	
-	
-	
-
KUNF	
КУЗОЦМ ао
0	
0	
-	
-	
-	
-	
-
KZMS	
КЗМС ао
0	
0	
-	
-	
-	
-	
226
MFON	
МегаФон ао
0	
0	
-	
-	
-	
-	
650,6
MORI	
Морион ао
0	
0	
-	
-	
-	
-	
4,31
NPOF	
Физика ао
0	
0	
-	
-	
-	
-	
11 850
TRFM	
ТрансФ ао
0	
0	
-	
-	
-	
-	
-
URKA	
Уркалий-ао
0	
0	
-	
-	
-	
-	
119,04
VZRZ	
Возрожд-ао
0	
0	
-	
-	
-	
-	
480