YNDX	
Yandex clA
58 547	
8 908 341 962	
4 502,4	
4 491,6	
4 464,4	
4 548	
4 480,6
SBER	
Сбербанк
50 421	
8 727 611 405	
237,4	
236,88	
235,69	
239,83	
235,8
PLZL	
Полюс
40 965	
6 000 216 217	
18 204,5	
18 338,5	
17 887	
18 659	
17 940
GAZP	
ГАЗПРОМ ао
51 644	
5 299 958 704	
190,69	
190,07	
189,25	
191,95	
190,41
GMKN	
ГМКНорНик
20 170	
4 452 665 300	
20 768	
20 690	
20 504	
20 918	
20 816
LKOH	
ЛУКОЙЛ
18 233	
3 733 736 824	
5 272,5	
5 255	
5 231	
5 296	
5 268
ROSN	
Роснефть
17 992	
2 196 029 440	
392,1	
388	
386,15	
394,3	
391,8
TATN	
Татнфт 3ао
26 733	
2 030 491 094	
599,9	
599	
594,4	
611,2	
596,1
SBERP	
Сбербанк-п
22 837	
1 608 724 216	
216,52	
217,01	
215,44	
218,43	
215,85
MGNT	
Магнит ао
13 849	
1 511 480 792	
4 703,5	
4 670	
4 655	
4 739	
4 674
ALRS	
АЛРОСА ао
32 011	
1 410 275 836	
65,87	
66,45	
65,01	
66,95	
65,2
POLY	
Polymetal
16 860	
1 354 676 551	
1 965	
1 975,1	
1 945,2	
1 991,6	
1 950
POGR	
Petropavl
22 957	
1 044 096 632	
33,57	
34,205	
32,505	
34,72	
32,9
NLMK	
НЛМК ао
13 081	
974 301 196	
160,9	
159,98	
158,76	
161,78	
160,12
MOEX	
МосБиржа
13 746	
961 438 315	
144,06	
143,88	
143,05	
145,23	
143,42
NVTK	
Новатэк ао
12 049	
909 247 170	
1 156,6	
1 156	
1 147,6	
1 170,2	
1 157,4
CHMF	
СевСт-ао
13 676	
903 319 714	
964,8	
965	
959,4	
971	
962,8
MTSS	
МТС-ао
10 713	
822 952 861	
341,9	
342,3	
340,2	
343,65	
342,45
AFLT	
Аэрофлот
19 054	
813 511 469	
83,68	
85,06	
83,12	
85,14	
83,48
AFKS	
Система ао
17 617	
797 106 243	
20,901	
20,915	
20,556	
21,42	
20,94
SNGS	
Сургнфгз
10 476	
771 638 209	
38,025	
38,33	
37,755	
38,36	
37,905
VTBR	
ВТБ ао
19 955	
728 402 792	
0,037435	
0,037575	
0,03717	
0,037735	
0,03747
IRAO	
ИнтерРАОао
10 456	
723 501 715	
5,569	
5,6225	
5,5355	
5,6445	
5,5355
SNGSP	
Сургнфгз-п
9 392	
658 196 500	
37,81	
38	
37,665	
38	
37,89
MAIL	
MAIL-гдр
17 463	
636 071 728	
2 080	
2 090,4	
2 060,2	
2 138,4	
2 080
RTKM	
Ростел -ао
9 991	
477 366 978	
99,78	
99,99	
99,21	
100,5	
99,95
FIVE	
FIVE-гдр
7 596	
470 732 652	
2 808	
2 810,5	
2 775	
2 838	
2 838
TRNFP	
Транснф ап
2 004	
467 334 750	
146 100	
146 400	
144 100	
147 700	
146 000
MAGN	
ММК
6 539	
467 268 682	
39,645	
40	
39,405	
40,02	
39,535
FEES	
ФСК ЕЭС ао
8 311	
406 022 401	
0,20314	
0,205	
0,2005	
0,2062	
0,20122
DSKY	
ДетскийМир
10 425	
395 230 312	
119,54	
120,28	
118,7	
121,18	
120,62
UPRO	
Юнипро ао
9 291	
340 457 540	
2,705	
2,723	
2,687	
2,725	
2,711
CBOM	
МКБ ао
10 278	
337 571 092	
5,953	
5,921	
5,887	
5,995	
5,992
HYDR	
РусГидро
9 093	
316 473 135	
0,7488	
0,749	
0,7444	
0,7539	
0,7467
TATNP	
Татнфт 3ап
7 897	
292 351 420	
577,4	
574,2	
572,1	
585	
576,5
SIBN	
Газпрнефть
4 729	
291 849 349	
328,05	
328,2	
326,25	
330,15	
326,55
TCSG	
TCS-гдр
9 840	
269 212 568	
1 774,4	
1 828,6	
1 750	
1 834,6	
1 797
PHOR	
ФосАгро ао
3 456	
265 956 480	
2 801	
2 810	
2 786	
2 820	
2 790
RUAL	
РУСАЛ ао
7 376	
194 719 705	
30,535	
30,635	
30,295	
30,74	
30,6
RSTI	
Россети ао
3 830	
160 169 336	
1,5758	
1,5782	
1,563	
1,5885	
1,5727
SELGP	
Селигдар-п
4 160	
118 848 820	
40,3	
41,25	
37,6	
43	
38,4
RASP	
Распадская
1 393	
109 843 479	
114,96	
114,38	
113,62	
116,86	
113,76
RTKMP	
Ростел -ап
4 322	
101 495 741	
95	
96	
92,9	
96,1	
95,05
MVID	
М.видео
2 420	
95 052 708	
475,4	
466,5	
464,4	
482,6	
481,3
MTLRP	
Мечел ап
2 592	
90 650 223	
81,4	
80,5	
80,3	
82	
81,8
LNTA	
Лента др
5 019	
88 317 925	
205,5	
207,1	
200,6	
207,9	
205
SELG	
Селигдар
3 523	
75 773 535	
50,59	
50	
49,19	
51,7	
49,98
BANEP	
Башнефт ап
2 084	
70 865 629	
1 362,5	
1 365	
1 358	
1 368	
1 363
LNZLP	
Лензол. ап
2 617	
69 283 200	
5 360	
5 575	
4 200	
5 575	
5 295
AGRO	
AGRO-гдр
2 807	
61 394 705	
749,8	
749,8	
745	
754,8	
748,4
RUGR	
Русгрэйн
12 946	
58 244 257	
10,41	
9,88	
9,746	
10,932	
9,998
LSRG	
ЛСР ао
2 709	
58 208 300	
783,4	
782,8	
775,4	
790	
790
BSPB	
БСП ао
2 610	
51 457 316	
44,93	
44,88	
43,97	
46	
44,86
OGKB	
ОГК-2 ао
3 367	
48 598 341	
0,7657	
0,7701	
0,76	
0,7749	
0,7605
LNZL	
Лензолото
875	
46 970 360	
18 590	
18 690	
18 380	
18 690	
18 460
RTSB	
ТНСэнРст
2 604	
43 162 150	
0,735	
0,63	
0,58	
0,825	
0,71
TGKA	
ТГК-1
1 619	
40 861 216	
0,01207	
0,012098	
0,01201	
0,01214	
0,012034
MTLR	
Мечел ао
2 707	
37 601 234	
66,42	
66,76	
66	
67,1	
66,6
KRKOP	
ТКЗКК ап
6 641	
37 181 791	
9,04	
7,505	
7,505	
9,95	
9,79
VSMO	
ВСМПО-АВСМ
498	
33 413 240	
17 820	
17 980	
17 740	
17 980	
17 820
PIKK	
ПИК ао
1 258	
32 300 206	
495,2	
500	
491,5	
500	
495,8
AQUA	
РусАква ао
1 162	
27 562 065	
211,5	
217	
208	
217	
210
GCHE	
ЧеркизГ-ао
2 083	
27 335 916	
1 869	
1 850	
1 835,5	
1 898	
1 878,5
ENRU	
ЭнелРос ао
1 762	
27 029 848	
0,943	
0,95	
0,9355	
0,9535	
0,941
ETLN	
ETLN-гдр
2 218	
26 633 655	
110,12	
110,54	
109,78	
110,78	
110
NMTP	
НМТП ао
2 170	
25 549 148	
9,14	
9,185	
9,12	
9,185	
9,13
QIWI	
iQIWI
1 222	
25 168 180	
1 453	
1 464,5	
1 440,5	
1 470	
1 449
RTSBP	
ТНСэнРст-п
1 583	
23 538 340	
0,69	
0,567	
0,5	
0,753	
0,705
NKHP	
НКХП ао
2 233	
20 307 590	
294,5	
315	
277,5	
315	
292,5
AKRN	
Акрон
674	
17 688 800	
5 908	
5 870	
5 850	
5 926	
5 920
MSNG	
+МосЭнерго
721	
17 011 366	
2,133	
2,1385	
2,126	
2,1445	
2,1315
RSTIP	
Россети ап
503	
16 782 122	
2,144	
2,139	
2,128	
2,156	
2,129
BRZL	
БурЗолото
1 598	
16 084 931	
1 218	
1 212	
1 181	
1 250	
1 202
LSNGP	
РСетиЛЭ-п
841	
14 403 267	
154,85	
154,6	
153,95	
155,95	
154,85
OBUV	
ОР ао
1 397	
14 367 876	
35,4	
35,95	
35,15	
35,95	
35,25
TGKB	
ТГК-2
700	
12 759 545	
0,00453	
0,004655	
0,00445	
0,004655	
0,00452
MRKP	
МРСК ЦП
772	
11 441 790	
0,2178	
0,2174	
0,2162	
0,2196	
0,2175
NKNCP	
НКНХ ап
1 128	
11 354 072	
81,7	
81,36	
81,2	
82	
81,84
LIFE	
iФармсинтз
538	
10 948 043	
7,625	
7,575	
7,505	
7,685	
7,58
SARE	
СаратЭн-ао
1 720	
10 275 964	
0,16	
0,146	
0,142	
0,1688	
0,153
ENPG	
ЭН+ГРУП ао
513	
10 209 255	
667	
674,5	
661	
676,5	
662
SFIN	
САФМАР ао
106	
10 197 212	
526,2	
525,4	
525,4	
526,8	
526,6
CNTLP	
Телеграф-п
938	
9 350 034	
16,92	
17	
16,86	
17	
16,88
BANE	
Башнефт ао
599	
8 895 275	
1 765	
1 768	
1 758	
1 771	
1 765
FESH	
ДВМП ао
249	
8 540 907	
7,66	
7,64	
7,59	
7,74	
7,61
ROLO	
Русолово
675	
8 431 912	
7,264	
7,478	
7,064	
7,584	
7,19
AMEZ	
АшинскийМЗ
1 302	
7 977 925	
4,565	
4,7	
4,465	
4,775	
4,54
CNTL	
Телеграф
580	
7 091 170	
18,75	
19,4	
18,55	
19,4	
18,85
KRKNP	
СаратНПЗ-п
178	
6 639 300	
15 920	
15 940	
15 880	
15 980	
15 920
MSRS	
РСетиМР ао
289	
6 300 988	
1,2255	
1,226	
1,2085	
1,2385	
1,222
UTAR	
ЮТэйр ао
763	
6 211 726	
7,43	
7,13	
7,13	
7,75	
7,22
TRMK	
ТМК ао
352	
6 187 849	
58,6	
58,2	
58,08	
58,98	
58,98
ISKJ	
iИСКЧ ао
725	
6 024 419	
23,69	
24,01	
23,4	
24,3	
23,5
MSTT	
Мостотрест
196	
5 237 123	
160,45	
160,3	
159,5	
161	
160,9
KLSB	
КалужскСК
546	
5 074 353	
12,71	
12,68	
12,12	
13,13	
12,88
MRKU	
МРСК Ур
301	
4 711 206	
0,1512	
0,1542	
0,15	
0,1542	
0,1526
SAREP	
СаратЭн-ап
937	
4 388 232	
0,1354	
0,1238	
0,123	
0,147	
0,1292
STSBP	
СтаврЭнСбп
777	
4 339 556	
0,512	
0,53	
0,424	
0,5355	
0,5075
NKSH	
Нижкамшина
414	
3 655 040	
23,98	
22,74	
22,62	
25,34	
23,38
NNSBP	
ТНСэнНН ап
691	
3 643 919	
758	
732	
708	
828	
724
YKEN	
Якутскэнрг
303	
3 503 335	
0,413	
0,428	
0,401	
0,438	
0,43
MRSB	
МордЭнСб
279	
3 360 260	
0,459	
0,449	
0,44	
0,479	
0,453
TNSE	
ТНСэнрг ао
199	
3 318 785	
1 080	
1 070	
1 025	
1 130	
1 070
RNFT	
РуссНфт ао
300	
3 039 551	
499,6	
497,8	
497,8	
506,2	
500
ABRD	
АбрауДюрсо
447	
3 033 320	
217,5	
223	
215,5	
223	
218
MRKV	
РсетВол ао
340	
2 986 913	
0,07475	
0,0752	
0,07445	
0,07525	
0,07445
MAGE	
МагадЭн ао
185	
2 949 160	
6,25	
6,45	
5,94	
6,48	
6,39
NNSB	
ТНСэнНН ао
523	
2 916 025	
2 020	
1 730	
1 730	
2 225	
1 895
NKNC	
НКНХ ао
363	
2 864 308	
94,05	
94,6	
93,6	
94,6	
93,95
VRSBP	
ТНСэнВор-п
206	
2 821 100	
51,5	
50,5	
49	
53,5	
52
INGR	
ИНГРАД ао
139	
2 635 779	
805	
811	
800	
824	
820
VGSB	
ВолгЭнСб
199	
2 576 060	
5,12	
5,275	
4,95	
5,275	
5
NSVZ	
НаукаСвяз
340	
2 542 105	
255,5	
255,5	
249,5	
266	
256,5
KMAZ	
КАМАЗ
573	
2 368 345	
63,6	
64	
63,1	
64	
63,6
TASB	
ТамбЭнСб
269	
2 361 810	
0,49	
0,447	
0,447	
0,52	
0,482
MRKC	
МРСК Центр
326	
2 359 812	
0,3006	
0,2996	
0,299	
0,3028	
0,3004
IRKT	
ИРКУТ-3
210	
2 352 838	
35,76	
36,32	
35	
36,32	
35,64
SAGO	
СамарЭн-ао
142	
2 346 260	
0,49	
0,47	
0,47	
0,51	
0,474
DIOD	
ЗаводДИОД
283	
2 284 727	
7,8	
7,72	
7,65	
7,86	
7,8
CHEP	
ЧТПЗ ао
248	
2 271 655	
213,5	
217,5	
212	
217,5	
215
KTSBP	
КСБ ап
52	
2 173 635	
0,3055	
0,2975	
0,2975	
0,3125	
0,3015
APTK	
Аптеки36и6
857	
2 089 071	
13,43	
13,402	
13,4	
13,5	
13,41
ALNU	
АЛРОСА-Нюр
20	
2 047 400	
55 400	
55 200	
55 000	
55 800	
55 400
IRGZ	
ИркЭнерго
250	
1 893 446	
12,1	
12,3	
11,94	
12,3	
12,08
KZOS	
ОргСинт ао
290	
1 827 442	
87,2	
87,2	
87	
87,5	
87,2
VRSB	
ТНСэнВорон
120	
1 777 860	
91,2	
87,8	
87,8	
94,8	
89
MGTSP	
МГТС-4ап
165	
1 689 190	
2 036	
2 020	
2 020	
2 082	
2 044
USBN	
УралСиб ао
113	
1 599 306	
0,0695	
0,0695	
0,0685	
0,0702	
0,0697
TASBP	
ТамбЭнСб-п
225	
1 578 760	
0,375	
0,3495	
0,3495	
0,3915	
0,3775
MAGEP	
МагадЭн ап
81	
1 541 460	
7,63	
7,63	
7,4	
8,1	
7,5
TTLK	
Таттел. ао
111	
1 448 310	
0,3135	
0,311	
0,309	
0,315	
0,3145
PRMB	
Приморье
51	
1 382 000	
25 600	
27 200	
24 400	
27 200	
25 400
ALBK	
БестЭфБ ао
170	
1 305 460	
59,5	
60	
57,5	
61	
59,5
LSNG	
РСетиЛЭ
276	
1 281 961	
6,05	
6,05	
6,03	
6,09	
6,06
UWGN	
ОВК ао
173	
1 276 473	
234,3	
234,5	
232,1	
236	
233,4
UNKL	
ЮУНК ао
96	
1 252 810	
8 300	
8 230	
8 220	
8 390	
8 270
VGSBP	
ВолгЭнСб-п
121	
1 216 435	
2,285	
2,385	
2,26	
2,405	
2,27
TGKBP	
ТГК-2 ап
27	
1 208 110	
0,00746	
0,00747	
0,00742	
0,00754	
0,00748
VSYD	
ВыбСудЗ ао
102	
1 155 625	
4 250	
4 385	
4 100	
4 470	
4 220
SVAV	
СОЛЛЕРС
87	
1 126 560	
283	
281	
280,5	
285	
282,5
RKKE	
ЭнергияРКК
89	
1 122 420	
8 310	
8 400	
8 200	
8 430	
8 260
PMSBP	
ПермьЭнС-п
128	
1 121 870	
134	
136,6	
132	
137,8	
134,4
HALS	
Галс-Девел
118	
1 082 757	
1 237	
1 222	
1 175	
1 270	
1 264
GEMA	
iММЦБ ао
160	
1 074 840	
598	
600	
596	
603	
600
YAKG	
ЯТЭК ао
69	
1 031 920	
42,3	
42,15	
42	
42,8	
42,6
URKZ	
УрКузница
45	
989 800	
18 000	
18 080	
17 360	
18 500	
18 020
KBSB	
ТНСэКубань
103	
986 615	
153	
151,5	
151	
155	
154,5
MRKY	
РоссЮг ао
142	
948 430	
0,05125	
0,0511	
0,0505	
0,0516	
0,0508
TGKD	
Квадра
165	
935 623	
0,003605	
0,003555	
0,003555	
0,00368	
0,0036
KOGK	
КоршГОК ао
15	
928 400	
48 800	
49 600	
48 600	
49 600	
48 800
IGSTP	
Ижсталь ап
165	
928 093	
917	
917	
900	
950	
904
YKENP	
Якутскэн-п
87	
897 670	
0,408	
0,414	
0,4005	
0,417	
0,413
UNAC	
iАвиастКао
167	
887 077	
0,494	
0,4955	
0,4895	
0,496	
0,4935
YRSBP	
ТНСэнЯр-п
139	
884 265	
100	
97	
96,5	
104	
100,5
RGSS	
РГС СК ао
114	
867 248	
0,1506	
0,151	
0,1502	
0,151	
0,151
RTGZ	
ГазпРнД ао
14	
829 800	
28 600	
28 300	
28 300	
28 850	
28 650
RLMN	
Роллман
403	
795 490	
19,4	
19,3	
19,1	
19,95	
19,45
STSB	
СтаврЭнСб
198	
794 348	
0,653	
0,679	
0,64	
0,69	
0,6625
MFGSP	
Мегион-ап
81	
667 815	
318	
328,5	
301,5	
330	
325
KUZB	
КузнецкийБ
282	
658 459	
0,0153	
0,01535	
0,01519	
0,01551	
0,01551
TGKN	
ТГК-14
91	
658 030	
0,00327	
0,00327	
0,00324	
0,0033	
0,00326
VSYDP	
ВыбСудЗ ап
78	
650 040	
4 120	
4 120	
4 040	
4 200	
4 100
RZSB	
РязЭнСб
42	
639 760	
9,7	
9,72	
9,6	
9,8	
9,66
MGNZ	
СМЗ-ао
75	
635 650	
5 010	
4 900	
4 700	
5 180	
5 070
KGKCP	
КурганГКап
92	
618 335	
55,5	
57	
54,5	
57	
55,5
DZRD	
iДонскЗР
87	
583 520	
2 290	
2 325	
2 270	
2 325	
2 300
KZOSP	
ОргСинт ап
274	
575 346	
11,98	
12,02	
11,88	
12,06	
12,04
VJGZ	
Варьеган
154	
566 243	
661	
678	
649	
690	
657
KCHE	
КамчатЭ ао
32	
544 805	
0,218	
0,218	
0,2155	
0,2195	
0,218
BELU	
Белуга ао
138	
511 811	
1 316	
1 320	
1 310	
1 343	
1 318
JNOS	
Славн-ЯНОС
94	
495 495	
19,35	
20,1	
19,1	
20,15	
19,3
NAUK	
iНПОНаука
81	
489 028	
206,4	
207	
204	
208,4	
206
ROSB	
Росбанк ао
178	
473 376	
78,6	
77,4	
77	
80,6	
78
KROT	
КрасОкт-ао
70	
440 080	
396,5	
407	
390	
407	
395
PAZA	
ПавлАвт ао
43	
437 980	
8 940	
8 940	
8 810	
9 170	
8 920
ZVEZ	
ЗВЕЗДА ао
43	
433 390	
4,765	
4,795	
4,67	
4,795	
4,79
RDRB	
РДБанк ао
42	
430 250	
235	
230	
230	
235	
230
GTRK	
ГТМ ао
126	
412 937	
43,7	
44	
43	
44	
43,8
IGST	
Ижсталь2ао
120	
408 643	
1 035	
998	
996	
1 057	
1 027
AVAN	
Авангрд-ао
53	
390 410	
855	
850	
845	
860	
855
SLEN	
Сахэнер ао
88	
378 349	
6,545	
6,395	
6,39	
6,68	
6,65
ASSB	
АстрЭнСб
160	
377 241	
0,806	
0,8095	
0,794	
0,83	
0,801
KUBE	
Кубанэнр
120	
364 721	
77,8	
76,9	
76,1	
79,5	
78,4
MRKZ	
МРСК СЗ
80	
352 213	
0,05185	
0,05205	
0,05155	
0,0523	
0,05155
VLHZ	
ВХЗ-ао
52	
343 110	
54,8	
54,4	
54,1	
55,15	
54,9
OMZZP	
ОМЗ-ап
76	
338 165	
3 675	
3 620	
3 585	
3 840	
3 615
KRSBP	
Красэсб ап
28	
335 180	
7,46	
7,5	
7,32	
7,52	
7,36
HIMCP	
Химпром ап
64	
330 729	
6,19	
6,27	
6,18	
6,27	
6,22
CHMK	
ЧМК ао
58	
330 520	
2 730	
2 760	
2 720	
2 760	
2 735
KGKC	
КурганГКао
94	
328 135	
57	
59,5	
56,5	
59,5	
57
PMSB	
ПермьЭнСб
72	
327 230	
138,7	
140,3	
137	
140,5	
138,1
ARSA	
Арсагера
42	
321 250	
4,17	
4,17	
4,1	
4,25	
4,19
DZRDP	
iДонскЗР п
70	
317 480	
1 860	
1 860	
1 830	
1 880	
1 840
VZRZP	
Возрожд-п
67	
312 196	
322	
320,6	
315,2	
325	
322,4
SAGOP	
СамарЭн-ап
27	
302 800	
0,414	
0,414	
0,41	
0,425	
0,421
MFGS	
Мегион-ао
38	
299 055	
382,5	
384,5	
364	
396	
395,5
KAZT	
Куйбазот
44	
293 670	
152,2	
151,6	
151	
154	
151,8
LPSB	
ЛЭСК ао
99	
285 325	
8,9	
8,85	
8,8	
9,05	
8,85
RUSP	
Русполимет
28	
285 265	
0,634	
0,6345	
0,632	
0,6365	
0,633
JNOSP	
Слав-ЯНОСп
76	
278 124	
14,34	
14,74	
14,2	
14,74	
14,4
TGKDP	
Квадра-п
108	
278 033	
0,004245	
0,00427	
0,00419	
0,0043	
0,004255
GAZA	
ГАЗ ао
30	
262 765	
417	
411	
411	
422	
417,5
VJGZP	
Варьеган-п
48	
259 720	
371	
375	
366	
382	
367
RLMNP	
Роллман-п
158	
254 534	
19,36	
19,1	
19	
20	
19,4
CHGZ	
РН-ЗапСиб
31	
228 240	
52	
51,4	
51,4	
53	
51,4
MGTS	
МГТС-5ао
23	
226 775	
2 360	
2 360	
2 360	
2 365	
2 360
TUZA	
ТЗА ао
58	
225 420	
103	
105	
102	
106	
104
BISVP	
БашИнСв ап
82	
218 483	
10,07	
9,9	
9,9	
10,49	
10
ZILL	
ЗИЛ ао
11	
215 290	
2 690	
2 700	
2 670	
2 700	
2 680
RBCM	
РБК ао
139	
204 950	
3,45	
3,44	
3,422	
3,464	
3,436
MISBP	
ТНСэМаЭл-п
57	
202 940	
12	
12,1	
11,9	
12,2	
12
MRKS	
РсетСиб ао
19	
200 110	
0,241	
0,2405	
0,24	
0,2425	
0,2405
WTCMP	
ЦМТ ап
25	
188 222	
8,4	
8,58	
8,38	
8,58	
8,38
MISB	
ТНСэнМарЭл
46	
185 110	
13	
13	
12,8	
13,2	
13
BLNG	
Белон ао
64	
172 699	
4,406	
4,45	
4,352	
4,45	
4,388
LVHK	
Левенгук
31	
169 636	
8,36	
8,31	
8,28	
8,5	
8,3
KRKN	
СаратНПЗ
8	
167 350	
12 850	
12 850	
12 850	
12 950	
12 950
EELT	
ЕвроЭлтех
98	
167 332	
8,08	
8,06	
8	
8,2	
8,16
GAZAP	
ГАЗ ап
26	
159 005	
312	
311	
309	
314	
311
RAVN	
Raven
26	
153 880	
30,15	
30,2	
30,05	
30,35	
30,1
CHKZ	
ЧКПЗ ао
19	
152 360	
5 640	
5 700	
5 600	
5 760	
5 620
KCHEP	
КамчатЭ ап
10	
149 690	
0,394	
0,391	
0,39	
0,395	
0,395
DVEC	
ДЭК ао
51	
133 132	
0,937	
0,943	
0,935	
0,943	
0,939
WTCM	
ЦМТ ао
31	
128 200	
9,5	
9,58	
9,44	
9,58	
9,5
KAZTP	
Куйбазот-п
23	
122 088	
149	
148,6	
148	
151	
148
KMEZ	
КМЗ
68	
120 687	
527	
535	
514,5	
536	
536
KBTK	
КузбТК ао
25	
97 568	
152,6	
152	
151,4	
153,2	
152,4
KRSB	
Красэсб ао
11	
95 710	
7,36	
7,33	
7,31	
7,44	
7,35
ROST	
РОСИНТЕРао
18	
83 266	
63,2	
63	
62,4	
63,2	
62,4
ELTZ	
Электрцинк
52	
81 606	
191,5	
190	
190	
193	
190,5
YRSB	
ТНСэнЯр
27	
80 940	
188	
186	
186	
190	
190
TORS	
ТРК ао
11	
64 670	
0,462	
0,47	
0,454	
0,47	
0,455
NFAZ	
Нефтекамск
5	
60 260	
167,4	
169,6	
167	
169,6	
169,2
MRKK	
Россети СК
21	
58 373	
25,84	
26,06	
25,76	
26,06	
25,82
UCSS	
ОКС ао
17	
52 270	
1 450	
1 460	
1 450	
1 460	
1 450
TORSP	
ТРК ап
11	
51 740	
0,2875	
0,29	
0,286	
0,29	
0,2865
RUSI	
ИКРУСС-ИНВ
8	
50 260	
38,7	
38,9	
38,4	
39	
38,5
UKUZ	
ЮжКузб. ао
12	
46 196	
544	
548	
542	
548	
548
KTSB	
КСБ ао
36	
45 886	
0,752	
0,756	
0,742	
0,776	
0,748
KROTP	
КрасОкт-1п
6	
32 830	
273,5	
274	
272	
274,5	
274,5
BISV	
БашИнСв ао
0	
0	
-	
-	
-	
-	
8,7
GAZC	
ГАЗКОН-ао
0	
0	
-	
-	
-	
-	
295
GAZS	
ГАЗ-сервис
0	
0	
-	
-	
-	
-	
293
GAZT	
ГАЗ-Тек ао
0	
0	
-	
-	
-	
-	
85
GTSS	
ГЕОТЕК ао
0	
0	
-	
-	
-	
-	
-
HIMC	
Химпром ао
0	
0	
-	
-	
-	
-	
0,99
KMTZ	
КосогМЗ ао
0	
0	
-	
-	
-	
-	
-
KRKO	
ТКЗКК ао
0	
0	
-	
-	
-	
-	
11,8
KSGR	
Кокс ао
0	
0	
-	
-	
-	
-	
-
KUNF	
КУЗОЦМ ао
0	
0	
-	
-	
-	
-	
-
KZMS	
КЗМС ао
0	
0	
-	
-	
-	
-	
226
MFON	
МегаФон ао
0	
0	
-	
-	
-	
-	
650,6
MOBB	
МосОблБанк
0	
0	
-	
-	
-	
-	
0,698
MORI	
Морион ао
0	
0	
-	
-	
-	
-	
4,31
NPOF	
Физика ао
0	
0	
-	
-	
-	
-	
11 850
PRTK	
ПРОТЕК ао
0	
0	
-	
-	
-	
-	
99,6
TRCN	
ТрансК ао
0	
0	
-	
-	
-	
-	
8 595
TRFM	
ТрансФ ао
0	
0	
-	
-	
-	
-	
-
URKA	
Уркалий-ао
0	
0	
-	
-	
-	
-	
119,04
VZRZ	
Возрожд-ао
0	
0	
-	
-	
-	
-	
480