SBER	
Сбербанк
83 605	
14 802 264 835	
204,74	
207,8	
202,72	
208,1	
203,77
GAZP	
ГАЗПРОМ ао
88 591	
8 861 605 423	
193,43	
195,45	
191,85	
195,57	
193
GMKN	
ГМКНорНик
41 240	
7 045 761 210	
18 964	
19 256	
18 780	
19 256	
18 926
LKOH	
ЛУКОЙЛ
33 756	
6 551 632 982	
5 331	
5 330	
5 290	
5 376	
5 347
AFLT	
Аэрофлот
93 861	
5 302 897 328	
81,96	
82,88	
80,34	
84,14	
81
MGNT	
Магнит ао
32 031	
2 791 672 239	
3 827,5	
3 805	
3 791	
3 847	
3 820
TATN	
Татнфт 3ао
40 705	
2 784 828 669	
568,8	
566,5	
560,5	
579,2	
576
PLZL	
Полюс
23 142	
2 363 238 876	
10 798	
10 753	
10 670	
10 915	
10 850
YNDX	
Yandex clA
31 105	
2 277 647 859	
3 072,6	
3 058,6	
3 021,2	
3 115	
3 108
SNGS	
Сургнфгз
23 530	
2 189 460 417	
38,605	
39,365	
38,105	
39,39	
38,41
ROSN	
Роснефть
19 830	
1 976 982 742	
372,4	
371,7	
369,25	
374,5	
373,65
ALRS	
АЛРОСА ао
55 464	
1 707 356 357	
63,15	
63,94	
62,65	
64,05	
63,25
NVTK	
Новатэк ао
18 688	
1 409 191 064	
1 062,6	
1 073,6	
1 050	
1 075,2	
1 075,2
NLMK	
НЛМК ао
20 871	
1 275 440 213	
137,78	
136,6	
136,16	
139	
137,82
CHMF	
СевСт-ао
28 216	
1 215 031 398	
876,2	
883,8	
869,2	
884,8	
874,4
MTSS	
МТС-ао
16 886	
1 209 487 077	
325,6	
325,5	
323,55	
327,55	
326,05
VTBR	
ВТБ ао
42 985	
1 180 310 959	
0,03613	
0,03643	
0,03583	
0,036495	
0,0359
MOEX	
МосБиржа
23 828	
1 100 777 600	
115,85	
115,58	
114,94	
116,55	
115,16
SBERP	
Сбербанк-п
24 783	
1 096 171 530	
189,74	
192,56	
187,71	
192,56	
189,8
IRAO	
ИнтерРАОао
18 065	
1 070 961 720	
4,945	
5	
4,883	
5,0025	
4,9555
HYDR	
РусГидро
27 345	
1 031 581 339	
0,8258	
0,825	
0,8173	
0,8365	
0,8216
POLY	
Polymetal
17 939	
959 191 454	
1 288,2	
1 288,9	
1 273,2	
1 308,9	
1 289,6
SNGSP	
Сургнфгз-п
16 107	
946 189 998	
34,905	
34,91	
34,77	
35,11	
34,8
FIVE	
FIVE-гдр
17 135	
885 588 961	
2 260	
2 250,5	
2 232	
2 289	
2 267
FEES	
ФСК ЕЭС ао
17 824	
849 727 517	
0,18968	
0,1884	
0,18678	
0,19248	
0,191
AFKS	
Система ао
19 420	
783 789 179	
17,042	
17,589	
16,821	
17,589	
17,131
TRNFP	
Транснф ап
2 918	
661 892 050	
133 400	
135 000	
132 400	
135 600	
133 550
RSTI	
Россети ао
14 997	
655 365 000	
1,5302	
1,5555	
1,5125	
1,5659	
1,549
DSKY	
ДетскийМир
21 714	
621 757 267	
98,12	
97,8	
97,02	
99,5	
99,24
SIBN	
Газпрнефть
8 512	
500 877 934	
351,6	
354,05	
349	
355,5	
351,9
MAGN	
ММК
11 750	
439 246 067	
39,54	
39,31	
39,13	
39,84	
39,6
TATNP	
Татнфт 3ап
14 158	
412 032 797	
550,3	
550,8	
541,5	
561,3	
557,7
RTKM	
Ростел -ао
17 486	
373 182 743	
83,66	
82,71	
82,15	
84,87	
84,5
PHOR	
ФосАгро ао
10 826	
354 264 869	
2 652	
2 705	
2 627	
2 705	
2 653
CBOM	
МКБ ао
10 132	
327 182 395	
5,46	
5,44	
5,431	
5,506	
5,5
UPRO	
Юнипро ао
7 021	
321 446 088	
2,792	
2,79	
2,77	
2,808	
2,805
TCSG	
TCS-гдр
13 051	
266 156 869	
1 320,8	
1 308,2	
1 306	
1 336,8	
1 335
QIWI	
iQIWI
8 554	
234 768 105	
1 081	
1 073	
1 040,5	
1 130	
1 106
RUAL	
РУСАЛ ао
14 568	
155 426 077	
26,73	
26,885	
26,57	
27,12	
26,815
NMTP	
НМТП ао
6 184	
142 296 496	
10,98	
11,24	
10,835	
11,24	
10,92
BANEP	
Башнефт ап
3 898	
138 233 029	
1 468,5	
1 452	
1 452	
1 476	
1 464
OGKB	
ОГК-2 ао
5 008	
121 967 500	
0,719	
0,713	
0,7103	
0,7251	
0,7203
BANE	
Башнефт ао
3 940	
99 958 234	
1 907	
1 879,5	
1 872,5	
1 972	
1 896,5
LSRG	
ЛСР ао
4 295	
85 570 971	
659	
665	
655	
665	
660
RASP	
Распадская
1 361	
80 026 317	
110,28	
110,5	
109,52	
111,36	
111,28
TRMK	
ТМК ао
780	
61 501 722	
59,72	
59,82	
59,62	
59,82	
59,7
MVID	
М.видео
1 470	
57 615 493	
405	
410	
402,2	
410	
405,2
MTLR	
Мечел ао
6 507	
55 672 879	
67,66	
68,62	
66,66	
68,62	
67,38
TGKA	
ТГК-1
3 077	
55 034 666	
0,013018	
0,013138	
0,01295	
0,013138	
0,013022
ENRU	
ЭнелРос ао
2 906	
46 281 401	
0,984	
0,9945	
0,9735	
0,9945	
0,987
LNTA	
Лента др
3 653	
45 263 794	
166,8	
168,7	
165,2	
168,7	
167,3
PIKK	
ПИК ао
1 664	
38 397 482	
412,6	
412,7	
409	
419	
412,1
VSMO	
ВСМПО-АВСМ
858	
33 368 420	
19 320	
19 600	
19 020	
19 620	
19 360
AGRO	
AGRO-гдр
2 625	
30 452 025	
658,6	
656,2	
650,6	
664,4	
657
NKNCP	
НКНХ ап
1 666	
29 103 261	
88,22	
88,56	
87,78	
88,98	
88
MSNG	
+МосЭнерго
1 267	
28 828 414	
2,073	
2,0855	
2,056	
2,093	
2,0665
MTLRP	
Мечел ап
1 591	
22 826 580	
82,8	
83,9	
81,8	
84,2	
83,05
SELG	
Селигдар
1 314	
21 545 134	
25,17	
24,96	
24,7	
25,96	
25,26
LSNGP	
РСетиЛЭ-п
1 015	
19 197 872	
155,4	
156,4	
154,7	
156,4	
155,45
BSPB	
БСП ао
1 486	
16 541 152	
41,82	
42,1	
41,4	
42,45	
41,91
AKRN	
Акрон
796	
16 458 872	
5 440	
5 450	
5 410	
5 474	
5 464
RSTIP	
Россети ап
1 319	
16 112 354	
2,1	
2,126	
2,066	
2,126	
2,085
KRKNP	
СаратНПЗ-п
525	
15 936 220	
16 260	
16 600	
16 080	
16 680	
16 180
ETLN	
ETLN-гдр
1 212	
15 755 434	
93,82	
94,24	
93	
95,8	
93,98
LIFE	
iФармсинтз
1 656	
14 624 524	
7,035	
6,84	
6,795	
7,29	
6,88
OBUV	
ОР ао
1 327	
13 843 700	
33,2	
33,8	
32,7	
34,4	
33,35
INGR	
ИНГРАД ао
1 555	
12 972 135	
754	
763	
747	
790	
750
RTKMP	
Ростел -ап
1 208	
12 903 165	
75,35	
75	
74,55	
75,8	
75,5
PRTK	
ПРОТЕК ао
145	
11 004 371	
99,2	
99	
98,8	
99,6	
99,6
MRKP	
МРСК ЦП
1 154	
10 699 523	
0,192	
0,1937	
0,1901	
0,1943	
0,192
APTK	
Аптеки36и6
3 236	
9 679 203	
13,808	
13,754	
13,708	
13,898	
13,758
KLSB	
КалужскСК
871	
6 488 364	
11,95	
11,97	
11,6	
12,4	
11,83
RNFT	
РуссНфт ао
1 327	
6 296 055	
466,4	
458	
456,2	
474	
469
MOBB	
МосОблБанк
2 943	
6 277 586	
1,07	
1,084	
1,026	
1,126	
1,09
MRKV	
РсетВол ао
573	
5 658 328	
0,07225	
0,073	
0,0714	
0,0743	
0,0721
SFIN	
САФМАР ао
251	
5 641 852	
459,8	
459,4	
458,4	
467	
459
NKNC	
НКНХ ао
429	
5 498 842	
97,5	
97,2	
97,15	
97,8	
97,7
UNAC	
iАвиастКао
497	
5 438 265	
0,484	
0,485	
0,473	
0,494	
0,4805
MRKZ	
МРСК СЗ
546	
5 179 535	
0,0481	
0,04835	
0,0478	
0,0488	
0,048
MRKC	
МРСК Центр
694	
4 888 716	
0,2706	
0,269	
0,2682	
0,2748	
0,2726
TGKD	
Квадра
66	
4 771 116	
0,003095	
0,00311	
0,00306	
0,003145	
0,00309
ALNU	
АЛРОСА-Нюр
70	
4 215 600	
53 400	
54 600	
50 800	
56 000	
53 400
KBSB	
ТНСэКубань
870	
4 140 340	
166,5	
136	
136	
179,5	
150
GCHE	
ЧеркизГ-ао
454	
3 944 031	
1 765,5	
1 780	
1 745	
1 782	
1 751,5
KZOS	
ОргСинт ао
382	
3 626 095	
89,5	
89,7	
88,5	
90,6	
89,3
IRKT	
ИРКУТ-3
227	
3 597 714	
33,84	
34,4	
33,2	
34,7	
34,7
PMSBP	
ПермьЭнС-п
463	
3 409 028	
138,6	
144,4	
135,8	
144,4	
137
ZILL	
ЗИЛ ао
326	
3 258 480	
2 930	
2 985	
2 800	
3 085	
2 840
FESH	
ДВМП ао
411	
3 237 316	
7,14	
7,19	
7,05	
7,2	
7,13
TGKB	
ТГК-2
137	
2 886 395	
0,0042	
0,004235	
0,00417	
0,00427	
0,00419
GAZA	
ГАЗ ао
15	
2 768 510	
384,5	
390	
383	
392	
384,5
ISKJ	
iИСКЧ ао
424	
2 596 612	
27,42	
27,35	
27,07	
27,93	
27,73
UTAR	
ЮТэйр ао
518	
2 531 565	
7,14	
7,38	
7,05	
7,38	
7,22
MSTT	
Мостотрест
235	
2 413 683	
158,5	
158,75	
158,15	
159,2	
158,5
RTSB	
ТНСэнРст
247	
2 372 700	
0,405	
0,36	
0,36	
0,44	
0,42
SVAV	
СОЛЛЕРС
79	
2 339 615	
258	
257	
257	
258,5	
258
ENPG	
ЭН+ГРУП ао
93	
2 263 120	
601,5	
604	
599	
605	
604,5
TASBP	
ТамбЭнСб-п
190	
2 250 615	
0,465	
0,47	
0,4455	
0,48	
0,4535
KUBE	
Кубанэнр
551	
2 217 040	
68,6	
69,9	
65	
75,4	
68,8
LNZL	
Лензолото
159	
2 202 330	
8 540	
8 640	
8 410	
8 670	
8 570
AMEZ	
АшинскийМЗ
309	
2 029 997	
4,075	
4,045	
4,01	
4,11	
4,07
CNTLP	
Телеграф-п
173	
1 949 418	
17,5	
17,9	
17,3	
17,94	
17,38
RTSBP	
ТНСэнРст-п
340	
1 844 950	
0,32	
0,305	
0,288	
0,349	
0,323
MGTSP	
МГТС-4ап
215	
1 831 928	
2 026	
2 032	
2 014	
2 048	
2 026
MSRS	
РСетиМР ао
162	
1 389 751	
1,1255	
1,1335	
1,1185	
1,134	
1,125
PMSB	
ПермьЭнСб
307	
1 374 265	
139,1	
141,3	
136,4	
142,1	
138,6
TASB	
ТамбЭнСб
160	
1 297 055	
0,525	
0,514	
0,4955	
0,5505	
0,497
KGKCP	
КурганГКап
139	
1 222 805	
62	
60	
58,5	
66,5	
59,5
MRKU	
МРСК Ур
166	
1 107 278	
0,1594	
0,1608	
0,158	
0,1608	
0,1586
RBCM	
РБК ао
175	
1 088 634	
3,278	
3,37	
3,25	
3,37	
3,264
SELGP	
Селигдар-п
52	
951 140	
25,9	
26,05	
25,85	
26,05	
25,9
LSNG	
РСетиЛЭ
202	
921 494	
6,07	
6,13	
6,04	
6,13	
6,07
MRKK	
Россети СК
121	
889 393	
26,9	
26,9	
26,3	
27,3	
26,4
AQUA	
РусАква ао
96	
880 230	
207	
210	
206	
210	
206
LNZLP	
Лензол. ап
132	
877 400	
3 580	
3 625	
3 535	
3 625	
3 595
KZOSP	
ОргСинт ап
521	
871 321	
11,74	
12,1	
10,27	
12,17	
12,03
USBN	
УралСиб ао
46	
866 319	
0,0705	
0,0706	
0,0703	
0,0715	
0,0711
VJGZP	
Варьеган-п
66	
816 070	
344	
359	
324	
359	
351
UNKL	
ЮУНК ао
122	
780 910	
3 720	
3 830	
3 590	
3 890	
3 700
KGKC	
КурганГКао
104	
761 600	
55	
54	
53	
58	
54
NKHP	
НКХП ао
88	
740 565	
233	
232	
229,5	
234,5	
234,5
MRKY	
РоссЮг ао
124	
740 483	
0,0502	
0,05015	
0,05	
0,05045	
0,0503
BELU	
Белуга ао
117	
736 472	
1 354	
1 370	
1 337	
1 375	
1 350
UWGN	
ОВК ао
202	
711 920	
237,9	
237,9	
237,1	
238,7	
237,9
DIOD	
ЗаводДИОД
104	
642 751	
5,76	
5,76	
5,73	
5,79	
5,75
ELTZ	
Электрцинк
87	
631 554	
166,5	
168	
166	
170,5	
167
RGSS	
РГС СК ао
175	
623 368	
0,1508	
0,1516	
0,1498	
0,153	
0,1504
MRKS	
РсетСиб ао
66	
610 945	
0,2445	
0,248	
0,24	
0,2485	
0,241
TTLK	
Таттел. ао
104	
605 880	
0,29	
0,2915	
0,286	
0,2965	
0,2895
PAZA	
ПавлАвт ао
57	
595 150	
7 730	
7 840	
7 690	
7 840	
7 710
KMAZ	
КАМАЗ
178	
588 310	
57,5	
57,7	
57,1	
57,8	
57,3
GEMA	
iММЦБ ао
116	
578 013	
602	
599,5	
599	
603	
603
RLMNP	
Роллман-п
227	
550 339	
19,78	
19,22	
18,6	
20,5	
20,4
URKZ	
УрКузница
22	
520 320	
11 560	
11 440	
11 440	
12 000	
11 600
TUZA	
ТЗА ао
133	
511 510	
97	
98	
95	
102	
96
PRMB	
Приморье
20	
498 600	
25 000	
25 400	
24 000	
25 600	
25 000
CHEP	
ЧТПЗ ао
80	
490 950	
200,5	
200,5	
199	
202	
200,5
RLMN	
Роллман
186	
468 497	
18,9	
19,2	
18,4	
19,3	
19,05
VSYDP	
ВыбСудЗ ап
69	
466 780	
4 580	
4 380	
4 380	
4 800	
4 400
RUGR	
Русгрэйн
798	
425 563	
7,462	
7,46	
7,4	
7,522	
7,432
SAGO	
СамарЭн-ао
41	
414 980	
0,424	
0,426	
0,404	
0,43	
0,424
NFAZ	
Нефтекамск
52	
401 336	
166,6	
174,6	
163,4	
174,6	
166,2
ASSB	
АстрЭнСб
117	
377 716	
0,7885	
0,78	
0,78	
0,805	
0,788
CNTL	
Телеграф
57	
367 565	
20,9	
21,4	
20,7	
21,4	
20,85
GTRK	
ГТМ ао
210	
353 298	
42,5	
42,95	
42,35	
42,95	
42,5
KAZT	
Куйбазот
47	
340 878	
139,8	
141,4	
138,8	
141,6	
140,4
DVEC	
ДЭК ао
80	
338 419	
0,932	
0,931	
0,922	
0,943	
0,935
KRKN	
СаратНПЗ
18	
336 150	
13 450	
13 400	
13 400	
13 500	
13 450
RZSB	
РязЭнСб
28	
302 560	
10,1	
10,08	
9,96	
10,24	
9,98
VSYD	
ВыбСудЗ ао
59	
295 805	
4 350	
4 425	
4 240	
4 520	
4 320
KRSB	
Красэсб ао
28	
291 870	
7,29	
7,3	
7,25	
7,4	
7,26
TGKN	
ТГК-14
35	
282 870	
0,00321	
0,00323	
0,00319	
0,00324	
0,00321
KBTK	
КузбТК ао
45	
282 622	
154,4	
156	
151,4	
157,8	
152,2
VLHZ	
ВХЗ-ао
22	
274 818	
49,6	
49,55	
49,55	
49,95	
49,8
YRSB	
ТНСэнЯр
43	
263 700	
170	
168	
168	
172	
170
YAKG	
ЯТЭК ао
30	
250 820	
39,8	
39,8	
39,6	
39,95	
39,95
MAGE	
МагадЭн ао
17	
244 190	
8,42	
8,44	
8,33	
8,67	
8,5
VZRZP	
Возрожд-п
37	
241 738	
314	
315	
312	
319	
315,6
ROSB	
Росбанк ао
69	
241 100	
70,2	
73	
69,6	
73	
70,2
EELT	
ЕвроЭлтех
79	
228 047	
7,52	
7,48	
7,4	
7,5	
7,5
BISVP	
БашИнСв ап
48	
227 202	
8,26	
8,12	
8,12	
8,3	
8,23
MGNZ	
СМЗ-ао
8	
219 240	
4 060	
4 070	
4 050	
4 070	
4 050
TNSE	
ТНСэнрг ао
7	
215 225	
965	
965	
965	
985	
985
TGKBP	
ТГК-2 ап
22	
199 600	
0,00739	
0,0074	
0,00732	
0,00743	
0,00742
KRSBP	
Красэсб ап
17	
191 420	
7,36	
7,36	
7,26	
7,6	
7,26
TRCN	
ТрансК ао
15	
187 985	
8 545	
8 600	
8 510	
8 600	
8 535
CHMK	
ЧМК ао
21	
179 795	
2 495	
2 500	
2 480	
2 505	
2 490
LVHK	
Левенгук
41	
169 659	
8,04	
7,95	
7,95	
8,16	
8,02
ROLO	
Русолово
22	
168 526	
3,83	
3,85	
3,8	
3,892	
3,836
RDRB	
РДБанк ао
24	
166 900	
250	
245	
245	
255	
250
RUSP	
Русполимет
20	
161 520	
0,598	
0,602	
0,59	
0,602	
0,5955
MAGEP	
МагадЭн ап
20	
151 710	
7,225	
7,42	
7,145	
7,42	
7,26
TGKDP	
Квадра-п
73	
145 803	
0,00404	
0,004125	
0,003985	
0,004145	
0,004
SAGOP	
СамарЭн-ап
13	
144 670	
0,402	
0,395	
0,394	
0,405	
0,399
HIMCP	
Химпром ап
32	
140 942	
5,92	
5,88	
5,88	
5,94	
5,93
IRGZ	
ИркЭнерго
32	
135 038	
12,06	
12,14	
11,92	
12,16	
12,08
YKEN	
Якутскэнрг
24	
130 385	
0,3525	
0,3505	
0,35	
0,3575	
0,3505
ABRD	
АбрауДюрсо
38	
129 335	
130,5	
130,5	
130	
131	
130,5
KUZB	
КузнецкийБ
102	
128 730	
0,01672	
0,01686	
0,01661	
0,0169	
0,01687
RTGZ	
ГазпРнД ао
4	
126 650	
21 100	
21 100	
21 100	
21 150	
21 100
IGST	
Ижсталь2ао
47	
126 154	
841	
834	
826	
864	
833
MRSB	
МордЭнСб
13	
116 660	
0,343	
0,342	
0,341	
0,346	
0,342
YRSBP	
ТНСэнЯр-п
55	
115 615	
88,5	
87	
85,5	
90	
87
BRZL	
БурЗолото
24	
114 523	
830	
827	
827	
832	
829
HALS	
Галс-Девел
33	
110 728	
764	
770	
746	
770	
765
OMZZP	
ОМЗ-ап
17	
110 015	
3 335	
3 330	
3 310	
3 360	
3 315
ZVEZ	
ЗВЕЗДА ао
18	
108 745	
4,53	
4,515	
4,51	
4,555	
4,515
IGSTP	
Ижсталь ап
28	
107 685	
661	
661	
660	
669	
668
MGTS	
МГТС-5ао
16	
106 085	
2 465	
2 445	
2 445	
2 480	
2 450
ROST	
РОСИНТЕРао
15	
101 770	
62,8	
63,6	
62,4	
64,2	
62,8
KTSB	
КСБ ао
30	
98 898	
0,586	
0,6	
0,578	
0,608	
0,588
AVAN	
Авангрд-ао
30	
98 580	
705	
715	
695	
720	
710
RKKE	
ЭнергияРКК
13	
94 190	
4 960	
4 950	
4 930	
5 000	
4 970
KROT	
КрасОкт-ао
10	
93 215	
345	
347	
344	
347	
344,5
KAZTP	
Куйбазот-п
24	
92 384	
142,2	
141,6	
141,6	
144,2	
144
YKENP	
Якутскэн-п
18	
92 245	
0,3295	
0,334	
0,3235	
0,3345	
0,327
NSVZ	
НаукаСвяз
32	
91 910	
230	
233,5	
226,5	
234	
231
WTCM	
ЦМТ ао
26	
91 538	
9,06	
8,92	
8,92	
9,1	
8,98
WTCMP	
ЦМТ ап
23	
89 266	
8,04	
7,92	
7,92	
8,14	
8,14
MISB	
ТНСэнМарЭл
16	
86 910	
10,7	
10,8	
10,7	
10,9	
10,7
TORSP	
ТРК ап
21	
86 900	
0,2715	
0,275	
0,27	
0,275	
0,272
SLEN	
Сахэнер ао
19	
82 420	
4,1	
4,115	
4,07	
4,15	
4,125
VRSBP	
ТНСэнВор-п
12	
80 450	
32	
31,5	
31,5	
32,5	
32,5
KCHE	
КамчатЭ ао
5	
75 125	
0,203	
0,197	
0,197	
0,2035	
0,2035
STSB	
СтаврЭнСб
40	
74 869	
0,4025	
0,409	
0,3915	
0,415	
0,393
ALBK	
БестЭфБ ао
27	
74 425	
53,5	
53,5	
53	
54,5	
54
DZRD	
iДонскЗР
24	
71 790	
1 940	
1 880	
1 880	
1 960	
1 950
UCSS	
ОКС ао
11	
69 880	
1 460	
1 460	
1 450	
1 470	
1 460
LPSB	
ЛЭСК ао
25	
67 615	
8,05	
8	
7,95	
8,1	
8
KMEZ	
КМЗ
44	
65 823	
463,5	
466	
459	
468	
463,5
SARE	
СаратЭн-ао
20	
65 358	
0,1168	
0,117	
0,1164	
0,1184	
0,1184
JNOS	
Славн-ЯНОС
5	
63 240	
18,6	
18,6	
18,6	
18,6	
18,6
NKSH	
Нижкамшина
16	
59 366	
22,84	
22,7	
22,7	
22,98	
22,8
MFGSP	
Мегион-ап
5	
56 150	
330,5	
330	
330	
335	
335
VGSB	
ВолгЭнСб
13	
55 890	
1,645	
1,68	
1,635	
1,68	
1,635
NAUK	
iНПОНаука
25	
55 824	
180,2	
181,2	
179	
181,8	
180,8
GAZAP	
ГАЗ ап
14	
54 125	
318,5	
319,5	
317,5	
320	
320
KRKOP	
ТКЗКК ап
13	
53 769	
5,72	
5,725	
5,715	
5,78	
5,74
NNSBP	
ТНСэнНН ап
21	
48 709	
573	
558	
548	
593	
563
CHKZ	
ЧКПЗ ао
9	
47 700	
5 300	
5 300	
5 300	
5 300	
5 300
MFGS	
Мегион-ао
6	
43 220	
360	
360,5	
360	
360,5	
360,5
SAREP	
СаратЭн-ап
15	
41 752	
0,0908	
0,0906	
0,09	
0,0916	
0,0906
BLNG	
Белон ао
16	
39 285	
4,05	
4,1	
4,038	
4,1	
4,064
VGSBP	
ВолгЭнСб-п
28	
38 265	
1,16	
1,11	
1,11	
1,205	
1,15
TORS	
ТРК ао
5	
34 150	
0,379	
0,379	
0,377	
0,382	
0,377
RAVN	
Raven
7	
27 910	
31	
31	
30,9	
31,25	
30,95
RUSI	
ИКРУСС-ИНВ
7	
26 690	
38,1	
38,6	
37,7	
38,6	
38,1
STSBP	
СтаврЭнСбп
21	
26 136	
0,331	
0,3305	
0,329	
0,332	
0,33
ARSA	
Арсагера
4	
16 170	
3,23	
3,24	
3,23	
3,24	
3,23
VJGZ	
Варьеган
7	
15 612	
600	
608	
598	
609	
605
UKUZ	
ЮжКузб. ао
8	
13 072	
546	
530	
530	
546	
546
CHGZ	
РН-ЗапСиб
3	
10 740	
35,8	
35,8	
35,2	
36,4	
36,4
JNOSP	
Слав-ЯНОСп
1	
10 010	
14,3	
14,3	
14,3	
14,3	
14,3
MISBP	
ТНСэМаЭл-п
3	
9 100	
10,2	
10,2	
10	
10,2	
10,2
KTSBP	
КСБ ап
3	
7 340	
0,2445	
0,2425	
0,2425	
0,246	
0,246
VRSB	
ТНСэнВорон
1	
4 700	
47	
47	
47	
47	
47
BISV	
БашИнСв ао
0	
0	
-	
-	
-	
-	
8,7
DZRDP	
iДонскЗР п
0	
0	
-	
-	
-	
-	
1 610
GAZC	
ГАЗКОН-ао
0	
0	
-	
-	
-	
-	
295
GAZS	
ГАЗ-сервис
0	
0	
-	
-	
-	
-	
293
GAZT	
ГАЗ-Тек ао
0	
0	
-	
-	
-	
-	
85
GTSS	
ГЕОТЕК ао
0	
0	
-	
-	
-	
-	
-
HIMC	
Химпром ао
0	
0	
-	
-	
-	
-	
0,99
KCHEP	
КамчатЭ ап
0	
0	
-	
-	
-	
-	
0,359
KMTZ	
КосогМЗ ао
0	
0	
-	
-	
-	
-	
-
KOGK	
КоршГОК ао
0	
0	
-	
-	
-	
-	
46 800
KRKO	
ТКЗКК ао
0	
0	
-	
-	
-	
-	
11,8
KROTP	
КрасОкт-1п
0	
0	
-	
-	
-	
-	
256,5
KSGR	
Кокс ао
0	
0	
-	
-	
-	
-	
-
KUNF	
КУЗОЦМ ао
0	
0	
-	
-	
-	
-	
-
KZMS	
КЗМС ао
0	
0	
-	
-	
-	
-	
226
MFON	
МегаФон ао
0	
0	
-	
-	
-	
-	
650,6
MORI	
Морион ао
0	
0	
-	
-	
-	
-	
4,31
NNSB	
ТНСэнНН ао
0	
0	
-	
-	
-	
-	
1 395
NPOF	
Физика ао
0	
0	
-	
-	
-	
-	
11 850
SZPR	
СЗПароход
0	
0	
-	
-	
-	
-	
782
TRFM	
ТрансФ ао
0	
0	
-	
-	
-	
-	
-
URKA	
Уркалий-ао
0	
0	
-	
-	
-	
-	
119,04
VZRZ	
Возрожд-ао
0	
0	
-	
-	
-	
-	
480