LKOH	
ЛУКОЙЛ
55 183	
13 709 403 184	
4 702,5	
4 805	
4 655	
4 815,5	
4 694,5
SBER	
Сбербанк
65 800	
12 588 932 835	
230,46	
232	
229	
232,59	
229
GAZP	
ГАЗПРОМ ао
62 280	
8 261 937 075	
182,62	
184,4	
181,34	
184,7	
181,6
GMKN	
ГМКНорНик
18 856	
5 090 015 590	
19 344	
19 432	
19 252	
19 512	
19 348
IRAO	
ИнтерРАОао
45 038	
5 004 043 699	
5,87	
5,902	
5,7	
6,0095	
5,86
YNDX	
Yandex clA
37 960	
4 674 724 400	
4 600,2	
4 581	
4 552	
4 643,6	
4 598,4
PLZL	
Полюс
19 924	
4 346 622 755	
16 932	
17 092	
16 789,5	
17 161	
16 937
POLY	
Polymetal
58 317	
4 276 104 189	
1 748,4	
1 775,8	
1 726,9	
1 778,2	
1 739,9
TATN	
Татнфт 3ао
47 847	
3 756 244 919	
510,1	
518,1	
503,8	
520	
509,7
MOEX	
МосБиржа
27 952	
2 134 305 033	
147,33	
149,51	
145,5	
150	
146,62
MGNT	
Магнит ао
16 374	
1 911 951 152	
4 840	
4 865	
4 788	
4 875	
4 829
ALRS	
АЛРОСА ао
27 902	
1 892 849 439	
76,3	
75,25	
75,02	
77,25	
76,5
RUAL	
РУСАЛ ао
17 311	
1 596 598 580	
33,395	
32,5	
31,975	
33,935	
33,935
ROSN	
Роснефть
13 723	
1 579 094 180	
378,9	
382,9	
374,5	
384	
378,75
HYDR	
РусГидро
25 850	
1 483 677 161	
0,7747	
0,7632	
0,7592	
0,7824	
0,7715
NVTK	
Новатэк ао
8 884	
1 443 994 244	
1 125,6	
1 127	
1 112,2	
1 129	
1 128,6
SNGS	
Сургнфгз
21 565	
1 351 587 230	
36,375	
36,5	
36	
36,865	
36,21
SBERP	
Сбербанк-п
18 525	
1 232 318 811	
221,85	
222,3	
221,01	
222,69	
221,78
SNGSP	
Сургнфгз-п
20 939	
1 144 779 543	
37,575	
37,56	
37,295	
37,68	
37,68
TRNFP	
Транснф ап
3 537	
1 087 457 350	
144 350	
144 100	
141 650	
146 350	
145 600
NLMK	
НЛМК ао
11 276	
1 071 941 300	
167,08	
168,5	
165,42	
168,72	
167,52
CHMF	
СевСт-ао
15 208	
1 036 054 215	
980,4	
992	
973,4	
992	
983,4
MAGN	
ММК
11 266	
1 032 489 671	
39,555	
39,325	
38,97	
39,975	
39,975
DSKY	
ДетскийМир
12 845	
1 019 294 624	
114,12	
115	
113,22	
115	
114
MTSS	
МТС-ао
9 689	
980 912 318	
338,8	
340,05	
337	
341,5	
339,15
FEES	
ФСК ЕЭС ао
14 568	
917 792 892	
0,20756	
0,20322	
0,20322	
0,20884	
0,2073
FIVE	
FIVE-гдр
9 947	
860 128 467	
2 836	
2 810	
2 786	
2 861	
2 845,5
VTBR	
ВТБ ао
21 595	
795 133 631	
0,035505	
0,03576	
0,035255	
0,0358	
0,035535
MAIL	
MAIL-гдр
14 896	
768 378 147	
2 207,2	
2 192	
2 172,4	
2 224	
2 220
UPRO	
Юнипро ао
8 617	
733 150 324	
2,89	
2,912	
2,834	
2,929	
2,874
TATNP	
Татнфт 3ап
22 549	
679 564 743	
499,2	
504	
495	
507,4	
495
RTKM	
Ростел -ао
6 202	
543 213 986	
97,64	
97	
96,5	
98	
98
POGR	
Petropavl
7 891	
527 181 501	
36,87	
37,68	
36,02	
37,68	
36,02
AFKS	
Система ао
8 844	
517 328 183	
20,715	
20,899	
20,55	
20,928	
20,718
AFLT	
Аэрофлот
10 252	
509 528 016	
81,78	
82,4	
81,2	
82,4	
81,5
TCSG	
TCS-гдр
12 037	
473 622 463	
1 994,2	
1 974,4	
1 922	
2 014	
2 012,8
RSTI	
Россети ао
6 072	
437 809 378	
1,5298	
1,5319	
1,5101	
1,5437	
1,5371
SIBN	
Газпрнефть
8 640	
432 546 317	
305,7	
306,8	
304,15	
309,05	
304,95
PHOR	
ФосАгро ао
4 327	
363 824 339	
2 765	
2 735	
2 715	
2 788	
2 788
CBOM	
МКБ ао
6 393	
341 729 539	
5,862	
5,901	
5,459	
5,907	
5,817
RNFT	
РуссНфт ао
3 110	
317 985 132	
368	
402	
366,4	
405,2	
366,4
LSRG	
ЛСР ао
7 442	
205 355 923	
868,2	
851,4	
849,2	
879,8	
873
NMTP	
НМТП ао
6 968	
143 471 075	
9,055	
9,045	
8,81	
9,2	
9,2
OGKB	
ОГК-2 ао
3 707	
129 302 646	
0,7894	
0,7901	
0,7809	
0,7972	
0,7925
BANEP	
Башнефт ап
3 605	
113 718 868	
1 289,5	
1 299	
1 280,5	
1 300,5	
1 293
MVID	
М.видео
1 728	
112 373 969	
582,5	
584,5	
576	
591	
576
ENRU	
ЭнелРос ао
4 623	
100 540 989	
0,954	
0,9725	
0,94	
0,973	
0,9505
QIWI	
iQIWI
3 536	
94 351 060	
1 247,5	
1 258	
1 240	
1 260	
1 240
FESH	
ДВМП ао
4 387	
79 772 000	
9,43	
9,9	
9,08	
10	
9,56
MSNG	
+МосЭнерго
2 058	
73 480 548	
2,071	
2,062	
2,045	
2,101	
2,045
LNTA	
Лента др
4 108	
71 936 581	
209,6	
209,7	
208,2	
210,9	
210
PIKK	
ПИК ао
1 606	
49 164 239	
564,2	
567,9	
559	
567,9	
564,5
RASP	
Распадская
1 034	
44 620 096	
118,44	
119,38	
117,38	
119,92	
117,64
TRMK	
ТМК ао
730	
38 165 846	
60,86	
60,84	
60,8	
60,96	
60,96
TGKA	
ТГК-1
2 042	
36 110 601	
0,011496	
0,011552	
0,0114	
0,011586	
0,0114
NSVZ	
НаукаСвяз
3 389	
31 276 490	
222,5	
214,5	
204	
243	
215,5
AGRO	
AGRO-гдр
1 972	
29 358 701	
744	
750	
740,4	
753,8	
743,4
ETLN	
ETLN-гдр
2 198	
28 467 359	
121,22	
121,8	
120,1	
121,88	
121,06
MTLR	
Мечел ао
2 672	
25 413 440	
63,35	
63,71	
62,85	
63,79	
62,85
LSNGP	
РСетиЛЭ-п
898	
21 154 603	
154,1	
153,65	
152,8	
155	
155
RSTIP	
Россети ап
961	
19 667 858	
2,083	
2,06	
2,057	
2,102	
2,082
LVHK	
Левенгук
3 350	
18 263 522	
9,47	
8,14	
8,14	
10,44	
9,01
MTLRP	
Мечел ап
1 662	
18 137 237	
69,3	
70,25	
68,85	
70,55	
68,85
MRKP	
МРСК ЦП
417	
17 284 190	
0,2213	
0,2202	
0,22	
0,2222	
0,2214
RTKMP	
Ростел -ап
1 242	
16 406 333	
88,25	
88,45	
87,85	
88,45	
88,25
ENPG	
ЭН+ГРУП ао
409	
13 940 181	
659,5	
674,5	
653,5	
674,5	
661
BANE	
Башнефт ао
765	
12 615 121	
1 680	
1 699	
1 666	
1 727,5	
1 666
OBUV	
ОР ао
1 188	
11 247 924	
33,75	
33,7	
33,5	
34,2	
33,75
MSTT	
Мостотрест
463	
10 972 179	
155,6	
150	
150	
162,3	
161
VSMO	
ВСМПО-АВСМ
192	
10 625 720	
17 540	
17 460	
17 420	
17 600	
17 440
NKNCP	
НКНХ ап
891	
9 736 064	
79,54	
79,6	
79,26	
80,22	
79,44
BSPB	
БСП ао
951	
9 533 643	
43,53	
43,59	
43,31	
43,66	
43,4
AKRN	
Акрон
219	
8 243 004	
5 934	
5 964	
5 902	
5 990	
5 928
ISKJ	
iИСКЧ ао
733	
8 216 718	
27,05	
27,3	
26,5	
27,59	
26,52
MRKV	
РсетВол ао
510	
6 869 585	
0,069	
0,06845	
0,068	
0,06955	
0,06905
UWGN	
ОВК ао
1 460	
6 728 361	
212	
216,9	
209,9	
218,1	
218,1
AQUA	
РусАква ао
499	
5 907 455	
222,5	
223	
220	
224,5	
220,5
LNZL	
Лензолото
139	
5 886 700	
18 570	
18 560	
18 470	
18 660	
18 470
VGSB	
ВолгЭнСб
627	
5 510 715	
4,33	
4,06	
4,015	
4,785	
4,15
GCHE	
ЧеркизГ-ао
421	
5 415 269	
1 899,5	
1 898	
1 886,5	
1 908	
1 890
SELGP	
Селигдар-п
273	
4 239 760	
37,8	
38,1	
37,1	
38,35	
38,2
TGKD	
Квадра
421	
4 080 923	
0,00363	
0,00365	
0,00354	
0,003715	
0,003675
SFIN	
САФМАР ао
193	
3 969 926	
525,2	
526	
511,2	
529,4	
511,2
SELG	
Селигдар
259	
3 438 942	
44,49	
44,69	
44,25	
45,09	
44,37
UNAC	
iАвиастКао
528	
3 425 213	
0,451	
0,4595	
0,42	
0,462	
0,4475
SVAV	
СОЛЛЕРС
164	
3 393 360	
294	
289,5	
289,5	
296	
293,5
KRKNP	
СаратНПЗ-п
118	
3 215 420	
15 540	
15 560	
15 500	
15 580	
15 500
YAKG	
ЯТЭК ао
58	
3 133 470	
43,05	
42,95	
42,5	
43,25	
43
RTGZ	
ГазпРнД ао
17	
2 906 950	
26 450	
26 400	
26 100	
26 750	
26 450
MRKC	
МРСК Центр
469	
2 853 977	
0,3046	
0,304	
0,301	
0,3062	
0,3042
KCHE	
КамчатЭ ао
482	
2 784 540	
0,2275	
0,219	
0,215	
0,238	
0,221
AVAN	
Авангрд-ао
389	
2 726 185	
970	
1 000	
930	
1 040	
950
TGKDP	
Квадра-п
507	
2 654 645	
0,00455	
0,0044	
0,004105	
0,0049	
0,00458
APTK	
Аптеки36и6
964	
2 502 297	
13,442	
13,388	
13,38	
13,498	
13,424
CNTLP	
Телеграф-п
318	
2 461 638	
15	
15	
14,9	
15,1	
14,96
AMEZ	
АшинскийМЗ
433	
2 335 137	
4,675	
4,77	
4,61	
4,795	
4,63
MSRS	
РСетиМР ао
137	
2 308 592	
1,1875	
1,1935	
1,1795	
1,1935	
1,18
LIFE	
iФармсинтз
328	
2 293 960	
7,19	
7,22	
7,155	
7,25	
7,18
MGTSP	
МГТС-4ап
143	
2 290 186	
1 984	
1 996	
1 980	
1 996	
1 980
CNTL	
Телеграф
197	
2 264 375	
17,25	
17,3	
17,1	
17,4	
17,2
VGSBP	
ВолгЭнСб-п
376	
2 109 480	
2,135	
2,05	
2	
2,275	
2,105
KUZB	
КузнецкийБ
604	
2 104 405	
0,01513	
0,01539	
0,01501	
0,01549	
0,01515
RBCM	
РБК ао
330	
2 066 256	
3,432	
3,406	
3,394	
3,46	
3,406
IRKT	
ИРКУТ-3
144	
1 932 168	
34,08	
34,34	
33,98	
34,36	
34,14
ALNU	
АЛРОСА-Нюр
13	
1 799 200	
56 200	
55 400	
55 400	
56 800	
56 200
ROLO	
Русолово
174	
1 770 794	
6,838	
6,91	
6,7	
6,998	
6,92
KMAZ	
КАМАЗ
507	
1 717 957	
63,3	
63,3	
62,9	
63,7	
63,2
KCHEP	
КамчатЭ ап
251	
1 682 970	
0,417	
0,396	
0,387	
0,472	
0,409
HIMCP	
Химпром ап
290	
1 657 758	
8,08	
8,24	
7,96	
8,24	
8,1
LNZLP	
Лензол. ап
125	
1 657 330	
4 175	
4 175	
4 150	
4 260	
4 155
TGKB	
ТГК-2
96	
1 602 530	
0,00424	
0,004275	
0,00422	
0,00428	
0,004225
NAUK	
iНПОНаука
272	
1 578 108	
203,6	
198,4	
194	
213	
201,2
MFGS	
Мегион-ао
16	
1 555 970	
363,5	
363	
360	
365	
360
KZOS	
ОргСинт ао
346	
1 542 962	
84,9	
85	
84,6	
85,2	
85
DIOD	
ЗаводДИОД
223	
1 510 605	
6,87	
7,2	
6,77	
7,2	
6,78
MAGE	
МагадЭн ао
70	
1 415 840	
6,08	
6,38	
6,01	
6,38	
6,01
RUGR	
Русгрэйн
984	
1 384 331	
9,21	
9,118	
9,1	
9,318	
9,166
ASSB	
АстрЭнСб
555	
1 345 829	
0,77	
0,7495	
0,742	
0,7995	
0,751
BELU	
Белуга ао
177	
1 183 376	
1 300	
1 311	
1 295	
1 318	
1 296
NKNC	
НКНХ ао
201	
1 129 075	
91,55	
91,75	
91,3	
91,75	
91,55
ABRD	
АбрауДюрсо
133	
1 114 350	
204	
203,5	
202,5	
205	
204,5
NFAZ	
Нефтекамск
84	
1 040 004	
189	
190,4	
185,6	
194	
187,2
UNKL	
ЮУНК ао
105	
1 018 470	
6 880	
6 840	
6 800	
6 970	
6 880
MFGSP	
Мегион-ап
6	
972 740	
320	
320	
318	
320	
318
VLHZ	
ВХЗ-ао
138	
856 450	
53,7	
55,35	
52,65	
55,35	
54
RGSS	
РГС СК ао
118	
823 242	
0,1492	
0,1506	
0,147	
0,1506	
0,1488
GEMA	
iММЦБ ао
60	
815 771	
601,5	
605,5	
600,5	
605,5	
603,5
PRMB	
Приморье
21	
737 400	
27 400	
27 000	
26 800	
27 600	
27 600
RDRB	
РДБанк ао
105	
735 800	
225	
225	
220	
230	
225
TTLK	
Таттел. ао
52	
713 810	
0,326	
0,327	
0,325	
0,327	
0,327
RTSB	
ТНСэнРст
70	
688 300	
0,565	
0,575	
0,51	
0,585	
0,585
MRKU	
МРСК Ур
72	
662 728	
0,1462	
0,146	
0,145	
0,147	
0,1462
MRKZ	
МРСК СЗ
126	
659 135	
0,0505	
0,0505	
0,0496	
0,0509	
0,0504
WTCM	
ЦМТ ао
103	
596 574	
9,5	
9,28	
9,26	
9,78	
9,52
LSNG	
РСетиЛЭ
205	
592 108	
5,82	
5,82	
5,78	
5,84	
5,82
INGR	
ИНГРАД ао
49	
562 459	
801	
800	
796	
808	
806
ALBK	
БестЭфБ ао
111	
561 160	
61,5	
62	
60,5	
63	
60,5
ZVEZ	
ЗВЕЗДА ао
73	
545 685	
4,625	
4,645	
4,6	
4,685	
4,64
CHEP	
ЧТПЗ ао
96	
536 710	
211,5	
213	
209,5	
213,5	
212
KRKOP	
ТКЗКК ап
87	
519 555	
8,245	
8,29	
8,15	
8,36	
8,245
RUSP	
Русполимет
111	
516 857	
0,6295	
0,6465	
0,5705	
0,6465	
0,637
CHMK	
ЧМК ао
59	
455 655	
2 665	
2 670	
2 645	
2 690	
2 675
VJGZ	
Варьеган
137	
435 995	
635	
625	
621	
647	
629
YKEN	
Якутскэнрг
43	
420 185	
0,408	
0,4195	
0,4	
0,4195	
0,41
RUSI	
ИКРУСС-ИНВ
107	
419 840	
38,2	
39	
38	
39	
38,3
UTAR	
ЮТэйр ао
65	
417 540	
7,03	
7,1	
6,97	
7,14	
7,03
TGKN	
ТГК-14
60	
415 750	
0,00317	
0,0032	
0,00316	
0,00321	
0,00317
WTCMP	
ЦМТ ап
78	
408 788	
8,14	
8,16	
8	
8,34	
8,28
VRSBP	
ТНСэнВор-п
37	
407 050	
45	
45,5	
45	
46	
46
STSBP	
СтаврЭнСбп
74	
360 990	
0,3995	
0,4	
0,3875	
0,403	
0,401
KZOSP	
ОргСинт ап
274	
357 552	
11,46	
11,45	
11,35	
11,64	
11,45
SAGO	
СамарЭн-ао
20	
355 500	
0,612	
0,612	
0,602	
0,624	
0,618
DZRDP	
iДонскЗР п
58	
343 170	
1 930	
1 940	
1 910	
1 950	
1 920
IRGZ	
ИркЭнерго
73	
314 666	
12,14	
12,06	
12,04	
12,22	
12,18
BLNG	
Белон ао
45	
301 573	
4,212	
4,288	
4,2	
4,288	
4,236
KUBE	
Кубанэнр
32	
292 189	
73,8	
74,4	
73	
74,4	
73,9
PMSBP	
ПермьЭнС-п
63	
287 248	
131,8	
131,4	
131,4	
132,6	
131,8
BRZL	
БурЗолото
110	
276 527	
1 093	
1 092	
1 088	
1 100	
1 093
KRKN	
СаратНПЗ
17	
256 650	
12 850	
12 850	
12 800	
12 850	
12 800
STSB	
СтаврЭнСб
119	
255 858	
0,583	
0,571	
0,571	
0,597	
0,5925
SARE	
СаратЭн-ао
38	
254 750	
0,14	
0,1412	
0,1396	
0,1416	
0,14
RZSB	
РязЭнСб
42	
249 590	
9,28	
9,46	
9,26	
9,46	
9,26
ZILL	
ЗИЛ ао
14	
243 725	
2 485	
2 500	
2 475	
2 500	
2 500
PAZA	
ПавлАвт ао
27	
242 330	
8 360	
8 350	
8 210	
8 400	
8 250
URKZ	
УрКузница
6	
239 800	
15 980	
15 880	
15 880	
16 100	
16 000
RLMN	
Роллман
84	
235 669	
18,05	
18,2	
17,9	
18,25	
18,05
KOGK	
КоршГОК ао
5	
232 400	
46 400	
46 800	
46 000	
46 800	
46 000
VJGZP	
Варьеган-п
39	
224 470	
351	
346	
346	
354	
350
GAZA	
ГАЗ ао
21	
223 835	
407	
408,5	
402	
409,5	
408
NNSB	
ТНСэнНН ао
31	
219 635	
1 800	
1 790	
1 780	
1 860	
1 785
MRKY	
РоссЮг ао
74	
214 996	
0,0484	
0,049	
0,0483	
0,049	
0,0484
MAGEP	
МагадЭн ап
16	
211 690	
6,41	
6,45	
6,4	
6,55	
6,4
KTSBP	
КСБ ап
58	
205 660	
0,2815	
0,2905	
0,2755	
0,2905	
0,2825
NKHP	
НКХП ао
38	
192 200	
267	
264,5	
264,5	
268,5	
268,5
KAZTP	
Куйбазот-п
23	
192 076	
152,4	
153,8	
152	
153,8	
152,2
VRSB	
ТНСэнВорон
18	
181 600	
79	
79,4	
78,2	
79,8	
79,4
EELT	
ЕвроЭлтех
82	
176 754	
7,72	
7,74	
7,66	
7,78	
7,68
JNOSP	
Слав-ЯНОСп
68	
170 910	
14,6	
14	
14	
14,96	
14,26
SLEN	
Сахэнер ао
36	
166 156	
6,725	
6,775	
6,7	
6,9	
6,71
KLSB	
КалужскСК
39	
157 520	
13,7	
13,71	
13,64	
13,79	
13,67
KMEZ	
КМЗ
66	
151 075	
503,5	
519	
500,5	
519	
503
RKKE	
ЭнергияРКК
17	
150 650	
7 530	
7 480	
7 470	
7 600	
7 570
BISVP	
БашИнСв ап
63	
149 842	
10,12	
10,17	
10,03	
10,22	
10,04
TASB	
ТамбЭнСб
18	
144 415	
0,401	
0,402	
0,397	
0,4055	
0,4
RAVN	
Raven
23	
134 885	
30,65	
30,55	
30,3	
30,9	
30,8
SAGOP	
СамарЭн-ап
21	
133 360	
0,46	
0,461	
0,455	
0,463	
0,459
YKENP	
Якутскэн-п
15	
129 875	
0,3935	
0,401	
0,391	
0,401	
0,391
PMSB	
ПермьЭнСб
31	
129 487	
133,5	
133,8	
132,7	
133,8	
133,5
ARSA	
Арсагера
26	
129 250	
4,17	
4,1	
4,1	
4,2	
4,17
TASBP	
ТамбЭнСб-п
26	
128 420	
0,2985	
0,299	
0,296	
0,3005	
0,3005
KBTK	
КузбТК ао
29	
127 794	
150,4	
148,8	
148,8	
151	
149,6
ROSB	
Росбанк ао
31	
121 944	
79,8	
79,8	
79	
80,4	
79
DVEC	
ДЭК ао
38	
118 874	
0,914	
0,917	
0,909	
0,917	
0,915
TUZA	
ТЗА ао
27	
115 720	
105	
105	
105	
107	
105
ROST	
РОСИНТЕРао
48	
115 320	
62,6	
62	
62	
63,6	
62,4
MISB	
ТНСэнМарЭл
32	
115 090	
12,4	
12,4	
12,1	
12,5	
12,5
USBN	
УралСиб ао
39	
114 703	
0,0683	
0,0686	
0,068	
0,0686	
0,0682
MRSB	
МордЭнСб
24	
114 430	
0,424	
0,425	
0,413	
0,427	
0,418
KROT	
КрасОкт-ао
25	
113 460	
378	
384,5	
373,5	
384,5	
374,5
NKSH	
Нижкамшина
12	
111 920	
22,38	
22,32	
22,3	
22,48	
22,32
LPSB	
ЛЭСК ао
33	
98 995	
8,25	
8,15	
8,15	
8,35	
8,2
GTRK	
ГТМ ао
55	
94 418	
43,1	
43,4	
42,75	
43,4	
43,15
TGKBP	
ТГК-2 ап
29	
83 367	
0,00706	
0,00712	
0,00704	
0,00712	
0,0071
MGNZ	
СМЗ-ао
13	
81 200	
4 780	
4 830	
4 710	
4 850	
4 720
MGTS	
МГТС-5ао
21	
81 070	
2 250	
2 250	
2 230	
2 260	
2 245
VZRZP	
Возрожд-п
18	
75 554	
314,8	
312,4	
311,4	
317,8	
317
SAREP	
СаратЭн-ап
10	
73 286	
0,1202	
0,1222	
0,12	
0,1222	
0,12
MRKK	
Россети СК
34	
70 119	
25,04	
25	
24,9	
25,5	
25,4
TNSE	
ТНСэнрг ао
26	
67 535	
995	
1 000	
990	
1 005	
1 005
KAZT	
Куйбазот
26	
66 954	
159,2	
160,8	
156,4	
162,6	
159,2
MISBP	
ТНСэМаЭл-п
13	
61 520	
12,3	
12,2	
12,2	
12,5	
12,2
KBSB	
ТНСэКубань
19	
60 220	
140	
140,5	
139,5	
140,5	
140
OMZZP	
ОМЗ-ап
15	
59 860	
3 520	
3 515	
3 515	
3 565	
3 515
VSYD	
ВыбСудЗ ао
13	
59 740	
3 985	
3 985	
3 980	
3 985	
3 985
VSYDP	
ВыбСудЗ ап
15	
58 960	
3 940	
3 960	
3 900	
3 960	
3 960
CHGZ	
РН-ЗапСиб
11	
57 140	
52	
52,2	
51	
52,4	
52,2
RLMNP	
Роллман-п
24	
56 369	
18,86	
18,96	
18,62	
19,12	
18,9
NNSBP	
ТНСэнНН ап
37	
53 579	
661	
673	
653	
680	
663
DZRD	
iДонскЗР
21	
53 140	
2 125	
2 125	
2 115	
2 150	
2 115
IGSTP	
Ижсталь ап
15	
52 639	
877	
881	
870	
881	
872
HALS	
Галс-Девел
18	
43 617	
1 212	
1 216	
1 207	
1 216	
1 213
RTSBP	
ТНСэнРст-п
7	
41 760	
0,522	
0,516	
0,516	
0,529	
0,528
KRSBP	
Красэсб ап
19	
34 794	
7,24	
7,14	
7,14	
7,44	
7,18
KROTP	
КрасОкт-1п
6	
29 740	
270,5	
271,5	
268	
272	
269
KGKCP	
КурганГКап
10	
28 065	
55	
55	
54,5	
55,5	
55
KRSB	
Красэсб ао
11	
27 302	
7,18	
7,2	
7,18	
7,2	
7,18
MRKS	
РсетСиб ао
9	
23 650	
0,2365	
0,2355	
0,2355	
0,2375	
0,236
GAZAP	
ГАЗ ап
5	
21 845	
312	
311,5	
311	
314,5	
314,5
YRSB	
ТНСэнЯр
5	
21 840	
168	
166	
166	
170	
170
IGST	
Ижсталь2ао
13	
21 541	
979	
966	
966	
988	
983
ELTZ	
Электрцинк
24	
17 152	
173	
175,5	
172,5	
175,5	
172,5
TORS	
ТРК ао
4	
16 630	
0,416	
0,407	
0,407	
0,419	
0,419
KTSB	
КСБ ао
9	
15 682	
0,628	
0,62	
0,62	
0,646	
0,624
TORSP	
ТРК ап
3	
11 195	
0,28	
0,279	
0,279	
0,2825	
0,281
YRSBP	
ТНСэнЯр-п
9	
11 170	
86	
84	
84	
89	
87
CHKZ	
ЧКПЗ ао
2	
10 780	
5 400	
5 380	
5 380	
5 400	
5 400
UCSS	
ОКС ао
5	
7 340	
1 470	
1 470	
1 460	
1 470	
1 470
UKUZ	
ЮжКузб. ао
6	
4 204	
526	
528	
522	
530	
522
KGKC	
КурганГКао
4	
3 960	
56,5	
57	
56	
57	
57
JNOS	
Славн-ЯНОС
2	
3 670	
18,35	
18,35	
18,35	
18,35	
18,35
BISV	
БашИнСв ао
0	
0	
-	
-	
-	
-	
8,7
GAZC	
ГАЗКОН-ао
0	
0	
-	
-	
-	
-	
295
GAZS	
ГАЗ-сервис
0	
0	
-	
-	
-	
-	
293
GAZT	
ГАЗ-Тек ао
0	
0	
-	
-	
-	
-	
85
GTSS	
ГЕОТЕК ао
0	
0	
-	
-	
-	
-	
-
HIMC	
Химпром ао
0	
0	
-	
-	
-	
-	
0,99
KMTZ	
КосогМЗ ао
0	
0	
-	
-	
-	
-	
-
KRKO	
ТКЗКК ао
0	
0	
-	
-	
-	
-	
11,8
KSGR	
Кокс ао
0	
0	
-	
-	
-	
-	
-
KUNF	
КУЗОЦМ ао
0	
0	
-	
-	
-	
-	
-
KZMS	
КЗМС ао
0	
0	
-	
-	
-	
-	
226
MFON	
МегаФон ао
0	
0	
-	
-	
-	
-	
650,6
MOBB	
МосОблБанк
0	
0	
-	
-	
-	
-	
0,698
MORI	
Морион ао
0	
0	
-	
-	
-	
-	
4,31
NPOF	
Физика ао
0	
0	
-	
-	
-	
-	
11 850
PRTK	
ПРОТЕК ао
0	
0	
-	
-	
-	
-	
99,6
TRCN	
ТрансК ао
0	
0	
-	
-	
-	
-	
8 595
TRFM	
ТрансФ ао
0	
0	
-	
-	
-	
-	
-
URKA	
Уркалий-ао
0	
0	
-	
-	
-	
-	
119,04
VZRZ	
Возрожд-ао
0	
0	
-	
-	
-	
-	
480