MSNG	
+МосЭнерго
1 468	
27 543 837	
1,954	
1,9	
1,9	
1,975	
1,975
AGRO	
AGRO-гдр
4 516	
48 702 570	
628	
620	
618,4	
635,4	
628
ETLN	
ETLN-гдр
871	
19 706 089	
83,22	
83,48	
82,5	
83,74	
83,3
FIVE	
FIVE-гдр
6 976	
407 789 080	
2 194,5	
2 161,5	
2 161,5	
2 212	
2 212
QIWI	
iQIWI
3 326	
68 319 965	
927,5	
900,5	
900,5	
949	
940
UNAC	
iАвиастКао
246	
1 063 653	
0,481	
0,474	
0,474	
0,487	
0,479
DZRD	
iДонскЗР
6	
11 330	
1 890	
1 885	
1 885	
1 900	
1 900
DZRDP	
iДонскЗР п
24	
46 880	
1 560	
1 570	
1 540	
1 590	
1 590
ISKJ	
iИСКЧ ао
1 583	
12 891 551	
29	
30,1	
28	
30,32	
28,36
GEMA	
iММЦБ ао
388	
1 599 147	
644,5	
654	
640	
654	
650
NAUK	
iНПОНаука
95	
413 086	
173,6	
170,2	
169,2	
175,4	
174
LIFE	
iФармсинтз
786	
8 133 832	
7,77	
7,915	
7,7	
7,915	
7,74
POLY	
Polymetal
16 701	
1 064 813 232	
1 539,7	
1 515,1	
1 513	
1 557	
1 529,9
RAVN	
Raven
17	
414 875	
29,85	
29,95	
29,75	
30,05	
29,85
RUAL	
RUSAL plc
9 639	
200 958 353	
25,595	
25,575	
25,275	
25,745	
25,73
TCSG	
TCS-гдр
10 749	
484 556 046	
1 082,6	
1 080	
1 073	
1 092,4	
1 082
YNDX	
Yandex clA
17 516	
1 404 438 119	
2 911,6	
2 885,4	
2 870,4	
2 947	
2 945
ABRD	
АбрауДюрсо
72	
327 645	
131,5	
130,5	
130,5	
132	
131,5
AVAN	
Авангрд-ао
35	
161 195	
740	
725	
725	
745	
740
AKRN	
Акрон
1 384	
45 628 156	
5 872	
5 890	
5 810	
5 938	
5 840
ALRS	
АЛРОСА ао
22 081	
1 043 193 549	
61,18	
60,47	
60,38	
61,77	
61,33
ALNU	
АЛРОСА-Нюр
51	
3 472 800	
49 000	
48 400	
48 200	
49 600	
49 200
APTK	
Аптеки36и6
3 392	
11 501 589	
13,542	
13,534	
13,1	
13,7	
13,41
ARSA	
Арсагера
18	
102 380	
3,3	
3,29	
3,26	
3,35	
3,3
ASSB	
АстрЭнСб
40	
236 912	
0,6285	
0,626	
0,62	
0,6345	
0,621
AMEZ	
АшинскийМЗ
335	
2 965 552	
4,04	
4,045	
3,975	
4,08	
4,05
AFLT	
Аэрофлот
44 376	
1 389 755 111	
70,84	
71,82	
70,04	
71,9	
71,56
BISV	
БашИнСв ао
0	
0	
-	
-	
-	
-	
8,7
BISVP	
БашИнСв ап
28	
101 746	
6,97	
6,97	
6,88	
6,99	
6,92
BANE	
Башнефт ао
3 134	
72 456 610	
1 754	
1 720	
1 710,5	
1 778,5	
1 777
BANEP	
Башнефт ап
24 485	
914 171 533	
1 385,5	
1 316,5	
1 305	
1 417,5	
1 408,5
BLNG	
Белон ао
10	
9 631	
4,014	
4,03	
4	
4,03	
4,026
BELU	
Белуга ао
256	
2 658 364	
1 479	
1 495	
1 470	
1 520	
1 478
ALBK	
БестЭфБ ао
16	
69 255	
52,5	
52	
52	
53,5	
53
BSPB	
БСП ао
1 483	
7 327 778	
40,13	
40,1	
39,7	
40,36	
40,15
BRZL	
БурЗолото
95	
3 567 610	
830	
840	
830	
840	
834
VJGZ	
Варьеган
93	
434 162	
590	
591	
580	
605	
594
VJGZP	
Варьеган-п
49	
576 280	
326	
335	
321	
335	
323
VZRZ	
Возрожд-ао
0	
0	
-	
-	
-	
-	
480
VZRZP	
Возрожд-п
44	
328 314	
290,6	
285,2	
285	
293	
290
VGSB	
ВолгЭнСб
186	
822 005	
1,67	
1,49	
1,49	
1,795	
1,645
VGSBP	
ВолгЭнСб-п
174	
603 130	
1,13	
1,025	
1,025	
1,205	
1,095
VSMO	
ВСМПО-АВСМ
294	
8 670 520	
17 920	
17 680	
17 680	
18 040	
17 900
VTBR	
ВТБ ао
23 936	
887 758 082	
0,034765	
0,03462	
0,0345	
0,035045	
0,03499
VLHZ	
ВХЗ-ао
392	
1 336 882	
47,95	
47,35	
47	
49,5	
47,85
VSYD	
ВыбСудЗ ао
73	
417 740	
4 265	
4 280	
4 190	
4 470	
4 205
VSYDP	
ВыбСудЗ ап
29	
301 720	
4 720	
4 780	
4 560	
4 780	
4 580
GAZA	
ГАЗ ао
11	
45 575	
380	
383	
375,5	
383	
380
GAZAP	
ГАЗ ап
24	
111 425	
337,5	
324,5	
323,5	
349	
346
GAZS	
ГАЗ-сервис
0	
0	
-	
-	
-	
-	
293
GAZT	
ГАЗ-Тек ао
0	
0	
-	
-	
-	
-	
85
GAZC	
ГАЗКОН-ао
0	
0	
-	
-	
-	
-	
295
RTGZ	
ГазпРнД ао
8	
164 000	
20 500	
20 900	
20 300	
20 900	
20 400
SIBN	
Газпрнефть
16 142	
989 841 900	
325,9	
327	
322,3	
329,95	
329,95
GAZP	
ГАЗПРОМ ао
89 615	
11 370 872 165	
188,97	
185,5	
185,14	
192,5	
192,5
HALS	
Галс-Девел
264	
1 513 747	
763	
714	
714	
824	
742
GTSS	
ГЕОТЕК ао
0	
0	
-	
-	
-	
-	
-
GMKN	
ГМКНорНик
36 914	
7 482 187 740	
21 092	
20 650	
20 550	
21 500	
21 474
GTRK	
ГТМ ао
320	
1 170 756	
42,15	
42,1	
41,25	
42,5	
42,45
DASB	
ДагСб ао
122	
559 151	
0,0957	
0,0978	
0,095	
0,0978	
0,0957
FESH	
ДВМП ао
1 028	
11 083 520	
6,66	
6,31	
6,3	
6,95	
6,6
DSKY	
ДетскийМир
8 789	
139 954 280	
85,56	
84,64	
84,54	
86,6	
86,54
DVEC	
ДЭК ао
190	
1 031 865	
0,804	
0,785	
0,785	
0,823	
0,795
EELT	
ЕвроЭлтех
44	
22 602	
8,14	
8,28	
8,04	
8,28	
8,16
DIOD	
ЗаводДИОД
94	
468 404	
5,88	
5,99	
5,84	
5,99	
5,93
ZVEZ	
ЗВЕЗДА ао
35	
294 935	
4,47	
4,445	
4,445	
4,54	
4,535
ZILL	
ЗИЛ ао
17	
110 210	
1 380	
1 385	
1 355	
1 385	
1 370
IGSTP	
Ижсталь ап
24	
51 858	
691	
700	
688	
703	
689
IGST	
Ижсталь2ао
19	
56 336	
867	
884	
862	
887	
872
RUSI	
ИКРУСС-ИНВ
122	
716 860	
37,5	
42,5	
36,6	
42,5	
37,9
INGR	
ИНГРАД ао
161	
462 719	
772	
756	
756	
795	
774
IRAO	
ИнтерРАОао
15 067	
849 945 888	
4,75	
4,73	
4,711	
4,794	
4,745
IRKT	
ИРКУТ-3
97	
566 094	
30,44	
30,38	
30,22	
30,92	
30,4
IRGZ	
ИркЭнерго
206	
1 750 390	
12,48	
12,58	
12,34	
12,84	
12,46
KLSB	
КалужскСК
121	
636 405	
11,26	
11,49	
11,03	
11,9	
11,35
KMAZ	
КАМАЗ
276	
609 226	
55,1	
54,2	
54	
55,7	
55,2
KCHE	
КамчатЭ ао
54	
227 720	
0,19	
0,1775	
0,1755	
0,201	
0,1825
KCHEP	
КамчатЭ ап
4	
20 630	
0,344	
0,349	
0,336	
0,349	
0,339
TGKD	
Квадра
79	
859 014	
0,003125	
0,003085	
0,003085	
0,00316	
0,00315
TGKDP	
Квадра-п
46	
149 095	
0,00412	
0,00408	
0,00405	
0,00419	
0,004185
KZMS	
КЗМС ао
0	
0	
-	
-	
-	
-	
226
KMEZ	
КМЗ
40	
57 127	
464,5	
463	
460	
470	
460
KSGR	
Кокс ао
0	
0	
-	
-	
-	
-	
-
KOGK	
КоршГОК ао
14	
624 000	
44 600	
44 600	
44 200	
45 000	
44 800
KMTZ	
КосогМЗ ао
0	
0	
-	
-	
-	
-	
-
KROTP	
КрасОкт-1п
23	
59 840	
249,5	
250	
242	
255,5	
248,5
KROT	
КрасОкт-ао
69	
590 320	
351,5	
348,5	
346,5	
359,5	
349,5
KRSB	
Красэсб ао
36	
399 230	
6,44	
6,45	
6,38	
6,6	
6,46
KRSBP	
Красэсб ап
42	
558 460	
6,36	
6,36	
6,3	
6,46	
6,4
KTSB	
КСБ ао
411	
1 016 472	
0,594	
0,552	
0,552	
0,642	
0,586
KTSBP	
КСБ ап
154	
1 123 305	
0,28	
0,2705	
0,2555	
0,291	
0,274
KUBE	
Кубанэнр
21	
41 802	
63,3	
62,5	
62,5	
63,7	
63,5
KBTK	
КузбТК ао
33	
127 960	
154,2	
150	
150	
158,2	
155,4
KUZB	
КузнецкийБ
161	
156 246	
0,01628	
0,01621	
0,01601	
0,01649	
0,01644
KUNF	
КУЗОЦМ ао
0	
0	
-	
-	
-	
-	
-
KAZT	
Куйбазот
79	
355 916	
137	
138	
134,8	
139	
137,4
KAZTP	
Куйбазот-п
71	
227 162	
136	
138,2	
133,6	
138,2	
138
KGKC	
КурганГКао
16	
62 920	
52	
52	
52	
52	
52
KGKCP	
КурганГКап
9	
10 305	
54	
54,5	
53,5	
54,5	
54
LVHK	
Левенгук
68	
194 514	
8,21	
8,49	
8,08	
8,49	
8,23
LNZLP	
Лензол. ап
139	
1 826 680	
3 700	
3 750	
3 655	
3 755	
3 680
LNZL	
Лензолото
216	
4 072 010	
8 630	
8 660	
8 570	
8 820	
8 610
LNTA	
Лента др
4 501	
55 510 786	
151	
150	
149,5	
152	
151,4
LSRG	
ЛСР ао
7 425	
181 424 689	
594	
583,2	
583,2	
603,6	
602
LKOH	
ЛУКОЙЛ
70 244	
12 799 098 537	
5 083,5	
4 978,5	
4 935	
5 191,5	
5 170,5
LPSB	
ЛЭСК ао
952	
3 974 655	
8,65	
7,95	
7,7	
9,75	
7,75
MVID	
М.видео
3 719	
79 313 905	
343,2	
345,3	
340,5	
351	
341
MAGE	
МагадЭн ао
210	
2 627 770	
5,31	
5,48	
4,98	
5,5	
5,25
MAGEP	
МагадЭн ап
254	
5 902 800	
6,28	
6,125	
5,9	
7,935	
6,72
MGNT	
Магнит ао
21 311	
1 881 472 745	
3 598,5	
3 572	
3 551,5	
3 634	
3 619,5
MGTSP	
МГТС-4ап
3 541	
47 392 852	
1 996	
1 994	
1 862	
2 090	
2 058
MGTS	
МГТС-5ао
308	
2 531 590	
2 445	
2 485	
2 225	
2 535	
2 520
MFON	
МегаФон ао
0	
0	
-	
-	
-	
-	
650,6
MFGS	
Мегион-ао
18	
82 565	
344	
344,5	
338,5	
348	
346
MFGSP	
Мегион-ап
3	
163 730	
315	
314,5	
308,5	
315	
308,5
MTLR	
Мечел ао
15 346	
148 124 484	
62,87	
61,85	
61,68	
63,82	
63,09
MTLRP	
Мечел ап
1 262	
23 754 156	
71,55	
71,25	
70,95	
72,4	
71,65
CBOM	
МКБ ао
15 207	
266 696 705	
5,36	
5,295	
5,294	
5,408	
5,395
MAGN	
ММК
7 702	
483 413 463	
37,67	
37,4	
37,28	
37,85	
37,845
MRSB	
МордЭнСб
13	
113 440	
0,344	
0,357	
0,34	
0,357	
0,345
MORI	
Морион ао
0	
0	
-	
-	
-	
-	
4,31
MOEX	
МосБиржа
62 308	
3 263 037 583	
114,46	
115	
113,17	
115,91	
115,91
MOBB	
МосОблБанк
202	
767 306	
2,428	
2,422	
2,378	
2,478	
2,414
MSTT	
Мостотрест
456	
5 156 182	
160,45	
158,45	
157,7	
161,75	
161,15
MRKZ	
МРСК СЗ
148	
616 515	
0,04915	
0,0497	
0,0485	
0,0497	
0,04895
MRKU	
МРСК Ур
117	
1 561 566	
0,1526	
0,1524	
0,15	
0,1528	
0,1528
MRKC	
МРСК Центр
562	
5 160 745	
0,2408	
0,24	
0,239	
0,242	
0,2418
MRKP	
МРСК ЦП
750	
17 028 775	
0,1703	
0,171	
0,1696	
0,172	
0,1705
MRKV	
МРСКВол
762	
10 157 321	
0,06345	
0,0634	
0,063	
0,0644	
0,0638
MRKS	
МРСКСиб
25	
407 630	
0,2155	
0,214	
0,214	
0,2165	
0,216
MTSS	
МТС-ао
13 984	
1 151 474 659	
323,8	
321,05	
320,3	
326,3	
325,5
NSVZ	
НаукаСвяз
22	
64 270	
221,5	
231	
213,5	
231	
223
NFAZ	
Нефтекамск
17	
158 914	
154,4	
151,6	
151	
155	
153
NKSH	
Нижкамшина
41	
242 556	
22,06	
21,4	
21,4	
22,64	
22,42
NKNC	
НКНХ ао
549	
3 595 356	
91	
90,4	
88,45	
92,1	
91,6
NKNCP	
НКНХ ап
1 485	
17 569 534	
75,98	
75,22	
75,22	
76,56	
76
NKHP	
НКХП ао
33	
181 715	
233	
235	
232,5	
235	
233,5
NLMK	
НЛМК ао
16 848	
1 052 595 598	
122,38	
119,98	
119,5	
124,64	
124,64
NMTP	
НМТП ао
1 415	
17 839 391	
8,83	
8,735	
8,735	
8,88	
8,795
NVTK	
Новатэк ао
24 957	
2 593 438 954	
1 036	
1 018,2	
1 008	
1 067,8	
1 060
UWGN	
ОВК ао
184	
377 542	
242,6	
243,3	
241	
245,9	
243
OGKB	
ОГК-2 ао
7 718	
136 094 147	
0,6358	
0,627	
0,6203	
0,6452	
0,642
UCSS	
ОКС ао
28	
110 380	
1 430	
1 420	
1 420	
1 440	
1 440
OMZZP	
ОМЗ-ап
328	
3 111 325	
3 530	
3 355	
3 355	
3 895	
3 500
OBUV	
ОР ао
1 026	
4 718 239	
29,75	
29	
29	
30,05	
29,9
KZOS	
ОргСинт ао
510	
3 283 807	
88,7	
89,4	
88,2	
89,4	
88,5
KZOSP	
ОргСинт ап
985	
3 150 493	
11,72	
12,01	
11,61	
12,1	
11,8
PAZA	
ПавлАвт ао
26	
286 870	
7 970	
8 090	
7 900	
8 090	
7 980
PMSBP	
ПермьЭнС-п
176	
1 074 280	
134,2	
130,4	
130,4	
135,8	
135,2
PMSB	
ПермьЭнСб
164	
666 851	
136,1	
134,8	
133,3	
138,2	
136,7
PIKK	
ПИК ао
1 718	
35 783 850	
365,6	
363,7	
363,5	
368,5	
368,5
PLZL	
Полюс
26 814	
3 295 049 624	
12 443,5	
12 400	
12 090	
12 738	
12 257
PRMB	
Приморье
16	
429 600	
18 600	
17 600	
17 600	
19 600	
19 400
PRTK	
ПРОТЕК ао
132	
841 034	
98,3	
97,9	
97,7	
99	
98,5
RASP	
Распадская
2 354	
87 113 270	
107,68	
105,88	
105,86	
109,08	
107,12
RBCM	
РБК ао
842	
4 345 910	
3,364	
3,302	
3,252	
3,452	
3,396
RGSS	
РГС СК ао
301	
1 306 382	
0,1498	
0,1502	
0,1482	
0,152	
0,1508
RDRB	
РДБанк ао
170	
1 500 350	
275	
250	
250	
305	
260
CHGZ	
РН-ЗапСиб
3	
12 720	
31,8	
31,8	
31,8	
31,8	
31,8
RLMN	
Роллман
216	
718 368	
20,7	
20,5	
20,15	
21,2	
20,4
RLMNP	
Роллман-п
46	
159 818	
20,44	
20,2	
20,2	
20,8	
20,64
ROSB	
Росбанк ао
39	
52 376	
69,8	
70	
69,4	
71	
70,4
ROST	
РОСИНТЕРао
50	
251 492	
61,2	
61	
59,8	
62,6	
60,2
ROSN	
Роснефть
49 582	
7 279 772 688	
365,75	
357,5	
355,65	
375,95	
375,05
RSTI	
Россети ао
9 087	
410 470 179	
1,3078	
1,305	
1,2941	
1,3157	
1,3125
RSTIP	
Россети ап
1 329	
25 335 453	
1,944	
1,94	
1,925	
1,96	
1,954
MRKK	
Россети СК
24	
133 530	
26,5	
26,12	
26,12	
26,54	
26,52
MRKY	
РоссЮг ао
119	
571 872	
0,0507	
0,04995	
0,0499	
0,0513	
0,05055
RTKM	
Ростел -ао
8 470	
265 221 041	
82,15	
81,1	
81,1	
82,69	
82,38
RTKMP	
Ростел -ап
1 404	
22 434 824	
71,55	
70,9	
70,55	
72,4	
72,25
LSNG	
РСетиЛЭ
4 138	
27 965 107	
6,45	
6	
5,81	
7,19	
6,16
LSNGP	
РСетиЛЭ-п
8 013	
166 642 916	
143,15	
131,95	
131,95	
148,95	
144,8
MSRS	
РСетиМР ао
514	
8 164 332	
1,086	
1,06	
1,0585	
1,0985	
1,083
AQUA	
РусАква ао
246	
5 394 480	
197,5	
197	
192,5	
200	
195,5
HYDR	
РусГидро
12 435	
511 068 454	
0,6538	
0,642	
0,6408	
0,6619	
0,6615
RUGR	
Русгрэйн
1 169	
1 142 994	
7,46	
7,402	
7,306	
7,572	
7,424
ROLO	
Русолово
91	
1 417 254	
3,644	
3,686	
3,58	
3,784	
3,664
RUSP	
Русполимет
14	
95 130	
0,634	
0,6275	
0,6265	
0,6475	
0,6325
RNFT	
РуссНфт ао
1 553	
5 077 816	
421,4	
419,6	
417,2	
431,4	
421,8
RZSB	
РязЭнСб
65	
1 314 140	
7,82	
7,96	
7,7	
7,96	
7,8
SAGO	
СамарЭн-ао
16	
77 580	
0,388	
0,39	
0,382	
0,392	
0,388
SAGOP	
СамарЭн-ап
6	
23 540	
0,392	
0,412	
0,376	
0,412	
0,386
KRKN	
СаратНПЗ
19	
230 400	
12 150	
12 300	
12 000	
12 300	
12 200
KRKNP	
СаратНПЗ-п
465	
24 685 760	
16 660	
16 640	
16 560	
16 800	
16 700
SARE	
СаратЭн-ао
11	
50 664	
0,1206	
0,1198	
0,1198	
0,123	
0,122
SAREP	
СаратЭн-ап
51	
133 850	
0,0882	
0,0914	
0,086	
0,0914	
0,0904
SFIN	
САФМАР ао
831	
13 581 820	
432	
432,8	
423	
447,2	
424
SLEN	
Сахэнер ао
37	
127 545	
4,1	
4,03	
4,03	
4,12	
4,11
SBER	
Сбербанк
93 568	
14 534 902 239	
187,45	
186,33	
185,4	
190	
188,93
SBERP	
Сбербанк-п
32 703	
1 953 970 802	
175,09	
173,8	
173,54	
177,41	
177,14
CHMF	
СевСт-ао
23 203	
956 680 411	
850	
831,4	
831,4	
861	
861
SELG	
Селигдар
1 029	
10 696 721	
24,37	
24,57	
23,99	
24,82	
24,02
SELGP	
Селигдар-п
279	
3 741 895	
28,4	
28,45	
27,9	
29,15	
28,1
SZPR	
СЗПароход
260	
578 806	
722	
730	
700	
750	
726
AFKS	
Система ао
16 144	
550 568 300	
14,252	
14,036	
14,001	
14,449	
14,42
JNOSP	
Слав-ЯНОСп
31	
146 752	
13,6	
13,68	
13,46	
14	
13,64
JNOS	
Славн-ЯНОС
8	
36 315	
18,15	
18,25	
18,1	
18,25	
18,1
MGNZ	
СМЗ-ао
8	
32 000	
4 000	
4 040	
3 840	
4 100	
4 030
SVAV	
СОЛЛЕРС
92	
1 648 190	
261	
264	
260	
264	
262
STSB	
СтаврЭнСб
19	
76 049	
0,344	
0,3525	
0,3425	
0,3525	
0,349
STSBP	
СтаврЭнСбп
79	
183 833	
0,2885	
0,295	
0,2845	
0,2975	
0,289
SNGS	
Сургнфгз
28 448	
3 589 639 592	
40,83	
40,765	
40,315	
41,275	
40,6
SNGSP	
Сургнфгз-п
14 570	
1 253 196 513	
36,745	
36,105	
36,105	
37,15	
36,5
TASB	
ТамбЭнСб
18	
182 190	
0,276	
0,2745	
0,2745	
0,283	
0,283
TASBP	
ТамбЭнСб-п
15	
62 855	
0,2165	
0,2115	
0,2105	
0,2195	
0,2175
TATN	
Татнфт 3ао
39 197	
3 529 976 643	
540,8	
523,7	
523,3	
552,5	
549
TATNP	
Татнфт 3ап
10 782	
561 977 040	
514,8	
508,9	
506,2	
521,9	
520
TTLK	
Таттел. ао
417	
4 605 280	
0,299	
0,3015	
0,295	
0,309	
0,299
TGKA	
ТГК-1
5 395	
117 804 077	
0,011344	
0,011198	
0,011026	
0,011564	
0,011442
TGKN	
ТГК-14
91	
1 101 890	
0,00331	
0,00327	
0,00325	
0,00334	
0,00332
TGKB	
ТГК-2
639	
11 294 005	
0,00451	
0,00438	
0,00438	
0,00461	
0,00451
TGKBP	
ТГК-2 ап
112	
1 313 390	
0,00726	
0,0072	
0,00705	
0,0074	
0,00722
CNTL	
Телеграф
207	
1 373 445	
22,1	
21,85	
21,5	
23	
22,05
CNTLP	
Телеграф-п
1 217	
15 307 536	
17,64	
18,3	
16,8	
18,3	
18,2
TUZA	
ТЗА ао
83	
279 970	
95	
95	
93	
97	
95
KRKO	
ТКЗКК ао
0	
0	
-	
-	
-	
-	
11,8
KRKOP	
ТКЗКК ап
44	
190 372	
5,805	
5,82	
5,785	
5,905	
5,8
TRMK	
ТМК ао
10 523	
1 193 877 417	
58,64	
57,1	
57,02	
59,4	
58,82
KBSB	
ТНСэКубань
0	
0	
-	
-	
-	
-	
130,5
MISBP	
ТНСэМаЭл-п
15	
31 340	
10,2	
10	
9,8	
10,2	
9,8
VRSBP	
ТНСэнВор-п
18	
110 000	
31,5	
32	
31	
32	
32
VRSB	
ТНСэнВорон
18	
129 880	
48,2	
48,4	
47,4	
48,8	
48,4
MISB	
ТНСэнМарЭл
12	
13 830	
11,5	
11,8	
11,1	
11,8	
11,6
NNSB	
ТНСэнНН ао
59	
107 515	
1 310	
1 280	
1 275	
1 360	
1 280
NNSBP	
ТНСэнНН ап
10	
21 600	
540	
540	
540	
540	
540
TNSE	
ТНСэнрг ао
4	
6 915	
990	
995	
970	
995	
970
RTSB	
ТНСэнРст
6	
21 750	
0,365	
0,365	
0,36	
0,365	
0,365
RTSBP	
ТНСэнРст-п
5	
14 910	
0,298	
0,306	
0,285	
0,306	
0,297
YRSB	
ТНСэнЯр
34	
133 540	
158	
150	
150	
162	
158
YRSBP	
ТНСэнЯр-п
18	
41 010	
77,5	
77	
76,5	
79	
78
TRCN	
ТрансК ао
56	
687 530	
8 285	
8 270	
8 110	
8 345	
8 330
TRNFP	
Транснф ап
4 367	
970 151 900	
129 800	
130 500	
128 700	
131 300	
128 900
TRFM	
ТрансФ ао
0	
0	
-	
-	
-	
-	
-
TORS	
ТРК ао
9	
61 160	
0,36	
0,358	
0,358	
0,366	
0,359
TORSP	
ТРК ап
14	
57 800	
0,2625	
0,2565	
0,255	
0,2685	
0,268
USBN	
УралСиб ао
70	
667 486	
0,0688	
0,0698	
0,0683	
0,071	
0,0691
URKA	
Уркалий-ао
0	
0	
-	
-	
-	
-	
119,04
URKZ	
УрКузница
9	
112 080	
10 180	
10 120	
10 120	
10 300	
10 300
NPOF	
Физика ао
0	
0	
-	
-	
-	
-	
11 850
PHOR	
ФосАгро ао
4 851	
256 267 543	
2 741	
2 772	
2 722	
2 773	
2 734
FEES	
ФСК ЕЭС ао
11 620	
403 622 490	
0,18606	
0,184	
0,18392	
0,187	
0,18698
HIMC	
Химпром ао
0	
0	
-	
-	
-	
-	
0,99
HIMCP	
Химпром ап
292	
1 592 788	
5,74	
5,82	
5,65	
5,87	
5,74
WTCM	
ЦМТ ао
74	
188 290	
9,1	
9,28	
8,9	
9,4	
9,1
WTCMP	
ЦМТ ап
100	
398 062	
8,12	
8,32	
8	
9	
8,16
GCHE	
ЧеркизГ-ао
458	
3 408 327	
1 698	
1 699,5	
1 682	
1 709	
1 704
CHKZ	
ЧКПЗ ао
37	
247 160	
5 140	
5 080	
5 080	
5 320	
5 140
CHMK	
ЧМК ао
31	
223 180	
2 210	
2 250	
2 190	
2 250	
2 210
CHEP	
ЧТПЗ ао
93	
1 597 630	
198,5	
197	
196,5	
199	
197,5
ELTZ	
Электрцинк
158	
292 353	
173,5	
175	
172,5	
176,5	
174
ENPG	
ЭН+ГРУП ао
130	
5 635 850	
605,5	
600,5	
600,5	
610	
605
ENRU	
ЭнелРос ао
1 960	
21 667 319	
0,9105	
0,9115	
0,9065	
0,9175	
0,9155
RKKE	
ЭнергияРКК
42	
628 840	
4 990	
5 080	
4 910	
5 080	
4 980
UKUZ	
ЮжКузб. ао
20	
66 236	
514	
510	
510	
526	
518
UPRO	
Юнипро ао
4 674	
180 806 679	
2,649	
2,644	
2,626	
2,664	
2,648
UTAR	
ЮТэйр ао
137	
1 520 970	
6,52	
6,4	
6,38	
6,6	
6,54
UNKL	
ЮУНК ао
10	
53 810	
3 360	
3 340	
3 340	
3 380	
3 380
YKENP	
Якутскэн-п
23	
235 145	
0,318	
0,316	
0,315	
0,3195	
0,316
YKEN	
Якутскэнрг
11	
108 960	
0,3405	
0,34	
0,3345	
0,3435	
0,34
YAKG	
ЯТЭК ао
72	
929 315	
42,45	
42	
42	
42,9	
42,7