SBER	
Сбербанк
55 535	
9 128 470 276	
238,75	
235,85	
235,19	
240,75	
239,75
YNDX	
Yandex clA
69 818	
8 955 150 291	
4 564,8	
4 513	
4 505,4	
4 624,4	
4 590
GAZP	
ГАЗПРОМ ао
50 447	
5 993 022 633	
190,33	
190,48	
189	
191,99	
189,3
GMKN	
ГМКНорНик
26 831	
5 907 345 686	
20 634	
20 752	
20 450	
20 820	
20 464
PLZL	
Полюс
30 065	
4 431 190 407	
17 911,5	
17 856	
17 560,5	
18 170	
17 969,5
LKOH	
ЛУКОЙЛ
17 817	
3 326 538 358	
5 281	
5 266	
5 233	
5 313	
5 245
MTSS	
МТС-ао
16 462	
1 541 167 944	
343,3	
342,35	
340,2	
346,4	
341,85
ROSN	
Роснефть
14 567	
1 509 305 312	
390,1	
392,4	
385,4	
393,25	
387,3
TATN	
Татнфт 3ао
19 112	
1 344 184 641	
593,8	
598,6	
583	
598,6	
593,9
MAIL	
MAIL-гдр
24 653	
1 255 245 293	
2 150,2	
2 086,8	
2 083	
2 195	
2 163
MGNT	
Магнит ао
13 104	
1 184 851 765	
4 685,5	
4 695	
4 661,5	
4 711,5	
4 661,5
POLY	
Polymetal
19 203	
1 180 807 341	
1 932,9	
1 936	
1 885	
1 964,3	
1 923,1
IRAO	
ИнтерРАОао
15 396	
1 174 575 124	
5,559	
5,5395	
5,456	
5,614	
5,5355
SBERP	
Сбербанк-п
16 564	
1 106 993 259	
217,89	
216	
215,09	
219,43	
218,66
MAGN	
ММК
12 400	
1 001 944 046	
40,34	
39,51	
39,425	
40,795	
40,365
ALRS	
АЛРОСА ао
20 631	
963 569 974	
66,21	
65,49	
65,05	
66,66	
66,41
MOEX	
МосБиржа
13 745	
891 695 086	
144,36	
143,63	
142,61	
145,1	
144,11
AFKS	
Система ао
13 260	
806 992 004	
20,913	
20,9	
20,61	
21,144	
20,95
RTKM	
Ростел -ао
14 491	
784 444 940	
100,39	
99,95	
99,5	
101,79	
101,56
NVTK	
Новатэк ао
8 395	
784 368 495	
1 153,6	
1 154,6	
1 143,6	
1 161,6	
1 158
SNGS	
Сургнфгз
8 495	
781 599 329	
38,145	
37,9	
37,77	
38,4	
38,315
CHMF	
СевСт-ао
15 856	
721 236 131	
967,6	
963	
956,6	
974	
969,8
NLMK	
НЛМК ао
10 156	
703 114 316	
161,22	
160,12	
159,34	
162,18	
160,7
VTBR	
ВТБ ао
18 068	
677 661 803	
0,03751	
0,03732	
0,037245	
0,03766	
0,037625
SNGSP	
Сургнфгз-п
8 838	
651 010 472	
37,68	
37,96	
37,5	
37,97	
37,58
POGR	
Petropavl
12 555	
650 037 307	
32,4	
32,51	
32,055	
33,045	
32,155
SIBN	
Газпрнефть
9 139	
626 767 227	
325,65	
327	
324,05	
328,15	
325,5
TCSG	
TCS-гдр
14 812	
611 947 137	
1 807,8	
1 770,2	
1 751,6	
1 855	
1 837,2
FIVE	
FIVE-гдр
9 190	
584 898 493	
2 840,5	
2 829	
2 795	
2 882	
2 807
AFLT	
Аэрофлот
13 768	
514 743 922	
83,3	
83,56	
82,46	
83,92	
83,6
RUAL	
РУСАЛ ао
12 212	
462 427 380	
31,195	
30,74	
30,465	
31,525	
31,31
HYDR	
РусГидро
9 713	
388 911 696	
0,7472	
0,748	
0,7431	
0,7512	
0,7463
TRNFP	
Транснф ап
1 435	
364 864 700	
145 300	
144 800	
144 500	
145 900	
145 700
MTLRP	
Мечел ап
9 140	
320 559 908	
79,3	
81,8	
76,1	
82,8	
78,85
FEES	
ФСК ЕЭС ао
6 577	
306 278 102	
0,2024	
0,20278	
0,2006	
0,20398	
0,20222
QIWI	
iQIWI
8 932	
269 829 977	
1 466	
1 470	
1 405	
1 521	
1 414,5
DSKY	
ДетскийМир
6 690	
263 438 797	
121,18	
120,1	
120,02	
121,92	
121,26
CBOM	
МКБ ао
5 961	
247 507 641	
5,968	
5,955	
5,93	
5,994	
5,981
UPRO	
Юнипро ао
4 679	
224 149 602	
2,733	
2,716	
2,695	
2,766	
2,764
MTLR	
Мечел ао
17 539	
210 704 477	
66,63	
66,2	
65,2	
67,88	
65,88
PHOR	
ФосАгро ао
3 338	
199 706 821	
2 809	
2 811	
2 788	
2 839	
2 820
TATNP	
Татнфт 3ап
5 994	
188 042 828	
572,7	
576,5	
566,8	
576,5	
574,7
RTKMP	
Ростел -ап
6 131	
173 227 948	
95,3	
95,2	
94,4	
96,35	
96,35
ETLN	
ETLN-гдр
2 707	
159 364 866	
110,82	
109,6	
109,52	
111,4	
111,38
MVID	
М.видео
3 326	
144 524 190	
486,5	
484,9	
481	
490	
485
RSTI	
Россети ао
3 215	
140 242 477	
1,5811	
1,569	
1,5622	
1,5913	
1,591
AGRO	
AGRO-гдр
3 808	
83 187 919	
766,8	
751,2	
750,2	
777,6	
765,2
LSRG	
ЛСР ао
4 338	
73 951 482	
772,2	
787,2	
722,8	
789,8	
781,4
LNTA	
Лента др
4 510	
66 820 725	
205,3	
205,9	
202,8	
206,3	
205,2
RASP	
Распадская
925	
60 751 870	
114,98	
114	
113,64	
115,7	
115,7
BANEP	
Башнефт ап
1 795	
54 800 073	
1 361,5	
1 363	
1 358,5	
1 365	
1 364,5
OGKB	
ОГК-2 ао
3 199	
52 589 621	
0,7663	
0,7564	
0,75	
0,7739	
0,768
RTSBP	
ТНСэнРст-п
3 281	
46 633 450	
0,74	
0,695	
0,64	
0,862	
0,696
GCHE	
ЧеркизГ-ао
3 599	
46 528 093	
1 923	
1 878,5	
1 878,5	
1 964	
1 911
PIKK	
ПИК ао
1 141	
44 960 537	
495,7	
491,5	
491,5	
497	
494,4
NMTP	
НМТП ао
2 731	
44 571 949	
9,11	
9,12	
9,095	
9,15	
9,095
KMAZ	
КАМАЗ
4 394	
43 879 590	
68,1	
64,1	
63,4	
79,9	
66,8
SELG	
Селигдар
1 937	
39 816 272	
49,08	
49,24	
48,06	
49,74	
48,75
HALS	
Галс-Девел
3 905	
35 383 588	
1 445	
1 260	
1 251	
1 599	
1 451
LNZLP	
Лензол. ап
1 369	
33 293 180	
5 115	
5 260	
5 050	
5 260	
5 050
RTSB	
ТНСэнРст
1 938	
32 706 450	
0,795	
0,71	
0,655	
0,945	
0,805
TGKA	
ТГК-1
1 822	
29 118 593	
0,012024	
0,012022	
0,011986	
0,012066	
0,01202
SELGP	
Селигдар-п
1 181	
28 337 760	
37,45	
38,4	
36,25	
38,4	
37,2
SFIN	
САФМАР ао
184	
26 214 812	
526,8	
526,8	
526	
527,4	
527,4
TRMK	
ТМК ао
742	
26 043 166	
58,68	
58,54	
58,06	
59,02	
58,5
DIOD	
ЗаводДИОД
3 174	
25 935 351	
8,35	
7,82	
7,77	
9,1	
8,3
MRKP	
МРСК ЦП
971	
24 388 707	
0,2195	
0,216	
0,216	
0,2212	
0,2201
LNZL	
Лензолото
399	
22 699 320	
18 400	
18 420	
18 270	
18 490	
18 410
AQUA	
РусАква ао
1 207	
21 922 205	
207,5	
211,5	
205	
211,5	
209
ENRU	
ЭнелРос ао
1 167	
20 037 002	
0,9415	
0,935	
0,935	
0,9465	
0,945
BSPB	
БСП ао
1 709	
18 684 706	
44,94	
44,8	
44,65	
45,29	
44,88
KRKOP	
ТКЗКК ап
4 037	
15 447 567	
9,05	
10,055	
8,435	
10,1	
8,76
MSNG	
+МосЭнерго
577	
14 001 336	
2,131	
2,134	
2,1205	
2,1365	
2,1255
SARE	
СаратЭн-ао
2 255	
14 000 084	
0,173	
0,1542	
0,1542	
0,1874	
0,1722
AKRN	
Акрон
496	
13 197 658	
5 942	
5 930	
5 920	
5 960	
5 920
OBUV	
ОР ао
1 074	
11 306 156	
35,5	
35,25	
35,15	
35,7	
35,5
VRSB	
ТНСэнВорон
698	
11 146 060	
96,8	
90,6	
87	
106	
92,6
UNAC	
iАвиастКао
817	
10 403 141	
0,5	
0,497	
0,49	
0,503	
0,5025
VSMO	
ВСМПО-АВСМ
185	
9 607 520	
17 800	
17 800	
17 760	
17 800	
17 800
LSNGP	
РСетиЛЭ-п
720	
9 584 014	
154,7	
155,2	
154,05	
155,6	
154,5
LIFE	
iФармсинтз
473	
8 878 540	
7,6	
7,655	
7,495	
7,695	
7,605
BANE	
Башнефт ао
587	
8 709 657	
1 763,5	
1 765	
1 753,5	
1 768	
1 764
ENPG	
ЭН+ГРУП ао
416	
8 604 954	
667,5	
663	
660	
671,5	
670
RBCM	
РБК ао
2 003	
8 422 000	
3,588	
3,436	
3,404	
3,748	
3,51
ISKJ	
iИСКЧ ао
761	
7 623 675	
23,45	
23,55	
22,94	
24,1	
23,12
CNTLP	
Телеграф-п
649	
7 073 294	
16,92	
16,98	
16,86	
16,98	
16,96
VGSB	
ВолгЭнСб
718	
6 814 095	
4,9	
4,99	
4,5	
5,49	
4,905
RNFT	
РуссНфт ао
884	
6 206 894	
496,8	
509,8	
493	
509,8	
497,8
ROLO	
Русолово
479	
5 774 054	
7,12	
7,248	
7,042	
7,248	
7,094
NKNCP	
НКНХ ап
759	
5 679 555	
81,64	
81,84	
81,5	
81,84	
81,5
TNSE	
ТНСэнрг ао
563	
5 541 430	
1 155	
1 085	
1 070	
1 200	
1 190
KRKNP	
СаратНПЗ-п
165	
5 195 380	
15 880	
15 940	
15 860	
15 960	
15 880
CHGZ	
РН-ЗапСиб
431	
5 167 900	
58	
52,4	
48,6	
64,8	
64,6
PAZA	
ПавлАвт ао
382	
5 141 750	
9 500	
8 830	
8 830	
10 000	
9 060
TGKB	
ТГК-2
273	
4 620 135	
0,00454	
0,00454	
0,0045	
0,00458	
0,00454
UNKL	
ЮУНК ао
297	
4 275 520	
8 070	
8 260	
7 830	
8 330	
8 100
MRKV	
РсетВол ао
407	
4 265 482	
0,07465	
0,07465	
0,074	
0,07495	
0,07475
BRZL	
БурЗолото
506	
4 004 859	
1 186	
1 181	
1 147	
1 210	
1 170
RUGR	
Русгрэйн
1 739	
3 942 314	
9,924	
10,2	
9,7	
10,374	
9,8
MSTT	
Мостотрест
161	
3 935 773	
160,45	
160,9	
159,35	
161,15	
159,9
SAREP	
СаратЭн-ап
762	
3 902 284	
0,1408	
0,1308	
0,1308	
0,1486	
0,1372
ABRD	
АбрауДюрсо
696	
3 898 320	
210,5	
218	
205,5	
220	
206,5
ALNU	
АЛРОСА-Нюр
29	
3 886 800	
56 400	
55 200	
55 200	
56 600	
56 200
TTLK	
Таттел. ао
265	
3 533 350	
0,319	
0,315	
0,3145	
0,3245	
0,3205
RSTIP	
Россети ап
392	
3 485 871	
2,129	
2,138	
2,121	
2,145	
2,128
VRSBP	
ТНСэнВор-п
332	
3 375 950	
52,5	
53	
50	
54,5	
51,5
KTSBP	
КСБ ап
101	
3 352 630	
0,3225	
0,31	
0,301	
0,3305	
0,313
NKHP	
НКХП ао
434	
3 351 030	
294	
295,5	
288,5	
304,5	
290,5
RTGZ	
ГазпРнД ао
14	
2 935 850	
28 500	
28 650	
28 500	
28 650	
28 650
VLHZ	
ВХЗ-ао
624	
2 924 719	
57,4	
55,1	
54,45	
61	
55,85
CNTL	
Телеграф
334	
2 911 815	
18,9	
19	
18,8	
19	
18,9
KLSB	
КалужскСК
284	
2 758 452	
13,02	
12,91	
12,8	
13,45	
12,93
MRSB	
МордЭнСб
132	
2 693 800	
0,446	
0,451	
0,433	
0,462	
0,443
MGTSP	
МГТС-4ап
132	
2 531 856	
2 044	
2 042	
2 030	
2 050	
2 048
AMEZ	
АшинскийМЗ
440	
2 512 542	
4,645	
4,55	
4,545	
4,69	
4,68
KUZB	
КузнецкийБ
1 289	
2 508 041	
0,01563	
0,0156	
0,0152	
0,0163	
0,01551
STSBP	
СтаврЭнСбп
650	
2 474 444	
0,502	
0,516	
0,482	
0,516	
0,4995
MRKC	
МРСК Центр
328	
2 282 374	
0,301	
0,3014	
0,2996	
0,3024	
0,3
FESH	
ДВМП ао
200	
2 264 873	
7,61	
7,6	
7,56	
7,68	
7,63
NKNC	
НКНХ ао
384	
2 241 830	
93,9	
94,1	
93,35	
94,3	
93,95
NSVZ	
НаукаСвяз
227	
2 143 935	
253	
254	
250	
259	
250,5
SAGO	
СамарЭн-ао
164	
2 017 480	
0,46	
0,48	
0,45	
0,48	
0,462
CHEP	
ЧТПЗ ао
138	
1 884 955	
215	
215	
214	
216	
216
YKEN	
Якутскэнрг
153	
1 798 220	
0,43	
0,43	
0,42	
0,448	
0,432
MSRS	
РСетиМР ао
138	
1 798 151	
1,2275	
1,2205	
1,2175	
1,2395	
1,2285
ZILL	
ЗИЛ ао
86	
1 772 585	
2 735	
2 680	
2 680	
2 800	
2 775
KZOS	
ОргСинт ао
347	
1 588 775	
87	
87,1	
86,7	
87,5	
87
BLNG	
Белон ао
228	
1 542 631	
4,352	
4,35	
4,3	
4,41	
4,386
SVAV	
СОЛЛЕРС
113	
1 476 755	
283,5	
282	
281	
285	
284
APTK	
Аптеки36и6
949	
1 471 996	
13,41	
13,396	
13,37	
13,472	
13,418
ROSB	
Росбанк ао
416	
1 411 448	
80,8	
79	
76	
85,8	
78,8
RGSS	
РГС СК ао
221	
1 384 077	
0,1514	
0,1512	
0,1504	
0,1522	
0,151
UWGN	
ОВК ао
199	
1 374 486	
232,8	
239,1	
231	
239,1	
234,4
PMSBP	
ПермьЭнС-п
162	
1 328 702	
133	
135	
132	
135	
133,4
RAVN	
Raven
49	
1 287 230	
30,45	
30,2	
30,15	
30,65	
30,65
NNSB	
ТНСэнНН ао
238	
1 238 025	
1 825	
1 875	
1 715	
1 985	
1 815
YKENP	
Якутскэн-п
90	
1 161 315	
0,424	
0,4185	
0,413	
0,437	
0,417
VZRZP	
Возрожд-п
79	
1 143 088	
318,4	
321	
314,2	
323,6	
320,2
BELU	
Белуга ао
197	
1 121 818	
1 312	
1 310	
1 304	
1 338	
1 308
KROT	
КрасОкт-ао
128	
1 089 815	
402	
394,5	
393	
415	
400
PMSB	
ПермьЭнСб
185	
1 051 731	
138	
137,6	
133,7	
140,3	
138,4
GEMA	
iММЦБ ао
123	
1 048 738	
598,5	
602	
596	
602	
599
IRGZ	
ИркЭнерго
203	
1 042 622	
11,96	
12,04	
11,8	
12,14	
11,98
URKZ	
УрКузница
41	
995 580	
18 100	
18 140	
17 800	
18 660	
17 980
KBSB	
ТНСэКубань
104	
942 170	
153	
154,5	
150	
156	
151,5
MGNZ	
СМЗ-ао
114	
919 840	
5 080	
5 180	
4 860	
5 330	
4 970
IRKT	
ИРКУТ-3
97	
909 780	
35,68	
35,66	
35,52	
35,84	
35,8
VGSBP	
ВолгЭнСб-п
201	
849 240	
2,205	
2,255	
2,1	
2,345	
2,225
NNSBP	
ТНСэнНН ап
118	
808 424	
728	
721	
693	
749	
736
DVEC	
ДЭК ао
92	
749 048	
0,945	
0,93	
0,93	
0,948	
0,944
NKSH	
Нижкамшина
80	
727 802	
23,48	
22,7	
22,6	
24,32	
23,02
MRKY	
РоссЮг ао
116	
718 610	
0,05045	
0,05095	
0,05005	
0,05095	
0,05045
YAKG	
ЯТЭК ао
64	
705 130	
42,2	
42,75	
41,5	
42,75	
42,5
RKKE	
ЭнергияРКК
53	
700 960	
8 350	
8 180	
8 180	
8 410	
8 340
MAGEP	
МагадЭн ап
38	
689 470	
7,41	
7,7	
7,2	
7,74	
7,42
VJGZP	
Варьеган-п
77	
688 230	
382	
369	
368	
391	
378
STSB	
СтаврЭнСб
220	
662 040	
0,6385	
0,679	
0,616	
0,69	
0,6345
LPSB	
ЛЭСК ао
143	
615 415	
8,7	
8,8	
8,5	
9	
8,65
MRKU	
МРСК Ур
67	
614 370	
0,1522	
0,1512	
0,1512	
0,1526	
0,1524
SAGOP	
СамарЭн-ап
51	
614 060	
0,407	
0,416	
0,402	
0,418	
0,408
MRKS	
РсетСиб ао
41	
595 050	
0,24	
0,241	
0,2395	
0,2425	
0,2395
LSNG	
РСетиЛЭ
181	
581 278	
6,06	
6,09	
6,03	
6,11	
6,06
TGKN	
ТГК-14
79	
579 940	
0,00326	
0,00324	
0,0032	
0,00328	
0,00328
KAZT	
Куйбазот
63	
579 894	
149,6	
152,8	
147,2	
153	
150,2
PRMB	
Приморье
22	
570 600	
24 800	
25 000	
23 600	
25 800	
25 200
VSYD	
ВыбСудЗ ао
59	
510 570	
4 150	
4 320	
4 095	
4 320	
4 135
NFAZ	
Нефтекамск
47	
462 832	
170,2	
167	
167	
174	
170
EELT	
ЕвроЭлтех
153	
454 711	
8,1	
8,2	
8	
8,2	
8,14
VSYDP	
ВыбСудЗ ап
54	
447 460	
4 060	
4 140	
4 040	
4 180	
4 080
TGKD	
Квадра
93	
437 612	
0,00362	
0,0036	
0,003515	
0,003665	
0,0036
KZOSP	
ОргСинт ап
284	
436 190	
12	
12,1	
11,91	
12,14	
11,97
NAUK	
iНПОНаука
81	
430 984	
208,2	
206,4	
206	
211	
208,2
ARSA	
Арсагера
56	
429 150	
4,17	
4,06	
4,02	
4,25	
4,22
MRKZ	
МРСК СЗ
108	
424 780	
0,0518	
0,05165	
0,0515	
0,0521	
0,05175
MAGE	
МагадЭн ао
48	
406 590	
6,35	
6,32	
6,3	
6,4	
6,38
GTRK	
ГТМ ао
95	
394 901	
43,8	
43,6	
43,4	
44	
43,55
USBN	
УралСиб ао
45	
374 826	
0,0699	
0,0697	
0,0689	
0,0702	
0,0702
TORS	
ТРК ао
20	
355 170	
0,467	
0,47	
0,457	
0,478	
0,466
CHKZ	
ЧКПЗ ао
40	
351 220	
5 660	
5 660	
5 580	
5 760	
5 640
RZSB	
РязЭнСб
23	
339 380	
9,7	
9,68	
9,6	
9,84	
9,66
RLMN	
Роллман
139	
338 641	
19,35	
19,45	
19,1	
19,55	
19,25
DZRDP	
iДонскЗР п
65	
332 190	
1 870	
1 850	
1 840	
1 890	
1 880
MFGS	
Мегион-ао
37	
324 275	
395,5	
392	
389,5	
400	
396,5
ELTZ	
Электрцинк
74	
301 541	
193	
192,5	
191	
195,5	
192
ZVEZ	
ЗВЕЗДА ао
44	
286 800	
4,78	
4,755	
4,735	
4,855	
4,745
TASBP	
ТамбЭнСб-п
57	
281 340	
0,37	
0,379	
0,356	
0,3825	
0,372
VJGZ	
Варьеган
90	
279 955	
663	
659	
647	
671	
662
HIMCP	
Химпром ап
71	
275 716	
6,22	
6,22	
6,2	
6,25	
6,22
TASB	
ТамбЭнСб
38	
268 245	
0,4705	
0,485	
0,455	
0,485	
0,47
INGR	
ИНГРАД ао
39	
267 072	
812	
811	
808	
818	
812
IGSTP	
Ижсталь ап
65	
252 938	
916	
905	
905	
927	
923
SLEN	
Сахэнер ао
49	
252 775	
6,615	
6,685	
6,47	
6,8	
6,52
UTAR	
ЮТэйр ао
78	
247 197	
7,25	
7,3	
7,2	
7,3	
7,24
YRSB	
ТНСэнЯр
19	
240 300	
186	
188	
182	
190	
186
ASSB	
АстрЭнСб
80	
238 890	
0,7965	
0,805	
0,794	
0,8055	
0,795
TGKBP	
ТГК-2 ап
28	
238 600	
0,00745	
0,00743	
0,00741	
0,00754	
0,00745
KUBE	
Кубанэнр
62	
228 246	
78,4	
78,4	
76,1	
79,5	
77,9
KCHE	
КамчатЭ ао
40	
222 355	
0,218	
0,218	
0,2135	
0,2195	
0,219
YRSBP	
ТНСэнЯр-п
44	
218 195	
97	
97,5	
95,5	
99,5	
97,5
MFGSP	
Мегион-ап
35	
208 515	
326	
326,5	
320,5	
328,5	
327
KOGK	
КоршГОК ао
3	
195 800	
49 000	
49 200	
48 800	
49 200	
48 800
BISVP	
БашИнСв ап
49	
187 419	
10,08	
10,12	
9,94	
10,23	
9,94
GAZAP	
ГАЗ ап
20	
180 625	
311,5	
308	
308	
313	
312
WTCM	
ЦМТ ао
44	
177 552	
9,56	
9,64	
9,4	
9,8	
9,48
RUSP	
Русполимет
21	
171 000	
0,6335	
0,63	
0,63	
0,637	
0,6325
KBTK	
КузбТК ао
37	
164 396	
152,2	
152,8	
151,6	
152,8	
152
ALBK	
БестЭфБ ао
61	
162 635	
58,5	
60	
57	
61	
58,5
CHMK	
ЧМК ао
36	
161 495	
2 735	
2 725	
2 720	
2 750	
2 735
GAZA	
ГАЗ ао
12	
158 640	
417,5	
419	
416,5	
419	
418,5
KMEZ	
КМЗ
37	
152 589	
531,5	
530,5	
530	
536,5	
535
KTSB	
КСБ ао
71	
148 846	
0,748	
0,766	
0,718	
0,77	
0,764
LVHK	
Левенгук
44	
147 331	
8,47	
8,41	
8,39	
8,55	
8,43
AVAN	
Авангрд-ао
37	
139 150	
855	
855	
850	
860	
855
KCHEP	
КамчатЭ ап
15	
133 850	
0,394	
0,394	
0,39	
0,399	
0,394
KGKC	
КурганГКао
31	
128 760	
56	
56	
56	
57	
57
ROST	
РОСИНТЕРао
33	
121 382	
63	
62,4	
62,2	
63,8	
63,6
KRKN	
СаратНПЗ
5	
116 550	
12 950	
12 950	
12 950	
12 950	
12 950
UCSS	
ОКС ао
29	
105 710	
1 470	
1 450	
1 450	
1 480	
1 460
TUZA	
ТЗА ао
35	
102 980	
103	
102	
102	
105	
103
RLMNP	
Роллман-п
59	
84 646	
19,46	
19,7	
19,1	
19,76	
19,54
MGTS	
МГТС-5ао
14	
81 935	
2 340	
2 365	
2 330	
2 365	
2 345
RDRB	
РДБанк ао
7	
76 400	
230	
230	
230	
235	
230
UKUZ	
ЮжКузб. ао
20	
73 448	
548	
548	
542	
552	
550
MISBP	
ТНСэМаЭл-п
26	
69 130	
12,1	
11,9	
11,9	
12,3	
12,2
KAZTP	
Куйбазот-п
19	
66 292	
147,4	
147,4	
146,8	
149	
147
DZRD	
iДонскЗР
17	
64 220	
2 295	
2 265	
2 265	
2 305	
2 300
JNOSP	
Слав-ЯНОСп
15	
62 020	
14,42	
14,46	
14,36	
14,6	
14,6
JNOS	
Славн-ЯНОС
17	
61 805	
19,3	
19,5	
19,15	
19,5	
19,45
MRKK	
Россети СК
21	
53 262	
25,98	
26,06	
25,84	
26,08	
25,98
TGKDP	
Квадра-п
16	
52 877	
0,004265	
0,00428	
0,004215	
0,00428	
0,004235
IGST	
Ижсталь2ао
20	
51 792	
1 036	
1 029	
1 020	
1 048	
1 035
KRSBP	
Красэсб ап
7	
51 360	
7,34	
7,38	
7,14	
7,42	
7,26
KGKCP	
КурганГКап
14	
45 045	
55,5	
55,5	
55	
56	
56
OMZZP	
ОМЗ-ап
9	
43 595	
3 635	
3 615	
3 610	
3 650	
3 645
KRSB	
Красэсб ао
5	
36 670	
7,33	
7,35	
7,3	
7,35	
7,3
RUSI	
ИКРУСС-ИНВ
7	
34 650	
38,5	
38,2	
38,2	
38,7	
38,2
MISB	
ТНСэнМарЭл
14	
33 930	
13,1	
13	
12,9	
13,1	
13
KROTP	
КрасОкт-1п
11	
32 935	
274,5	
272	
272	
277	
275,5
WTCMP	
ЦМТ ап
16	
31 232	
8,44	
8,5	
8,38	
8,5	
8,48
TORSP	
ТРК ап
7	
28 685	
0,287	
0,2895	
0,2855	
0,2895	
0,286
KUNF	
КУЗОЦМ ао
0	
0	
-	
-	
-	
-	
-
PRTK	
ПРОТЕК ао
0	
0	
-	
-	
-	
-	
99,6
GAZC	
ГАЗКОН-ао
0	
0	
-	
-	
-	
-	
295
GTSS	
ГЕОТЕК ао
0	
0	
-	
-	
-	
-	
-
NPOF	
Физика ао
0	
0	
-	
-	
-	
-	
11 850
TRCN	
ТрансК ао
0	
0	
-	
-	
-	
-	
8 595
KMTZ	
КосогМЗ ао
0	
0	
-	
-	
-	
-	
-
KZMS	
КЗМС ао
0	
0	
-	
-	
-	
-	
226
TRFM	
ТрансФ ао
0	
0	
-	
-	
-	
-	
-
GAZS	
ГАЗ-сервис
0	
0	
-	
-	
-	
-	
293
HIMC	
Химпром ао
0	
0	
-	
-	
-	
-	
0,99
GAZT	
ГАЗ-Тек ао
0	
0	
-	
-	
-	
-	
85
KSGR	
Кокс ао
0	
0	
-	
-	
-	
-	
-
MOBB	
МосОблБанк
0	
0	
-	
-	
-	
-	
0,698
URKA	
Уркалий-ао
0	
0	
-	
-	
-	
-	
119,04
VZRZ	
Возрожд-ао
0	
0	
-	
-	
-	
-	
480
BISV	
БашИнСв ао
0	
0	
-	
-	
-	
-	
8,7
MFON	
МегаФон ао
0	
0	
-	
-	
-	
-	
650,6
KRKO	
ТКЗКК ао
0	
0	
-	
-	
-	
-	
11,8
MORI	
Морион ао
0	
0	
-	
-	
-	
-	
4,31