SBER	
Сбербанк
66 084	
15 554 563 363	
207,27	
205,44	
204,55	
209,2	
207
LKOH	
ЛУКОЙЛ
30 634	
10 223 386 622	
5 452	
5 411,5	
5 389	
5 490	
5 460
GAZP	
ГАЗПРОМ ао
43 923	
8 837 110 354	
195,42	
194,17	
193,82	
196,07	
195,81
GMKN	
ГМКНорНик
30 950	
7 529 103 042	
19 140	
19 050	
18 920	
19 414	
19 004
TATN	
Татнфт 3ао
38 681	
4 631 388 295	
587,7	
580	
578	
593,7	
586,5
PLZL	
Полюс
25 304	
3 956 561 928	
11 008,5	
10 879,5	
10 802	
11 193,5	
11 067,5
MGNT	
Магнит ао
25 348	
3 403 208 581	
3 917,5	
3 849,5	
3 832	
3 980	
3 980
ROSN	
Роснефть
16 694	
2 653 011 173	
376,9	
376,15	
373,7	
378,8	
376,15
NVTK	
Новатэк ао
14 828	
2 484 550 480	
1 072,6	
1 078,4	
1 051	
1 082,8	
1 079
AFLT	
Аэрофлот
40 306	
2 439 927 843	
82	
81,5	
81,16	
83,2	
81,7
YNDX	
Yandex clA
27 702	
2 208 209 346	
3 151,6	
3 108	
3 107	
3 176,2	
3 155
SNGS	
Сургнфгз
15 238	
2 195 381 297	
39,16	
38,615	
38,615	
39,65	
39,095
VTBR	
ВТБ ао
27 926	
1 922 444 938	
0,035615	
0,03612	
0,035255	
0,03635	
0,035255
ALRS	
АЛРОСА ао
28 043	
1 791 229 991	
64,46	
63,56	
63,38	
65,33	
64,22
MTSS	
МТС-ао
13 879	
1 771 579 932	
328,3	
326,35	
326,35	
330	
327,35
CHMF	
СевСт-ао
17 101	
1 581 537 827	
874,4	
879,8	
871,6	
882,6	
872,2
DSKY	
ДетскийМир
45 865	
1 561 454 983	
102,3	
99	
99	
105,2	
103,48
MOEX	
МосБиржа
16 538	
1 510 955 876	
115,74	
116,18	
115,1	
116,5	
115,67
IRAO	
ИнтерРАОао
11 946	
1 281 371 868	
4,978	
4,985	
4,94	
5,045	
4,942
SNGSP	
Сургнфгз-п
10 893	
1 118 743 394	
34,995	
35,05	
34,85	
35,22	
34,925
NLMK	
НЛМК ао
11 573	
1 077 050 379	
138,78	
138,42	
138,02	
139,6	
138,86
SBERP	
Сбербанк-п
16 647	
1 024 018 267	
191,56	
190,46	
190,17	
192,5	
191,09
FEES	
ФСК ЕЭС ао
16 870	
995 761 577	
0,18724	
0,1915	
0,1857	
0,19276	
0,1857
TRNFP	
Транснф ап
2 251	
925 282 200	
133 950	
135 000	
133 000	
136 000	
133 000
POLY	
Polymetal
10 603	
889 188 841	
1 301,3	
1 295	
1 282	
1 315	
1 315
MAGN	
ММК
5 033	
868 735 629	
39,855	
39,825	
39,75	
40,12	
39,83
SIBN	
Газпрнефть
7 647	
616 039 019	
355,45	
355,6	
353,15	
357,4	
355,3
HYDR	
РусГидро
13 151	
594 472 943	
0,8191	
0,8231	
0,8071	
0,83	
0,8138
AFKS	
Система ао
8 818	
592 796 107	
16,947	
17,238	
16,785	
17,299	
16,785
FIVE	
FIVE-гдр
5 984	
575 611 764	
2 275,5	
2 270,5	
2 235,5	
2 289,5	
2 282,5
TATNP	
Татнфт 3ап
10 307	
572 025 855	
565,5	
567,5	
556,6	
570,6	
563,7
RTKM	
Ростел -ао
9 338	
517 878 696	
85,4	
84,51	
84,18	
86,8	
86,8
BANEP	
Башнефт ап
7 306	
489 305 157	
1 449	
1 477,5	
1 440	
1 477,5	
1 440
LSRG	
ЛСР ао
7 768	
483 593 615	
691,2	
660	
660	
703	
703
UPRO	
Юнипро ао
9 630	
466 453 451	
2,732	
2,706	
2,701	
2,769	
2,769
PHOR	
ФосАгро ао
4 755	
365 381 931	
2 676	
2 670	
2 645	
2 686	
2 686
RSTI	
Россети ао
6 889	
321 023 584	
1,533	
1,56	
1,512	
1,5686	
1,512
CBOM	
МКБ ао
10 143	
277 506 778	
5,523	
5,51	
5,489	
5,562	
5,505
OGKB	
ОГК-2 ао
9 071	
233 792 545	
0,7405	
0,7261	
0,7205	
0,7523	
0,7523
TRMK	
ТМК ао
1 071	
214 426 452	
59,7	
59,66	
59,56	
59,78	
59,78
MVID	
М.видео
4 159	
210 043 153	
396	
405,5	
387,7	
410,3	
387,7
QIWI	
iQIWI
8 848	
205 054 486	
1 165	
1 110,5	
1 110,5	
1 220	
1 212
TCSG	
TCS-гдр
6 712	
142 580 182	
1 343,6	
1 344	
1 329,6	
1 355,2	
1 335,4
ENRU	
ЭнелРос ао
5 892	
141 470 528	
0,9995	
0,99	
0,9845	
1,015	
1,015
TGKA	
ТГК-1
5 839	
128 229 858	
0,013032	
0,013108	
0,01295	
0,013186	
0,013186
LNTA	
Лента др
6 832	
113 538 092	
171,3	
169,6	
167,6	
173,6	
170,2
RUAL	
РУСАЛ ао
8 024	
108 437 812	
26,97	
26,955	
26,755	
27,16	
26,98
BANE	
Башнефт ао
3 800	
94 357 619	
1 853,5	
1 900	
1 800,5	
1 945,5	
1 800,5
MSNG	
+МосЭнерго
2 113	
83 877 968	
2,1275	
2,08	
2,066	
2,1565	
2,1565
LSNGP	
РСетиЛЭ-п
2 109	
68 981 713	
161,1	
155,95	
155,2	
165	
165
NMTP	
НМТП ао
3 707	
68 129 822	
10,89	
11	
10,82	
11	
10,9
RASP	
Распадская
1 655	
66 567 427	
111,26	
111,28	
110,24	
112,7	
111,42
MTLR	
Мечел ао
5 526	
61 867 917	
67,39	
67,52	
66,98	
68	
66,98
MTLRP	
Мечел ап
2 403	
49 951 977	
84,4	
83	
82	
87	
87
AKRN	
Акрон
1 026	
44 687 956	
5 480	
5 498	
5 374	
5 500	
5 500
PIKK	
ПИК ао
2 017	
35 412 698	
418,3	
414,9	
413,5	
419,6	
416,5
VSMO	
ВСМПО-АВСМ
716	
29 407 280	
19 260	
19 360	
19 020	
19 760	
19 400
NKNCP	
НКНХ ап
1 581	
28 430 436	
88,4	
88,86	
87,76	
88,9	
88,6
SFIN	
САФМАР ао
413	
23 073 220	
456,2	
458,4	
443	
464	
452,6
AGRO	
AGRO-гдр
1 625	
22 786 808	
663,4	
658	
658	
666	
661,6
APTK	
Аптеки36и6
3 992	
17 465 611	
13,818	
13,898	
13,706	
14	
13,85
RSTIP	
Россети ап
832	
16 136 268	
2,083	
2,099	
2,063	
2,099	
2,074
ETLN	
ETLN-гдр
1 015	
15 822 081	
94,48	
94,4	
93,9	
95,06	
94,68
BSPB	
БСП ао
1 263	
14 949 069	
42,29	
42,11	
41,66	
42,89	
42,05
RTKMP	
Ростел -ап
1 119	
14 808 204	
75,75	
75,5	
75,4	
76,25	
75,7
MRKP	
МРСК ЦП
889	
12 483 818	
0,1935	
0,1926	
0,1925	
0,1967	
0,1935
RNFT	
РуссНфт ао
1 206	
10 968 544	
488,8	
464,4	
464,4	
502,6	
502,6
MRKS	
РсетСиб ао
430	
10 766 045	
0,256	
0,2455	
0,2435	
0,265	
0,2505
KRKNP	
СаратНПЗ-п
367	
10 300 920	
16 220	
16 340	
16 060	
16 380	
16 200
SELG	
Селигдар
1 035	
10 245 462	
25,84	
25,49	
25,49	
26,05	
25,9
MRKC	
МРСК Центр
970	
9 245 727	
0,2762	
0,2706	
0,2706	
0,2784	
0,278
TGKB	
ТГК-2
477	
8 447 895	
0,004255	
0,0042	
0,00418	
0,004345	
0,00422
NKNC	
НКНХ ао
593	
7 807 019	
98,5	
97,75	
97,7	
99,8	
98,4
OBUV	
ОР ао
1 181	
7 297 369	
33,35	
33,6	
33,1	
33,7	
33,25
LIFE	
iФармсинтз
822	
6 602 314	
6,88	
6,89	
6,795	
6,975	
6,81
PMSBP	
ПермьЭнС-п
578	
6 437 706	
134,6	
134,4	
130,2	
139	
137
MSTT	
Мостотрест
269	
5 800 009	
158,2	
158,4	
157	
158,85	
157,45
INGR	
ИНГРАД ао
678	
4 975 843	
741	
750	
711	
755	
737
FESH	
ДВМП ао
438	
4 781 943	
7,26	
7,16	
7,16	
7,35	
7,26
MRKV	
РсетВол ао
844	
4 704 523	
0,0729	
0,07265	
0,072	
0,0736	
0,0728
RTSB	
ТНСэнРст
340	
4 415 400	
0,455	
0,42	
0,4	
0,53	
0,42
MOBB	
МосОблБанк
916	
3 672 253	
1,108	
1,1	
1,084	
1,136	
1,09
PRTK	
ПРОТЕК ао
111	
3 411 526	
99,5	
99,3	
98,9	
99,6	
99,6
ENPG	
ЭН+ГРУП ао
63	
3 316 136	
606,5	
609,5	
603	
609,5	
605
KLSB	
КалужскСК
407	
3 289 221	
11,86	
12,11	
11,52	
12,18	
11,65
AQUA	
РусАква ао
204	
3 129 050	
206,5	
207	
204,5	
209	
205
UNAC	
iАвиастКао
286	
3 074 170	
0,482	
0,483	
0,48	
0,487	
0,482
SVAV	
СОЛЛЕРС
156	
2 741 080	
260	
255,5	
255,5	
261	
259,5
MGTSP	
МГТС-4ап
272	
2 687 996	
2 030	
2 036	
2 016	
2 052	
2 022
RTSBP	
ТНСэнРст-п
361	
2 674 140	
0,342	
0,322	
0,302	
0,37	
0,312
CHEP	
ЧТПЗ ао
130	
2 586 000	
200,5	
199,5	
199	
202,5	
200
LNZL	
Лензолото
139	
2 521 130	
8 550	
8 550	
8 440	
8 680	
8 540
PMSB	
ПермьЭнСб
440	
2 427 522	
143,4	
143,5	
136,7	
146,4	
141,6
AMEZ	
АшинскийМЗ
333	
2 393 935	
4,125	
4,055	
4,055	
4,16	
4,135
TGKBP	
ТГК-2 ап
166	
2 351 190	
0,00751	
0,00753	
0,00729	
0,00765	
0,00746
MSRS	
РСетиМР ао
236	
2 304 438	
1,1265	
1,125	
1,119	
1,132	
1,122
MRKZ	
МРСК СЗ
277	
2 266 080	
0,04875	
0,04845	
0,0483	
0,0493	
0,0488
GCHE	
ЧеркизГ-ао
368	
2 112 739	
1 762	
1 755,5	
1 753,5	
1 777	
1 767
KBSB	
ТНСэКубань
356	
2 067 515	
168	
149	
148,5	
175	
154,5
ROLO	
Русолово
205	
1 953 596	
3,916	
3,936	
3,75	
4,138	
3,822
USBN	
УралСиб ао
54	
1 800 446	
0,0713	
0,0716	
0,0705	
0,0716	
0,0712
ZILL	
ЗИЛ ао
153	
1 771 350	
2 870	
2 910	
2 810	
2 975	
2 930
ASSB	
АстрЭнСб
584	
1 750 081	
0,822	
0,799	
0,7905	
0,853	
0,8135
UNKL	
ЮУНК ао
234	
1 746 120	
3 700	
3 700	
3 620	
3 900	
3 650
GEMA	
iММЦБ ао
173	
1 710 940	
605	
603	
601	
612,5	
612,5
UWGN	
ОВК ао
324	
1 676 325	
237,5	
236,5	
235,5	
241,8	
235,5
KCHE	
КамчатЭ ао
212	
1 554 155	
0,212	
0,2055	
0,2035	
0,2225	
0,205
ISKJ	
iИСКЧ ао
237	
1 396 191	
27,54	
27,09	
27,09	
28,06	
27,35
KMAZ	
КАМАЗ
214	
1 347 129	
57,7	
57,4	
57,3	
57,9	
57,6
LSNG	
РСетиЛЭ
194	
1 345 247	
6,07	
6,09	
6,04	
6,09	
6,07
KZOS	
ОргСинт ао
262	
1 335 126	
89,8	
90,4	
89,2	
90,5	
89,8
CNTLP	
Телеграф-п
164	
1 334 026	
17,44	
17,3	
17,14	
17,6	
17,58
NKHP	
НКХП ао
173	
1 324 725	
235,5	
234,5	
230	
237,5	
234,5
MRKU	
МРСК Ур
193	
1 315 816	
0,1574	
0,158	
0,1556	
0,1598	
0,157
ALNU	
АЛРОСА-Нюр
23	
1 229 200	
53 400	
54 400	
53 000	
54 400	
53 000
RUGR	
Русгрэйн
974	
1 168 542	
7,35	
7,444	
7,258	
7,478	
7,324
STSBP	
СтаврЭнСбп
215	
1 121 419	
0,348	
0,3305	
0,32	
0,369	
0,339
KCHEP	
КамчатЭ ап
171	
1 072 470	
0,399	
0,359	
0,359	
0,46	
0,388
YRSBP	
ТНСэнЯр-п
89	
1 061 650	
86,5	
86	
82	
90	
84,5
LNZLP	
Лензол. ап
107	
957 945	
3 590	
3 600	
3 555	
3 645	
3 630
RZSB	
РязЭнСб
76	
951 760	
10,02	
9,96	
9,9	
10,26	
10,18
VSYD	
ВыбСудЗ ао
121	
888 040	
4 110	
4 385	
4 000	
4 385	
4 280
KRSB	
Красэсб ао
49	
868 680	
7,24	
7,29	
7,18	
7,42	
7,4
IRKT	
ИРКУТ-3
83	
801 298	
34,84	
35,34	
33,76	
35,34	
34,78
TTLK	
Таттел. ао
82	
775 115	
0,289	
0,294	
0,286	
0,294	
0,289
RGSS	
РГС СК ао
258	
758 626	
0,1496	
0,1528	
0,148	
0,1528	
0,149
MFGSP	
Мегион-ап
28	
757 970	
340	
336,5	
332,5	
344,5	
339
VSYDP	
ВыбСудЗ ап
76	
750 680	
4 200	
4 380	
4 080	
4 380	
4 360
TASBP	
ТамбЭнСб-п
96	
744 115	
0,443	
0,465	
0,4205	
0,465	
0,4385
UTAR	
ЮТэйр ао
193	
741 667	
7,2	
7,45	
7,1	
7,45	
7,14
TRCN	
ТрансК ао
29	
739 430	
8 500	
8 555	
8 465	
8 555	
8 515
GTRK	
ГТМ ао
275	
713 358	
42,65	
42,9	
42,2	
42,9	
42,8
BELU	
Белуга ао
82	
701 541	
1 349	
1 351	
1 342	
1 355	
1 350
MGTS	
МГТС-5ао
104	
700 685	
2 520	
2 695	
2 340	
2 695	
2 495
RBCM	
РБК ао
146	
665 544	
3,304	
3,298	
3,27	
3,328	
3,304
KAZT	
Куйбазот
76	
612 434	
140,8	
140,4	
139,6	
142	
141,8
TASB	
ТамбЭнСб
80	
597 225	
0,506	
0,5005	
0,485	
0,527	
0,4965
TORS	
ТРК ао
17	
590 320	
0,381	
0,379	
0,379	
0,39	
0,39
MRKY	
РоссЮг ао
145	
559 993	
0,05015	
0,0502	
0,05	
0,0504	
0,05005
DIOD	
ЗаводДИОД
94	
555 992	
5,75	
5,76	
5,73	
5,76	
5,74
KAZTP	
Куйбазот-п
31	
533 310	
142,2	
144	
141,8	
144	
144
RLMN	
Роллман
153	
532 061	
19,05	
19	
19	
19,3	
19
KMEZ	
КМЗ
256	
508 217	
482	
462	
461	
500	
476,5
KBTK	
КузбТК ао
36	
507 160	
153,2	
153,8	
153	
155,4	
153
IRGZ	
ИркЭнерго
114	
470 772	
12,16	
12,1	
12,04	
12,3	
12,06
ABRD	
АбрауДюрсо
105	
454 620	
130,5	
130	
129,5	
131	
130
RUSP	
Русполимет
56	
454 405	
0,614	
0,5955	
0,582	
0,632	
0,6065
STSB	
СтаврЭнСб
165	
437 152	
0,418	
0,405	
0,3965	
0,43	
0,412
RTGZ	
ГазпРнД ао
10	
431 000	
21 550	
21 400	
21 350	
21 650	
21 600
YAKG	
ЯТЭК ао
29	
413 200	
39,75	
40	
39,5	
40,05	
39,95
SELGP	
Селигдар-п
68	
412 295	
25,95	
26	
25,8	
26,05	
26
VRSBP	
ТНСэнВор-п
38	
380 300	
33	
32,5	
32,5	
34	
33,5
SLEN	
Сахэнер ао
76	
375 284	
4,095	
4,145	
4	
4,175	
4,13
KOGK	
КоршГОК ао
8	
370 800	
46 400	
46 800	
46 000	
46 800	
46 200
KRSBP	
Красэсб ап
27	
364 760	
7,3	
7,32	
7,2	
7,56	
7,48
MAGE	
МагадЭн ао
19	
359 580	
8,56	
8,49	
8,41	
8,74	
8,41
DVEC	
ДЭК ао
112	
344 237	
0,941	
0,958	
0,922	
0,958	
0,925
BISVP	
БашИнСв ап
41	
333 617	
8,26	
8,23	
8,2	
8,3	
8,21
URKZ	
УрКузница
20	
326 660	
11 660	
11 600	
11 560	
11 780	
11 600
RLMNP	
Роллман-п
118	
307 441	
20,1	
19,32	
19,32	
20,46	
20,1
PAZA	
ПавлАвт ао
33	
292 180	
7 900	
7 860	
7 820	
8 000	
7 860
VZRZP	
Возрожд-п
42	
283 052	
314,6	
324,8	
311	
324,8	
311,2
KUZB	
КузнецкийБ
163	
281 430	
0,01654	
0,0167	
0,01635	
0,0169	
0,01674
ELTZ	
Электрцинк
113	
260 400	
165,5	
167	
165	
167,5	
165
IGST	
Ижсталь2ао
94	
257 740	
865	
831	
816	
887	
845
TGKN	
ТГК-14
36	
257 630	
0,00322	
0,00318	
0,00318	
0,00324	
0,00321
NFAZ	
Нефтекамск
32	
251 642	
167,8	
169,8	
165	
171	
168,2
CHMK	
ЧМК ао
20	
238 670	
2 485	
2 500	
2 475	
2 500	
2 485
KZOSP	
ОргСинт ап
290	
236 450	
12,03	
12,06	
11,91	
12,12	
12,08
UKUZ	
ЮжКузб. ао
81	
220 854	
556	
546	
536	
582	
540
TGKD	
Квадра
64	
211 743	
0,003075	
0,003025	
0,003025	
0,00311	
0,003105
KGKCP	
КурганГКап
36	
186 070	
58,5	
60	
58	
60	
58
SAREP	
СаратЭн-ап
33	
182 518	
0,0918	
0,092	
0,0908	
0,0922	
0,0912
VLHZ	
ВХЗ-ао
33	
179 329	
49,8	
49,95	
49,6	
50,3	
49,95
YKENP	
Якутскэн-п
27	
168 795	
0,331	
0,3275	
0,325	
0,338	
0,3315
YRSB	
ТНСэнЯр
26	
162 420	
170	
170	
168	
172	
170
IGSTP	
Ижсталь ап
89	
160 122	
681	
655	
655	
720	
667
WTCM	
ЦМТ ао
52	
158 060	
8,88	
8,92	
8,8	
9,02	
9,02
TUZA	
ТЗА ао
47	
155 350	
96	
97	
95	
98	
96
MRSB	
МордЭнСб
25	
151 660	
0,345	
0,342	
0,341	
0,348	
0,344
PRMB	
Приморье
5	
149 000	
24 800	
24 800	
24 800	
25 000	
25 000
WTCMP	
ЦМТ ап
43	
141 390	
8,18	
8,14	
8,06	
8,22	
8,1
KUBE	
Кубанэнр
74	
138 507	
69,3	
69,1	
68,5	
70	
68,7
EELT	
ЕвроЭлтех
50	
137 998	
7,52	
7,52	
7,44	
7,54	
7,5
CHKZ	
ЧКПЗ ао
4	
137 800	
5 300	
5 300	
5 300	
5 300	
5 300
KRKN	
СаратНПЗ
10	
134 900	
13 500	
13 450	
13 400	
13 650	
13 400
KGKC	
КурганГКао
17	
131 230	
54	
54	
54	
55	
55
KROT	
КрасОкт-ао
27	
129 125	
349	
349,5	
345,5	
351	
346,5
SARE	
СаратЭн-ао
34	
126 896	
0,1164	
0,1182	
0,1158	
0,1184	
0,1172
ZVEZ	
ЗВЕЗДА ао
6	
126 335	
4,51	
4,52	
4,51	
4,525	
4,51
CNTL	
Телеграф
23	
122 640	
20,8	
20,85	
20,65	
20,85	
20,75
VJGZ	
Варьеган
24	
121 433	
601	
601	
598	
605	
598
JNOSP	
Слав-ЯНОСп
4	
114 354	
14,66	
14,66	
14,4	
14,7	
14,4
NAUK	
iНПОНаука
28	
111 648	
180,2	
179,4	
179,4	
181,6	
181,6
BLNG	
Белон ао
21	
108 275	
4,102	
4,078	
4,046	
4,11	
4,108
ROST	
РОСИНТЕРао
21	
107 674	
62,6	
62,8	
62,2	
63	
62,6
BRZL	
БурЗолото
37	
103 460	
828	
829	
827	
830	
828
VGSBP	
ВолгЭнСб-п
28	
102 995	
1,155	
1,13	
1,13	
1,185	
1,14
VGSB	
ВолгЭнСб
30	
102 610	
1,655	
1,65	
1,62	
1,705	
1,645
UCSS	
ОКС ао
27	
100 230	
1 470	
1 500	
1 450	
1 550	
1 470
SAGO	
СамарЭн-ао
18	
99 820	
0,416	
0,42	
0,41	
0,424	
0,42
NSVZ	
НаукаСвяз
33	
93 700	
228,5	
231	
225,5	
231	
228,5
MAGEP	
МагадЭн ап
10	
87 520	
7,295	
7,475	
7,24	
7,475	
7,24
YKEN	
Якутскэнрг
15	
85 680	
0,357	
0,3545	
0,354	
0,3635	
0,3545
JNOS	
Славн-ЯНОС
11	
85 545	
18,6	
18,7	
18,5	
18,7	
18,6
LPSB	
ЛЭСК ао
20	
78 545	
7,95	
7,95	
7,9	
7,95	
7,95
GAZAP	
ГАЗ ап
9	
77 130	
321,5	
321	
321	
323,5	
323,5
MISB	
ТНСэнМарЭл
25	
74 770	
11,2	
10,9	
10,9	
11,3	
11,2
MISBP	
ТНСэМаЭл-п
18	
74 060	
10	
10	
10	
10,2	
10
GAZA	
ГАЗ ао
8	
73 155	
385	
385,5	
383,5	
388	
386,5
TGKDP	
Квадра-п
60	
69 398	
0,00408	
0,00401	
0,004005	
0,00413	
0,00408
ARSA	
Арсагера
16	
69 310	
3,3	
3,28	
3,28	
3,36	
3,3
MRKK	
Россети СК
58	
61 221	
26,62	
26,32	
26,32	
26,82	
26,74
HIMCP	
Химпром ап
36	
60 342	
5,92	
5,95	
5,88	
5,95	
5,93
VJGZP	
Варьеган-п
8	
59 640	
351	
350	
350	
352	
351
LVHK	
Левенгук
13	
56 886	
8,01	
8,01	
7,98	
8,03	
8,03
DZRDP	
iДонскЗР п
23	
52 710	
1 600	
1 590	
1 580	
1 610	
1 610
KTSBP	
КСБ ап
18	
52 325	
0,249	
0,247	
0,245	
0,2545	
0,247
MFGS	
Мегион-ао
10	
47 930	
368,5	
364,5	
364,5	
370,5	
370,5
SAGOP	
СамарЭн-ап
5	
44 420	
0,404	
0,403	
0,403	
0,404	
0,404
ALBK	
БестЭфБ ао
9	
42 665	
54	
54,5	
53,5	
54,5	
54
NNSB	
ТНСэнНН ао
12	
42 285	
1 365	
1 330	
1 330	
1 395	
1 370
KROTP	
КрасОкт-1п
5	
40 945	
256	
258	
254,5	
258	
255
HALS	
Галс-Девел
17	
38 843	
762	
759	
759	
770	
769
MGNZ	
СМЗ-ао
6	
36 940	
4 100	
4 110	
4 040	
4 130	
4 040
ROSB	
Росбанк ао
24	
36 634	
70,6	
70	
70	
70,8	
70,2
RDRB	
РДБанк ао
3	
34 300	
245	
245	
245	
245	
245
NKSH	
Нижкамшина
5	
29 874	
22,98	
22,8	
22,8	
23,06	
22,96
AVAN	
Авангрд-ао
17	
29 015	
710	
700	
700	
710	
710
DZRD	
iДонскЗР
12	
28 855	
1 925	
1 915	
1 910	
1 930	
1 930
NNSBP	
ТНСэнНН ап
14	
24 934	
567	
581	
558	
581	
558
RKKE	
ЭнергияРКК
2	
24 800	
4 960	
4 960	
4 960	
4 960	
4 960
TORSP	
ТРК ап
9	
24 350	
0,2705	
0,2715	
0,2695	
0,272	
0,2705
RAVN	
Raven
7	
21 730	
31,05	
30,95	
30,85	
31,2	
31,1
KRKOP	
ТКЗКК ап
14	
14 421	
5,77	
5,735	
5,735	
5,78	
5,78
VRSB	
ТНСэнВорон
1	
4 760	
47,6	
47,6	
47,6	
47,6	
47,6
CHGZ	
РН-ЗапСиб
1	
3 620	
36,2	
36,2	
36,2	
36,2	
36,2
KTSB	
КСБ ао
3	
2 942	
0,588	
0,59	
0,586	
0,59	
0,59
TNSE	
ТНСэнрг ао
2	
2 920	
975	
960	
960	
980	
980
GAZC	
ГАЗКОН-ао
0	
0	
-	
-	
-	
-	
295
GAZC	
ГАЗКОН-ао
0	
0	
-	
-	
-	
-	
295
GAZS	
ГАЗ-сервис
0	
0	
-	
-	
-	
-	
293
GAZT	
ГАЗ-Тек ао
0	
0	
-	
-	
-	
-	
85
GTSS	
ГЕОТЕК ао
0	
0	
-	
-	
-	
-	
-
HIMC	
Химпром ао
0	
0	
-	
-	
-	
-	
0,99
KMTZ	
КосогМЗ ао
0	
0	
-	
-	
-	
-	
-
KRKO	
ТКЗКК ао
0	
0	
-	
-	
-	
-	
11,8
KSGR	
Кокс ао
0	
0	
-	
-	
-	
-	
-
KUNF	
КУЗОЦМ ао
0	
0	
-	
-	
-	
-	
-
KZMS	
КЗМС ао
0	
0	
-	
-	
-	
-	
226
MFON	
МегаФон ао
0	
0	
-	
-	
-	
-	
650,6
MORI	
Морион ао
0	
0	
-	
-	
-	
-	
4,31
NPOF	
Физика ао
0	
0	
-	
-	
-	
-	
11 850
OMZZP	
ОМЗ-ап
0	
0	
-	
-	
-	
-	
3 315
RUSI	
ИКРУСС-ИНВ
0	
0	
-	
-	
-	
-	
38,1
SZPR	
СЗПароход
0	
0	
-	
-	
-	
-	
782
TRFM	
ТрансФ ао
0	
0	
-	
-	
-	
-	
-
URKA	
Уркалий-ао
0	
0	
-	
-	
-	
-	
119,04
VZRZ	
Возрожд-ао
0	
0	
-	
-	
-	
-	
480