SBER	
Сбербанк
130 284	
19 951 575 702	
189,45	
190,37	
186,8	
192,55	
189
GAZP	
ГАЗПРОМ ао
77 122	
11 654 978 573	
192,94	
193	
191,1	
194,39	
194,2
LKOH	
ЛУКОЙЛ
60 748	
11 059 882 321	
5 249	
5 193	
5 178,5	
5 285	
5 272
GMKN	
ГМКНорНик
35 637	
7 577 091 148	
21 708	
21 552	
21 360	
21 970	
21 920
ROSN	
Роснефть
46 101	
7 153 661 230	
377,6	
376,2	
371,55	
383,5	
376,5
SBERP	
Сбербанк-п
64 051	
4 321 966 105	
175,74	
178	
173,3	
180,1	
174,59
TATN	
Татнфт 3ао
32 455	
2 589 971 641	
551	
552,3	
544,6	
558,3	
549,6
SNGS	
Сургнфгз
25 587	
2 575 926 615	
40,01	
40,94	
39,405	
40,95	
40,04
PLZL	
Полюс
21 036	
2 450 756 247	
12 050,5	
12 127	
11 971	
12 257	
12 110
NVTK	
Новатэк ао
24 309	
2 346 251 765	
1 067,6	
1 062	
1 055,2	
1 079,2	
1 077
MOEX	
МосБиржа
25 718	
1 370 788 538	
114,98	
115,77	
114	
116,6	
114,4
POLY	
Polymetal
20 228	
1 315 805 902	
1 504,6	
1 528,7	
1 477,8	
1 538,8	
1 518
MGNT	
Магнит ао
18 808	
1 281 025 729	
3 633	
3 649,5	
3 583	
3 677	
3 657
AFLT	
Аэрофлот
33 901	
1 174 342 188	
72,54	
72	
71,78	
73,2	
72,62
IRAO	
ИнтерРАОао
17 775	
1 141 815 733	
4,8065	
4,7625	
4,7535	
4,844	
4,81
NLMK	
НЛМК ао
15 588	
1 121 416 971	
124,82	
124,04	
123,2	
126,26	
125,02
HYDR	
РусГидро
24 301	
1 092 597 016	
0,6726	
0,662	
0,6555	
0,6829	
0,6795
VTBR	
ВТБ ао
28 848	
1 055 293 149	
0,03507	
0,0351	
0,03467	
0,03543	
0,03483
YNDX	
Yandex clA
15 705	
1 006 890 578	
2 951,6	
2 975,2	
2 923,6	
2 980	
2 970
CHMF	
СевСт-ао
16 351	
865 593 371	
861,8	
861,4	
855	
868,4	
862,4
SIBN	
Газпрнефть
11 157	
822 883 807	
330,4	
330	
328,05	
333,1	
328,05
ALRS	
АЛРОСА ао
17 897	
811 376 892	
61,72	
61,22	
61,17	
62,2	
61,5
FEES	
ФСК ЕЭС ао
17 747	
766 004 757	
0,18626	
0,18694	
0,18456	
0,1883	
0,18796
MTSS	
МТС-ао
10 741	
756 064 929	
326,8	
326,6	
324	
328,85	
327,25
AFKS	
Система ао
18 699	
636 827 771	
14,553	
14,5	
14,368	
14,914	
14,506
TRMK	
ТМК ао
4 866	
586 182 831	
59,04	
58,92	
58,7	
59,28	
59,2
SNGSP	
Сургнфгз-п
8 709	
578 026 609	
36,51	
36,5	
36,35	
36,74	
36,55
TRNFP	
Транснф ап
2 377	
546 596 000	
130 000	
128 900	
128 900	
130 900	
130 100
FIVE	
FIVE-гдр
9 896	
481 188 914	
2 181,5	
2 220,5	
2 167,5	
2 225,5	
2 186,5
RSTI	
Россети ао
12 316	
454 235 871	
1,3192	
1,316	
1,3073	
1,3295	
1,3161
TCSG	
TCS-гдр
10 417	
430 781 614	
1 086,2	
1 090	
1 065,6	
1 102,8	
1 102,8
TATNP	
Татнфт 3ап
7 905	
422 090 784	
519,7	
522	
513,8	
526,7	
516,6
MAGN	
ММК
7 831	
369 144 175	
37,68	
38	
37,225	
38,175	
37,75
RTKM	
Ростел -ао
12 392	
350 987 759	
82,93	
82,89	
81,91	
83,9	
82,84
CBOM	
МКБ ао
17 459	
333 892 777	
5,409	
5,404	
5,377	
5,442	
5,401
DSKY	
ДетскийМир
10 644	
260 755 057	
86,62	
86,86	
85,68	
87,26	
86,94
BANEP	
Башнефт ап
6 613	
239 259 777	
1 413,5	
1 416	
1 400,5	
1 430	
1 415
RUAL	
РУСАЛ ао
8 243	
205 689 310	
25,865	
25,95	
25,7	
26,05	
25,8
UPRO	
Юнипро ао
4 868	
191 440 358	
2,647	
2,65	
2,631	
2,677	
2,64
PHOR	
ФосАгро ао
4 156	
183 621 219	
2 732	
2 734	
2 707	
2 744	
2 744
MVID	
М.видео
3 981	
140 380 112	
340,4	
342	
335,3	
346,4	
337,5
LSRG	
ЛСР ао
9 665	
130 591 949	
591	
604	
561,2	
604	
593
OGKB	
ОГК-2 ао
6 595	
117 400 396	
0,6382	
0,642	
0,6284	
0,6478	
0,6337
TGKA	
ТГК-1
5 207	
115 453 182	
0,011558	
0,01149	
0,011372	
0,0117	
0,0117
QIWI	
iQIWI
4 893	
98 986 223	
964	
950	
930,5	
1 007	
1 007
RTKMP	
Ростел -ап
3 635	
93 211 429	
74,2	
73,65	
73,1	
75,2	
74
MTLR	
Мечел ао
7 586	
88 807 744	
63,38	
63,15	
62,92	
63,85	
63,82
AGRO	
AGRO-гдр
3 324	
54 518 756	
630,6	
630	
623,4	
635,8	
635
LSNGP	
РСетиЛЭ-п
2 524	
52 635 367	
147,6	
146,95	
145,5	
148,85	
148,25
RASP	
Распадская
1 106	
48 906 597	
107,48	
107,2	
107	
108,26	
107,34
BANE	
Башнефт ао
1 960	
44 653 984	
1 804	
1 771	
1 771	
1 823	
1 792
PIKK	
ПИК ао
1 489	
42 809 680	
366,4	
368,3	
362,6	
375,5	
375,5
AKRN	
Акрон
1 092	
39 786 262	
5 928	
5 878	
5 846	
5 996	
5 996
ENRU	
ЭнелРос ао
2 471	
39 000 831	
0,908	
0,9155	
0,899	
0,92	
0,9065
MGTSP	
МГТС-4ап
2 234	
36 841 208	
2 140	
2 080	
2 058	
2 188	
2 182
KRKNP	
СаратНПЗ-п
591	
36 493 360	
16 900	
16 700	
16 600	
17 000	
17 000
RSTIP	
Россети ап
1 486	
33 956 970	
1,975	
1,96	
1,95	
1,995	
1,971
NMTP	
НМТП ао
1 705	
32 264 260	
8,91	
8,805	
8,805	
9,1	
8,98
MSNG	
+МосЭнерго
1 312	
30 250 223	
1,961	
1,951	
1,9215	
1,98	
1,947
LNTA	
Лента др
3 299	
29 072 839	
152	
151,7	
151,5	
152,8	
151,9
BSPB	
БСП ао
2 050	
28 141 863	
40,03	
40,4	
39,86	
40,44	
39,9
ISKJ	
iИСКЧ ао
3 070	
25 625 539	
28,04	
28,52	
26,14	
30	
28,7
APTK	
Аптеки36и6
5 716	
22 898 102	
13,736	
13,522	
13,404	
13,9	
13,7
NKNCP	
НКНХ ап
1 235	
21 921 064	
76,1	
76,4	
75,68	
76,84	
76,28
SFIN	
САФМАР ао
1 183	
20 965 428	
415,6	
424	
405	
428	
405
MTLRP	
Мечел ап
1 161	
19 190 801	
71,75	
72,45	
71	
72,5	
71,55
SELG	
Селигдар
928	
13 143 528	
23,42	
24	
23	
24,08	
23,8
ETLN	
ETLN-гдр
814	
11 223 244	
83,1	
83,3	
82,5	
84	
82,86
VSMO	
ВСМПО-АВСМ
317	
10 843 860	
18 260	
18 060	
18 000	
18 440	
18 260
MRKV	
РсетВол ао
613	
10 104 516	
0,0638	
0,0642	
0,0633	
0,06425	
0,0642
TGKB	
ТГК-2
544	
8 148 995	
0,004465	
0,004515	
0,00435	
0,004595	
0,004435
MRKP	
МРСК ЦП
391	
7 271 628	
0,1709	
0,171	
0,17	
0,1715	
0,1708
MSRS	
РСетиМР ао
412	
6 247 446	
1,0855	
1,0915	
1,0715	
1,118	
1,078
RNFT	
РуссНфт ао
1 684	
5 534 388	
422,8	
430	
421	
430	
422
LIFE	
iФармсинтз
576	
4 945 966	
7,77	
7,83	
7,7	
7,83	
7,765
ENPG	
ЭН+ГРУП ао
156	
4 429 596	
601,5	
613	
597,5	
613	
600
TTLK	
Таттел. ао
480	
4 422 915	
0,2945	
0,299	
0,2905	
0,299	
0,2975
LNZL	
Лензолото
228	
4 211 670	
8 510	
8 540	
8 470	
8 560	
8 530
OBUV	
ОР ао
849	
4 204 355	
29,95	
29,9	
29,8	
30,05	
29,95
BRZL	
БурЗолото
105	
3 852 447	
830	
831	
827	
835	
829
AMEZ	
АшинскийМЗ
446	
3 835 073	
4,105	
4,095	
4,02	
4,18	
4,125
LSNG	
РСетиЛЭ
770	
3 805 671	
6,18	
6,2	
6,06	
6,38	
6,14
MSTT	
Мостотрест
288	
3 625 703	
160,5	
161,3	
158,75	
163,45	
160,35
YAKG	
ЯТЭК ао
91	
3 549 370	
44	
43,3	
42,3	
44,45	
43,25
MRKC	
МРСК Центр
408	
3 333 621	
0,241	
0,242	
0,2398	
0,2442	
0,2402
BELU	
Белуга ао
268	
2 978 605	
1 470	
1 483	
1 453	
1 488	
1 479
SELGP	
Селигдар-п
211	
2 965 340	
28,1	
28,3	
27,65	
28,45	
27,95
YRSBP	
ТНСэнЯр-п
481	
2 330 060	
87,5	
76,5	
76,5	
95	
89,5
ALNU	
АЛРОСА-Нюр
35	
2 316 800	
49 200	
49 400	
48 400	
50 000	
49 000
LNZLP	
Лензол. ап
151	
2 302 910	
3 680	
3 670	
3 655	
3 720	
3 715
NKNC	
НКНХ ао
362	
2 246 100	
91,85	
91,6	
91,3	
92,35	
92
GCHE	
ЧеркизГ-ао
360	
2 241 561	
1 708,5	
1 701	
1 695	
1 717	
1 700,5
VGSB	
ВолгЭнСб
432	
1 861 740	
1,62	
1,71	
1,5	
1,79	
1,61
GTRK	
ГТМ ао
421	
1 810 948	
43,6	
43	
42,55	
44,75	
44,75
CNTLP	
Телеграф-п
244	
1 694 722	
17,9	
17,72	
17,72	
18,4	
17,88
PRMB	
Приморье
65	
1 687 800	
19 200	
19 000	
18 000	
20 800	
20 400
FESH	
ДВМП ао
237	
1 687 344	
6,66	
6,7	
6,61	
6,7	
6,65
RBCM	
РБК ао
526	
1 675 223	
3,39	
3,412	
3,336	
3,45	
3,374
TGKBP	
ТГК-2 ап
112	
1 573 660	
0,00732	
0,00734	
0,00714	
0,00747	
0,00723
IRGZ	
ИркЭнерго
95	
1 555 432	
12,54	
12,56	
12,4	
12,74	
12,58
KTSB	
КСБ ао
364	
1 553 716	
0,554	
0,586	
0,54	
0,586	
0,566
AQUA	
РусАква ао
117	
1 435 765	
194,5	
195,5	
193,5	
196,5	
194,5
RZSB	
РязЭнСб
79	
1 294 100	
7,76	
7,96	
7,52	
7,98	
7,74
MGTS	
МГТС-5ао
131	
1 277 565	
2 585	
2 510	
2 505	
2 640	
2 625
KRSBP	
Красэсб ап
76	
1 275 200	
6,54	
6,46	
6,44	
6,72	
6,46
MRKZ	
МРСК СЗ
185	
1 239 874	
0,0487	
0,0496	
0,0485	
0,0498	
0,04865
UNAC	
iАвиастКао
205	
1 218 621	
0,4815	
0,483	
0,4785	
0,486	
0,48
KZOS	
ОргСинт ао
338	
1 213 743	
88,6	
88,6	
88	
89	
88,8
PMSBP	
ПермьЭнС-п
202	
1 213 266	
134,8	
132,4	
132,2	
136	
135,2
UWGN	
ОВК ао
200	
1 197 128	
245,1	
245,4	
243	
248,7	
243,9
GEMA	
iММЦБ ао
336	
1 189 545	
638,5	
649	
633,5	
649	
639
MRKU	
МРСК Ур
67	
1 147 138	
0,1526	
0,1506	
0,1506	
0,1528	
0,1526
TGKD	
Квадра
124	
1 102 022	
0,003105	
0,003135	
0,0031	
0,00315	
0,003125
TRCN	
ТрансК ао
51	
1 081 605	
8 255	
8 140	
8 135	
8 485	
8 325
CNTL	
Телеграф
144	
1 052 470	
21,8	
22,55	
21,3	
22,9	
21,75
YKENP	
Якутскэн-п
27	
1 012 645	
0,3145	
0,322	
0,314	
0,322	
0,314
BISVP	
БашИнСв ап
95	
979 947	
7,18	
6,97	
6,96	
7,28	
7,09
KMAZ	
КАМАЗ
244	
942 976	
55,1	
55,6	
54,6	
55,7	
54,7
SVAV	
СОЛЛЕРС
123	
897 840	
260	
262,5	
258,5	
262,5	
262
DVEC	
ДЭК ао
149	
895 276	
0,801	
0,813	
0,794	
0,824	
0,796
RGSS	
РГС СК ао
173	
778 818	
0,1508	
0,1516	
0,1502	
0,1522	
0,1506
KZOSP	
ОргСинт ап
461	
759 277	
11,72	
11,9	
11,61	
11,97	
11,82
WTCMP	
ЦМТ ап
153	
758 062	
8,02	
8	
7,74	
8,4	
8,06
VGSBP	
ВолгЭнСб-п
250	
746 315	
1,1	
1,135	
1,045	
1,195	
1,08
TGKN	
ТГК-14
72	
736 220	
0,00335	
0,00335	
0,00329	
0,00337	
0,00335
KRKOP	
ТКЗКК ап
192	
736 102	
5,965	
5,79	
5,61	
6,16	
6,015
IRKT	
ИРКУТ-3
67	
733 682	
30,58	
30,48	
30,02	
30,94	
30,54
RUGR	
Русгрэйн
1 131	
691 568	
7,486	
7,496	
7,35	
7,596	
7,428
URKZ	
УрКузница
13	
616 000	
10 260	
10 320	
10 140	
10 400	
10 160
RLMN	
Роллман
342	
611 999	
21,3	
20,9	
20,5	
22,1	
20,85
LPSB	
ЛЭСК ао
215	
603 865	
8,1	
7,8	
7,75	
8,45	
7,95
YRSB	
ТНСэнЯр
148	
593 700	
166	
158	
158	
174	
166
PRTK	
ПРОТЕК ао
128	
540 565	
98,3	
98,8	
97,7	
99	
98,1
ELTZ	
Электрцинк
196	
539 386	
182	
176	
174	
194,5	
176,5
OMZZP	
ОМЗ-ап
68	
520 785	
3 495	
3 480	
3 455	
3 540	
3 495
IGSTP	
Ижсталь ап
57	
505 487	
692	
689	
682	
702	
691
CHEP	
ЧТПЗ ао
80	
463 740	
197,5	
196,5	
196	
199	
198
ASSB	
АстрЭнСб
148	
458 570	
0,6315	
0,6225	
0,622	
0,639	
0,6355
NKSH	
Нижкамшина
53	
440 546	
22,72	
21,68	
21,68	
23,36	
22,84
VZRZP	
Возрожд-п
85	
430 760	
299,2	
291,8	
289,4	
330	
293,8
MAGEP	
МагадЭн ап
40	
420 140	
6,775	
6,785	
6,575	
6,945	
6,825
EELT	
ЕвроЭлтех
99	
409 728	
8,02	
8,02	
7,98	
8,28	
8
MOBB	
МосОблБанк
87	
406 254	
2,416	
2,448	
2,402	
2,448	
2,408
MRKS	
РсетСиб ао
33	
387 925	
0,2145	
0,2155	
0,2105	
0,2165	
0,215
RUSI	
ИКРУСС-ИНВ
50	
387 920	
37,3	
37,8	
36,6	
38,5	
37,2
CHMK	
ЧМК ао
47	
372 525	
2 205	
2 225	
2 185	
2 225	
2 210
ABRD	
АбрауДюрсо
83	
353 955	
131,5	
131	
130,5	
132	
131,5
KROT	
КрасОкт-ао
50	
344 425	
351,5	
360	
344,5	
360	
345,5
UTAR	
ЮТэйр ао
82	
322 998	
6,57	
6,46	
6,46	
6,65	
6,65
RUSP	
Русполимет
23	
319 450	
0,639	
0,6475	
0,6335	
0,6485	
0,6365
HALS	
Галс-Девел
71	
314 563	
756	
751	
736	
793	
749
KLSB	
КалужскСК
63	
305 854	
11,33	
11,3	
11,18	
11,44	
11,38
HIMCP	
Химпром ап
61	
292 492	
5,76	
5,79	
5,74	
5,79	
5,76
YKEN	
Якутскэнрг
32	
291 985	
0,3395	
0,3465	
0,33	
0,3465	
0,34
MRKY	
РоссЮг ао
107	
290 985	
0,05045	
0,0503	
0,05	
0,05115	
0,0504
KRSB	
Красэсб ао
26	
288 760	
6,56	
6,56	
6,51	
6,58	
6,57
WTCM	
ЦМТ ао
116	
286 838	
8,94	
9,36	
8,84	
9,36	
8,92
ROLO	
Русолово
31	
263 294	
3,708	
3,68	
3,67	
3,778	
3,7
NKHP	
НКХП ао
27	
258 705	
233	
234	
232,5	
234	
232,5
SAGO	
СамарЭн-ао
6	
257 340	
0,39	
0,39	
0,384	
0,39	
0,39
PMSB	
ПермьЭнСб
76	
254 855	
136,3	
136,6	
135,5	
137,2	
137
RAVN	
Raven
14	
254 485	
29,95	
30,15	
29,75	
30,15	
29,75
KMEZ	
КМЗ
86	
248 928	
456	
469,5	
450	
470	
463,5
RDRB	
РДБанк ао
57	
247 600	
255	
265	
245	
275	
255
ROST	
РОСИНТЕРао
18	
236 452	
60,2	
60,2	
59	
60,6	
60
INGR	
ИНГРАД ао
95	
228 355	
761	
765	
756	
770	
767
KAZT	
Куйбазот
49	
221 704	
137,8	
138,6	
136,4	
138,6	
138,2
VJGZP	
Варьеган-п
32	
214 080	
324	
323	
320	
330	
326
KRKN	
СаратНПЗ
17	
209 450	
12 300	
12 600	
12 000	
12 600	
12 250
MAGE	
МагадЭн ао
23	
207 940	
5,2	
5,26	
5,08	
5,39	
5,14
SARE	
СаратЭн-ао
25	
193 062	
0,1184	
0,122	
0,116	
0,122	
0,1186
ZVEZ	
ЗВЕЗДА ао
34	
190 655	
4,65	
4,435	
4,43	
4,81	
4,525
KUBE	
Кубанэнр
30	
189 902	
63,7	
63,9	
62,2	
64	
63
KUZB	
КузнецкийБ
93	
186 115	
0,01651	
0,01621	
0,01606	
0,01668	
0,01668
MGNZ	
СМЗ-ао
20	
184 540	
4 100	
4 010	
4 000	
4 250	
4 100
DIOD	
ЗаводДИОД
73	
184 274	
5,91	
5,98	
5,87	
5,98	
5,92
AVAN	
Авангрд-ао
25	
176 810	
745	
765	
735	
765	
745
NAUK	
iНПОНаука
50	
170 414	
172,2	
171,6	
171	
174	
174
SZPR	
СЗПароход
54	
165 126	
724	
724	
710	
736	
720
UNKL	
ЮУНК ао
20	
165 090	
3 370	
3 350	
3 340	
3 400	
3 360
GAZAP	
ГАЗ ап
20	
154 970	
344,5	
340,5	
333	
349,5	
345,5
ROSB	
Росбанк ао
51	
151 332	
69,4	
70,2	
68,6	
70,6	
70,6
TUZA	
ТЗА ао
46	
143 750	
95	
96	
94	
97	
95
RLMNP	
Роллман-п
59	
142 578	
20,6	
20,64	
20,32	
21,22	
20,66
VSYD	
ВыбСудЗ ао
28	
139 880	
4 240	
4 200	
4 190	
4 300	
4 200
PAZA	
ПавлАвт ао
10	
135 890	
7 990	
8 000	
7 980	
8 030	
8 000
KOGK	
КоршГОК ао
3	
134 600	
44 800	
44 800	
44 800	
45 000	
45 000
USBN	
УралСиб ао
42	
129 721	
0,069	
0,0699	
0,0684	
0,0699	
0,0694
NSVZ	
НаукаСвяз
19	
126 845	
222,5	
230	
219,5	
230	
222
VLHZ	
ВХЗ-ао
70	
122 791	
47,8	
47,2	
47,2	
48	
47,85
KBTK	
КузбТК ао
27	
120 650	
156,8	
154,4	
154,2	
159,6	
156,2
DZRD	
iДонскЗР
42	
118 055	
1 875	
1 875	
1 835	
1 900	
1 860
ALBK	
БестЭфБ ао
11	
102 990	
53	
53	
53	
53,5	
53,5
UKUZ	
ЮжКузб. ао
42	
101 452	
526	
512	
512	
536	
524
KTSBP	
КСБ ап
18	
97 720	
0,264	
0,28	
0,26	
0,28	
0,2615
NFAZ	
Нефтекамск
16	
95 692	
152	
155,8	
150,4	
155,8	
153
CHKZ	
ЧКПЗ ао
15	
93 500	
5 200	
5 180	
5 140	
5 260	
5 260
KAZTP	
Куйбазот-п
40	
90 306	
139	
138,6	
137	
139,8	
138,6
TASB	
ТамбЭнСб
26	
89 150	
0,2875	
0,2745	
0,2745	
0,293	
0,291
MRKK	
Россети СК
20	
86 436	
26,28	
26,34	
26,2	
26,34	
26,24
DZRDP	
iДонскЗР п
26	
86 190	
1 600	
1 590	
1 570	
1 610	
1 600
SLEN	
Сахэнер ао
9	
83 322	
4,105	
4,07	
4,07	
4,105	
4,1
RTGZ	
ГазпРнД ао
4	
83 100	
20 800	
20 700	
20 700	
20 950	
20 850
TGKDP	
Квадра-п
42	
82 126	
0,004125	
0,004185	
0,00405	
0,00427	
0,004105
STSBP	
СтаврЭнСбп
30	
75 066	
0,29	
0,29	
0,2885	
0,294	
0,2895
VRSB	
ТНСэнВорон
11	
71 900	
48	
48,2	
47,6	
48,2	
47,8
TASBP	
ТамбЭнСб-п
12	
67 400	
0,2245	
0,2265	
0,2195	
0,228	
0,228
LVHK	
Левенгук
31	
64 888	
8,21	
8,2	
8,12	
8,27	
8,25
BLNG	
Белон ао
28	
63 496	
4,02	
4	
4	
4,04	
4,03
NNSB	
ТНСэнНН ао
18	
55 240	
1 285	
1 340	
1 275	
1 340	
1 275
RKKE	
ЭнергияРКК
6	
49 520	
4 950	
4 940	
4 930	
4 990	
4 960
KROTP	
КрасОкт-1п
19	
49 065	
245,5	
244	
242	
250	
242
KGKCP	
КурганГКап
9	
48 295	
53,5	
54	
53,5	
54,5	
54,5
KGKC	
КурганГКао
5	
40 300	
52	
52	
51	
52	
52
MFGSP	
Мегион-ап
9	
37 785	
315	
315	
314	
315,5	
314
ARSA	
Арсагера
5	
36 180	
3,29	
3,29	
3,28	
3,3	
3,29
TORS	
ТРК ао
2	
36 030	
0,36	
0,36	
0,36	
0,363	
0,363
JNOS	
Славн-ЯНОС
9	
35 910	
17,95	
18,05	
17,8	
18,05	
18,05
SAREP	
СаратЭн-ап
13	
34 490	
0,0884	
0,0886	
0,0876	
0,09	
0,0882
RTSB	
ТНСэнРст
8	
33 000	
0,365	
0,37	
0,365	
0,37	
0,365
GAZA	
ГАЗ ао
6	
30 600	
382,5	
383	
379	
383	
379
VJGZ	
Варьеган
9	
28 619	
596	
595	
593	
601	
597
JNOSP	
Слав-ЯНОСп
6	
27 238	
13,62	
13,66	
13,52	
13,66	
13,66
KCHE	
КамчатЭ ао
2	
25 915	
0,185	
0,1855	
0,18	
0,1855	
0,18
MISB	
ТНСэнМарЭл
12	
25 380	
11,5	
11,2	
11,1	
11,9	
11,6
VSYDP	
ВыбСудЗ ап
5	
22 980	
4 600	
4 720	
4 500	
4 720	
4 500
UCSS	
ОКС ао
9	
20 060	
1 430	
1 440	
1 430	
1 440	
1 440
MFGS	
Мегион-ао
4	
13 680	
342	
341	
340,5	
345,5	
343,5
KBSB	
ТНСэКубань
6	
10 665	
133,5	
135	
131,5	
135	
131,5
KCHEP	
КамчатЭ ап
3	
10 230	
0,341	
0,35	
0,336	
0,35	
0,337
CHGZ	
РН-ЗапСиб
3	
9 720	
32,4	
33,2	
32	
33,2	
32
VRSBP	
ТНСэнВор-п
3	
9 650	
32	
32	
32	
32,5	
32,5
TORSP	
ТРК ап
3	
8 020	
0,2675	
0,269	
0,2635	
0,2695	
0,2635
MISBP	
ТНСэМаЭл-п
4	
7 920	
10	
10,2	
9,6	
10,2	
10
STSB	
СтаврЭнСб
9	
6 255	
0,3475	
0,353	
0,343	
0,356	
0,349
IGST	
Ижсталь2ао
5	
5 147	
858	
859	
857	
859	
857
ZILL	
ЗИЛ ао
1	
1 380	
1 380	
1 380	
1 380	
1 380	
1 380
TNSE	
ТНСэнрг ао
1	
970	
970	
970	
970	
970	
970
TRFM	
ТрансФ ао
0	
0	
-	
-	
-	
-	
-
GAZC	
ГАЗКОН-ао
0	
0	
-	
-	
-	
-	
295
TRFM	
ТрансФ ао
0	
0	
-	
-	
-	
-	
-
KMTZ	
КосогМЗ ао
0	
0	
-	
-	
-	
-	
-
KZMS	
КЗМС ао
0	
0	
-	
-	
-	
-	
226
SAGOP	
СамарЭн-ап
0	
0	
-	
-	
-	
-	
0,386
GAZS	
ГАЗ-сервис
0	
0	
-	
-	
-	
-	
293
HIMC	
Химпром ао
0	
0	
-	
-	
-	
-	
0,99
RTSBP	
ТНСэнРст-п
0	
0	
-	
-	
-	
-	
0,297
URKA	
Уркалий-ао
0	
0	
-	
-	
-	
-	
119,04
VZRZ	
Возрожд-ао
0	
0	
-	
-	
-	
-	
480
GAZT	
ГАЗ-Тек ао
0	
0	
-	
-	
-	
-	
85
KSGR	
Кокс ао
0	
0	
-	
-	
-	
-	
-
MFON	
МегаФон ао
0	
0	
-	
-	
-	
-	
650,6
MORI	
Морион ао
0	
0	
-	
-	
-	
-	
4,31
BISV	
БашИнСв ао
0	
0	
-	
-	
-	
-	
8,7
KRKO	
ТКЗКК ао
0	
0	
-	
-	
-	
-	
11,8
MRSB	
МордЭнСб
0	
0	
0,42	
-	
-	
-	
0,345
NNSBP	
ТНСэнНН ап
0	
0	
-	
-	
-	
-	
540
KUNF	
КУЗОЦМ ао
0	
0	
-	
-	
-	
-	
-
NPOF	
Физика ао
0	
0	
-	
-	
-	
-	
11 850