SBER	
Сбербанк
76 949	
9 616 800 476	
202,8	
201,55	
201,55	
204	
203,84
YNDX	
Yandex clA
64 134	
6 438 361 041	
4 513,4	
4 551,8	
4 427,2	
4 571,8	
4 541,6
GAZP	
ГАЗПРОМ ао
68 258	
5 591 759 010	
164,17	
165	
163	
165,6	
163,92
GMKN	
ГМКНорНик
20 769	
4 453 026 864	
19 876	
19 702	
19 672	
19 988	
19 940
LKOH	
ЛУКОЙЛ
33 838	
3 484 508 367	
4 227	
4 280	
4 171	
4 296	
4 199,5
MGNT	
Магнит ао
24 693	
2 158 481 755	
4 892	
4 787	
4 777,5	
4 950	
4 950
MOEX	
МосБиржа
29 506	
2 003 171 066	
144,7	
147	
143,44	
147,63	
144,66
TATN	
Татнфт 3ао
43 812	
1 628 381 110	
423,3	
430,5	
414,9	
432,8	
417,2
TRNFP	
Транснф ап
4 797	
1 329 532 500	
134 650	
133 700	
132 550	
136 800	
136 200
PLZL	
Полюс
8 452	
1 253 317 083	
17 263,5	
17 299,5	
17 149	
17 382,5	
17 308
ROSN	
Роснефть
8 644	
1 189 498 438	
382,85	
385,25	
379,5	
385,6	
382,45
MTSS	
МТС-ао
18 620	
1 011 167 889	
318,65	
322,5	
315,2	
323,75	
316,65
SBERP	
Сбербанк-п
21 970	
988 790 451	
193,28	
193,49	
192,5	
194,4	
193,87
AFLT	
Аэрофлот
32 945	
912 402 046	
58,52	
58,2	
57,9	
58,88	
58,5
MAIL	
MAIL-гдр
18 268	
887 228 427	
2 297	
2 299	
2 275,4	
2 324,8	
2 302
POLY	
Polymetal
13 340	
879 782 882	
1 797,5	
1 795	
1 786,9	
1 807,5	
1 799,1
IRAO	
ИнтерРАОао
13 563	
840 163 769	
5,122	
5,189	
5,056	
5,2	
5,125
NVTK	
Новатэк ао
8 265	
776 385 179	
1 072	
1 069,6	
1 060,2	
1 078,6	
1 063
AFKS	
Система ао
14 444	
749 670 600	
25,07	
25,271	
24,85	
25,271	
25
VTBR	
ВТБ ао
44 214	
679 118 589	
0,03192	
0,03212	
0,031625	
0,032295	
0,031845
ALRS	
АЛРОСА ао
24 159	
664 379 450	
75,69	
76	
75	
76,43	
75,79
HYDR	
РусГидро
22 269	
563 600 254	
0,7018	
0,7171	
0,6912	
0,7198	
0,6955
SNGS	
Сургнфгз
5 367	
487 152 542	
34,005	
33,78	
33,78	
34,24	
34,06
FIVE	
FIVE-гдр
8 459	
467 751 334	
3 101	
3 081	
3 050,5	
3 140	
3 119,5
TCSG	
TCS-гдр
15 898	
467 597 579	
1 787,6	
1 800	
1 750	
1 839,4	
1 770
TATNP	
Татнфт 3ап
22 634	
460 553 244	
404,8	
410,1	
400	
412,8	
402
CHMF	
СевСт-ао
12 016	
454 873 461	
990,2	
999,8	
982	
1 000,8	
991,6
RUAL	
РУСАЛ ао
28 788	
450 395 562	
33,35	
32,52	
32,045	
34,255	
33,8
MAGN	
ММК
8 369	
441 438 069	
34,9	
35,135	
34,605	
35,25	
34,77
SNGSP	
Сургнфгз-п
7 427	
438 164 676	
37,79	
37,955	
37,655	
38,05	
37,68
NLMK	
НЛМК ао
6 243	
360 714 362	
169,66	
170,88	
168,02	
171,7	
170,38
FEES	
ФСК ЕЭС ао
8 894	
344 979 209	
0,18382	
0,18604	
0,18128	
0,18672	
0,18174
CBOM	
МКБ ао
8 941	
335 177 416	
5,556	
5,526	
5,509	
5,608	
5,566
DSKY	
ДетскийМир
10 325	
310 023 564	
114,7	
115,64	
113,1	
116,36	
113,86
SIBN	
Газпрнефть
5 491	
229 589 369	
275,5	
276,55	
273	
278,8	
273,5
RSTI	
Россети ао
5 165	
216 249 590	
1,3721	
1,3856	
1,3581	
1,394	
1,364
PIKK	
ПИК ао
8 724	
203 369 188	
603,1	
599,7	
595	
609,4	
597,1
MVID	
М.видео
3 821	
139 779 275	
661,6	
673,8	
653	
677,8	
653
LNTA	
Лента др
16 805	
133 694 315	
221,1	
222	
219	
226	
221
POGR	
Petropavl
4 020	
131 104 708	
30,015	
30,01	
29,65	
30,37	
29,93
RTKM	
Ростел -ао
5 123	
108 866 152	
93,72	
94	
92,92	
94,8	
93,73
AGRO	
AGRO-гдр
4 405	
93 306 598	
748,6	
758,2	
738,2	
758,8	
749
UPRO	
Юнипро ао
3 034	
80 601 268	
2,694	
2,699	
2,675	
2,723	
2,68
MTLR	
Мечел ао
11 110	
80 443 765	
57,71	
57,18	
56,56	
58,91	
58,11
FLOT	
Совкомфлот
4 765	
71 596 645	
100,57	
100,65	
100,27	
101,25	
100,4
BANEP	
Башнефт ап
4 265	
60 433 086	
1 194,5	
1 202	
1 183,5	
1 206,5	
1 187,5
PHOR	
ФосАгро ао
2 064	
54 137 961	
2 805	
2 838	
2 787	
2 848	
2 794
LSRG	
ЛСР ао
5 659	
51 045 248	
869,4	
874	
864	
874	
870,6
ETLN	
ETLN-гдр
11 466	
44 176 128	
127,12	
127,8	
126,54	
128	
127,38
OGKB	
ОГК-2 ао
2 358	
43 281 337	
0,7287	
0,7372	
0,723	
0,738	
0,7284
SELG	
Селигдар
1 934	
42 706 279	
45,39	
43,68	
43,45	
47	
45
QIWI	
iQIWI
3 508	
42 173 114	
1 262,5	
1 283	
1 227	
1 288	
1 255,5
ENPG	
ЭН+ГРУП ао
3 092	
38 314 486	
714	
709	
703	
724,5	
716,5
RASP	
Распадская
831	
31 317 059	
113,54	
113,8	
112,52	
116,06	
113,76
TGKA	
ТГК-1
1 676	
23 756 249	
0,010382	
0,0104	
0,010286	
0,010528	
0,01036
APTK	
Аптеки36и6
7 826	
21 061 901	
14,024	
13,958	
13,95	
14,1	
13,98
BANE	
Башнефт ао
1 523	
18 873 708	
1 579	
1 604,5	
1 565,5	
1 620	
1 568
SELGP	
Селигдар-п
640	
16 676 940	
39,3	
38,35	
38,2	
39,75	
39,4
NKNC	
НКНХ ао
1 700	
13 544 586	
82,65	
85,1	
80	
85,9	
82,35
MTLRP	
Мечел ап
1 171	
12 556 606	
65,7	
66,05	
65,05	
66,55	
65,55
ENRU	
ЭнелРос ао
1 115	
12 405 594	
0,9135	
0,91	
0,907	
0,915	
0,9135
RTKMP	
Ростел -ап
1 351	
11 883 899	
84,85	
85,15	
84,4	
85,45	
84,4
NMTP	
НМТП ао
1 766	
11 774 805	
8,17	
8,215	
8,14	
8,225	
8,145
HHRU	
iHHRU-адр
158	
10 931 823	
1 798,2	
1 780,4	
1 780,4	
1 804,6	
1 798,8
NKNCP	
НКНХ ап
1 438	
10 519 786	
75,1	
75,6	
74,62	
75,72	
75,04
VSMO	
ВСМПО-АВСМ
288	
10 333 500	
16 400	
16 400	
16 280	
16 620	
16 360
MSNG	
+МосЭнерго
541	
10 194 353	
2,0475	
2,06	
2,032	
2,0695	
2,0365
AKRN	
Акрон
342	
9 907 804	
6 166	
6 158	
6 136	
6 200	
6 160
RSTIP	
Россети ап
898	
9 656 420	
1,906	
1,929	
1,899	
1,93	
1,904
LNZLP	
Лензол. ап
567	
9 570 555	
3 995	
4 125	
3 900	
4 130	
3 940
INGR	
ИНГРАД ао
467	
8 406 762	
923	
922	
917	
928	
923
LSNGP	
РСетиЛЭ-п
807	
8 097 987	
151,9	
153	
151,2	
153,65	
151,5
ISKJ	
iИСКЧ ао
710	
7 568 005	
29,68	
29,66	
29	
31,8	
29,1
BSPB	
БСП ао
2 883	
7 482 770	
42,04	
42,14	
41,67	
42,8	
42,03
KRKNP	
СаратНПЗ-п
348	
7 291 160	
14 820	
15 020	
14 660	
15 020	
14 720
YAKG	
ЯТЭК ао
381	
7 236 475	
52,2	
52,8	
50	
54,75	
51,55
LNZL	
Лензолото
88	
6 282 850	
19 320	
19 250	
19 250	
19 370	
19 330
OBUV	
ОР ао
3 379	
5 858 012	
30,55	
30,65	
30,2	
30,9	
30,4
SVAV	
СОЛЛЕРС
121	
5 224 485	
283	
278,5	
278,5	
286,5	
286
MRSB	
МордЭнСб
239	
5 208 000	
0,442	
0,431	
0,431	
0,464	
0,439
GCHE	
ЧеркизГ-ао
784	
5 067 662	
1 843	
1 839,5	
1 830,5	
1 855	
1 830,5
FESH	
ДВМП ао
411	
4 712 248	
10,2	
10,25	
10,03	
10,29	
10,19
KMAZ	
КАМАЗ
966	
4 502 362	
62,2	
61,8	
61,1	
63	
62,3
MRKP	
МРСК ЦП
418	
4 013 493	
0,2169	
0,2167	
0,2161	
0,2183	
0,2168
RNFT	
РуссНфт ао
1 747	
3 813 550	
304,6	
318	
300	
318	
301,2
MSTT	
Мостотрест
655	
3 752 089	
112,05	
114,1	
109,95	
115,85	
110,35
AQUA	
РусАква ао
320	
3 670 530	
240,5	
240,5	
238	
242	
241,5
ZILL	
ЗИЛ ао
112	
3 534 400	
2 665	
2 645	
2 600	
2 770	
2 640
LIFE	
iФармсинтз
422	
3 409 346	
6,725	
6,775	
6,67	
6,8	
6,7
MSRS	
РСетиМР ао
198	
3 160 994	
1,171	
1,1605	
1,1605	
1,178	
1,17
BELU	
Белуга ао
402	
2 967 040	
1 241	
1 252	
1 235	
1 252	
1 242
VJGZ	
Варьеган
703	
2 903 066	
645	
635	
596	
684	
613
CNTLP	
Телеграф-п
533	
2 835 666	
13,42	
13,72	
13,24	
13,72	
13,28
NSVZ	
НаукаСвяз
546	
2 628 830	
201,5	
193	
191,5	
216	
197
KZOS	
ОргСинт ао
424	
2 434 242	
76,1	
77,3	
75,7	
77,4	
75,7
LSNG	
РСетиЛЭ
784	
2 415 346	
5,19	
5,37	
5,11	
5,37	
5,14
TGKB	
ТГК-2
126	
2 305 885	
0,00389	
0,00388	
0,00383	
0,0039	
0,0039
TGKD	
Квадра
1 431	
2 166 857	
0,003845	
0,00386	
0,00378	
0,00389	
0,003785
MRKC	
МРСК Центр
1 100	
2 023 408	
0,295	
0,2928	
0,2914	
0,297	
0,2942
MGTSP	
МГТС-4ап
354	
1 990 736	
1 824	
1 842	
1 816	
1 846	
1 824
BRZL	
БурЗолото
329	
1 885 243	
986	
977	
965	
1 016	
979
MRKV	
РсетВол ао
333	
1 820 497	
0,06855	
0,0687	
0,06835	
0,0691	
0,06835
ABRD	
АбрауДюрсо
256	
1 712 655	
200	
202,5	
197	
204	
197,5
TRMK	
ТМК ао
298	
1 652 354	
58,08	
58,64	
57,98	
58,64	
57,98
ROST	
РОСИНТЕРао
302	
1 598 906	
65	
62,2	
62,2	
66	
65
RBCM	
РБК ао
168	
1 570 652	
3,24	
3,304	
3,21	
3,304	
3,224
UNAC	
iАвиастКао
672	
1 496 584	
0,401	
0,4075	
0,397	
0,41	
0,4025
TTLK	
Таттел. ао
82	
1 484 140	
0,345	
0,35	
0,344	
0,3525	
0,3465
ROLO	
Русолово
82	
1 357 342	
6,142	
6,2	
6,11	
6,202	
6,14
MRKY	
РоссЮг ао
616	
1 311 826	
0,0471	
0,04695	
0,0469	
0,04785	
0,047
BLNG	
Белон ао
226	
1 303 038	
4,386	
4,33	
4,27	
4,5	
4,284
RUGR	
Русгрэйн
3 167	
1 299 972	
9,034	
9,006	
8,96	
9,132	
9,034
NKHP	
НКХП ао
140	
1 265 680	
256,5	
257	
233,5	
261	
256
CNTL	
Телеграф
188	
1 253 125	
15,8	
16,45	
15,6	
16,45	
15,65
HIMCP	
Химпром ап
311	
1 162 703	
6,77	
6,9	
6,7	
6,93	
6,77
DZRDP	
iДонскЗР п
295	
1 115 540	
1 440	
1 520	
1 320	
1 550	
1 450
CHEP	
ЧТПЗ ао
139	
1 037 790	
211,5	
210,5	
210	
212,5	
211
SFIN	
САФМАР ао
48	
1 018 792	
485,2	
467,2	
467,2	
506,4	
488
IGST	
Ижсталь2ао
219	
1 006 377	
868	
906	
848	
935	
857
TNSE	
ТНСэнрг ао
70	
939 380	
945	
970	
940	
970	
950
NFAZ	
Нефтекамск
69	
927 810	
210,4	
207	
207	
212	
212
RLMN	
Роллман
273	
920 030	
15,7	
15,7	
15,4	
15,95	
15,7
KTSB	
КСБ ао
372	
900 414	
0,66	
0,708	
0,61	
0,736	
0,628
STSBP	
СтаврЭнСбп
219	
895 779	
0,3465	
0,353	
0,3385	
0,364	
0,343
GTRK	
ГТМ ао
1 606	
874 860	
42,2	
42,05	
41,9	
42,45	
42,2
KGKCP	
КурганГКап
122	
872 625	
56,5	
57	
56	
57	
56,5
AMEZ	
АшинскийМЗ
1 580	
862 501	
4,555	
4,535	
4,53	
4,575	
4,56
UWGN	
ОВК ао
1 609	
861 040	
192,8	
192,4	
191,5	
196,2	
191,8
KZOSP	
ОргСинт ап
1 689	
856 795	
10,76	
10,8	
10,65	
11,15	
10,7
MRKS	
РсетСиб ао
77	
848 305	
0,2685	
0,254	
0,254	
0,271	
0,27
MRKZ	
МРСК СЗ
376	
840 502	
0,0487	
0,04885	
0,04845	
0,049	
0,0485
VZRZP	
Возрожд-п
111	
797 292	
298,6	
290	
289	
306,6	
294
KUZB	
КузнецкийБ
335	
773 049	
0,0131	
0,01341	
0,01292	
0,01341	
0,01327
ELTZ	
Электрцинк
293	
734 217	
153,5	
161,5	
150	
162	
150
NNSB	
ТНСэнНН ао
131	
734 210	
2 160	
2 090	
2 055	
2 355	
2 095
DIOD	
ЗаводДИОД
69	
721 964	
6,96	
6,8	
6,8	
7,06	
6,95
UNKL	
ЮУНК ао
72	
691 120	
6 520	
6 600	
6 450	
6 600	
6 480
IRKT	
ИРКУТ-3
70	
626 684	
31,02	
31,12	
30,82	
31,26	
30,9
RKKE	
ЭнергияРКК
84	
613 010	
6 260	
6 350	
6 180	
6 430	
6 200
BISVP	
БашИнСв ап
157	
586 704	
9,49	
9,64	
9,3	
9,68	
9,34
SLEN	
Сахэнер ао
117	
561 523	
6	
6,345	
5,81	
6,57	
5,87
YKEN	
Якутскэнрг
53	
493 800	
0,363	
0,3675	
0,358	
0,3725	
0,3625
KROT	
КрасОкт-ао
52	
492 170	
351,5	
354,5	
347	
358,5	
354,5
ALNU	
АЛРОСА-Нюр
7	
454 000	
56 800	
56 800	
56 600	
56 800	
56 800
KOGK	
КоршГОК ао
9	
452 000	
45 200	
45 400	
44 800	
45 400	
45 000
ASSB	
АстрЭнСб
41	
388 375	
0,7815	
0,78	
0,771	
0,786	
0,776
KRKOP	
ТКЗКК ап
136	
384 083	
9,46	
9,205	
9,2	
9,68	
9,635
KTSBP	
КСБ ап
73	
375 935	
0,285	
0,2985	
0,277	
0,2985	
0,284
TGKN	
ТГК-14
51	
368 200	
0,00302	
0,00303	
0,003	
0,00305	
0,003
ZVEZ	
ЗВЕЗДА ао
48	
356 015	
3,955	
3,97	
3,9	
4	
3,915
PMSBP	
ПермьЭнС-п
99	
338 810	
128,8	
130	
128,4	
130	
128,6
VLHZ	
ВХЗ-ао
54	
310 651	
53,55	
53,85	
52,75	
54	
53,7
TORSP	
ТРК ап
41	
304 615	
0,2845	
0,2815	
0,2805	
0,2885	
0,281
IRGZ	
ИркЭнерго
114	
298 442	
10,78	
10,7	
10,58	
11	
10,68
DVEC	
ДЭК ао
149	
296 806	
0,886	
0,906	
0,882	
0,906	
0,883
MRKU	
МРСК Ур
72	
287 304	
0,1348	
0,135	
0,134	
0,1368	
0,134
TASBP	
ТамбЭнСб-п
44	
278 680	
0,276	
0,2845	
0,262	
0,298	
0,27
VJGZP	
Варьеган-п
71	
266 100	
333	
328	
325	
341	
326
AVAN	
Авангрд-ао
96	
265 450	
805	
805	
795	
830	
810
MAGEP	
МагадЭн ап
31	
261 680	
5,82	
5,74	
5,73	
6,05	
5,78
EELT	
ЕвроЭлтех
125	
260 349	
8,1	
8,12	
8,02	
8,16	
8,02
UTAR	
ЮТэйр ао
63	
256 758	
6,65	
6,66	
6,61	
6,76	
6,66
MAGE	
МагадЭн ао
41	
253 670	
5,77	
5,85	
5,7	
5,93	
5,78
RUSP	
Русполимет
150	
247 786	
0,6335	
0,637	
0,63	
0,6455	
0,6355
IGSTP	
Ижсталь ап
77	
247 545	
809	
828	
790	
837	
799
RGSS	
РГС СК ао
107	
243 780	
0,1406	
0,141	
0,14	
0,142	
0,1402
RAVN	
Raven
31	
243 120	
26,7	
26,6	
26,45	
26,95	
26,5
GEMA	
iММЦБ ао
68	
233 987	
591	
591	
590	
593,5	
590
PAZA	
ПавлАвт ао
23	
227 210	
8 110	
7 910	
7 910	
8 390	
8 020
USBN	
УралСиб ао
39	
225 889	
0,0655	
0,0669	
0,0643	
0,0669	
0,0652
KAZTP	
Куйбазот-п
19	
219 234	
150,2	
151,2	
149,4	
151,8	
149,6
GAZAP	
ГАЗ ап
21	
213 475	
305	
309	
303,5	
309	
303,5
HALS	
Галс-Девел
67	
212 817	
1 048	
1 056	
1 034	
1 069	
1 040
KCHEP	
КамчатЭ ап
42	
205 190	
0,387	
0,405	
0,374	
0,408	
0,381
TGKBP	
ТГК-2 ап
166	
199 721	
0,00634	
0,00636	
0,00623	
0,00643	
0,0063
RLMNP	
Роллман-п
61	
196 713	
17,08	
17,06	
16,92	
17,44	
17,02
SARE	
СаратЭн-ао
64	
193 072	
0,123	
0,1258	
0,121	
0,126	
0,1228
VRSB	
ТНСэнВорон
27	
190 360	
68	
67,2	
66,6	
69	
68,2
RTGZ	
ГазпРнД ао
7	
185 800	
26 550	
27 050	
26 150	
27 050	
26 600
ALBK	
БестЭфБ ао
45	
167 960	
58,5	
58	
57,5	
59	
59
MFGSP	
Мегион-ап
18	
140 860	
281,5	
287	
280	
287	
280
KBSB	
ТНСэКубань
52	
140 465	
131,5	
128,5	
128,5	
133	
130,5
RDRB	
РДБанк ао
41	
138 300	
215	
215	
210	
220	
215
UCSS	
ОКС ао
20	
136 360	
1 450	
1 440	
1 430	
1 460	
1 440
LVHK	
Левенгук
23	
130 481	
8,1	
8,1	
8,02	
8,17	
8,1
LPSB	
ЛЭСК ао
21	
125 750	
7,9	
8	
7,85	
8	
7,9
KAZT	
Куйбазот
32	
121 268	
147,8	
150	
146,8	
150	
146,8
KCHE	
КамчатЭ ао
16	
121 090	
0,205	
0,208	
0,203	
0,208	
0,2035
KBTK	
КузбТК ао
48	
114 654	
141,6	
142,2	
139	
143,6	
142
URKZ	
УрКузница
7	
111 180	
15 880	
16 040	
15 560	
16 040	
15 900
WTCM	
ЦМТ ао
69	
108 474	
8,82	
8,64	
8,64	
8,94	
8,82
STSB	
СтаврЭнСб
86	
106 732	
0,5365	
0,56	
0,528	
0,56	
0,535
VRSBP	
ТНСэнВор-п
16	
103 250	
43	
43	
42,5	
43,5	
43
KLSB	
КалужскСК
27	
103 151	
13,22	
13,18	
13,13	
13,32	
13,16
MRKK	
Россети СК
51	
102 019	
24,12	
24,42	
24,06	
24,42	
24,06
RTSB	
ТНСэнРст
7	
96 100	
0,535	
0,53	
0,53	
0,535	
0,535
ARSA	
Арсагера
20	
94 610	
3,78	
3,77	
3,72	
3,87	
3,72
MISB	
ТНСэнМарЭл
26	
90 050	
12	
12	
11,9	
12,2	
12,1
PMSB	
ПермьЭнСб
38	
87 543	
130,7	
130,3	
130	
131,9	
130,2
RZSB	
РязЭнСб
14	
86 046	
8,96	
8,96	
8,84	
9,04	
8,9
SAGO	
СамарЭн-ао
8	
74 120	
0,57	
0,568	
0,568	
0,578	
0,568
YRSB	
ТНСэнЯр
15	
73 740	
168	
166	
166	
170	
168
NAUK	
iНПОНаука
23	
73 714	
194	
195	
193,4	
195	
193,8
KRKN	
СаратНПЗ
6	
70 900	
11 800	
11 650	
11 650	
11 950	
11 700
KROTP	
КрасОкт-1п
12	
69 950	
259	
260	
257	
263,5	
258
MGNZ	
СМЗ-ао
13	
62 530	
4 810	
4 800	
4 780	
4 830	
4 820
YRSBP	
ТНСэнЯр-п
8	
62 075	
87,5	
86,5	
86	
89,5	
89,5
OMZZP	
ОМЗ-ап
5	
60 850	
3 380	
3 385	
3 380	
3 385	
3 380
TGKDP	
Квадра-п
14	
60 823	
0,004905	
0,004925	
0,004865	
0,004945	
0,004865
NNSBP	
ТНСэнНН ап
21	
59 735	
703	
691	
691	
716	
701
WTCMP	
ЦМТ ап
21	
57 272	
8,06	
8,08	
8,02	
8,14	
8,08
VGSBP	
ВолгЭнСб-п
18	
55 820	
1,8	
1,83	
1,785	
1,83	
1,785
KRSBP	
Красэсб ап
16	
55 556	
7,12	
7,12	
7,04	
7,18	
7,14
MGTS	
МГТС-5ао
18	
49 725	
2 160	
2 155	
2 155	
2 175	
2 155
KGKC	
КурганГКао
18	
49 370	
54,5	
54,5	
54	
54,5	
54,5
UKUZ	
ЮжКузб. ао
25	
41 700	
502	
500	
498	
506	
498
TORS	
ТРК ао
10	
41 650	
0,379	
0,38	
0,375	
0,387	
0,376
CHMK	
ЧМК ао
16	
39 555	
2 470	
2 475	
2 465	
2 480	
2 470
YKENP	
Якутскэн-п
7	
38 935	
0,354	
0,355	
0,351	
0,359	
0,351
KUBE	
Кубанэнр
15	
36 890	
69,6	
69,5	
69,2	
70,4	
69,5
GAZA	
ГАЗ ао
7	
27 300	
390	
391	
387,5	
392	
388,5
PRMB	
Приморье
1	
25 800	
25 800	
25 800	
25 800	
25 800	
25 800
RTSBP	
ТНСэнРст-п
5	
23 830	
0,477	
0,475	
0,47	
0,482	
0,47
CHGZ	
РН-ЗапСиб
4	
20 900	
52,2	
53	
52	
53	
52
SAREP	
СаратЭн-ап
11	
20 438	
0,1076	
0,107	
0,1056	
0,108	
0,1064
SAGOP	
СамарЭн-ап
4	
18 400	
0,46	
0,461	
0,459	
0,461	
0,46
MFGS	
Мегион-ао
4	
15 920	
318,5	
318,5	
315,5	
320,5	
316,5
KMEZ	
КМЗ
18	
15 762	
508,5	
513,5	
505,5	
513,5	
511,5
DZRD	
iДонскЗР
7	
14 335	
2 050	
2 055	
2 035	
2 055	
2 050
KRSB	
Красэсб ао
12	
14 116	
7,06	
7,08	
7,02	
7,1	
7,04
MISBP	
ТНСэМаЭл-п
6	
14 070	
11,7	
11,8	
11,7	
11,8	
11,7
TUZA	
ТЗА ао
7	
12 310	
103	
102	
102	
103	
103
RUSI	
ИКРУСС-ИНВ
3	
11 260	
37,5	
37,5	
37,4	
37,7	
37,7
JNOS	
Славн-ЯНОС
5	
10 535	
17,55	
17,5	
17,5	
17,85	
17,85
CHKZ	
ЧКПЗ ао
2	
10 240	
5 120	
5 120	
5 120	
5 120	
5 120
TASB	
ТамбЭнСб
2	
8 045	
0,4025	
0,403	
0,4015	
0,403	
0,4015
VGSB	
ВолгЭнСб
2	
7 600	
3,8	
3,8	
3,8	
3,8	
3,8
ROSB	
Росбанк ао
4	
6 766	
75,2	
75	
74,8	
75,6	
75,2
JNOSP	
Слав-ЯНОСп
4	
5 494	
13,74	
13,7	
13,64	
13,8	
13,8
NKSH	
Нижкамшина
2	
4 418	
22,1	
22,14	
22,04	
22,14	
22,04
VSYDP	
ВыбСудЗ ап
1	
3 800	
3 800	
3 800	
3 800	
3 800	
3 800
BISV	
БашИнСв ао
0	
0	
-	
-	
-	
-	
8,7
DERZP	
Держава ап
0	
0	
-	
-	
-	
-	
-
GAZC	
ГАЗКОН-ао
0	
0	
-	
-	
-	
-	
295
GAZS	
ГАЗ-сервис
0	
0	
-	
-	
-	
-	
293
GAZT	
ГАЗ-Тек ао
0	
0	
-	
-	
-	
-	
85
GTSS	
ГЕОТЕК ао
0	
0	
-	
-	
-	
-	
-
HIMC	
Химпром ао
0	
0	
-	
-	
-	
-	
0,99
KMTZ	
КосогМЗ ао
0	
0	
-	
-	
-	
-	
-
KRKO	
ТКЗКК ао
0	
0	
-	
-	
-	
-	
11,8
KSGR	
Кокс ао
0	
0	
-	
-	
-	
-	
-
KUNF	
КУЗОЦМ ао
0	
0	
-	
-	
-	
-	
-
KZMS	
КЗМС ао
0	
0	
-	
-	
-	
-	
226
MFON	
МегаФон ао
0	
0	
-	
-	
-	
-	
650,6
MOBB	
МосОблБанк
0	
0	
-	
-	
-	
-	
0,698
MORI	
Морион ао
0	
0	
-	
-	
-	
-	
4,31
NPOF	
Физика ао
0	
0	
-	
-	
-	
-	
11 850
PRTK	
ПРОТЕК ао
0	
0	
-	
-	
-	
-	
99,6
TRCN	
ТрансК ао
0	
0	
-	
-	
-	
-	
8 595
TRFM	
ТрансФ ао
0	
0	
-	
-	
-	
-	
-
URKA	
Уркалий-ао
0	
0	
-	
-	
-	
-	
119,04
VSYD	
ВыбСудЗ ао
0	
0	
-	
-	
-	
-	
3 900
VZRZ	
Возрожд-ао
0	
0	
-	
-	
-	
-	
480