SBER	
Сбербанк
138 344	
23 370 357 268	
186,02	
188,3	
182	
189,9	
186,95
LKOH	
ЛУКОЙЛ
112 519	
19 126 494 593	
4 953	
4 865	
4 787,5	
5 229,5	
5 050
GAZP	
ГАЗПРОМ ао
109 634	
16 172 991 453	
184,1	
183,8	
180,25	
190	
187,04
ROSN	
Роснефть
111 063	
13 088 747 362	
337,5	
335	
324,65	
354,3	
340,5
GMKN	
ГМКНорНик
45 303	
8 814 841 362	
18 914	
19 420	
18 566	
19 492	
18 998
SNGS	
Сургнфгз
57 499	
6 793 897 098	
35,855	
36,15	
34,525	
37,09	
35,67
TATN	
Татнфт 3ао
54 925	
5 066 889 582	
570,1	
574	
550	
587,7	
585
SBERP	
Сбербанк-п
65 110	
4 291 407 327	
174,48	
178,05	
171,17	
178,05	
174,34
NVTK	
Новатэк ао
31 844	
3 442 216 214	
924	
919	
899,2	
959	
953
PLZL	
Полюс
37 401	
3 301 930 428	
10 182	
10 080	
9 850	
10 476	
10 354,5
YNDX	
Yandex clA
38 517	
2 845 481 763	
2 574	
2 621	
2 493,8	
2 650	
2 550,8
ALRS	
АЛРОСА ао
55 234	
2 703 176 348	
61,86	
65	
60	
65,4	
61,8
VTBR	
ВТБ ао
58 962	
2 690 679 320	
0,03211	
0,03277	
0,031175	
0,032995	
0,032175
AFLT	
Аэрофлот
54 911	
2 227 471 215	
68,64	
69,56	
66,16	
71,4	
68,8
MTSS	
МТС-ао
22 392	
1 954 378 779	
299	
298,45	
295,85	
302,85	
299,3
MGNT	
Магнит ао
27 889	
1 905 067 692	
3 157	
3 179,5	
3 115	
3 200	
3 190
TATNP	
Татнфт 3ап
33 509	
1 903 524 881	
543,5	
540	
527	
562	
554
SNGSP	
Сургнфгз-п
21 648	
1 820 403 593	
38,435	
37,85	
37,835	
38,92	
38,9
MOEX	
МосБиржа
30 228	
1 584 084 209	
96,62	
97,5	
95,27	
98,23	
97,25
NLMK	
НЛМК ао
24 417	
1 484 654 535	
122,38	
124,64	
118,74	
125,92	
122,7
SIBN	
Газпрнефть
21 106	
1 216 241 537	
314,15	
315,55	
305,5	
325	
315,5
POLY	
Polymetal
21 897	
1 164 619 545	
1 314,4	
1 299,9	
1 280	
1 344,8	
1 333,3
IRAO	
ИнтерРАОао
18 168	
1 116 853 248	
4,9065	
5	
4,81	
5,03	
4,9335
CHMF	
СевСт-ао
19 461	
1 000 738 987	
855,2	
855	
838	
872	
859,6
MAGN	
ММК
17 789	
901 492 204	
38,1	
38,88	
37,25	
39,575	
38,1
TCSG	
TCS-гдр
26 102	
770 926 557	
844,8	
879	
818	
886	
835
AFKS	
Система ао
19 759	
750 309 549	
12,991	
13,29	
12,661	
13,403	
13,01
HYDR	
РусГидро
20 534	
719 651 889	
0,6142	
0,617	
0,603	
0,6233	
0,6223
FIVE	
FIVE-гдр
13 032	
691 673 106	
2 163	
2 140	
2 080,5	
2 500	
2 182,5
RSTI	
Россети ао
16 864	
632 901 252	
1,1886	
1,185	
1,1681	
1,213	
1,2
FEES	
ФСК ЕЭС ао
21 101	
620 432 178	
0,1593	
0,16246	
0,15532	
0,16374	
0,15962
TRNFP	
Транснф ап
2 198	
439 122 500	
146 100	
146 950	
142 700	
149 400	
147 750
RUAL	
RUSAL plc
18 114	
418 215 421	
24,775	
25,37	
24,36	
25,37	
24,955
RTKM	
Ростел -ао
12 751	
367 098 256	
72,54	
73,7	
71,56	
73,88	
72
MTLR	
Мечел ао
23 095	
344 380 125	
60,44	
61,3	
58,52	
61,94	
60,18
CBOM	
МКБ ао
15 009	
329 765 078	
5,428	
5,515	
5,307	
5,559	
5,465
BANEP	
Башнефт ап
9 585	
311 202 186	
1 349,5	
1 345	
1 313	
1 380	
1 350,5
PHOR	
ФосАгро ао
5 226	
201 999 084	
2 461	
2 455	
2 439	
2 487	
2 439
DSKY	
ДетскийМир
8 934	
194 853 029	
90,88	
91,2	
89,16	
92,38	
90,62
UPRO	
Юнипро ао
5 887	
164 012 026	
2,546	
2,588	
2,509	
2,59	
2,549
TRMK	
ТМК ао
6 302	
156 891 749	
42,14	
42,48	
41,62	
42,8	
42,12
OGKB	
ОГК-2 ао
9 117	
149 800 957	
0,5823	
0,582	
0,5714	
0,5937	
0,5915
TGKA	
ТГК-1
7 692	
127 752 882	
0,010184	
0,0102	
0,01001	
0,010394	
0,010128
QIWI	
iQIWI
7 217	
111 478 138	
835	
839,5	
818	
857,5	
830
BANE	
Башнефт ао
4 156	
99 280 658	
1 574	
1 551,5	
1 517,5	
1 660	
1 583
NKNCP	
НКНХ ап
4 269	
98 845 250	
83,94	
83	
82,4	
84,8	
83,96
MVID	
М.видео
3 861	
95 246 558	
377,3	
389,3	
368,6	
389,9	
371,5
LSRG	
ЛСР ао
7 866	
93 464 656	
589,2	
595	
571	
604,8	
589,4
MSNG	
+МосЭнерго
3 336	
91 854 876	
1,8405	
1,8165	
1,8055	
1,98	
1,851
RASP	
Распадская
2 578	
90 978 915	
98,32	
98,44	
96,9	
99,78	
99,4
TGKB	
ТГК-2
4 105	
86 343 980	
0,00387	
0,0037	
0,003625	
0,00409	
0,00373
MTLRP	
Мечел ап
3 575	
77 402 445	
62,4	
62,75	
60,2	
64,35	
62,45
RTKMP	
Ростел -ап
2 756	
52 945 644	
64,35	
65,2	
63,05	
65,35	
64,25
PIKK	
ПИК ао
2 590	
49 772 653	
411,5	
406,6	
406,6	
414,7	
414,2
MRKP	
МРСК ЦП
2 558	
44 720 619	
0,1618	
0,1578	
0,157	
0,1679	
0,1616
IRGZ	
ИркЭнерго
2 694	
42 444 158	
12,08	
12,62	
11,2	
12,9	
12,12
GCHE	
ЧеркизГ-ао
2 806	
40 026 681	
1 971,5	
1 917,5	
1 906	
2 021	
1 965
RUGR	
Русгрэйн
13 719	
36 529 094	
8,806	
9,554	
8,122	
9,756	
8,53
ENPL	
ENPL-гдр
2 252	
33 345 974	
524,2	
527	
519	
532,4	
525,4
LNTA	
Лента др
5 620	
32 998 529	
149,9	
151	
147,7	
152	
150,3
AGRO	
AGRO-гдр
2 516	
30 553 176	
584,4	
582	
579	
592,2	
592,2
NMTP	
НМТП ао
2 495	
28 770 363	
8,615	
8,795	
8,405	
8,795	
8,605
AKRN	
Акрон
768	
27 811 930	
5 958	
5 900	
5 900	
5 998	
5 950
FESH	
ДВМП ао
2 489	
27 791 168	
6,54	
6,03	
6,03	
7	
6,54
APTK	
Аптеки36и6
8 571	
26 238 207	
13,736	
13,9	
13,25	
14	
13,678
GTRK	
ГТМ ао
3 369	
24 660 333	
36,05	
33,8	
32,55	
39,6	
34,55
ENRU	
ЭнелРос ао
1 479	
22 321 067	
0,8655	
0,864	
0,8555	
0,8695	
0,8685
ETLN	
ETLN-гдр
481	
19 795 435	
99,06	
100	
96,08	
102,8	
99,2
OBUV	
ОР ао
3 672	
19 159 356	
30,5	
31,2	
29,2	
31,75	
30
NKNC	
НКНХ ао
1 244	
19 134 896	
102,4	
101	
101	
104,95	
102,75
BSPB	
БСП ао
2 006	
16 053 496	
43,96	
44,2	
43,2	
44,48	
43,4
SELG	
Селигдар
1 743	
15 945 592	
17,41	
18,3	
16,85	
18,47	
17,35
RSTIP	
Россети ап
790	
15 578 143	
1,385	
1,4	
1,352	
1,412	
1,394
ENPG	
ЭН+ГРУП ао
184	
14 524 359	
549,4	
557	
530	
557	
550,5
TGKBP	
ТГК-2 ап
883	
12 655 900	
0,00677	
0,00655	
0,00643	
0,0071	
0,0066
MRKV	
МРСКВол
774	
12 633 853	
0,06745	
0,06635	
0,06635	
0,0685	
0,0677
KMAZ	
КАМАЗ
1 001	
11 216 981	
51,2	
51,3	
50,3	
52,5	
50,6
TGKN	
ТГК-14
710	
9 903 590	
0,00307	
0,00295	
0,00292	
0,0032	
0,00303
MRKC	
МРСК Центр
1 099	
9 858 003	
0,2402	
0,24	
0,2348	
0,245	
0,2398
AMEZ	
АшинскийМЗ
1 202	
9 380 557	
3,615	
3,77	
3,5	
3,9	
3,64
VSMO	
ВСМПО-АВСМ
252	
9 196 540	
19 400	
19 260	
19 120	
19 500	
19 420
LNZL	
Лензолото
550	
8 894 010	
8 320	
8 310	
8 130	
8 460	
8 360
MOBB	
МосОблБанк
1 990	
8 484 879	
2,464	
2,252	
2,202	
2,788	
2,284
MGTSP	
МГТС-4ап
399	
6 922 386	
2 204	
2 190	
2 172	
2 250	
2 198
KZOS	
ОргСинт ао
695	
6 676 174	
86,3	
85,5	
85,2	
87	
86,5
SFIN	
САФМАР ао
566	
6 257 618	
456,8	
461,8	
453,4	
469	
454
RNFT	
РуссНфт ао
2 228	
6 199 708	
461,6	
460,2	
450,8	
468,6	
460,2
IRKT	
ИРКУТ-3
436	
6 154 208	
30,32	
28,88	
28,5	
32	
30,68
KRKNP	
СаратНПЗ-п
168	
4 720 900	
15 320	
15 400	
15 080	
15 500	
15 400
SVAV	
СОЛЛЕРС
217	
4 597 600	
248,5	
251,5	
244	
256,5	
251
LIFE	
iФармсинтз
508	
4 592 170	
6,475	
6,685	
6,375	
6,685	
6,47
MSTT	
Мостотрест
649	
4 486 972	
143,2	
143,5	
140,75	
144,95	
143,6
MSRS	
МОЭСК
374	
4 382 949	
0,9805	
0,99	
0,967	
0,995	
0,9795
RBCM	
РБК ао
622	
4 106 127	
2,914	
2,934	
2,85	
2,962	
2,906
LNZLP	
Лензол. ап
389	
4 004 450	
3 530	
3 680	
3 450	
3 690	
3 520
ALNU	
АЛРОСА-Нюр
42	
3 522 800	
47 000	
47 400	
46 400	
47 400	
47 000
VRSBP	
ТНСэнВор-п
342	
3 430 950	
33	
36,5	
30,5	
39,5	
31,5
YAKG	
ЯТЭК ао
244	
3 044 728	
52,68	
50,6	
50,48	
54,48	
50,96
CNTLP	
Телеграф-п
320	
2 984 648	
16,36	
16,9	
16,02	
16,9	
16,12
USBN	
УралСиб ао
331	
2 941 676	
0,0696	
0,0692	
0,0676	
0,0715	
0,0699
RGSS	
РГС СК ао
567	
2 611 021	
0,1374	
0,138	
0,134	
0,14	
0,1382
DASB	
ДагСб ао
534	
2 227 889	
0,0879	
0,0856	
0,0853	
0,09	
0,0878
ROLO	
Русолово
183	
2 212 956	
3,802	
3,89	
3,552	
3,948	
3,74
KZOSP	
ОргСинт ап
1 144	
2 180 778	
11,21	
11,09	
10,89	
11,68	
11,37
SELGP	
Селигдар-п
261	
2 044 175	
26,2	
27	
25,85	
27	
26,3
UNAC	
iАвиастКао
309	
2 030 880	
0,4775	
0,4685	
0,4655	
0,49	
0,475
TTLK	
Таттел. ао
224	
1 904 305	
0,2635	
0,2625	
0,26	
0,265	
0,2625
NKHP	
НКХП ао
200	
1 586 840	
223,5	
218	
211	
231	
219,5
TRCN	
ТрансК ао
53	
1 391 710	
8 335	
8 315	
8 300	
8 380	
8 300
RUSP	
Русполимет
142	
1 326 095	
0,5595	
0,587	
0,526	
0,5885	
0,551
PRTK	
ПРОТЕК ао
199	
1 281 217	
98	
98,5	
97,1	
98,7	
98
KUZB	
КузнецкийБ
508	
1 108 576	
0,01567	
0,01487	
0,01486	
0,0165	
0,016
KOGK	
КоршГОК ао
6	
1 091 800	
42 000	
42 200	
41 800	
42 200	
42 000
PMSBP	
ПермьЭнС-п
147	
1 072 758	
121	
121	
119,2	
124	
121,2
MRKZ	
МРСК СЗ
207	
1 070 819	
0,0452	
0,04465	
0,04425	
0,0458	
0,0446
GAZA	
ГАЗ ао
63	
1 038 035	
383	
377,5	
369	
401	
378,5
MRKS	
МРСКСиб
58	
1 028 180	
0,2125	
0,211	
0,21	
0,218	
0,212
JNOS	
Славн-ЯНОС
95	
1 018 440	
15,5	
15,6	
15,15	
15,75	
15,7
CHEP	
ЧТПЗ ао
139	
973 150	
189,5	
190	
187,5	
191,5	
190
MRKY	
РоссЮг ао
160	
952 689	
0,04955	
0,049	
0,0485	
0,0501	
0,05
CNTL	
Телеграф
117	
950 235	
19,65	
20,2	
19,3	
20,2	
19,35
VRSB	
ТНСэнВорон
94	
877 540	
48,8	
52,2	
47	
52,4	
47,8
PMSB	
ПермьЭнСб
116	
861 755	
122,8	
124,8	
119,4	
124,8	
121,1
BRZL	
БурЗолото
127	
822 827	
807	
811	
805	
814	
805
KLSB	
КалужскСК
184	
773 439	
9,69	
9,6	
9,46	
9,94	
9,69
AQUA	
РусАква ао
71	
742 605	
237,5	
238	
229,5	
245	
234
MRKU	
МРСК Ур
102	
734 422	
0,1356	
0,1338	
0,1338	
0,1376	
0,1352
TGKD	
Квадра
277	
723 630	
0,00296	
0,00299	
0,0029	
0,003	
0,00293
UWGN	
ОВК ао
162	
708 953	
235,2	
235	
230	
238	
232,7
BELU	
Белуга ао
83	
671 203	
1 111	
1 110	
1 100	
1 124	
1 124
RAVN	
Raven
38	
668 220	
30,4	
29,8	
29,8	
31,2	
31,2
VJGZ	
Варьеган
52	
602 055	
573	
577	
569	
589	
574
RDRB	
РДБанк ао
101	
573 400	
280	
300	
275	
300	
285
MGTS	
МГТС-5ао
55	
527 210	
2 500	
2 485	
2 440	
2 540	
2 465
VJGZP	
Варьеган-п
56	
502 500	
314	
316	
306	
319	
314
DVEC	
ДЭК ао
142	
475 608	
0,784	
0,789	
0,763	
0,8	
0,77
NSVZ	
НаукаСвяз
75	
447 890	
186	
183	
180	
189	
181
HIMCP	
Химпром ап
144	
431 503	
5,55	
5,55	
5,5	
5,64	
5,55
MISB	
ТНСэнМарЭл
41	
427 190	
10,9	
10,6	
10,3	
11,2	
10,6
CHMK	
ЧМК ао
71	
407 170	
2 300	
2 345	
2 215	
2 365	
2 295
YKEN	
Якутскэнрг
49	
402 835	
0,3075	
0,305	
0,3	
0,317	
0,3085
NFAZ	
Нефтекамск
47	
393 258	
127,8	
131,2	
125	
131,2	
125,8
PAZA	
ПавлАвт ао
53	
385 390	
5 350	
5 310	
5 300	
5 460	
5 340
HALS	
Галс-Девел
56	
372 264	
724	
718	
714	
731	
722
ISKJ	
iИСКЧ ао
81	
370 257	
12,22	
12,26	
12,05	
12,55	
12,28
VLHZ	
ВХЗ-ао
71	
369 268	
51,35	
50,8	
50,8	
51,85	
51,35
DIOD	
ЗаводДИОД
61	
362 216	
4,86	
4,9	
4,83	
4,96	
4,91
MFGSP	
Мегион-ап
24	
358 275	
289	
290	
281	
290	
286
ROSB	
Росбанк ао
69	
353 352	
63,2	
64	
61,6	
65	
62,8
ABRD	
АбрауДюрсо
100	
347 085	
134	
135	
133	
135	
133,5
AVAN	
Авангрд-ао
97	
343 270	
670	
700	
650	
700	
675
RLMN	
Роллман
156	
326 486	
15,4	
15,15	
15,05	
15,7	
15,3
RTGZ	
ГазпРнД ао
9	
318 200	
21 200	
20 950	
20 600	
21 500	
21 500
LVHK	
Левенгук
111	
311 515	
7,43	
7,66	
7,25	
7,7	
7,39
MRSB	
МордЭнСб
49	
308 990	
0,34	
0,34	
0,325	
0,355	
0,333
ELTZ	
Электрцинк
94	
286 606	
166	
167	
165	
168	
167,5
WTCM	
ЦМТ ао
70	
278 136	
8,66	
8,4	
8,34	
9	
8,54
IGST	
Ижсталь2ао
79	
265 119	
694	
714	
665	
720	
688
GAZAP	
ГАЗ ап
20	
262 785	
316,5	
305	
302,5	
322,5	
303,5
KUBE	
Кубанэнр
33	
256 734	
61,1	
61	
60,1	
62,2	
61,9
ZVEZ	
ЗВЕЗДА ао
54	
256 350	
4,07	
4,08	
4	
4,17	
4,05
NAUK	
iНПОНаука
54	
256 276	
159,2	
156,4	
156,4	
161,6	
157,6
ZILL	
ЗИЛ ао
52	
247 564	
1 258	
1 290	
1 212	
1 296	
1 248
KROTP	
КрасОкт-1п
34	
227 360	
206,5	
215	
204	
215	
205
KROT	
КрасОкт-ао
51	
215 230	
299	
295	
293,5	
305	
296,5
SARE	
СаратЭн-ао
58	
212 962	
0,1116	
0,1152	
0,105	
0,1196	
0,1138
MRKK	
Россети СК
73	
204 263	
25,26	
25,74	
25,02	
25,92	
25,18
ASSB	
АстрЭнСб
85	
200 652	
0,551	
0,5565	
0,5385	
0,5625	
0,551
DZRDP	
iДонскЗР п
23	
193 050	
1 410	
1 410	
1 390	
1 440	
1 430
ALBK	
БестЭфБ ао
59	
191 060	
51	
49	
48,5	
54	
50
NKSH	
Нижкамшина
33	
189 128	
20,56	
20,48	
20,32	
20,78	
20,52
MAGE	
МагадЭн ао
22	
184 360	
4,39	
4,32	
4,12	
4,77	
4,24
MAGEP	
МагадЭн ап
29	
177 610	
3,7	
3,94	
3,4	
3,94	
3,855
BLNG	
Белон ао
68	
177 253	
4,02	
4,06	
4	
4,08	
4,068
WTCMP	
ЦМТ ап
73	
165 178	
8,02	
8,1	
7,54	
8,16	
8,12
RKKE	
ЭнергияРКК
24	
162 910	
4 940	
5 040	
4 900	
5 040	
4 900
UNKL	
ЮУНК ао
41	
161 010	
2 880	
2 880	
2 810	
2 910	
2 840
ROST	
РОСИНТЕРао
57	
160 664	
55	
55	
53,4	
56,8	
55
KAZT	
Куйбазот
44	
149 142	
146,2	
150	
143,2	
150	
145,8
VZRZP	
Возрожд-п
33	
148 010	
290,2	
289	
282,4	
299	
285
TASB	
ТамбЭнСб
27	
147 855	
0,269	
0,2545	
0,2545	
0,271	
0,2625
LPSB	
ЛЭСК ао
39	
147 850	
7,25	
7,1	
7,05	
7,45	
7,3
YKENP	
Якутскэн-п
28	
137 905	
0,2815	
0,2835	
0,278	
0,2875	
0,279
TGKDP	
Квадра-п
60	
131 444	
0,003715	
0,00378	
0,003635	
0,00378	
0,003725
UTAR	
ЮТэйр ао
42	
131 238	
6,22	
6,18	
6,15	
6,26	
6,2
KRKN	
СаратНПЗ
11	
129 850	
11 800	
11 900	
11 500	
12 100	
11 800
UKUZ	
ЮжКузб. ао
52	
128 900	
492	
500	
470	
504	
472
SAREP	
СаратЭн-ап
37	
120 768	
0,0846	
0,0916	
0,084	
0,0916	
0,084
NNSB	
ТНСэнНН ао
33	
117 510	
1 235	
1 295	
1 215	
1 295	
1 230
MFGS	
Мегион-ао
23	
114 335	
309	
307	
300	
319,5	
314
RTSBP	
ТНСэнРст-п
21	
111 480	
0,242	
0,241	
0,239	
0,255	
0,246
NNSBP	
ТНСэнНН ап
35	
108 785	
516	
533	
501	
533	
506
JNOSP	
Слав-ЯНОСп
33	
108 140	
12,58	
12,98	
12,48	
12,98	
12,58
STSBP	
СтаврЭнСбп
29	
101 012	
0,2962	
0,2966	
0,2924	
0,3006	
0,2998
OMZZP	
ОМЗ-ап
21	
100 115	
2 780	
2 755	
2 730	
2 865	
2 730
TNSE	
ТНСэнрг ао
17	
99 780	
980	
1 000	
975	
1 000	
975
KRSB	
Красэсб ао
16	
95 400	
5,3	
5,4	
5,1	
5,4	
5,36
KBTK	
КузбТК ао
21	
88 534	
147,6	
148,4	
146,4	
150	
147,8
KRKOP	
ТКЗКК ап
33	
85 537	
3,995	
3,755	
3,72	
4,17	
4,005
BISVP	
БашИнСв ап
23	
74 551	
6,9	
6,85	
6,82	
7,07	
6,95
YRSB	
ТНСэнЯр
11	
67 640	
170	
164	
164	
176	
174
VSYD	
ВыбСудЗ ао
19	
64 835	
2 595	
2 700	
2 520	
2 700	
2 610
SAGOP	
СамарЭн-ап
11	
59 630	
0,373	
0,368	
0,368	
0,378	
0,369
UCSS	
ОКС ао
13	
57 020	
1 460	
1 470	
1 450	
1 480	
1 470
STSB	
СтаврЭнСб
41	
54 592	
0,327	
0,338	
0,32	
0,344	
0,3375
SLEN	
Сахэнер ао
33	
53 918	
4,15	
4,385	
4,11	
4,39	
4,15
CHKZ	
ЧКПЗ ао
12	
49 840	
4 160	
4 280	
4 080	
4 280	
4 180
URKZ	
УрКузница
5	
49 240	
9 840	
9 740	
9 740	
9 980	
9 820
INGR	
ИНГРАД ао
8	
43 871	
756	
760	
754	
764	
754
KTSB	
КСБ ао
14	
41 150	
0,468	
0,468	
0,45	
0,47	
0,468
IGSTP	
Ижсталь ап
18	
40 631	
635	
646	
630	
646	
638
VSYDP	
ВыбСудЗ ап
10	
36 440	
2 600	
2 640	
2 560	
2 640	
2 600
KAZTP	
Куйбазот-п
18	
35 384	
147,4	
148,8	
143,2	
149	
148,8
MGNZ	
СМЗ-ао
7	
35 370	
3 930	
4 000	
3 890	
4 000	
3 950
KRSBP	
Красэсб ап
6	
32 460	
5,42	
5,5	
5,32	
5,5	
5,38
KMEZ	
КМЗ
13	
30 154	
413	
412,5	
410	
415	
414,5
RLMNP	
Роллман-п
34	
30 041	
16,88	
16,58	
16,48	
17,78	
16,88
SZPR	
СЗПароход
16	
26 416	
714	
742	
704	
742	
708
KCHE	
КамчатЭ ао
11	
24 770	
0,165	
0,161	
0,16	
0,1665	
0,1665
YRSBP	
ТНСэнЯр-п
23	
24 540	
76,5	
74,5	
74,5	
81	
77
TUZA	
ТЗА ао
20	
23 690	
74	
74	
73	
75	
74
KGKC	
КурганГКао
10	
23 210	
50	
53	
50	
53	
51
VGSB	
ВолгЭнСб
5	
19 480	
1,39	
1,35	
1,35	
1,4	
1,385
CHGZ	
РН-ЗапСиб
4	
18 060	
30,2	
30	
30	
30,2	
30,2
RZSB	
РязЭнСб
3	
16 580	
5,53	
5,53	
5,52	
5,53	
5,53
ARSA	
Арсагера
5	
15 480	
3,1	
3,1	
3,09	
3,11	
3,11
TORS	
ТРК ао
4	
14 970	
0,374	
0,375	
0,373	
0,376	
0,376
SAGO	
СамарЭн-ао
4	
14 940	
0,374	
0,38	
0,37	
0,38	
0,372
RUSI	
ИКРУСС-ИНВ
4	
14 060	
35,2	
35	
35	
35,4	
35,4
KBSB	
ТНСэКубань
9	
13 555	
135,5	
141,5	
132,5	
141,5	
132,5
RTSB	
ТНСэнРст
3	
12 900	
0,325	
0,325	
0,315	
0,325	
0,315
DZRD	
iДонскЗР
5	
12 084	
2 014	
2 020	
1 990	
2 020	
2 018
TORSP	
ТРК ап
4	
10 240	
0,256	
0,2555	
0,254	
0,2595	
0,2595
KTSBP	
КСБ ап
4	
8 910	
0,223	
0,224	
0,222	
0,224	
0,2225
KGKCP	
КурганГКап
11	
7 370	
56,5	
55,5	
55,5	
59	
56
MISBP	
ТНСэМаЭл-п
7	
7 000	
9,8	
9,8	
9,8	
10,2	
10
GEMA	
iММЦБ ао
5	
4 360	
726,5	
723	
723	
731,5	
727,5
VGSBP	
ВолгЭнСб-п
1	
915	
0,915	
0,915	
0,915	
0,915	
0,915
FTRE	
БУДУЩЕЕ ао
0	
0	
-	
-	
-	
-	
80
KRKO	
ТКЗКК ао
0	
0	
-	
-	
-	
-	
11,8
KUNF	
КУЗОЦМ ао
0	
0	
-	
-	
-	
-	
-
NPOF	
Физика ао
0	
0	
-	
-	
-	
-	
11 850
GAZC	
ГАЗКОН-ао
0	
0	
-	
-	
-	
-	
295
GTSS	
ГЕОТЕК ао
0	
0	
-	
-	
-	
-	
-
TRFM	
ТрансФ ао
0	
0	
-	
-	
-	
-	
-
KMTZ	
КосогМЗ ао
0	
0	
-	
-	
-	
-	
-
KZMS	
КЗМС ао
0	
0	
-	
-	
-	
-	
226
BISV	
БашИнСв ао
0	
0	
-	
-	
-	
-	
8,7
GAZS	
ГАЗ-сервис
0	
0	
-	
-	
-	
-	
293
HIMC	
Химпром ао
0	
0	
-	
-	
-	
-	
0,99
LSNG	
Ленэнерго
0	
0	
-	
-	
-	
-	
5,66
TASBP	
ТамбЭнСб-п
0	
0	
-	
-	
-	
-	
0,1995
URKA	
Уркалий-ао
0	
0	
-	
-	
-	
-	
119,04
VZRZ	
Возрожд-ао
0	
0	
-	
-	
-	
-	
480
GAZT	
ГАЗ-Тек ао
0	
0	
-	
-	
-	
-	
85
KCHEP	
КамчатЭ ап
0	
0	
-	
-	
-	
-	
0,316
KSGR	
Кокс ао
0	
0	
-	
-	
-	
-	
-
LSNGP	
Ленэнерг-п
0	
0	
-	
-	
-	
-	
119,95
MFON	
МегаФон ао
0	
0	
-	
-	
-	
-	
650,6
MORI	
Морион ао
0	
0	
-	
-	
-	
-	
4,31
PRMB	
Приморье
0	
0	
-	
-	
-	
-	
17 800
RU000A0JVT35	
ИСУ ЕФГ-3
0	
0	
-	
-	
-	
-	
400