SBER	
Сбербанк
117 649	
24 294 100 966	
207,91	
204,67	
204	
212	
212
GAZP	
ГАЗПРОМ ао
56 229	
9 091 304 118	
200,47	
199,44	
198,72	
202,19	
201,97
LKOH	
ЛУКОЙЛ
39 806	
7 317 836 691	
5 392	
5 357	
5 340	
5 433	
5 400
GMKN	
ГМКНорНик
24 248	
6 499 398 428	
22 180	
22 120	
21 912	
22 360	
22 220
ROSN	
Роснефть
29 533	
5 018 754 370	
383,75	
380,55	
379,8	
387	
387
SNGS	
Сургнфгз
21 424	
3 310 600 818	
40,27	
40,125	
39,885	
40,925	
40,225
AFLT	
Аэрофлот
58 662	
3 273 311 076	
83,84	
82,66	
81,9	
85	
84,4
TATN	
Татнфт 3ао
37 182	
3 201 632 523	
555,4	
548,4	
546,4	
560,2	
560,1
SBERP	
Сбербанк-п
39 047	
3 147 338 140	
188,95	
184,55	
184,29	
193,53	
192,5
ALRS	
АЛРОСА ао
46 484	
2 394 475 467	
68,93	
69,44	
67,53	
70,34	
68,27
PLZL	
Полюс
22 939	
2 386 073 624	
11 198,5	
11 379,5	
11 032	
11 426	
11 142
MTSS	
МТС-ао
25 022	
2 293 837 909	
325,2	
321	
320,55	
327,6	
326,7
MGNT	
Магнит ао
24 054	
2 290 202 578	
3 875,5	
3 850,5	
3 823,5	
3 908	
3 899,5
YNDX	
Yandex clA
23 719	
1 984 684 006	
2 846	
2 845	
2 821,2	
2 875	
2 837,8
MOEX	
МосБиржа
31 151	
1 984 610 704	
114,86	
115,12	
114,01	
116,1	
115,5
NVTK	
Новатэк ао
16 487	
1 865 146 811	
1 057	
1 044	
1 040,6	
1 069,2	
1 066
VTBR	
ВТБ ао
42 989	
1 700 680 972	
0,036935	
0,03674	
0,03665	
0,037175	
0,037175
AFKS	
Система ао
28 410	
1 521 922 674	
16,296	
15,84	
15,65	
16,722	
16,22
RSTI	
Россети ао
22 438	
1 333 460 116	
1,7229	
1,7454	
1,6932	
1,7627	
1,716
TRNFP	
Транснф ап
4 667	
1 298 679 700	
136 550	
134 500	
133 800	
138 300	
138 100
IRAO	
ИнтерРАОао
14 588	
1 274 512 738	
5,0195	
4,9485	
4,925	
5,07	
5,053
SNGSP	
Сургнфгз-п
15 410	
1 265 298 810	
35,72	
35,5	
35,315	
36,06	
35,64
SIBN	
Газпрнефть
14 135	
944 989 221	
341,6	
339,85	
337,2	
346	
345
CHMF	
СевСт-ао
16 680	
934 909 597	
942,8	
938,4	
937,4	
948	
945
NLMK	
НЛМК ао
11 809	
772 205 291	
137,46	
137,4	
136,36	
138,24	
138,16
POLY	
Polymetal
11 527	
749 144 678	
1 393,1	
1 402	
1 383,7	
1 409,9	
1 398,2
HYDR	
РусГидро
14 927	
712 301 322	
0,7063	
0,6962	
0,6943	
0,7126	
0,7055
FIVE	
FIVE-гдр
10 115	
638 504 910	
2 150	
2 119	
2 106,5	
2 180	
2 180
MVID	
М.видео
16 688	
606 762 921	
377	
353,8	
352,2	
396,5	
395
TCSG	
TCS-гдр
12 771	
572 372 343	
1 218,6	
1 212	
1 176	
1 261,2	
1 258,6
TATNP	
Татнфт 3ап
10 867	
444 401 720	
526	
527	
521,6	
528,7	
526
FEES	
ФСК ЕЭС ао
11 180	
419 058 858	
0,18406	
0,18426	
0,18304	
0,18548	
0,184
MAGN	
ММК
6 235	
418 239 482	
41,42	
41,005	
40,95	
41,78	
41,6
RTKM	
Ростел -ао
7 919	
339 210 835	
84,25	
83,55	
83,01	
85,1	
84,44
DSKY	
ДетскийМир
16 057	
326 421 687	
98,4	
99,42	
97,24	
99,42	
98,06
UPRO	
Юнипро ао
4 673	
261 515 677	
2,763	
2,755	
2,736	
2,788	
2,787
RUAL	
РУСАЛ ао
12 938	
258 631 869	
28,395	
28,14	
27,865	
28,635	
28,21
OGKB	
ОГК-2 ао
9 526	
227 824 042	
0,7306	
0,723	
0,7116	
0,7434	
0,7286
CBOM	
МКБ ао
11 060	
222 798 443	
5,458	
5,424	
5,413	
5,48	
5,47
LSRG	
ЛСР ао
9 719	
201 554 415	
598,8	
590	
588,4	
606,8	
606,2
MSNG	
+МосЭнерго
6 099	
190 751 878	
2,1815	
2,123	
2,1155	
2,22	
2,171
TRMK	
ТМК ао
1 073	
157 130 563	
59,36	
59,32	
59,26	
59,42	
59,38
PHOR	
ФосАгро ао
2 652	
147 673 245	
2 809	
2 816	
2 787	
2 830	
2 819
BANEP	
Башнефт ап
3 995	
144 053 868	
1 445,5	
1 444,5	
1 435,5	
1 455	
1 453
NKNCP	
НКНХ ап
6 015	
140 919 476	
87,8	
87	
86,58	
88,8	
88,5
MTLR	
Мечел ао
9 591	
139 056 433	
66,29	
65,92	
65,43	
66,99	
66,2
APTK	
Аптеки36и6
29 889	
135 772 217	
14,106	
13,504	
13,34	
14,7	
14,064
AKRN	
Акрон
4 792	
125 471 838	
6 120	
6 200	
6 054	
6 206	
6 084
RSTIP	
Россети ап
4 637	
124 260 530	
2,424	
2,41	
2,331	
2,47	
2,425
LNTA	
Лента др
6 862	
104 808 629	
155,6	
153,6	
153,5	
156,5	
156,1
TGKA	
ТГК-1
4 845	
96 996 905	
0,013198	
0,01325	
0,01304	
0,01329	
0,013162
MOBB	
МосОблБанк
16 198	
91 228 746	
2,08	
2,7	
1,8	
2,7	
1,802
NMTP	
НМТП ао
5 402	
86 852 119	
9,665	
9,77	
9,41	
9,93	
9,605
ETLN	
ETLN-гдр
4 766	
73 196 835	
86,46	
89,7	
85,3	
89,7	
85,44
RASP	
Распадская
1 806	
71 439 666	
109,98	
110,1	
109,16	
110,42	
110,3
SFIN	
САФМАР ао
1 323	
67 816 738	
412,8	
419	
409,2	
419	
409,8
KRKNP	
СаратНПЗ-п
1 330	
57 184 520	
19 840	
19 960	
19 620	
20 060	
19 840
ENRU	
ЭнелРос ао
2 903	
56 680 096	
0,989	
0,9775	
0,9745	
0,9955	
0,992
QIWI	
iQIWI
2 553	
51 072 462	
986,5	
975	
974,5	
999	
991,5
LSNGP	
РСетиЛЭ-п
2 352	
46 918 345	
168,25	
168,5	
167,75	
169,4	
168,1
PIKK	
ПИК ао
1 225	
45 162 740	
378	
377,6	
374,7	
379	
378,8
RTKMP	
Ростел -ап
1 973	
35 794 182	
75,65	
74,65	
74,55	
76,4	
76,05
BSPB	
БСП ао
2 988	
34 570 458	
40,39	
40,3	
40,06	
40,75	
40,5
AGRO	
AGRO-гдр
3 138	
34 470 046	
663,8	
660	
657,8	
667,2	
658,8
MTLRP	
Мечел ап
1 588	
27 678 534	
77,3	
77,6	
76,6	
78	
77
LIFE	
iФармсинтз
3 032	
25 883 908	
7,51	
7,14	
7,135	
7,775	
7,535
FESH	
ДВМП ао
1 417	
21 720 826	
7,61	
7,38	
7,34	
7,8	
7,59
NKNC	
НКНХ ао
1 446	
17 901 688	
100,3	
99	
98,4	
101,65	
100,1
OBUV	
ОР ао
2 146	
17 340 491	
29,8	
29,9	
29,65	
29,95	
29,7
TRCN	
ТрансК ао
265	
16 984 465	
8 520	
8 505	
8 470	
8 590	
8 530
MRKP	
МРСК ЦП
1 160	
16 630 936	
0,1916	
0,1919	
0,1901	
0,1939	
0,191
RZSB	
РязЭнСб
691	
15 747 220	
11,56	
12,48	
10,64	
12,48	
11,8
KMAZ	
КАМАЗ
2 108	
15 730 768	
60,4	
56,5	
55,4	
65	
60,6
SELG	
Селигдар
796	
14 989 764	
24,32	
24,25	
24,1	
24,49	
24,26
BANE	
Башнефт ао
924	
14 324 241	
1 832	
1 843	
1 823,5	
1 854,5	
1 825,5
ENPG	
ЭН+ГРУП ао
209	
11 891 772	
625,5	
622	
621,5	
630	
626,5
MRKV	
РсетВол ао
805	
11 855 121	
0,0673	
0,067	
0,06635	
0,0677	
0,06755
VSMO	
ВСМПО-АВСМ
232	
10 355 080	
18 820	
18 880	
18 680	
18 940	
18 840
MRKS	
РсетСиб ао
489	
9 693 575	
0,2435	
0,259	
0,2375	
0,259	
0,245
MRKC	
МРСК Центр
1 095	
8 977 185	
0,2654	
0,2624	
0,2606	
0,268	
0,2666
IRKT	
ИРКУТ-3
815	
8 236 068	
35,58	
36,94	
34,14	
37,26	
34,78
MSRS	
РСетиМР ао
712	
7 661 880	
1,166	
1,174	
1,154	
1,182	
1,162
BELU	
Белуга ао
887	
7 239 271	
1 200	
1 236	
1 153	
1 236	
1 220
GEMA	
iММЦБ ао
481	
7 009 374	
600	
600	
592,5	
608	
600
KRKN	
СаратНПЗ
169	
6 935 350	
13 750	
14 300	
12 000	
14 300	
13 500
ISKJ	
iИСКЧ ао
938	
6 548 720	
29	
29,78	
28,01	
29,78	
29,21
UNAC	
iАвиастКао
393	
5 336 652	
0,4735	
0,4695	
0,4695	
0,4755	
0,4745
TGKB	
ТГК-2
454	
5 244 410	
0,00423	
0,004265	
0,0042	
0,004305	
0,00422
RNFT	
РуссНфт ао
1 243	
5 093 577	
430,4	
430	
428,6	
432	
430,4
GCHE	
ЧеркизГ-ао
697	
4 855 247	
1 696,5	
1 697,5	
1 692	
1 702	
1 699,5
SELGP	
Селигдар-п
284	
4 683 400	
26,6	
27,25	
26,15	
27,25	
26,5
SVAV	
СОЛЛЕРС
221	
4 621 835	
259,5	
257	
257	
261	
260
MGTSP	
МГТС-4ап
399	
4 566 408	
2 086	
2 076	
2 054	
2 094	
2 092
LSNG	
РСетиЛЭ
716	
4 236 411	
6,18	
6,2	
6,05	
6,25	
6,19
MAGE	
МагадЭн ао
374	
3 887 540	
5,98	
5,6	
5,39	
6,7	
5,98
MRKU	
МРСК Ур
323	
3 700 922	
0,168	
0,165	
0,1648	
0,1696	
0,1684
AMEZ	
АшинскийМЗ
500	
3 615 474	
4,025	
4,055	
4,01	
4,075	
4,02
MRKZ	
МРСК СЗ
400	
3 256 924	
0,0542	
0,0546	
0,05355	
0,055	
0,05405
CNTLP	
Телеграф-п
238	
3 209 732	
17,56	
17,5	
17,44	
17,64	
17,6
TGKN	
ТГК-14
162	
2 965 710	
0,00329	
0,00328	
0,00327	
0,00334	
0,00328
KZOS	
ОргСинт ао
450	
2 905 109	
91,7	
92,4	
91	
92,4	
92
LNZLP	
Лензол. ап
234	
2 805 515	
3 660	
3 695	
3 600	
3 735	
3 685
TTLK	
Таттел. ао
367	
2 647 025	
0,2885	
0,291	
0,2825	
0,2925	
0,2875
PMSBP	
ПермьЭнС-п
352	
2 567 238	
161,8	
160,8	
159,2	
163	
162
ALNU	
АЛРОСА-Нюр
42	
2 487 600	
49 800	
50 000	
49 200	
50 000	
49 600
STSB	
СтаврЭнСб
884	
2 439 490	
0,4175	
0,402	
0,385	
0,4545	
0,4015
LNZL	
Лензолото
134	
2 276 490	
8 690	
8 800	
8 650	
8 800	
8 680
AQUA	
РусАква ао
263	
2 212 020	
207	
204,5	
203,5	
208,5	
207
TGKD	
Квадра
206	
2 158 655	
0,003025	
0,00304	
0,002995	
0,003085	
0,00303
PRTK	
ПРОТЕК ао
241	
1 982 641	
98,8	
98,8	
98,1	
99,2	
99
CHMK	
ЧМК ао
265	
1 963 160	
2 470	
2 500	
2 420	
2 510	
2 495
YAKG	
ЯТЭК ао
180	
1 802 850	
40,05	
39,7	
39,55	
41,35	
40,4
USBN	
УралСиб ао
239	
1 713 769	
0,0753	
0,0768	
0,0733	
0,0777	
0,0765
DVEC	
ДЭК ао
208	
1 575 374	
0,853	
0,867	
0,835	
0,876	
0,844
MGTS	
МГТС-5ао
52	
1 558 430	
2 560	
2 590	
2 520	
2 590	
2 580
ASSB	
АстрЭнСб
612	
1 540 081	
0,796	
0,815	
0,777	
0,8195	
0,7925
KZOSP	
ОргСинт ап
939	
1 532 990	
12,61	
12,45	
12,41	
12,84	
12,63
MSTT	
Мостотрест
203	
1 494 420	
162,6	
163,4	
161,95	
163,4	
163,15
RUGR	
Русгрэйн
1 235	
1 435 023	
7,692	
7,71	
7,624	
7,85	
7,71
PMSB	
ПермьЭнСб
223	
1 382 879	
164,6	
162,9	
162,9	
166,1	
164,6
PRMB	
Приморье
45	
1 377 400	
29 400	
29 200	
28 800	
30 600	
29 000
KRSB	
Красэсб ао
96	
1 377 170	
8,72	
8,57	
8,51	
8,95	
8,56
STSBP	
СтаврЭнСбп
521	
1 361 609	
0,3375	
0,3385	
0,32	
0,355	
0,3365
ZVEZ	
ЗВЕЗДА ао
125	
1 347 110	
4,695	
4,53	
4,505	
4,825	
4,505
GTRK	
ГТМ ао
402	
1 345 047	
43,05	
42	
42	
43,5	
42,95
UWGN	
ОВК ао
224	
1 239 336	
241,9	
242,9	
240	
243,7	
242,3
DIOD	
ЗаводДИОД
218	
1 210 766	
5,79	
5,8	
5,7	
5,84	
5,84
RLMN	
Роллман
353	
1 182 626	
18,75	
18,9	
18,3	
19,2	
19,2
MFGSP	
Мегион-ап
26	
1 176 025	
346	
342	
332,5	
350	
336
RGSS	
РГС СК ао
241	
1 129 024	
0,1512	
0,1546	
0,1504	
0,1546	
0,1512
UNKL	
ЮУНК ао
123	
1 119 080	
3 430	
3 430	
3 280	
3 520	
3 510
IRGZ	
ИркЭнерго
137	
1 112 472	
12,36	
12,54	
12,16	
12,54	
12,28
SZPR	
СЗПароход
284	
1 084 942	
796	
836	
766	
836	
788
BRZL	
БурЗолото
70	
972 297	
827	
830	
827	
832	
831
TASB	
ТамбЭнСб
145	
923 420	
0,355	
0,3645	
0,3445	
0,3675	
0,36
TGKBP	
ТГК-2 ап
56	
908 080	
0,00715	
0,00712	
0,00709	
0,00725	
0,00716
MAGEP	
МагадЭн ап
84	
875 280	
7,115	
7,1	
6,83	
7,28	
6,995
KUBE	
Кубанэнр
213	
862 784	
71,2	
73,1	
70,5	
73,2	
72
YKENP	
Якутскэн-п
43	
835 830	
0,3355	
0,3325	
0,3305	
0,35	
0,339
MISBP	
ТНСэМаЭл-п
206	
830 180	
10,4	
10,2	
9,8	
11,2	
10
TASBP	
ТамбЭнСб-п
57	
805 155	
0,358	
0,3615	
0,3525	
0,37	
0,3625
MRKY	
РоссЮг ао
173	
800 475	
0,0518	
0,05185	
0,0506	
0,0521	
0,052
BLNG	
Белон ао
294	
770 797	
4,208	
4,002	
4	
4,39	
4,2
JNOSP	
Слав-ЯНОСп
37	
764 172	
14,96	
15,16	
14,22	
15,16	
14,72
GAZA	
ГАЗ ао
32	
762 955	
393,5	
390	
384	
395	
386
CHEP	
ЧТПЗ ао
122	
752 300	
208	
207	
206	
209	
206,5
KGKC	
КурганГКао
115	
747 810	
56	
55	
55	
58	
58
RUSP	
Русполимет
31	
725 600	
0,62	
0,6135	
0,613	
0,625	
0,624
KGKCP	
КурганГКап
144	
717 850	
59,5	
61	
58	
61	
59,5
NFAZ	
Нефтекамск
103	
689 710	
157,2	
154	
154	
160,8	
157,8
KLSB	
КалужскСК
99	
680 319	
11,69	
11,66	
11,5	
11,92	
11,6
VLHZ	
ВХЗ-ао
164	
657 902	
48,75	
48,8	
48,3	
49,3	
48,75
LVHK	
Левенгук
121	
634 978	
8,16	
8,03	
8,03	
8,35	
8,11
KAZT	
Куйбазот
97	
628 134	
141,8	
142	
140,2	
145	
142
ROLO	
Русолово
68	
580 974	
3,774	
3,784	
3,726	
3,792	
3,79
CNTL	
Телеграф
103	
563 780	
21,25	
21,25	
20,5	
21,7	
21,3
YKEN	
Якутскэнрг
56	
556 975	
0,364	
0,3585	
0,356	
0,3725	
0,363
KOGK	
КоршГОК ао
12	
538 800	
45 000	
44 600	
44 600	
45 400	
45 000
GAZAP	
ГАЗ ап
67	
521 480	
322	
318	
317	
329,5	
318
INGR	
ИНГРАД ао
122	
498 863	
810	
817	
801	
827	
817
KRSBP	
Красэсб ап
42	
493 420	
8,82	
8,82	
8,6	
8,98	
8,76
LPSB	
ЛЭСК ао
196	
451 425	
8,7	
8,4	
8,35	
9,05	
8,45
RBCM	
РБК ао
145	
436 650	
3,274	
3,298	
3,258	
3,298	
3,268
MRKK	
Россети СК
98	
377 592	
26,48	
26,56	
26	
26,68	
26,44
VZRZP	
Возрожд-п
63	
357 566	
295,6	
295,4	
293,6	
299,8	
296,8
UTAR	
ЮТэйр ао
69	
350 142	
6,51	
6,46	
6,46	
6,54	
6,49
EELT	
ЕвроЭлтех
145	
338 488	
7,34	
7,26	
7,22	
7,54	
7,46
NAUK	
iНПОНаука
70	
328 666	
183,6	
185,6	
181	
185,6	
184
KBTK	
КузбТК ао
60	
302 352	
159,2	
156,8	
155,2	
160,6	
160,6
KUZB	
КузнецкийБ
168	
299 549	
0,01684	
0,01708	
0,0166	
0,01709	
0,01674
KAZTP	
Куйбазот-п
84	
284 394	
142,2	
142,6	
138,8	
146	
142,6
PAZA	
ПавлАвт ао
18	
283 470	
7 660	
7 630	
7 620	
7 700	
7 690
RTSBP	
ТНСэнРст-п
63	
281 610	
0,29	
0,301	
0,273	
0,309	
0,285
MRSB	
МордЭнСб
27	
281 490	
0,361	
0,37	
0,36	
0,37	
0,365
ROST	
РОСИНТЕРао
50	
279 248	
59,4	
59,6	
58,6	
60	
59,4
TGKDP	
Квадра-п
52	
269 461	
0,003965	
0,00396	
0,003925	
0,004045	
0,004045
BISVP	
БашИнСв ап
64	
261 650	
7,41	
7,5	
7,31	
7,55	
7,54
MISB	
ТНСэнМарЭл
65	
231 640	
11,6	
11,5	
11,2	
12,3	
11,5
RTGZ	
ГазпРнД ао
4	
231 200	
21 000	
21 100	
21 000	
21 100	
21 000
RKKE	
ЭнергияРКК
28	
230 190	
5 000	
4 990	
4 990	
5 020	
5 000
UCSS	
ОКС ао
67	
219 850	
1 420	
1 440	
1 390	
1 450	
1 430
RDRB	
РДБанк ао
44	
215 250	
250	
255	
240	
260	
255
KROT	
КрасОкт-ао
38	
214 935	
346,5	
348	
344,5	
349	
346,5
HIMCP	
Химпром ап
64	
213 949	
5,91	
5,98	
5,86	
5,98	
5,95
NKHP	
НКХП ао
51	
210 270	
233,5	
233	
232,5	
234,5	
234
MGNZ	
СМЗ-ао
16	
206 470	
4 050	
4 160	
4 010	
4 160	
4 060
SLEN	
Сахэнер ао
35	
205 103	
4,16	
4,175	
4,075	
4,2	
4,085
URKZ	
УрКузница
18	
198 560	
11 040	
10 840	
10 840	
11 200	
11 020
ABRD	
АбрауДюрсо
62	
189 380	
131,5	
130,5	
130,5	
132	
132
SAREP	
СаратЭн-ап
73	
187 084	
0,0904	
0,0902	
0,0878	
0,094	
0,0892
AVAN	
Авангрд-ао
74	
186 225	
745	
745	
740	
755	
740
KRKOP	
ТКЗКК ап
60	
168 013	
5,835	
5,89	
5,805	
5,895	
5,855
TORSP	
ТРК ап
20	
167 575	
0,2795	
0,28	
0,2775	
0,281	
0,2775
WTCM	
ЦМТ ао
45	
164 572	
8,9	
8,9	
8,86	
9	
8,86
HALS	
Галс-Девел
40	
161 866	
786	
783	
776	
794	
782
VJGZ	
Варьеган
25	
152 829	
602	
608	
599	
609	
608
KTSB	
КСБ ао
44	
152 106	
0,572	
0,572	
0,57	
0,576	
0,572
ARSA	
Арсагера
10	
150 300	
3,27	
3,3	
3,24	
3,3	
3,24
VRSB	
ТНСэнВорон
21	
147 860	
47,8	
48,2	
47	
48,2	
48
NKSH	
Нижкамшина
21	
143 156	
23,1	
22,14	
22,14	
23,2	
23,2
KMEZ	
КМЗ
33	
123 012	
450,5	
453	
449	
454	
450
SAGOP	
СамарЭн-ап
22	
118 890	
0,396	
0,392	
0,387	
0,399	
0,398
VSYD	
ВыбСудЗ ао
21	
118 615	
4 090	
4 045	
4 045	
4 150	
4 140
ZILL	
ЗИЛ ао
21	
117 020	
1 410	
1 385	
1 385	
1 430	
1 420
UKUZ	
ЮжКузб. ао
21	
113 400	
532	
538	
522	
538	
522
ALBK	
БестЭфБ ао
32	
112 845	
59	
59,5	
57	
60	
58
WTCMP	
ЦМТ ап
30	
110 720	
8,26	
8,38	
8,22	
8,38	
8,3
KCHE	
КамчатЭ ао
31	
110 290	
0,2005	
0,193	
0,193	
0,2045	
0,204
TORS	
ТРК ао
19	
108 900	
0,403	
0,398	
0,397	
0,408	
0,4
RAVN	
Raven
25	
105 210	
30,05	
33	
29,45	
33	
29,45
NSVZ	
НаукаСвяз
31	
105 095	
228,5	
229,5	
227	
231	
227,5
CHKZ	
ЧКПЗ ао
14	
101 140	
5 320	
5 320	
5 300	
5 400	
5 300
SAGO	
СамарЭн-ао
24	
100 600	
0,402	
0,396	
0,394	
0,408	
0,404
JNOS	
Славн-ЯНОС
24	
91 750	
19,5	
19,45	
19,25	
20	
19,55
SARE	
СаратЭн-ао
17	
91 450	
0,1204	
0,1208	
0,1194	
0,1232	
0,122
RLMNP	
Роллман-п
99	
84 083	
19,38	
19,68	
19,1	
19,78	
19,36
VGSB	
ВолгЭнСб
25	
83 360	
1,7	
1,73	
1,63	
1,75	
1,735
KTSBP	
КСБ ап
19	
76 495	
0,255	
0,2575	
0,252	
0,2595	
0,257
ELTZ	
Электрцинк
73	
67 991	
179,5	
181	
178	
182,5	
178,5
KCHEP	
КамчатЭ ап
19	
67 330	
0,354	
0,346	
0,346	
0,361	
0,358
VJGZP	
Варьеган-п
10	
60 860	
338	
328	
327	
347	
341
DZRDP	
iДонскЗР п
25	
59 670	
1 570	
1 570	
1 560	
1 580	
1 580
RUSI	
ИКРУСС-ИНВ
12	
53 230	
38	
38,5	
37,8	
38,5	
38,2
KBSB	
ТНСэКубань
14	
42 470	
137	
134	
134	
138,5	
138,5
MFGS	
Мегион-ао
5	
41 925	
349,5	
351	
349	
351	
349
TUZA	
ТЗА ао
25	
35 220	
95	
96	
94	
96	
95
OMZZP	
ОМЗ-ап
10	
34 100	
3 410	
3 410	
3 390	
3 420	
3 390
IGSTP	
Ижсталь ап
16	
29 974	
697	
695	
690	
705	
704
KROTP	
КрасОкт-1п
9	
29 400	
267,5	
263	
263	
271,5	
265,5
VRSBP	
ТНСэнВор-п
5	
25 350	
31,5	
31,5	
31,5	
32	
32
VSYDP	
ВыбСудЗ ап
6	
24 960	
4 160	
4 120	
4 120	
4 200	
4 160
YRSB	
ТНСэнЯр
6	
20 280	
170	
168	
168	
170	
170
DZRD	
iДонскЗР
7	
15 110	
1 890	
1 900	
1 875	
1 900	
1 900
ROSB	
Росбанк ао
14	
14 132	
70,8	
70	
70	
71,4	
70,8
IGST	
Ижсталь2ао
6	
11 439	
880	
879	
879	
881	
880
RTSB	
ТНСэнРст
2	
10 100	
0,335	
0,335	
0,335	
0,34	
0,34
YRSBP	
ТНСэнЯр-п
6	
8 510	
85	
85	
85	
85,5	
85,5
CHGZ	
РН-ЗапСиб
1	
6 840	
34,2	
34,2	
34,2	
34,2	
34,2
VGSBP	
ВолгЭнСб-п
2	
2 230	
1,115	
1,095	
1,095	
1,135	
1,135
TNSE	
ТНСэнрг ао
1	
970	
970	
970	
970	
970	
970
NNSBP	
ТНСэнНН ап
1	
541	
541	
541	
541	
541	
541
BISV	
БашИнСв ао
0	
0	
-	
-	
-	
-	
8,7
GAZC	
ГАЗКОН-ао
0	
0	
-	
-	
-	
-	
295
GAZS	
ГАЗ-сервис
0	
0	
-	
-	
-	
-	
293
GAZT	
ГАЗ-Тек ао
0	
0	
-	
-	
-	
-	
85
GTSS	
ГЕОТЕК ао
0	
0	
-	
-	
-	
-	
-
HIMC	
Химпром ао
0	
0	
-	
-	
-	
-	
0,99
KMTZ	
КосогМЗ ао
0	
0	
-	
-	
-	
-	
-
KRKO	
ТКЗКК ао
0	
0	
-	
-	
-	
-	
11,8
KSGR	
Кокс ао
0	
0	
-	
-	
-	
-	
-
KUNF	
КУЗОЦМ ао
0	
0	
-	
-	
-	
-	
-
KZMS	
КЗМС ао
0	
0	
-	
-	
-	
-	
226
MFON	
МегаФон ао
0	
0	
-	
-	
-	
-	
650,6
MORI	
Морион ао
0	
0	
-	
-	
-	
-	
4,31
NNSB	
ТНСэнНН ао
0	
0	
-	
-	
-	
-	
1 270
NPOF	
Физика ао
0	
0	
-	
-	
-	
-	
11 850
TRFM	
ТрансФ ао
0	
0	
-	
-	
-	
-	
-
URKA	
Уркалий-ао
0	
0	
-	
-	
-	
-	
119,04
VZRZ	
Возрожд-ао
0	
0	
-	
-	
-	
-	
480