SBER	
Сбербанк
78 824	
15 895 629 292	
208,11	
205	
204,28	
210,15	
210
GMKN	
ГМКНорНик
39 707	
6 927 701 580	
18 716	
18 700	
18 530	
18 898	
18 734
GAZP	
ГАЗПРОМ ао
49 972	
6 672 321 516	
195,21	
195,39	
194,4	
195,84	
195,65
LKOH	
ЛУКОЙЛ
25 712	
5 565 190 272	
5 372	
5 339,5	
5 322,5	
5 422	
5 413,5
PLZL	
Полюс
16 643	
2 479 539 497	
11 908	
11 942	
11 780	
12 000	
11 971,5
MGNT	
Магнит ао
22 976	
2 143 881 245	
4 168,5	
4 052	
4 047	
4 218	
4 197,5
MTSS	
МТС-ао
15 179	
2 103 125 544	
331,25	
331,5	
329,5	
334	
331,1
TATN	
Татнфт 3ао
20 408	
1 809 461 528	
564,9	
562,1	
558,8	
569,4	
566,9
YNDX	
Yandex clA
23 199	
1 560 910 613	
3 553,4	
3 524	
3 502	
3 588	
3 535,8
AFLT	
Аэрофлот
31 559	
1 560 482 184	
82,62	
82,36	
81,4	
84,22	
82,1
MOEX	
МосБиржа
21 659	
1 405 180 329	
115,46	
113,8	
113,48	
116,33	
116,33
ROSN	
Роснефть
12 375	
1 353 458 909	
365,95	
364,05	
362,5	
367,8	
367,05
POLY	
Polymetal
15 615	
1 338 719 205	
1 374,8	
1 383	
1 343	
1 394,4	
1 394,4
IRAO	
ИнтерРАОао
13 660	
1 303 875 964	
4,9705	
4,8795	
4,875	
5,0225	
5,0225
NVTK	
Новатэк ао
12 314	
1 230 579 343	
1 041	
1 028,2	
1 025	
1 050,6	
1 039
SBERP	
Сбербанк-п
18 506	
1 222 490 151	
191,43	
190,02	
188,99	
192,9	
192,4
HYDR	
РусГидро
29 005	
1 112 970 404	
0,7604	
0,741	
0,7373	
0,769	
0,7649
SNGS	
Сургнфгз
9 280	
1 103 918 515	
38,685	
38,75	
38,34	
38,97	
38,725
ALRS	
АЛРОСА ао
16 684	
916 261 112	
65,19	
64,76	
64,59	
65,59	
65,35
SNGSP	
Сургнфгз-п
11 224	
871 630 262	
35,015	
35,2	
34,85	
35,27	
34,94
VTBR	
ВТБ ао
23 419	
765 163 419	
0,03541	
0,03513	
0,03513	
0,03558	
0,035435
MAGN	
ММК
8 788	
670 695 507	
37,515	
37,16	
37,16	
37,8	
37,605
RSTI	
Россети ао
9 845	
588 718 644	
1,5358	
1,4935	
1,4935	
1,5523	
1,5403
CHMF	
СевСт-ао
15 554	
568 563 697	
867,2	
867,2	
863,6	
874,8	
867,4
AFKS	
Система ао
8 538	
566 425 591	
17,233	
17,231	
16,924	
17,434	
17,172
SIBN	
Газпрнефть
7 682	
532 677 305	
333,3	
333,25	
331,05	
335	
333,2
MAIL	
MAIL-гдр
25 950	
520 591 887	
1 677,4	
1 700,2	
1 610	
1 792	
1 666
DSKY	
ДетскийМир
15 274	
497 818 191	
101,62	
101,6	
100,74	
102,92	
102,1
BANEP	
Башнефт ап
10 977	
495 129 093	
1 454	
1 450	
1 444	
1 460,5	
1 460,5
TRNFP	
Транснф ап
1 879	
484 863 150	
135 650	
135 000	
134 300	
136 900	
136 900
FEES	
ФСК ЕЭС ао
9 176	
435 142 413	
0,1894	
0,18722	
0,18652	
0,1906	
0,1901
NLMK	
НЛМК ао
6 993	
424 367 306	
140,84	
141,1	
140,1	
141,4	
141,22
FIVE	
FIVE-гдр
4 819	
394 563 457	
2 520	
2 502,5	
2 502,5	
2 535	
2 512,5
POGR	
Petropavl
11 852	
350 524 212	
23,89	
23,505	
23,33	
24,6	
23,695
LSRG	
ЛСР ао
12 327	
304 768 704	
710,8	
707	
680	
732	
729,6
CBOM	
МКБ ао
8 566	
240 369 539	
5,615	
5,585	
5,58	
5,636	
5,629
TCSG	
TCS-гдр
7 659	
233 415 306	
1 425,2	
1 440,2	
1 402	
1 447,2	
1 447
PHOR	
ФосАгро ао
5 036	
214 747 469	
2 632	
2 650	
2 606	
2 651	
2 626
TATNP	
Татнфт 3ап
5 979	
196 150 932	
547,6	
545,1	
542,1	
551	
550,4
TGKA	
ТГК-1
12 752	
190 688 828	
0,013014	
0,013086	
0,012858	
0,013108	
0,01299
RTKM	
Ростел -ао
4 576	
163 102 450	
87,97	
88,2	
87,5	
88,48	
87,63
TRMK	
ТМК ао
941	
145 988 475	
60,14	
60,04	
59,92	
60,2	
60,02
RUAL	
РУСАЛ ао
9 748	
136 028 389	
26,265	
26,155	
26,15	
26,44	
26,15
OGKB	
ОГК-2 ао
5 318	
133 473 195	
0,795	
0,7951	
0,789	
0,7984	
0,793
CNTLP	
Телеграф-п
5 695	
106 567 140	
27,92	
29,9	
26,5	
29,94	
27,36
UPRO	
Юнипро ао
2 396	
100 389 790	
2,791	
2,799	
2,775	
2,807	
2,775
MSNG	
+МосЭнерго
2 382	
75 121 234	
2,186	
2,22	
2,1475	
2,23	
2,178
BANE	
Башнефт ао
2 937	
63 793 603	
1 870	
1 838,5	
1 838	
1 888,5	
1 873
NMTP	
НМТП ао
4 986	
60 227 236	
10,555	
10,55	
10,485	
10,605	
10,55
LNTA	
Лента др
4 420	
60 171 537	
171,1	
171,7	
169,8	
172	
171,7
NKNCP	
НКНХ ап
2 966	
59 414 693	
89,5	
89,4	
89,2	
90,5	
89,72
MTLR	
Мечел ао
6 140	
53 577 396	
66,09	
65,58	
65,27	
66,7	
66,33
MVID	
М.видео
1 388	
52 703 091	
406,4	
407	
404	
409,5	
404,3
RSTIP	
Россети ап
13 162	
49 318 769	
2,092	
2,01	
2,01	
2,139	
2,124
QIWI	
iQIWI
2 500	
48 168 369	
1 246	
1 228	
1 227,5	
1 260	
1 253
ENRU	
ЭнелРос ао
2 984	
47 777 489	
1,009	
1,008	
1	
1,0125	
1,009
RASP	
Распадская
1 228	
47 537 789	
110,42	
109,3	
108,26	
112	
110,92
APTK	
Аптеки36и6
8 557	
46 931 434	
14,346	
14,42	
13,904	
14,972	
14,012
AKRN	
Акрон
985	
45 173 128	
5 548	
5 578	
5 516	
5 584	
5 570
ETLN	
ETLN-гдр
2 732	
40 237 059	
98,82	
98,94	
96,8	
101,4	
101,16
PIKK	
ПИК ао
1 704	
31 032 344	
426,9	
427,5	
424,2	
428	
427,9
AGRO	
AGRO-гдр
2 123	
30 428 622	
647,6	
648,4	
640,8	
651,2	
648,4
MRKP	
МРСК ЦП
1 243	
25 955 384	
0,1976	
0,1996	
0,195	
0,1996	
0,1965
CNTL	
Телеграф
1 573	
24 686 040	
31	
33,9	
30	
34,95	
30,35
RTKMP	
Ростел -ап
1 376	
24 537 075	
78,75	
78,1	
77,85	
79,55	
79,55
LSNGP	
РСетиЛЭ-п
1 345	
23 365 704	
156,9	
155	
154,65	
157,95	
156,8
IRKT	
ИРКУТ-3
803	
15 470 458	
36,4	
34,48	
34,48	
37,6	
36,48
BSPB	
БСП ао
1 566	
15 186 175	
40,85	
40,91	
40,74	
41	
40,78
RUSP	
Русполимет
1 034	
14 932 140	
0,6725	
0,631	
0,619	
0,72	
0,6615
NKNC	
НКНХ ао
934	
14 496 960	
99,5	
100,3	
97,2	
100,3	
99,8
VSMO	
ВСМПО-АВСМ
363	
13 955 200	
18 840	
18 560	
18 540	
19 100	
18 940
OBUV	
ОР ао
1 346	
12 205 148	
32,8	
33	
32,15	
33,5	
32,5
MTLRP	
Мечел ап
885	
11 754 837	
82,4	
82,6	
81,5	
82,95	
82,35
KRKNP	
СаратНПЗ-п
433	
11 087 140	
15 700	
15 840	
15 500	
15 840	
15 780
SVAV	
СОЛЛЕРС
131	
9 974 650	
259,5	
257	
254	
261	
257
AQUA	
РусАква ао
352	
8 672 570	
207,5	
204	
202	
216	
208
SELG	
Селигдар
1 006	
8 140 336	
23,95	
24,58	
23,02	
24,97	
24,15
ISKJ	
iИСКЧ ао
851	
7 307 659	
25,67	
26,44	
25,05	
26,44	
25,62
SFIN	
САФМАР ао
391	
5 253 902	
463	
457	
457	
466,6	
460
MOBB	
МосОблБанк
1 481	
5 250 059	
0,85	
0,868	
0,82	
0,916	
0,85
MRKV	
РсетВол ао
500	
5 155 841	
0,0764	
0,0752	
0,0752	
0,0772	
0,07605
MRKC	
МРСК Центр
585	
4 749 522	
0,282	
0,2784	
0,2784	
0,2844	
0,2834
LIFE	
iФармсинтз
646	
4 560 474	
6,7	
6,675	
6,585	
6,795	
6,68
RNFT	
РуссНфт ао
999	
4 299 654	
541,8	
537	
535,4	
544,8	
543,6
SLEN	
Сахэнер ао
387	
4 111 982	
4,615	
4,055	
4,015	
5,065	
4,78
DVEC	
ДЭК ао
481	
3 979 393	
1,018	
1,017	
0,982	
1,076	
1,024
FESH	
ДВМП ао
370	
3 939 584	
7,27	
7,31	
7,22	
7,36	
7,27
VRSB	
ТНСэнВорон
354	
3 922 120	
50,6	
47,2	
47,2	
53,6	
50
RTSB	
ТНСэнРст
170	
3 886 950	
0,4	
0,385	
0,375	
0,41	
0,39
RTGZ	
ГазпРнД ао
33	
3 692 050	
23 650	
22 600	
22 150	
24 000	
23 800
TGKB	
ТГК-2
273	
3 681 560	
0,00402	
0,004005	
0,00398	
0,00407	
0,004005
MSTT	
Мостотрест
400	
3 654 336	
150,8	
147	
146,85	
154,55	
151,8
LNZL	
Лензолото
144	
3 653 760	
8 560	
8 510	
8 460	
8 620	
8 540
UNAC	
iАвиастКао
361	
3 592 139	
0,4755	
0,471	
0,466	
0,4835	
0,48
URKZ	
УрКузница
67	
3 292 720	
12 420	
12 160	
12 120	
12 920	
12 720
ALNU	
АЛРОСА-Нюр
35	
2 978 000	
54 200	
53 800	
53 400	
54 600	
54 000
TNSE	
ТНСэнрг ао
477	
2 927 720	
1 060	
1 000	
980	
1 160	
1 020
VRSBP	
ТНСэнВор-п
333	
2 911 500	
46	
40	
40	
53	
48,5
MRKZ	
МРСК СЗ
541	
2 885 752	
0,04965	
0,04895	
0,0489	
0,05025	
0,05
VSYD	
ВыбСудЗ ао
372	
2 812 480	
4 175	
3 920	
3 860	
4 390	
4 110
MRKS	
РсетСиб ао
72	
2 666 340	
0,2455	
0,2415	
0,238	
0,251	
0,248
UNKL	
ЮУНК ао
264	
2 578 840	
3 900	
3 620	
3 610	
4 150	
3 950
YAKG	
ЯТЭК ао
54	
2 464 925	
41,1	
41,05	
41	
41,35	
41,1
ENPG	
ЭН+ГРУП ао
248	
2 394 425	
592,5	
589,5	
588	
593,5	
590
NAUK	
iНПОНаука
256	
2 237 766	
190,2	
178	
178	
200	
184
MGTSP	
МГТС-4ап
249	
2 235 924	
1 996	
1 986	
1 986	
2 000	
2 000
RUGR	
Русгрэйн
2 135	
2 100 905	
7,198	
7,004	
6,942	
7,484	
7,094
GCHE	
ЧеркизГ-ао
318	
2 000 519	
1 735	
1 749	
1 722,5	
1 749	
1 737,5
PRTK	
ПРОТЕК ао
130	
1 799 237	
99,4	
99,4	
98,8	
99,6	
99,5
USBN	
УралСиб ао
125	
1 708 554	
0,0685	
0,0686	
0,0677	
0,07	
0,0677
GEMA	
iММЦБ ао
271	
1 623 932	
606,5	
601	
598,5	
613	
610
UTAR	
ЮТэйр ао
287	
1 608 982	
7,36	
7,46	
7,12	
7,67	
7,26
GAZAP	
ГАЗ ап
92	
1 582 470	
316,5	
320	
313,5	
320,5	
317
KMAZ	
КАМАЗ
292	
1 540 143	
57,7	
57,3	
56,8	
58	
57,6
KZOSP	
ОргСинт ап
362	
1 434 109	
11,82	
11,9	
11,76	
11,9	
11,8
MSRS	
РСетиМР ао
178	
1 431 201	
1,1095	
1,0995	
1,0995	
1,114	
1,112
KZOS	
ОргСинт ао
291	
1 362 326	
89,2	
88,5	
88,5	
89,5	
89,3
KAZT	
Куйбазот
133	
1 297 968	
140,4	
141,4	
138,4	
143,4	
143,2
CHEP	
ЧТПЗ ао
248	
1 275 405	
197,5	
195,5	
195	
201,5	
200,5
TTLK	
Таттел. ао
108	
1 174 975	
0,282	
0,2845	
0,28	
0,285	
0,284
MISBP	
ТНСэМаЭл-п
107	
1 056 940	
11,8	
11,6	
11,2	
12	
12
KOGK	
КоршГОК ао
22	
1 036 800	
45 000	
45 200	
44 000	
45 800	
45 200
MAGE	
МагадЭн ао
93	
1 032 430	
7,7	
8,28	
7,47	
8,28	
7,61
ASSB	
АстрЭнСб
241	
1 023 706	
0,837	
0,849	
0,83	
0,89	
0,833
LSNG	
РСетиЛЭ
214	
1 017 500	
6,03	
6,03	
6,01	
6,05	
6,03
PMSBP	
ПермьЭнС-п
272	
973 668	
131,4	
130	
130	
140	
131,6
AMEZ	
АшинскийМЗ
172	
965 104	
4,1	
4,035	
4,035	
4,12	
4,11
RBCM	
РБК ао
211	
948 346	
3,214	
3,23	
3,168	
3,238	
3,212
KLSB	
КалужскСК
141	
920 318	
11,59	
11,66	
11,49	
11,8	
11,57
TGKN	
ТГК-14
67	
900 640	
0,00318	
0,00314	
0,00314	
0,0032	
0,00316
MRSB	
МордЭнСб
59	
895 970	
0,346	
0,367	
0,34	
0,367	
0,347
KUBE	
Кубанэнр
235	
864 968	
73,4	
70,9	
70,2	
75,4	
71,8
IRGZ	
ИркЭнерго
180	
860 098	
11,62	
11,68	
11,48	
11,74	
11,62
RZSB	
РязЭнСб
27	
756 600	
9,7	
9,98	
9,62	
9,98	
9,82
TASBP	
ТамбЭнСб-п
153	
747 740	
0,37	
0,358	
0,353	
0,3925	
0,356
RGSS	
РГС СК ао
168	
732 974	
0,1472	
0,1468	
0,1462	
0,1484	
0,1478
SELGP	
Селигдар-п
105	
677 965	
25,9	
26,1	
25,7	
26,15	
25,8
NKHP	
НКХП ао
120	
666 280	
226	
228,5	
210	
231	
229
VSYDP	
ВыбСудЗ ап
94	
661 720	
4 260	
4 140	
4 100	
4 480	
4 140
PMSB	
ПермьЭнСб
191	
641 324	
130,6	
130,8	
129,1	
132,6	
131,4
INGR	
ИНГРАД ао
119	
634 086	
741	
738	
735	
747	
743
NNSB	
ТНСэнНН ао
165	
621 195	
1 310	
1 270	
1 255	
1 380	
1 315
MISB	
ТНСэнМарЭл
149	
617 170	
12,2	
11,9	
11,5	
13,7	
12,3
LNZLP	
Лензол. ап
73	
603 725	
3 635	
3 645	
3 605	
3 670	
3 645
BELU	
Белуга ао
99	
599 885	
1 348	
1 340	
1 313	
1 369	
1 362
ABRD	
АбрауДюрсо
92	
599 250	
130,5	
129,5	
129,5	
131	
130,5
TRCN	
ТрансК ао
33	
581 655	
8 555	
8 080	
8 080	
8 600	
8 555
MRKK	
Россети СК
143	
580 688	
25,96	
26,68	
25,86	
26,72	
26,28
MGTS	
МГТС-5ао
44	
565 640	
2 355	
2 375	
2 320	
2 380	
2 340
KRSBP	
Красэсб ап
37	
533 820	
7,12	
7,18	
7,02	
7,34	
7,14
MRKU	
МРСК Ур
58	
528 138	
0,1596	
0,1594	
0,1582	
0,1602	
0,1592
LPSB	
ЛЭСК ао
74	
471 055	
7,5	
7,65	
7,45	
7,65	
7,55
GTRK	
ГТМ ао
236	
464 207	
41,8	
41,5	
41,15	
42,15	
41,6
MAGEP	
МагадЭн ап
20	
453 645	
6,875	
6,97	
6,635	
6,97	
6,75
YRSBP	
ТНСэнЯр-п
59	
440 340	
88	
87	
85	
90,5	
85
KTSBP	
КСБ ап
82	
414 335	
0,256	
0,2445	
0,2445	
0,263	
0,2575
UWGN	
ОВК ао
112	
406 800	
237,3	
241,8	
236,3	
241,8	
236,5
DIOD	
ЗаводДИОД
78	
406 010	
5,72	
5,68	
5,67	
5,76	
5,76
KRKN	
СаратНПЗ
26	
392 450	
13 100	
12 800	
12 800	
13 300	
13 100
ZVEZ	
ЗВЕЗДА ао
48	
363 145	
4,485	
4,585	
4,4	
4,585	
4,5
KRSB	
Красэсб ао
27	
350 750	
7,02	
7,05	
6,9	
7,05	
7,04
HIMCP	
Химпром ап
56	
304 120	
5,92	
5,92	
5,86	
5,94	
5,93
KROT	
КрасОкт-ао
37	
292 345	
352	
351,5	
347	
356	
352
TGKBP	
ТГК-2 ап
27	
281 640	
0,00722	
0,00711	
0,00711	
0,00726	
0,00712
RUSI	
ИКРУСС-ИНВ
30	
276 070	
37,3	
38,2	
36,7	
38,9	
37,1
CHMK	
ЧМК ао
28	
275 090	
2 480	
2 435	
2 435	
2 585	
2 475
MRKY	
РоссЮг ао
76	
269 828	
0,05005	
0,0501	
0,0498	
0,05035	
0,05
WTCM	
ЦМТ ао
19	
261 850	
8,86	
8,84	
8,82	
8,92	
8,84
ZILL	
ЗИЛ ао
44	
258 755	
2 590	
2 595	
2 555	
2 600	
2 575
TASB	
ТамбЭнСб
46	
246 905	
0,449	
0,417	
0,417	
0,473	
0,4495
MFGSP	
Мегион-ап
2	
242 730	
328	
328	
328	
329	
329
KBSB	
ТНСэКубань
51	
240 570	
188	
183,5	
178	
194	
185
TGKD	
Квадра
58	
240 244	
0,003065	
0,003125	
0,00305	
0,003125	
0,003085
BISVP	
БашИнСв ап
56	
239 317	
8,28	
8,25	
8,14	
8,43	
8,23
RLMN	
Роллман
113	
232 339	
18,85	
18,9	
18,65	
19,05	
18,85
KTSB	
КСБ ао
73	
213 334	
0,598	
0,582	
0,582	
0,624	
0,598
PAZA	
ПавлАвт ао
25	
209 310	
7 750	
7 700	
7 700	
7 850	
7 710
ELTZ	
Электрцинк
122	
201 453	
162,5	
161,5	
161	
165	
164,5
CHKZ	
ЧКПЗ ао
13	
192 920	
5 220	
5 160	
5 160	
5 240	
5 220
IGST	
Ижсталь2ао
28	
188 035	
825	
821	
815	
830	
820
VJGZP	
Варьеган-п
8	
186 890	
340	
332	
332	
341	
339
BLNG	
Белон ао
47	
171 270	
4,002	
4,008	
3,998	
4,018	
4,018
PRMB	
Приморье
6	
168 200	
24 000	
24 000	
23 600	
24 200	
23 600
KBTK	
КузбТК ао
46	
153 740	
153,8	
156	
150,2	
157,6	
155,4
KMEZ	
КМЗ
83	
150 810	
461	
457	
457	
466	
458,5
ROSB	
Росбанк ао
38	
149 274	
69,8	
70	
69	
71	
70,4
KCHE	
КамчатЭ ао
24	
146 415	
0,212	
0,21	
0,2095	
0,2165	
0,2155
VLHZ	
ВХЗ-ао
48	
139 938	
48,75	
48,65	
48,55	
48,95	
48,95
VZRZP	
Возрожд-п
19	
138 028	
306,8	
305,4	
305,2	
307,6	
306
JNOS	
Славн-ЯНОС
31	
136 580	
18,7	
19,4	
18,4	
19,4	
18,85
ROST	
РОСИНТЕРао
19	
134 100	
61	
62,8	
60,6	
62,8	
60,8
KGKCP	
КурганГКап
37	
132 500	
54,5	
55	
54	
55,5	
54
ROLO	
Русолово
27	
127 098	
3,852	
3,83	
3,792	
3,89	
3,88
JNOSP	
Слав-ЯНОСп
21	
126 052	
14,16	
14,22	
13,94	
14,24	
14,06
KUZB	
КузнецкийБ
106	
124 352	
0,01541	
0,01561	
0,01531	
0,01563	
0,0154
DZRDP	
iДонскЗР п
68	
123 620	
1 630	
1 620	
1 610	
1 650	
1 620
BRZL	
БурЗолото
45	
123 061	
826	
824	
824	
830	
825
HALS	
Галс-Девел
19	
122 335	
751	
740	
740	
756	
750
NNSBP	
ТНСэнНН ап
52	
121 172	
556	
546	
545	
575	
560
CHGZ	
РН-ЗапСиб
22	
117 460	
32,6	
33	
32	
34	
33,8
YRSB	
ТНСэнЯр
33	
113 120	
166	
166	
162	
172	
166
YKEN	
Якутскэнрг
14	
111 970	
0,35	
0,342	
0,341	
0,3545	
0,354
RAVN	
Raven
12	
106 325	
29,55	
29,65	
29,2	
29,65	
29,2
RTSBP	
ТНСэнРст-п
19	
95 450	
0,298	
0,3	
0,291	
0,302	
0,301
KAZTP	
Куйбазот-п
30	
95 026	
146,2	
148,2	
144,2	
148,8	
145
RKKE	
ЭнергияРКК
17	
94 300	
4 960	
4 990	
4 930	
5 000	
4 960
IGSTP	
Ижсталь ап
31	
83 370	
656	
655	
654	
664	
664
NFAZ	
Нефтекамск
26	
81 464	
166,4	
167	
163,2	
169	
166,8
ALBK	
БестЭфБ ао
24	
80 265	
52	
52	
51,5	
53	
52,5
SAGOP	
СамарЭн-ап
15	
80 220	
0,401	
0,394	
0,39	
0,406	
0,405
RDRB	
РДБанк ао
16	
78 500	
245	
245	
245	
250	
245
RLMNP	
Роллман-п
61	
73 998	
19,58	
19,64	
19,14	
20,02	
19,84
SAGO	
СамарЭн-ао
17	
73 720	
0,434	
0,422	
0,422	
0,44	
0,44
MGNZ	
СМЗ-ао
12	
72 380	
4 020	
4 010	
4 000	
4 040	
4 040
TORS	
ТРК ао
12	
68 490	
0,381	
0,379	
0,379	
0,382	
0,382
VJGZ	
Варьеган
12	
61 919	
595	
600	
586	
600	
590
NKSH	
Нижкамшина
12	
58 500	
22,5	
22,48	
22,48	
22,76	
22,52
KRKOP	
ТКЗКК ап
40	
57 781	
5,72	
5,72	
5,71	
5,815	
5,78
DZRD	
iДонскЗР
13	
56 165	
1 935	
1 930	
1 910	
1 940	
1 940
AVAN	
Авангрд-ао
24	
54 295	
695	
700	
695	
705	
695
GAZA	
ГАЗ ао
6	
54 280	
387,5	
384,5	
384,5	
398	
390,5
YKENP	
Якутскэн-п
4	
50 320	
0,3355	
0,3325	
0,3325	
0,346	
0,346
LVHK	
Левенгук
22	
50 237	
7,85	
7,69	
7,69	
8,1	
7,9
SAREP	
СаратЭн-ап
13	
49 702	
0,092	
0,092	
0,0914	
0,0924	
0,0914
STSB	
СтаврЭнСб
24	
47 779	
0,395	
0,404	
0,385	
0,404	
0,393
NSVZ	
НаукаСвяз
16	
46 090	
230,5	
227,5	
227,5	
238	
234
TUZA	
ТЗА ао
11	
45 420	
95	
94	
94	
96	
96
STSBP	
СтаврЭнСбп
25	
45 139	
0,3345	
0,3335	
0,331	
0,3365	
0,336
WTCMP	
ЦМТ ап
21	
43 214	
8	
8,16	
7,94	
8,16	
8,02
TORSP	
ТРК ап
14	
39 830	
0,2655	
0,262	
0,262	
0,2685	
0,2645
ARSA	
Арсагера
8	
35 880	
3,26	
3,24	
3,23	
3,3	
3,28
TGKDP	
Квадра-п
19	
33 797	
0,00393	
0,003995	
0,00392	
0,004	
0,00397
UCSS	
ОКС ао
7	
19 930	
1 420	
1 420	
1 420	
1 440	
1 430
OMZZP	
ОМЗ-ап
5	
19 480	
3 245	
3 285	
3 235	
3 285	
3 235
VGSB	
ВолгЭнСб
8	
18 915	
1,575	
1,58	
1,575	
1,58	
1,58
SARE	
СаратЭн-ао
8	
13 244	
0,1204	
0,1212	
0,1188	
0,1212	
0,1188
VGSBP	
ВолгЭнСб-п
6	
12 165	
1,105	
1,09	
1,09	
1,11	
1,105
KROTP	
КрасОкт-1п
4	
10 360	
259	
263	
256	
263	
256
KGKC	
КурганГКао
4	
5 400	
54	
54	
54	
54	
54
MFGS	
Мегион-ао
1	
3 520	
352	
352	
352	
352	
352
UKUZ	
ЮжКузб. ао
6	
3 148	
526	
522	
522	
528	
522
BISV	
БашИнСв ао
0	
0	
-	
-	
-	
-	
8,7
GAZC	
ГАЗКОН-ао
0	
0	
-	
-	
-	
-	
295
GAZS	
ГАЗ-сервис
0	
0	
-	
-	
-	
-	
293
GAZT	
ГАЗ-Тек ао
0	
0	
-	
-	
-	
-	
85
GTSS	
ГЕОТЕК ао
0	
0	
-	
-	
-	
-	
-
HIMC	
Химпром ао
0	
0	
-	
-	
-	
-	
0,99
KCHEP	
КамчатЭ ап
0	
0	
-	
-	
-	
-	
0,357
KMTZ	
КосогМЗ ао
0	
0	
-	
-	
-	
-	
-
KRKO	
ТКЗКК ао
0	
0	
-	
-	
-	
-	
11,8
KSGR	
Кокс ао
0	
0	
-	
-	
-	
-	
-
KUNF	
КУЗОЦМ ао
0	
0	
-	
-	
-	
-	
-
KZMS	
КЗМС ао
0	
0	
-	
-	
-	
-	
226
MFON	
МегаФон ао
0	
0	
-	
-	
-	
-	
650,6
MORI	
Морион ао
0	
0	
-	
-	
-	
-	
4,31
NPOF	
Физика ао
0	
0	
-	
-	
-	
-	
11 850
TRFM	
ТрансФ ао
0	
0	
-	
-	
-	
-	
-
URKA	
Уркалий-ао
0	
0	
-	
-	
-	
-	
119,04
VZRZ	
Возрожд-ао
0	
0	
-	
-	
-	
-	
480