SBER	
Сбербанк
112 828	
17 450 608 747	
224,15	
228,56	
220,85	
228,75	
221,8
GMKN	
ГМКНорНик
42 377	
12 864 769 212	
20 020	
19 968	
19 526	
20 238	
20 020
YNDX	
Yandex clA
92 798	
12 409 653 215	
5 035,4	
5 070	
4 943	
5 118,2	
4 969,8
GAZP	
ГАЗПРОМ ао
75 800	
9 239 728 294	
183,61	
184,8	
181,1	
186,29	
182,01
LKOH	
ЛУКОЙЛ
52 647	
7 589 542 472	
4 909,5	
4 952,5	
4 828,5	
4 978,5	
4 845
PLZL	
Полюс
28 636	
4 171 248 927	
17 453,5	
17 800	
17 253,5	
17 869	
17 478,5
DSKY	
ДетскийМир
57 853	
3 632 513 372	
112,24	
112	
110,7	
113,48	
112,1
IRAO	
ИнтерРАОао
32 400	
3 068 651 147	
5,488	
5,439	
5,3555	
5,6	
5,4
SBERP	
Сбербанк-п
44 665	
2 580 860 100	
215,1	
217,57	
212,05	
218,2	
213,88
MGNT	
Магнит ао
22 322	
2 365 367 052	
4 564	
4 500	
4 444,5	
4 619	
4 606
SNGS	
Сургнфгз
34 703	
2 336 612 895	
36,41	
36,93	
35,795	
37,08	
35,84
TATN	
Татнфт 3ао
29 918	
1 957 943 287	
546,9	
552,2	
541,4	
553,5	
543,2
NVTK	
Новатэк ао
19 041	
1 847 060 311	
1 111,4	
1 109	
1 093	
1 124,4	
1 102,2
NLMK	
НЛМК ао
21 378	
1 691 329 404	
162,2	
161,22	
160,48	
163,38	
162,34
ROSN	
Роснефть
17 568	
1 685 820 767	
372,55	
374,15	
367,3	
377,5	
373,1
MOEX	
МосБиржа
23 129	
1 621 093 048	
138,05	
138,08	
136,58	
139,19	
137,89
POLY	
Polymetal
25 357	
1 612 155 498	
1 995,6	
2 030,9	
1 964	
2 043	
1 974
SNGSP	
Сургнфгз-п
30 240	
1 296 440 743	
37,405	
37,235	
37,07	
37,78	
37,73
CHMF	
СевСт-ао
20 499	
1 285 248 183	
951,4	
948,4	
941	
959,4	
950
MTSS	
МТС-ао
15 870	
1 202 484 403	
338,15	
339,9	
333,55	
342,9	
337
VTBR	
ВТБ ао
30 696	
1 069 672 816	
0,035665	
0,0361	
0,03516	
0,03616	
0,03548
MAIL	
MAIL-гдр
22 285	
1 061 918 977	
2 370,6	
2 400	
2 310,8	
2 418	
2 316,8
AFKS	
Система ао
16 464	
1 038 507 607	
21,066	
21,501	
20,654	
21,7	
20,948
MAGN	
ММК
13 538	
951 184 612	
37,765	
38,3	
37,325	
38,38	
37,67
ALRS	
АЛРОСА ао
19 516	
947 709 693	
67,28	
68,35	
66,06	
68,53	
66,66
POGR	
Petropavl
15 995	
936 162 949	
35,785	
36,805	
35,01	
36,895	
35,415
FEES	
ФСК ЕЭС ао
15 267	
607 663 298	
0,19958	
0,1977	
0,19622	
0,2024	
0,19962
HYDR	
РусГидро
15 745	
570 350 989	
0,7356	
0,7396	
0,726	
0,7466	
0,73
FIVE	
FIVE-гдр
10 660	
568 462 622	
2 661,5	
2 604	
2 591,5	
2 704,5	
2 682
SIBN	
Газпрнефть
11 316	
535 442 254	
315,55	
317,75	
313,25	
318,9	
313,25
TCSG	
TCS-гдр
11 246	
434 251 501	
1 830	
1 807,4	
1 773	
1 869,6	
1 869,6
AFLT	
Аэрофлот
11 066	
413 725 775	
81,6	
82,02	
80,88	
82,6	
81,78
RSTI	
Россети ао
8 269	
393 186 741	
1,4761	
1,49	
1,4478	
1,5034	
1,4701
TATNP	
Татнфт 3ап
9 132	
368 439 379	
533,2	
530,8	
527,3	
539,2	
531
RUAL	
РУСАЛ ао
9 654	
336 719 062	
31,6	
31,465	
31,11	
32,15	
31,54
CBOM	
МКБ ао
8 353	
336 082 514	
5,895	
5,906	
5,857	
5,927	
5,87
TRNFP	
Транснф ап
1 425	
311 721 950	
138 500	
139 600	
136 250	
140 300	
138 050
UPRO	
Юнипро ао
4 560	
307 237 480	
2,752	
2,746	
2,725	
2,763	
2,75
RTKM	
Ростел -ао
8 062	
300 958 837	
96,94	
97,8	
95,65	
97,92	
96,75
MVID	
М.видео
6 374	
219 391 092	
579,1	
577,8	
572,1	
584,9	
579
PHOR	
ФосАгро ао
5 084	
201 757 940	
2 739	
2 741	
2 701	
2 768	
2 762
PIKK	
ПИК ао
3 990	
135 260 947	
530	
527	
521,1	
540	
533,4
OGKB	
ОГК-2 ао
4 756	
133 458 212	
0,7411	
0,7369	
0,7313	
0,7545	
0,736
LNTA	
Лента др
5 512	
97 548 675	
204,9	
204,1	
201,5	
208,9	
202,6
LSRG	
ЛСР ао
5 056	
91 972 675	
789,8	
793,4	
783,6	
793,4	
790,4
BANEP	
Башнефт ап
3 440	
71 580 453	
1 328,5	
1 332,5	
1 319	
1 338	
1 328
SFIN	
САФМАР ао
68	
71 429 120	
528,2	
528,2	
527,8	
528,8	
528,2
QIWI	
iQIWI
3 884	
70 749 035	
1 294	
1 309	
1 266,5	
1 319,5	
1 275,5
RASP	
Распадская
1 531	
57 984 364	
113,5	
116	
111,4	
116,18	
113,12
ETLN	
ETLN-гдр
2 466	
54 146 384	
116,64	
117,6	
114,2	
118,88	
114,52
NMTP	
НМТП ао
4 156	
49 398 536	
8,76	
8,77	
8,655	
8,835	
8,655
SELG	
Селигдар
2 704	
49 062 488	
47,07	
48,15	
46,31	
48,17	
46,65
TGKA	
ТГК-1
5 164	
44 980 656	
0,011554	
0,01165	
0,011364	
0,011684	
0,011474
AGRO	
AGRO-гдр
2 764	
43 373 542	
753,6	
754,8	
738,6	
761,8	
752,2
ENRU	
ЭнелРос ао
2 805	
43 291 425	
0,9175	
0,918	
0,91	
0,926	
0,913
TRMK	
ТМК ао
568	
41 107 035	
58,48	
58,78	
57,8	
58,96	
58,88
AQUA	
РусАква ао
1 425	
38 652 575	
228	
225,5	
225	
233,5	
228
RTKMP	
Ростел -ап
2 134	
35 961 686	
88,85	
88,55	
88	
89,45	
88,4
BSPB	
БСП ао
2 449	
35 520 206	
43,59	
44,06	
42,86	
44,49	
43,06
MTLR	
Мечел ао
3 096	
33 281 931	
64,73	
64,61	
64,22	
65,15	
64,45
FESH	
ДВМП ао
1 998	
33 041 508	
7,83	
7,52	
7,51	
8,19	
7,67
LSNGP	
РСетиЛЭ-п
1 830	
29 067 118	
149,6	
151,55	
146,05	
151,75	
149,15
MTLRP	
Мечел ап
1 767	
27 917 498	
71,45	
70,85	
70,75	
72,1	
71,15
MRKP	
МРСК ЦП
878	
20 330 207	
0,2136	
0,2122	
0,2101	
0,2176	
0,2119
MSNG	
+МосЭнерго
805	
18 577 918	
2,0845	
2,101	
2,0625	
2,1085	
2,087
ENPG	
ЭН+ГРУП ао
604	
16 463 740	
677	
682,5	
669	
688	
670
LIFE	
iФармсинтз
568	
13 238 219	
7,35	
7,445	
7,27	
7,535	
7,305
OBUV	
ОР ао
1 396	
13 162 946	
34,8	
35,1	
34,35	
35,3	
34,55
CNTLP	
Телеграф-п
1 329	
12 499 934	
15,42	
15,84	
15,28	
15,84	
15,34
RSTIP	
Россети ап
738	
12 256 017	
2,068	
2,054	
2,033	
2,09	
2,05
TUZA	
ТЗА ао
1 172	
12 142 560	
116	
107	
107	
125	
118
NKNCP	
НКНХ ап
1 210	
11 845 655	
79,6	
79,52	
79,2	
80	
79,3
AKRN	
Акрон
463	
10 259 964	
5 872	
5 842	
5 842	
5 912	
5 884
CNTL	
Телеграф
926	
9 697 300	
17,55	
17,9	
17,2	
18	
17,25
SLEN	
Сахэнер ао
1 191	
9 293 336	
7,33	
6,91	
6,91	
7,815	
7,005
SELGP	
Селигдар-п
453	
9 289 585	
35,2	
35,4	
34,7	
35,55	
35,3
VSMO	
ВСМПО-АВСМ
272	
9 040 560	
17 580	
17 620	
17 500	
17 680	
17 580
TGKB	
ТГК-2
401	
8 712 060	
0,004285	
0,004295	
0,00419	
0,00441	
0,004225
MRKV	
РсетВол ао
386	
8 478 305	
0,07195	
0,071	
0,07095	
0,072	
0,0718
UNAC	
iАвиастКао
783	
7 781 621	
0,471	
0,4805	
0,465	
0,481	
0,467
LNZLP	
Лензол. ап
583	
7 186 640	
4 575	
4 710	
4 510	
4 715	
4 600
ISKJ	
iИСКЧ ао
681	
6 606 082	
21,78	
22,36	
21,03	
22,58	
21,59
GCHE	
ЧеркизГ-ао
495	
6 540 845	
1 901,5	
1 901	
1 893	
1 911	
1 893
MRKC	
МРСК Центр
472	
6 405 002	
0,2928	
0,2908	
0,2858	
0,2956	
0,2898
BANE	
Башнефт ао
451	
6 345 966	
1 728	
1 731	
1 725	
1 734	
1 728,5
KMAZ	
КАМАЗ
856	
5 485 967	
63	
63,2	
61,7	
64,5	
62,3
LNZL	
Лензолото
145	
5 346 160	
17 880	
17 940	
17 800	
18 040	
17 840
ABRD	
АбрауДюрсо
661	
5 321 355	
211,5	
215,5	
204,5	
217,5	
208
ALBK	
БестЭфБ ао
860	
4 714 775	
65	
67,5	
61,5	
69,5	
64,5
RNFT	
РуссНфт ао
675	
4 691 546	
421,2	
420,2	
410	
433,8	
428,6
SVAV	
СОЛЛЕРС
168	
4 386 580	
287	
288	
283,5	
290	
284
APTK	
Аптеки36и6
1 380	
4 247 096	
13,428	
13,39	
13,35	
13,49	
13,452
KRKNP	
СаратНПЗ-п
147	
4 106 720	
15 560	
15 580	
15 480	
15 640	
15 540
MGTSP	
МГТС-4ап
195	
3 954 874	
2 002	
2 016	
1 998	
2 016	
2 004
DIOD	
ЗаводДИОД
583	
3 490 238	
7,28	
7,21	
7,04	
7,5	
7,21
ROLO	
Русолово
225	
2 992 386	
7,158	
7,19	
7,042	
7,348	
7,05
YAKG	
ЯТЭК ао
32	
2 957 135	
42	
42,1	
41,8	
42,4	
42,15
RAVN	
Raven
87	
2 704 875	
29,4	
29,85	
29	
29,85	
29,55
UNKL	
ЮУНК ао
257	
2 703 900	
7 150	
7 320	
7 000	
7 360	
7 010
NKNC	
НКНХ ао
425	
2 461 641	
91,6	
91,1	
91	
92,2	
91,25
STSB	
СтаврЭнСб
551	
2 369 037	
0,582	
0,5695	
0,565	
0,6105	
0,578
CHEP	
ЧТПЗ ао
235	
2 312 255	
206,5	
208,5	
203,5	
209	
205
KZOS	
ОргСинт ао
464	
2 207 446	
85,8	
86,5	
85,5	
86,5	
85,8
BISVP	
БашИнСв ап
168	
2 080 546	
10,72	
10,64	
10,61	
11,1	
10,72
MRKZ	
МРСК СЗ
194	
1 901 976	
0,0501	
0,05075	
0,0495	
0,0512	
0,05
MRKU	
МРСК Ур
191	
1 787 574	
0,146	
0,1488	
0,1436	
0,1496	
0,1462
NSVZ	
НаукаСвяз
267	
1 775 015	
231,5	
226	
226	
236,5	
230
RUSP	
Русполимет
114	
1 736 304	
0,648	
0,641	
0,638	
0,653	
0,6405
ZVEZ	
ЗВЕЗДА ао
198	
1 688 860	
4,69	
4,625	
4,58	
4,85	
4,735
GEMA	
iММЦБ ао
177	
1 545 707	
593	
595,5	
590	
599,5	
592,5
RUGR	
Русгрэйн
958	
1 499 077	
9,454	
9,468	
9,352	
9,602	
9,448
AMEZ	
АшинскийМЗ
251	
1 447 448	
4,77	
4,805	
4,715	
4,82	
4,715
INGR	
ИНГРАД ао
90	
1 426 480	
802	
810	
800	
816	
800
MSRS	
РСетиМР ао
161	
1 347 264	
1,1985	
1,202	
1,1805	
1,2125	
1,1855
YKEN	
Якутскэнрг
89	
1 338 280	
0,3995	
0,3945	
0,392	
0,4105	
0,397
BRZL	
БурЗолото
280	
1 285 959	
1 131	
1 142	
1 102	
1 153	
1 111
PMSBP	
ПермьЭнС-п
172	
1 221 560	
131	
131	
129,8	
132,6	
130,4
KTSBP	
КСБ ап
37	
1 131 695	
0,3145	
0,307	
0,307	
0,32	
0,309
BELU	
Белуга ао
154	
1 123 354	
1 314	
1 327	
1 305	
1 327	
1 309
KBTK	
КузбТК ао
204	
1 118 270	
155,8	
152	
150,8	
161	
151,8
IRGZ	
ИркЭнерго
88	
1 110 808	
12,5	
12,42	
12,4	
12,56	
12,5
STSBP	
СтаврЭнСбп
280	
1 083 256	
0,4235	
0,429	
0,4115	
0,434	
0,413
KRKN	
СаратНПЗ
14	
1 039 300	
13 000	
13 000	
12 850	
13 000	
12 900
IRKT	
ИРКУТ-3
99	
1 023 182	
35,78	
35,72	
35,6	
36,16	
35,6
RGSS	
РГС СК ао
159	
1 005 536	
0,1486	
0,1492	
0,1472	
0,1496	
0,149
MSTT	
Мостотрест
73	
996 538	
155,7	
155,95	
154,65	
155,95	
154,65
TGKD	
Квадра
97	
996 201	
0,0035	
0,00351	
0,00347	
0,003535	
0,003515
GAZA	
ГАЗ ао
69	
901 995	
412	
421	
408	
423	
408,5
PMSB	
ПермьЭнСб
209	
901 304	
133,7	
133,1	
130	
136,9	
132
TTLK	
Таттел. ао
101	
887 895	
0,316	
0,316	
0,3105	
0,322	
0,314
KAZTP	
Куйбазот-п
197	
869 472	
152,8	
147,8	
147,2	
160,2	
147,6
NFAZ	
Нефтекамск
66	
839 676	
172	
169,4	
169,4	
176	
170
KZOSP	
ОргСинт ап
365	
777 928	
11,66	
11,77	
11,5	
11,88	
11,63
DZRDP	
iДонскЗР п
73	
777 900	
1 850	
1 910	
1 800	
1 910	
1 840
NKHP	
НКХП ао
111	
771 080	
269,5	
271	
268,5	
272,5	
269
TGKN	
ТГК-14
86	
728 200	
0,00319	
0,00322	
0,00317	
0,00322	
0,00317
KLSB	
КалужскСК
153	
714 506	
12,92	
13,05	
12,74	
13,2	
12,99
NAUK	
iНПОНаука
110	
701 822	
209,4	
211	
206	
213,4	
208,6
KROT	
КрасОкт-ао
71	
693 210	
386,5	
377	
377	
392	
385
LSNG	
РСетиЛЭ
171	
675 697	
5,97	
5,99	
5,94	
6	
5,94
VJGZP	
Варьеган-п
50	
664 480	
359	
359	
353	
365	
354
TGKDP	
Квадра-п
105	
663 364	
0,004075	
0,004	
0,003865	
0,00415	
0,004075
KUZB	
КузнецкийБ
313	
636 116	
0,01602	
0,01625	
0,01591	
0,01629	
0,016
MRKY	
РоссЮг ао
121	
631 655	
0,04945	
0,04975	
0,0492	
0,04985	
0,04945
NKSH	
Нижкамшина
99	
618 992	
23,1	
23,8	
22,7	
23,8	
22,94
URKZ	
УрКузница
37	
616 760	
15 820	
16 100	
15 560	
16 100	
15 860
GTRK	
ГТМ ао
196	
596 732	
43,4	
43,6	
43,05	
43,6	
43,2
UWGN	
ОВК ао
134	
565 444	
230	
230,8	
229	
231,4	
230,4
VLHZ	
ВХЗ-ао
114	
531 729	
54,55	
55,2	
54,3	
55,2	
54,3
USBN	
УралСиб ао
38	
523 638	
0,0686	
0,0686	
0,0685	
0,0692	
0,0685
RDRB	
РДБанк ао
101	
521 200	
235	
235	
230	
240	
235
TNSE	
ТНСэнрг ао
33	
516 920	
1 000	
1 040	
990	
1 040	
1 000
VRSB	
ТНСэнВорон
45	
459 000	
82	
82	
80,6	
83,8	
81,2
DVEC	
ДЭК ао
71	
455 075	
0,919	
0,922	
0,917	
0,929	
0,918
NNSB	
ТНСэнНН ао
116	
452 030	
2 000	
2 020	
1 900	
2 150	
1 920
KAZT	
Куйбазот
114	
450 702	
153,4	
150	
150	
158,8	
150,8
ALNU	
АЛРОСА-Нюр
7	
444 000	
55 600	
55 400	
55 400	
55 800	
55 400
YKENP	
Якутскэн-п
61	
425 740	
0,38	
0,382	
0,3715	
0,39	
0,373
PRMB	
Приморье
14	
424 000	
28 200	
27 800	
27 800	
28 600	
28 200
KRKOP	
ТКЗКК ап
91	
418 828	
8,21	
8,245	
8,195	
8,325	
8,22
MRKS	
РсетСиб ао
32	
414 970	
0,236	
0,2365	
0,2325	
0,2375	
0,2355
SARE	
СаратЭн-ао
125	
391 986	
0,1532	
0,152	
0,1486	
0,1588	
0,1502
HIMCP	
Химпром ап
71	
385 163	
6,26	
6,22	
6,21	
6,34	
6,23
GAZAP	
ГАЗ ап
21	
376 460	
311	
313,5	
308	
316	
308
ELTZ	
Электрцинк
90	
367 978	
189,5	
187,5	
185	
192	
187,5
UTAR	
ЮТэйр ао
65	
366 807	
7,08	
7,13	
7,02	
7,15	
7,06
VGSB	
ВолгЭнСб
67	
365 800	
4,11	
4,35	
3,955	
4,36	
4,135
MISBP	
ТНСэМаЭл-п
89	
364 200	
12,3	
12	
11,7	
12,8	
12,1
DZRD	
iДонскЗР
64	
349 870	
2 160	
2 185	
2 145	
2 195	
2 170
RBCM	
РБК ао
103	
339 508	
3,352	
3,384	
3,332	
3,39	
3,336
PAZA	
ПавлАвт ао
28	
336 740	
8 860	
8 810	
8 790	
8 980	
8 880
KOGK	
КоршГОК ао
7	
330 600	
47 200	
47 400	
46 400	
48 000	
46 400
CHGZ	
РН-ЗапСиб
36	
320 220	
58,2	
57,8	
57,6	
59,2	
58,4
KGKCP	
КурганГКап
28	
307 490	
54,5	
55,5	
54	
57	
54
EELT	
ЕвроЭлтех
52	
297 547	
8	
8,1	
8	
8,14	
8
KUBE	
Кубанэнр
64	
274 658	
72,5	
73,7	
72	
73,7	
72,1
ARSA	
Арсагера
33	
272 430	
4,19	
4,17	
4,1	
4,22	
4,13
IGST	
Ижсталь2ао
42	
265 673	
999	
1 028	
990	
1 032	
990
KRSB	
Красэсб ао
27	
252 796	
7,16	
6,96	
6,96	
7,22	
7,2
AVAN	
Авангрд-ао
43	
241 515	
850	
860	
845	
860	
850
RKKE	
ЭнергияРКК
26	
241 340	
7 540	
7 550	
7 510	
7 670	
7 510
RZSB	
РязЭнСб
19	
215 106	
9,4	
9,4	
9,34	
9,44	
9,36
CHMK	
ЧМК ао
38	
211 030	
2 640	
2 660	
2 605	
2 660	
2 635
NNSBP	
ТНСэнНН ап
59	
209 969	
680	
711	
665	
711	
674
ROST	
РОСИНТЕРао
54	
193 142	
62,8	
63	
62	
63,4	
62
KMEZ	
КМЗ
123	
181 953	
515,5	
502	
502	
526,5	
508
ZILL	
ЗИЛ ао
21	
181 440	
2 590	
2 570	
2 565	
2 610	
2 575
MGNZ	
СМЗ-ао
11	
171 810	
4 770	
4 770	
4 760	
4 840	
4 770
SAGO	
СамарЭн-ао
17	
171 020	
0,488	
0,492	
0,486	
0,492	
0,486
VGSBP	
ВолгЭнСб-п
26	
170 915	
2,035	
1,95	
1,95	
2,07	
2,04
KCHE	
КамчатЭ ао
14	
150 785	
0,2185	
0,218	
0,2175	
0,2205	
0,219
VRSBP	
ТНСэнВор-п
20	
146 800	
47,5	
47,5	
47	
48	
47,5
KCHEP	
КамчатЭ ап
10	
142 040	
0,395	
0,38	
0,38	
0,397	
0,391
MAGE	
МагадЭн ао
14	
141 570	
5,9	
6	
5,86	
6	
5,9
YRSB	
ТНСэнЯр
9	
138 360	
170	
174	
170	
176	
170
MRSB	
МордЭнСб
13	
135 890	
0,412	
0,404	
0,404	
0,414	
0,409
LPSB	
ЛЭСК ао
21	
135 710	
8,2	
8,15	
8,15	
8,25	
8,15
RTGZ	
ГазпРнД ао
5	
131 150	
26 250	
24 500	
24 500	
26 700	
26 600
IGSTP	
Ижсталь ап
46	
127 914	
901	
919	
890	
919	
908
LVHK	
Левенгук
31	
123 504	
8,07	
8,08	
8,05	
8,18	
8,07
KBSB	
ТНСэКубань
19	
119 575	
144	
144	
143,5	
145	
143,5
HALS	
Галс-Девел
42	
119 484	
1 313	
1 315	
1 300	
1 331	
1 318
KGKC	
КурганГКао
23	
104 725	
55,5	
56,5	
54,5	
57	
55
KROTP	
КрасОкт-1п
14	
104 445	
275	
288	
271,5	
288	
275
BLNG	
Белон ао
44	
103 316	
4,36	
4,3	
4,3	
4,41	
4,334
MAGEP	
МагадЭн ап
5	
102 970	
6,86	
6,88	
6,75	
6,88	
6,78
RTSB	
ТНСэнРст
12	
99 950	
0,665	
0,665	
0,66	
0,68	
0,66
TGKBP	
ТГК-2 ап
63	
94 929	
0,00725	
0,00726	
0,00718	
0,00732	
0,0072
WTCM	
ЦМТ ао
17	
91 378	
9,24	
9,24	
9,2	
9,3	
9,22
VJGZ	
Варьеган
29	
88 940	
649	
650	
640	
657	
649
OMZZP	
ОМЗ-ап
12	
86 200	
3 590	
3 595	
3 550	
3 625	
3 550
VZRZP	
Возрожд-п
18	
78 558	
314,2	
315	
313	
315,2	
313,6
JNOS	
Славн-ЯНОС
9	
71 285	
18,75	
18,8	
18,7	
18,9	
18,7
ASSB	
АстрЭнСб
23	
70 985	
0,7885	
0,789	
0,78	
0,7925	
0,78
RTSBP	
ТНСэнРст-п
10	
67 800	
0,616	
0,612	
0,61	
0,629	
0,616
CHKZ	
ЧКПЗ ао
10	
67 600	
5 640	
5 640	
5 620	
5 680	
5 680
MGTS	
МГТС-5ао
18	
65 920	
2 275	
2 260	
2 260	
2 280	
2 265
UCSS	
ОКС ао
15	
62 480	
1 450	
1 450	
1 450	
1 470	
1 470
RLMN	
Роллман
29	
58 915	
18,7	
18,85	
18,65	
18,85	
18,65
VSYDP	
ВыбСудЗ ап
10	
55 660	
3 980	
3 980	
3 960	
4 000	
3 980
ROSB	
Росбанк ао
24	
52 892	
79	
79,2	
78,8	
79,2	
78,8
SAGOP	
СамарЭн-ап
10	
50 470	
0,421	
0,421	
0,419	
0,424	
0,42
TASB	
ТамбЭнСб
9	
47 680	
0,4335	
0,4335	
0,4285	
0,435	
0,43
MRKK	
Россети СК
19	
44 106	
25,2	
25,14	
25,14	
25,46	
25,2
TORS	
ТРК ао
8	
42 610	
0,426	
0,42	
0,42	
0,434	
0,422
MFGS	
Мегион-ао
7	
40 300	
366,5	
363,5	
363	
368	
368
KRSBP	
Красэсб ап
14	
39 072	
7,1	
7,06	
7,06	
7,22	
7,1
SAREP	
СаратЭн-ап
12	
34 524	
0,119	
0,118	
0,118	
0,121	
0,1184
MISB	
ТНСэнМарЭл
16	
31 670	
12,2	
12,2	
12,1	
12,3	
12,3
UKUZ	
ЮжКузб. ао
11	
16 836	
544	
542	
540	
546	
540
RLMNP	
Роллман-п
18	
16 780	
18,86	
19,04	
18,72	
19,3	
18,72
KTSB	
КСБ ао
8	
12 250	
0,72	
0,736	
0,716	
0,738	
0,736
VSYD	
ВыбСудЗ ао
3	
12 110	
4 035	
4 040	
4 030	
4 040	
4 030
WTCMP	
ЦМТ ап
5	
11 540	
8,24	
8,2	
8,2	
8,28	
8,28
RUSI	
ИКРУСС-ИНВ
3	
11 480	
38,3	
38,2	
38,2	
38,3	
38,3
TASBP	
ТамбЭнСб-п
3	
10 135	
0,338	
0,336	
0,336	
0,339	
0,3385
YRSBP	
ТНСэнЯр-п
3	
7 965	
88,5	
88,5	
88,5	
88,5	
88,5
TORSP	
ТРК ап
2	
5 660	
0,283	
0,283	
0,283	
0,283	
0,283
JNOSP	
Слав-ЯНОСп
2	
2 864	
14,32	
14,44	
14,2	
14,44	
14,2
BISV	
БашИнСв ао
0	
0	
-	
-	
-	
-	
8,7
GAZC	
ГАЗКОН-ао
0	
0	
-	
-	
-	
-	
295
GAZS	
ГАЗ-сервис
0	
0	
-	
-	
-	
-	
293
GAZT	
ГАЗ-Тек ао
0	
0	
-	
-	
-	
-	
85
GTSS	
ГЕОТЕК ао
0	
0	
-	
-	
-	
-	
-
HIMC	
Химпром ао
0	
0	
-	
-	
-	
-	
0,99
KMTZ	
КосогМЗ ао
0	
0	
-	
-	
-	
-	
-
KRKO	
ТКЗКК ао
0	
0	
-	
-	
-	
-	
11,8
KSGR	
Кокс ао
0	
0	
-	
-	
-	
-	
-
KUNF	
КУЗОЦМ ао
0	
0	
-	
-	
-	
-	
-
KZMS	
КЗМС ао
0	
0	
-	
-	
-	
-	
226
MFGSP	
Мегион-ап
0	
0	
-	
-	
-	
-	
324
MFON	
МегаФон ао
0	
0	
-	
-	
-	
-	
650,6
MOBB	
МосОблБанк
0	
0	
-	
-	
-	
-	
0,698
MORI	
Морион ао
0	
0	
-	
-	
-	
-	
4,31
NPOF	
Физика ао
0	
0	
-	
-	
-	
-	
11 850
PRTK	
ПРОТЕК ао
0	
0	
-	
-	
-	
-	
99,6
TRCN	
ТрансК ао
0	
0	
-	
-	
-	
-	
8 595
TRFM	
ТрансФ ао
0	
0	
-	
-	
-	
-	
-
URKA	
Уркалий-ао
0	
0	
-	
-	
-	
-	
119,04
VZRZ	
Возрожд-ао
0	
0	
-	
-	
-	
-	
480