SBER	
Сбербанк
188 167	
23 838 847 084	
208,53	
210,4	
206,5	
211,39	
208,16
GAZP	
ГАЗПРОМ ао
77 825	
6 809 469 087	
168,77	
167,38	
167,22	
169,95	
169,6
YNDX	
Yandex clA
45 671	
5 892 209 060	
4 916,2	
4 908	
4 844,8	
4 988,6	
4 942
SBERP	
Сбербанк-п
98 530	
5 569 475 359	
201,06	
203	
199,5	
205	
201,24
GMKN	
ГМКНорНик
23 070	
5 358 754 384	
18 696	
18 698	
18 420	
18 916	
18 904
LKOH	
ЛУКОЙЛ
41 798	
5 311 197 410	
4 353	
4 376,5	
4 313	
4 382,5	
4 358
AFKS	
Система ао
75 244	
4 125 879 834	
22,72	
21,77	
21,321	
23,38	
23,112
PLZL	
Полюс
17 962	
2 895 735 628	
16 660,5	
16 495	
16 369,5	
16 862	
16 770
POLY	
Polymetal
20 708	
1 942 704 876	
1 712,4	
1 709,9	
1 691,2	
1 729,5	
1 720
ROSN	
Роснефть
14 091	
1 907 271 774	
380,7	
383,5	
378,1	
384,2	
380,5
AFLT	
Аэрофлот
41 969	
1 612 570 574	
68,98	
70	
68	
71,64	
68,6
MOEX	
МосБиржа
20 727	
1 571 620 841	
146,86	
145,31	
144,78	
148,3	
147,8
MGNT	
Магнит ао
13 980	
1 509 833 762	
4 899	
4 860	
4 853,5	
4 940	
4 896
TATN	
Татнфт 3ао
30 823	
1 365 456 893	
452,9	
454	
449,5	
456,5	
452
IRAO	
ИнтерРАОао
18 089	
1 352 349 691	
5,441	
5,436	
5,35	
5,5245	
5,4545
MAIL	
MAIL-гдр
26 490	
1 317 792 403	
2 184,6	
2 148	
2 117,2	
2 219	
2 218,8
SNGSP	
Сургнфгз-п
17 863	
1 128 879 856	
39,6	
39,395	
39,195	
39,815	
39,77
SNGS	
Сургнфгз
11 540	
1 035 135 153	
35,14	
35,15	
34,665	
35,54	
35,115
NVTK	
Новатэк ао
9 818	
957 710 185	
1 056,8	
1 049,2	
1 042,4	
1 066	
1 060
ALRS	
АЛРОСА ао
17 010	
926 116 345	
73,83	
73,79	
72,92	
74,43	
74,14
VTBR	
ВТБ ао
32 238	
665 644 179	
0,03369	
0,03374	
0,03351	
0,0339	
0,03373
MTSS	
МТС-ао
8 962	
596 546 773	
339,5	
337,95	
337,45	
341	
340
NLMK	
НЛМК ао
9 586	
568 814 497	
172,94	
171,1	
171	
174,6	
173,54
DSKY	
ДетскийМир
11 354	
545 323 533	
119,26	
117,5	
117,4	
120	
119,7
CHMF	
СевСт-ао
10 106	
515 880 740	
999,4	
994	
988	
1 005,6	
1 003,8
TATNP	
Татнфт 3ап
16 667	
443 801 548	
434,1	
436	
432,1	
436,7	
433
HYDR	
РусГидро
10 225	
397 760 527	
0,7677	
0,7638	
0,7624	
0,772	
0,7685
MAGN	
ММК
7 361	
385 806 507	
38,155	
38,145	
37,63	
38,475	
38,3
TRNFP	
Транснф ап
1 377	
372 420 150	
145 900	
145 450	
145 200	
146 900	
145 200
FIVE	
FIVE-гдр
5 604	
292 433 723	
2 868	
2 844	
2 832	
2 897,5	
2 866
CBOM	
МКБ ао
6 159	
288 766 145	
5,737	
5,819	
5,616	
5,819	
5,743
SIBN	
Газпрнефть
8 515	
287 614 672	
288,95	
291,85	
287,2	
291,95	
289,2
FEES	
ФСК ЕЭС ао
5 822	
256 764 680	
0,19532	
0,19502	
0,19454	
0,19634	
0,19578
MVID	
М.видео
4 618	
235 536 087	
679,2	
680	
665	
694,9	
682,7
TCSG	
TCS-гдр
4 868	
195 997 422	
2 012,6	
1 999,8	
1 986,8	
2 030	
2 006
RTKM	
Ростел -ао
5 487	
191 904 402	
96,77	
96,4	
95,91	
97,3	
97,07
POGR	
Petropavl
4 651	
187 618 280	
33,95	
33,98	
33,635	
34,225	
33,925
RSTI	
Россети ао
4 053	
186 177 083	
1,4405	
1,4389	
1,425	
1,4585	
1,45
RUAL	
РУСАЛ ао
7 991	
182 279 690	
30,935	
31	
30,36	
31,295	
31,11
PHOR	
ФосАгро ао
3 921	
153 203 555	
2 847	
2 823	
2 801	
2 881	
2 856
LSRG	
ЛСР ао
9 266	
127 865 199	
865,4	
857	
850	
877	
874,4
LNTA	
Лента др
8 887	
117 537 859	
227,2	
230,5	
224,4	
231,4	
227
AQUA	
РусАква ао
3 762	
96 776 010	
253	
241	
231,5	
271	
257,5
UPRO	
Юнипро ао
2 256	
96 708 667	
2,742	
2,743	
2,728	
2,757	
2,748
OGKB	
ОГК-2 ао
3 462	
80 548 976	
0,7744	
0,7808	
0,7679	
0,7868	
0,7805
PIKK	
ПИК ао
1 482	
70 086 841	
567	
568	
562,9	
569,9	
565,9
RASP	
Распадская
1 489	
65 631 789	
119,34	
119,78	
117,12	
121,56	
119,6
LNZL	
Лензолото
142	
52 877 640	
18 900	
18 890	
18 800	
18 940	
18 840
APTK	
Аптеки36и6
7 773	
43 667 276	
13,916	
13,986	
13,636	
14,13	
13,766
QIWI	
iQIWI
2 239	
39 576 280	
1 334	
1 337,5	
1 304	
1 368	
1 351,5
ETLN	
ETLN-гдр
3 654	
38 643 859	
122,38	
123,32	
120,3	
123,8	
123,24
AGRO	
AGRO-гдр
2 190	
37 622 218	
733,2	
741,2	
729	
741,6	
732
MTLR	
Мечел ао
4 840	
36 066 496	
60,53	
60,8	
60,1	
61,11	
60,2
RTKMP	
Ростел -ап
2 613	
35 503 641	
86,1	
87,45	
85,35	
87,45	
86,45
BANEP	
Башнефт ап
2 001	
33 289 092	
1 227,5	
1 227	
1 219	
1 240	
1 237,5
TGKA	
ТГК-1
2 444	
23 630 855	
0,01085	
0,01089	
0,010704	
0,010966	
0,010908
ISKJ	
iИСКЧ ао
1 648	
22 890 586	
33,57	
34,37	
33	
35,5	
33,5
ENRU	
ЭнелРос ао
1 679	
22 604 385	
0,928	
0,9325	
0,922	
0,933	
0,93
MRKP	
МРСК ЦП
1 127	
21 661 705	
0,2201	
0,2171	
0,2133	
0,2298	
0,2215
ENPG	
ЭН+ГРУП ао
348	
18 771 958	
702	
701	
697	
708,5	
706
NMTP	
НМТП ао
2 233	
18 226 046	
8,435	
8,45	
8,4	
8,535	
8,425
FESH	
ДВМП ао
1 049	
17 129 072	
9,23	
9,55	
9,09	
9,55	
9,25
HHRU	
iHHRU-адр
396	
16 693 670	
1 895,2	
1 893	
1 860	
1 902,4	
1 884,2
MSNG	
+МосЭнерго
663	
15 311 968	
2,0295	
2,03	
2,016	
2,0395	
2,032
GCHE	
ЧеркизГ-ао
1 378	
14 883 286	
1 851,5	
1 880	
1 835,5	
1 880	
1 857
SELG	
Селигдар
922	
14 337 541	
42,84	
43,1	
42,1	
43,8	
42,53
TRMK	
ТМК ао
189	
13 272 117	
60,9	
61	
60,9	
61,04	
60,9
RSTIP	
Россети ап
686	
13 151 190	
1,993	
2,014	
1,967	
2,02	
2
MTLRP	
Мечел ап
922	
13 077 801	
65,95	
66,8	
65,3	
67,1	
66,15
NKNCP	
НКНХ ап
1 291	
12 451 551	
76,24	
76,5	
75,94	
76,58	
76,4
BANE	
Башнефт ао
710	
12 020 018	
1 634,5	
1 646	
1 620	
1 662,5	
1 637
AKRN	
Акрон
468	
11 709 206	
6 232	
6 308	
6 162	
6 318	
6 270
OBUV	
ОР ао
1 788	
10 127 897	
31,05	
31,65	
30,75	
31,65	
31,15
NNSBP	
ТНСэнНН ап
2 183	
9 190 279	
776	
631	
631	
845	
814
BSPB	
БСП ао
1 392	
9 011 315	
42,33	
42,91	
42,16	
42,91	
42,26
VSMO	
ВСМПО-АВСМ
261	
8 917 980	
17 020	
17 060	
16 860	
17 120	
17 000
HIMCP	
Химпром ап
505	
7 183 234	
7,95	
7,86	
7,8	
8,18	
7,96
LSNGP	
РСетиЛЭ-п
703	
6 678 882	
151,85	
153,1	
151,2	
153,1	
151,5
YAKG	
ЯТЭК ао
266	
5 910 165	
48,95	
50,2	
48,1	
50,65	
48,95
MRKZ	
МРСК СЗ
178	
5 632 101	
0,04915	
0,0495	
0,0488	
0,0499	
0,0494
LIFE	
iФармсинтз
703	
5 520 915	
6,96	
6,975	
6,84	
7,03	
6,98
CNTL	
Телеграф
388	
5 239 865	
16,8	
16,65	
16,55	
17,2	
16,7
DIOD	
ЗаводДИОД
482	
4 347 483	
7,56	
7,54	
7,14	
7,99	
7,29
NNSB	
ТНСэнНН ао
458	
4 324 340	
2 120	
1 675	
1 615	
2 265	
2 265
VRSB	
ТНСэнВорон
388	
4 195 060	
73	
64	
64	
79,8	
69,8
BISVP	
БашИнСв ап
456	
3 959 042	
11,98	
12,08	
11,3	
12,39	
11,54
CNTLP	
Телеграф-п
340	
3 914 682	
14,28	
14,28	
14,12	
14,46	
14,24
NKNC	
НКНХ ао
513	
3 661 101	
87,15	
88	
86	
88	
87,35
SVAV	
СОЛЛЕРС
91	
2 904 160	
284,5	
285	
281,5	
287	
286,5
KZOS	
ОргСинт ао
560	
2 792 114	
80,5	
81,6	
79,9	
82,5	
80,6
RTSB	
ТНСэнРст
264	
2 606 900	
0,58	
0,51	
0,51	
0,7	
0,565
MFGS	
Мегион-ао
26	
2 447 920	
320	
319	
318	
323,5	
320
TGKB	
ТГК-2
155	
2 414 195	
0,003925	
0,00395	
0,0039	
0,00395	
0,003925
MGTSP	
МГТС-4ап
231	
2 333 608	
1 914	
1 910	
1 880	
1 932	
1 932
KRKNP	
СаратНПЗ-п
93	
2 222 520	
15 440	
15 560	
15 400	
15 560	
15 440
RGSS	
РГС СК ао
197	
2 168 528	
0,1446	
0,1468	
0,1412	
0,1468	
0,1448
UNKL	
ЮУНК ао
181	
2 054 430	
6 500	
6 550	
6 420	
6 560	
6 510
MRKC	
МРСК Центр
623	
2 004 598	
0,2914	
0,295	
0,285	
0,2962	
0,2954
SLEN	
Сахэнер ао
236	
1 978 144	
5,98	
6,3	
5,71	
6,3	
6,195
SELGP	
Селигдар-п
201	
1 975 240	
35,35	
35,25	
35,1	
35,7	
35,7
SAGO	
СамарЭн-ао
133	
1 895 540	
0,626	
0,56	
0,558	
0,662	
0,618
MRKV	
РсетВол ао
359	
1 838 491	
0,06775	
0,0682	
0,0674	
0,0684	
0,06785
TGKD	
Квадра
147	
1 814 080	
0,003615	
0,00367	
0,00359	
0,00367	
0,003635
RNFT	
РуссНфт ао
595	
1 802 943	
343,4	
347,8	
340,4	
348	
347
RTSBP	
ТНСэнРст-п
221	
1 748 440	
0,533	
0,483	
0,483	
0,58	
0,526
VRSBP	
ТНСэнВор-п
166	
1 634 050	
46	
44	
44	
47,5	
46
IRKT	
ИРКУТ-3
180	
1 391 098	
32,58	
33,26	
32,32	
33,26	
32,4
TTLK	
Таттел. ао
118	
1 384 545	
0,322	
0,324	
0,32	
0,325	
0,3225
KMAZ	
КАМАЗ
416	
1 381 368	
59,3	
60	
59	
60	
59,3
HALS	
Галс-Девел
205	
1 347 578	
1 031	
1 070	
1 004	
1 092	
1 026
BRZL	
БурЗолото
219	
1 218 681	
1 005	
1 019	
998	
1 025	
1 009
UNAC	
iАвиастКао
250	
1 177 585	
0,419	
0,424	
0,415	
0,424	
0,42
LSNG	
РСетиЛЭ
297	
1 101 135	
5,51	
5,52	
5,45	
5,59	
5,55
EELT	
ЕвроЭлтех
97	
1 097 087	
7,24	
7,3	
7,12	
7,3	
7,28
MAGE	
МагадЭн ао
67	
1 086 010	
5,93	
5,84	
5,78	
6,01	
5,82
ALNU	
АЛРОСА-Нюр
14	
1 081 200	
57 000	
56 400	
56 400	
57 000	
56 800
LNZLP	
Лензол. ап
112	
1 070 815	
3 995	
4 020	
3 960	
4 020	
3 975
MRSB	
МордЭнСб
78	
1 053 570	
0,434	
0,43	
0,427	
0,438	
0,434
VGSB	
ВолгЭнСб
104	
1 016 815	
4,05	
3,945	
3,945	
4,18	
4
TNSE	
ТНСэнрг ао
110	
1 014 500	
1 045	
1 040	
1 000	
1 090	
1 040
RUGR	
Русгрэйн
903	
994 776	
9,022	
9,06	
8,962	
9,11	
8,972
BELU	
Белуга ао
230	
942 124	
1 251	
1 282	
1 242	
1 282	
1 258
BLNG	
Белон ао
190	
930 058	
4,234	
4,15	
4,15	
4,35	
4,29
ABRD	
АбрауДюрсо
168	
874 610	
190,5	
194,5	
187,5	
196,5	
193
YKEN	
Якутскэнрг
78	
872 395	
0,3985	
0,395	
0,39	
0,408	
0,3965
SAGOP	
СамарЭн-ап
105	
867 920	
0,474	
0,461	
0,441	
0,495	
0,477
CHKZ	
ЧКПЗ ао
108	
836 020	
5 260	
5 300	
5 140	
5 460	
5 260
NSVZ	
НаукаСвяз
180	
833 780	
193	
195	
191	
197	
197
MSRS	
РСетиМР ао
104	
822 795	
1,1575	
1,1545	
1,153	
1,1685	
1,164
RDRB	
РДБанк ао
128	
789 400	
230	
235	
225	
235	
235
ROLO	
Русолово
89	
758 642	
6,218	
6,394	
6,072	
6,394	
6,31
CHEP	
ЧТПЗ ао
144	
753 225	
208,5	
210,5	
206	
211	
209,5
TASBP	
ТамбЭнСб-п
135	
746 295	
0,2915	
0,302	
0,281	
0,308	
0,2915
KZOSP	
ОргСинт ап
632	
735 422	
11,2	
11,45	
11,12	
11,45	
11,26
INGR	
ИНГРАД ао
93	
716 825	
810	
804	
800	
820	
818
KBSB	
ТНСэКубань
185	
670 545	
139	
133,5	
133,5	
143	
140
UWGN	
ОВК ао
96	
626 677	
201,9	
200,5	
200,5	
203,8	
202
GTRK	
ГТМ ао
444	
625 652	
42,35	
41,85	
41,85	
42,55	
42,2
VZRZP	
Возрожд-п
41	
555 268	
306,8	
308,4	
304	
309,2	
307
TGKBP	
ТГК-2 ап
121	
546 571	
0,00687	
0,00694	
0,00681	
0,007	
0,0069
ZILL	
ЗИЛ ао
41	
541 445	
2 405	
2 410	
2 375	
2 475	
2 410
MISB	
ТНСэнМарЭл
130	
532 530	
12,2	
12,3	
11,9	
12,5	
12,3
KUZB	
КузнецкийБ
327	
504 069	
0,01405	
0,01415	
0,01386	
0,0143	
0,01403
RLMN	
Роллман
191	
488 946	
16,85	
17,05	
16,25	
17,15	
16,8
USBN	
УралСиб ао
62	
479 517	
0,0664	
0,0669	
0,0659	
0,067	
0,0667
YRSB	
ТНСэнЯр
88	
455 740	
170	
166	
164	
180	
166
MRKU	
МРСК Ур
106	
443 732	
0,1362	
0,1368	
0,1358	
0,1368	
0,1358
LVHK	
Левенгук
125	
438 319	
8,22	
8,28	
8,05	
8,37	
8,27
VJGZP	
Варьеган-п
30	
399 660	
330	
338	
328	
338	
329
MRKY	
РоссЮг ао
213	
388 994	
0,04745	
0,0475	
0,04725	
0,0478	
0,04745
IRGZ	
ИркЭнерго
59	
370 324	
11,76	
11,78	
11,72	
11,9	
11,86
UTAR	
ЮТэйр ао
74	
363 195	
6,79	
6,82	
6,75	
6,82	
6,79
RAVN	
Raven
27	
361 610	
28,95	
29,15	
28,1	
29,3	
28,8
NFAZ	
Нефтекамск
58	
355 980	
205,8	
206,4	
200	
209,6	
206,8
VSYDP	
ВыбСудЗ ап
76	
355 880	
3 820	
3 960	
3 740	
3 960	
3 860
ARSA	
Арсагера
61	
348 730	
3,71	
3,72	
3,63	
3,84	
3,63
YRSBP	
ТНСэнЯр-п
87	
333 320	
88,5	
84,5	
84	
93	
87,5
AMEZ	
АшинскийМЗ
368	
328 668	
4,66	
4,65	
4,63	
4,685	
4,655
KRKOP	
ТКЗКК ап
75	
326 974	
8,58	
8,7	
8,5	
8,745	
8,555
PAZA	
ПавлАвт ао
37	
320 020	
8 000	
8 090	
7 890	
8 110	
7 960
ROSB	
Росбанк ао
31	
312 538	
77,2	
77,4	
76	
77,8	
77,2
KGKCP	
КурганГКап
72	
301 790	
52,5	
53,5	
49,5	
53,5	
53
ROST	
РОСИНТЕРао
46	
299 222	
61	
61	
60	
61,8	
61,4
SFIN	
САФМАР ао
28	
281 750	
469,6	
474,4	
468,2	
474,4	
472
RUSP	
Русполимет
103	
275 737	
0,6225	
0,642	
0,602	
0,642	
0,6315
TGKDP	
Квадра-п
86	
275 691	
0,00457	
0,004635	
0,00453	
0,004635	
0,00458
KOGK	
КоршГОК ао
6	
273 200	
45 600	
45 800	
45 200	
45 800	
45 400
TASB	
ТамбЭнСб
55	
263 625	
0,4055	
0,4175	
0,4	
0,4205	
0,407
RZSB	
РязЭнСб
37	
261 304	
9,02	
9,02	
8,9	
9,08	
9
AVAN	
Авангрд-ао
86	
251 885	
810	
825	
800	
825	
820
RKKE	
ЭнергияРКК
29	
243 070	
6 750	
6 760	
6 690	
6 800	
6 740
MAGEP	
МагадЭн ап
12	
236 550	
5,77	
5,74	
5,67	
5,82	
5,8
KBTK	
КузбТК ао
60	
226 866	
146,4	
149,6	
145	
149,6	
146
TGKN	
ТГК-14
44	
223 990	
0,00307	
0,00308	
0,00306	
0,00309	
0,00306
GAZA	
ГАЗ ао
22	
210 540	
390	
390	
388	
394	
389
NKHP	
НКХП ао
47	
207 255	
262,5	
265,5	
261,5	
265,5	
261,5
PMSBP	
ПермьЭнС-п
75	
197 848	
130,2	
130,4	
129,4	
130,8	
130,4
RBCM	
РБК ао
85	
184 197	
3,284	
3,3	
3,264	
3,3	
3,284
OMZZP	
ОМЗ-ап
13	
182 280	
3 505	
3 500	
3 500	
3 580	
3 500
MISBP	
ТНСэМаЭл-п
30	
170 970	
12	
11,8	
11,8	
12,1	
12
YKENP	
Якутскэн-п
10	
169 940	
0,395	
0,3905	
0,39	
0,399	
0,39
KRKN	
СаратНПЗ
12	
169 500	
12 100	
12 150	
11 800	
12 200	
12 100
DVEC	
ДЭК ао
46	
168 867	
0,908	
0,906	
0,906	
0,914	
0,91
KLSB	
КалужскСК
26	
160 575	
13,16	
13,17	
13,12	
13,22	
13,21
SARE	
СаратЭн-ао
89	
159 076	
0,1348	
0,1318	
0,1316	
0,1374	
0,1332
KAZT	
Куйбазот
31	
145 732	
155	
156,4	
153	
156,4	
155,6
NAUK	
iНПОНаука
35	
143 898	
199,8	
198,4	
197,6	
201	
201
VGSBP	
ВолгЭнСб-п
53	
141 050	
1,93	
1,905	
1,865	
1,99	
1,89
VJGZ	
Варьеган
25	
134 989	
608	
615	
607	
615	
611
GAZAP	
ГАЗ ап
12	
131 795	
306,5	
306	
306	
308	
307
MFGSP	
Мегион-ап
14	
116 705	
299	
300	
293,5	
300	
293,5
RUSI	
ИКРУСС-ИНВ
15	
110 580	
38,1	
38	
38	
38,5	
38
UCSS	
ОКС ао
16	
110 460	
1 450	
1 450	
1 450	
1 460	
1 450
WTCMP	
ЦМТ ап
21	
108 368	
8,08	
8,04	
8,02	
8,16	
8,06
KROT	
КрасОкт-ао
16	
107 300	
370	
368	
368	
374,5	
368,5
STSBP	
СтаврЭнСбп
61	
107 067	
0,377	
0,379	
0,374	
0,38	
0,3775
GEMA	
iММЦБ ао
66	
104 198	
602,5	
600	
600	
606,5	
605
KRSB	
Красэсб ао
41	
102 911	
7,2	
7,21	
7,14	
7,34	
7,26
ASSB	
АстрЭнСб
39	
102 632	
0,733	
0,744	
0,726	
0,744	
0,736
ALBK	
БестЭфБ ао
44	
101 390	
57,5	
58	
57	
58,5	
58
CHGZ	
РН-ЗапСиб
17	
97 340	
51,2	
50,6	
50,2	
53,2	
50,6
CHMK	
ЧМК ао
27	
96 205	
2 530	
2 550	
2 520	
2 550	
2 535
KRSBP	
Красэсб ап
28	
82 182	
7,48	
7,3	
7,3	
7,54	
7,38
PRMB	
Приморье
3	
81 400	
27 200	
27 200	
27 000	
27 200	
27 200
KCHE	
КамчатЭ ао
19	
79 200	
0,22	
0,2145	
0,214	
0,2295	
0,215
MRKS	
РсетСиб ао
11	
77 330	
0,2275	
0,2275	
0,2265	
0,228	
0,2275
LPSB	
ЛЭСК ао
15	
77 060	
8,05	
7,9	
7,9	
8,1	
8,1
IGSTP	
Ижсталь ап
44	
76 749	
834	
823	
823	
849	
838
PMSB	
ПермьЭнСб
36	
76 714	
131,9	
132,4	
130,3	
133,6	
132
MGNZ	
СМЗ-ао
14	
71 180	
4 750	
4 690	
4 690	
4 850	
4 700
KMEZ	
КМЗ
43	
70 129	
504,5	
517,5	
496,5	
518,5	
503
DZRDP	
iДонскЗР п
31	
70 100	
1 520	
1 530	
1 510	
1 540	
1 530
KGKC	
КурганГКао
19	
67 025	
54	
55	
53	
55	
54,5
TORS	
ТРК ао
13	
64 570	
0,38	
0,367	
0,367	
0,382	
0,382
KTSBP	
КСБ ап
20	
63 010	
0,274	
0,2695	
0,2695	
0,2825	
0,2735
STSB	
СтаврЭнСб
22	
62 076	
0,5495	
0,5455	
0,54	
0,5545	
0,5425
SAREP	
СаратЭн-ап
27	
61 076	
0,1132	
0,1122	
0,1106	
0,1148	
0,113
KAZTP	
Куйбазот-п
10	
56 296	
152,2	
151,6	
150,8	
153,8	
152,8
VLHZ	
ВХЗ-ао
15	
54 237	
53,7	
54,45	
53	
54,45	
53,85
ZVEZ	
ЗВЕЗДА ао
10	
53 930	
4,495	
4,5	
4,465	
4,515	
4,485
IGST	
Ижсталь2ао
25	
50 224	
948	
969	
941	
969	
965
WTCM	
ЦМТ ао
20	
49 568	
9,02	
9	
9	
9,12	
9,08
ELTZ	
Электрцинк
20	
43 762	
171,5	
171,5	
171,5	
173,5	
173
MGTS	
МГТС-5ао
12	
41 350	
2 175	
2 190	
2 170	
2 190	
2 170
UKUZ	
ЮжКузб. ао
22	
35 398	
498	
500	
496	
504	
498
TUZA	
ТЗА ао
23	
32 270	
104	
103	
103	
105	
104
KTSB	
КСБ ао
8	
26 384	
0,614	
0,612	
0,608	
0,618	
0,616
MRKK	
Россети СК
14	
23 547	
25,06	
25,06	
24,78	
25,26	
25,2
RLMNP	
Роллман-п
38	
21 976	
17,72	
18,1	
17,36	
18,1	
17,86
KROTP	
КрасОкт-1п
6	
20 745	
259,5	
260,5	
258,5	
260,5	
258,5
DZRD	
iДонскЗР
6	
20 575	
2 060	
2 065	
2 050	
2 065	
2 055
NKSH	
Нижкамшина
9	
20 086	
22,32	
22,34	
22,24	
22,36	
22,34
TORSP	
ТРК ап
2	
19 425	
0,2775	
0,2775	
0,2775	
0,2775	
0,2775
JNOS	
Славн-ЯНОС
4	
16 215	
18	
18,05	
18	
18,05	
18
URKZ	
УрКузница
1	
15 660	
15 660	
15 660	
15 660	
15 660	
15 660
KUBE	
Кубанэнр
8	
15 462	
70,3	
69,7	
69,7	
70,6	
70,6
JNOSP	
Слав-ЯНОСп
1	
8 472	
14,12	
14,12	
14,12	
14,12	
14,12
VSYD	
ВыбСудЗ ао
1	
7 790	
3 895	
3 895	
3 895	
3 895	
3 895
KCHEP	
КамчатЭ ап
2	
7 620	
0,381	
0,381	
0,381	
0,381	
0,381
BISV	
БашИнСв ао
0	
0	
-	
-	
-	
-	
8,7
GTSS	
ГЕОТЕК ао
0	
0	
-	
-	
-	
-	
-
KUNF	
КУЗОЦМ ао
0	
0	
-	
-	
-	
-	
-
PRTK	
ПРОТЕК ао
0	
0	
-	
-	
-	
-	
99,6
NPOF	
Физика ао
0	
0	
-	
-	
-	
-	
11 850
RTGZ	
ГазпРнД ао
0	
0	
-	
-	
-	
-	
27 700
TRCN	
ТрансК ао
0	
0	
-	
-	
-	
-	
8 595
GAZS	
ГАЗ-сервис
0	
0	
-	
-	
-	
-	
293
KMTZ	
КосогМЗ ао
0	
0	
-	
-	
-	
-	
-
KZMS	
КЗМС ао
0	
0	
-	
-	
-	
-	
226
MSTT	
Мостотрест
0	
0	
-	
-	
-	
-	
161
TRFM	
ТрансФ ао
0	
0	
-	
-	
-	
-	
-
GAZT	
ГАЗ-Тек ао
0	
0	
-	
-	
-	
-	
85
HIMC	
Химпром ао
0	
0	
-	
-	
-	
-	
0,99
BISV	
БашИнСв ао
0	
0	
-	
-	
-	
-	
8,7
KSGR	
Кокс ао
0	
0	
-	
-	
-	
-	
-
MOBB	
МосОблБанк
0	
0	
-	
-	
-	
-	
0,698
URKA	
Уркалий-ао
0	
0	
-	
-	
-	
-	
119,04
VZRZ	
Возрожд-ао
0	
0	
-	
-	
-	
-	
480
MFON	
МегаФон ао
0	
0	
-	
-	
-	
-	
650,6
KRKO	
ТКЗКК ао
0	
0	
-	
-	
-	
-	
11,8