SBER	
Сбербанк
53 083	
9 408 789 104	
211,4	
210,27	
209,08	
214,48	
212,49
GAZP	
ГАЗПРОМ ао
52 189	
5 600 025 310	
186,51	
184,68	
183,88	
188,41	
188,2
IRAO	
ИнтерРАОао
57 022	
5 062 886 707	
5,511	
5,336	
5,22	
5,73	
5,6855
LKOH	
ЛУКОЙЛ
23 684	
4 205 954 662	
4 932,5	
4 948	
4 910	
4 970	
4 933
GMKN	
ГМКНорНик
21 171	
4 181 191 840	
18 346	
18 350	
18 142	
18 464	
18 408
VTBR	
ВТБ ао
81 938	
3 887 416 343	
0,036025	
0,0348	
0,03465	
0,037135	
0,03681
MGNT	
Магнит ао
27 017	
2 511 990 824	
4 397,5	
4 300	
4 276,5	
4 495	
4 484
YNDX	
Yandex clA
30 128	
2 326 200 287	
3 957,8	
3 957	
3 901	
4 029,4	
3 984,6
PLZL	
Полюс
13 791	
1 919 159 931	
13 292	
13 290,5	
13 121,5	
13 426	
13 328
ROSN	
Роснефть
13 307	
1 360 944 571	
358,9	
359,35	
355,9	
361,65	
361
SBERP	
Сбербанк-п
20 708	
1 306 266 317	
195,16	
195,15	
193,52	
197,9	
195,57
TATN	
Татнфт 3ао
14 055	
1 257 947 030	
552,8	
549,9	
546,4	
556,4	
555,4
AFLT	
Аэрофлот
24 374	
1 091 427 934	
83,96	
83,26	
82,6	
84,96	
84,74
NVTK	
Новатэк ао
10 223	
963 741 625	
1 090,4	
1 084	
1 076,6	
1 100	
1 094,2
POLY	
Polymetal
13 466	
915 991 462	
1 479,9	
1 457,9	
1 451	
1 498,6	
1 498,3
ALRS	
АЛРОСА ао
13 837	
794 314 447	
64,31	
63,8	
63,8	
64,65	
64,3
SNGS	
Сургнфгз
8 138	
770 385 159	
37,02	
36,715	
36,585	
37,365	
37,145
MTSS	
МТС-ао
11 120	
750 264 761	
321,8	
321,3	
320,2	
322,9	
322,05
AFKS	
Система ао
15 028	
731 838 555	
18,861	
18,37	
18,211	
19,367	
19,222
CHMF	
СевСт-ао
16 185	
661 197 262	
881,2	
878,4	
874	
887,6	
882
HYDR	
РусГидро
13 616	
600 489 886	
0,7676	
0,754	
0,7494	
0,782	
0,7695
FEES	
ФСК ЕЭС ао
11 641	
573 473 400	
0,19196	
0,18948	
0,18866	
0,19394	
0,19392
MOEX	
МосБиржа
10 858	
562 745 260	
125,51	
125,22	
124,27	
126,3	
125,35
FIVE	
FIVE-гдр
7 912	
537 938 470	
2 497,5	
2 521	
2 475	
2 521	
2 518
SNGSP	
Сургнфгз-п
9 328	
506 090 990	
36,22	
36,12	
35,97	
36,39	
36,305
RSTI	
Россети ао
9 300	
465 816 227	
1,5447	
1,525	
1,5151	
1,563	
1,5542
SIBN	
Газпрнефть
8 107	
464 365 517	
318,65	
317,45	
316,15	
320,9	
317,5
MAGN	
ММК
6 111	
377 450 908	
38,225	
38,2	
37,77	
38,405	
38,3
NLMK	
НЛМК ао
5 621	
313 669 973	
138,16	
137,06	
136,68	
139,26	
138,08
CBOM	
МКБ ао
9 887	
291 291 365	
5,673	
5,677	
5,64	
5,705	
5,693
DSKY	
ДетскийМир
11 531	
281 504 150	
112,8	
112,54	
110,78	
114,6	
112,76
TRNFP	
Транснф ап
950	
221 360 950	
133 750	
133 600	
133 400	
134 150	
134 150
TATNP	
Татнфт 3ап
6 515	
220 099 443	
533,2	
528,9	
522,8	
539	
537,2
TCSG	
TCS-гдр
7 435	
217 993 897	
1 657,4	
1 664,8	
1 632,2	
1 672	
1 661,2
NMTP	
НМТП ао
12 012	
196 632 034	
10,865	
10,95	
10,705	
10,99	
10,845
MAIL	
MAIL-гдр
8 553	
188 931 512	
1 827,2	
1 839	
1 810,2	
1 841,6	
1 822
ETLN	
ETLN-гдр
13 822	
183 256 910	
113,84	
119	
110,6	
119,5	
111,68
MTLRP	
Мечел ап
5 932	
176 053 597	
79	
81,9	
53,05	
90	
81,55
OGKB	
ОГК-2 ао
4 895	
147 409 316	
0,7311	
0,7349	
0,7215	
0,7399	
0,7299
UPRO	
Юнипро ао
3 580	
143 507 451	
2,866	
2,82	
2,806	
2,898	
2,89
POGR	
Petropavl
3 481	
136 174 147	
26,565	
26,295	
26,01	
26,85	
26,82
RTKM	
Ростел -ао
4 260	
134 731 424	
87,75	
87,1	
86,54	
88,66	
88,64
RUAL	
РУСАЛ ао
6 914	
130 995 334	
25,975	
25,885	
25,78	
26,13	
25,94
AGRO	
AGRO-гдр
4 770	
108 619 571	
685	
674,6	
673	
696	
681,2
MSNG	
+МосЭнерго
2 759	
107 322 181	
2,0865	
2,0425	
2,0305	
2,1205	
2,12
MTLR	
Мечел ао
8 867	
94 124 718	
64,21	
62,88	
62,88	
64,95	
64,26
LIFE	
iФармсинтз
5 994	
91 475 266	
8,135	
7,68	
7,66	
8,5	
8,495
PHOR	
ФосАгро ао
2 887	
91 266 991	
2 601	
2 600	
2 586	
2 618	
2 608
CNTL	
Телеграф
2 437	
58 067 370	
27,05	
26,35	
26,35	
27,55	
27,05
TRMK	
ТМК ао
420	
48 553 655	
59,94	
59,94	
59,84	
60	
59,94
LNTA	
Лента др
3 757	
43 210 448	
179,4	
176,9	
176,9	
180,7	
179,2
LSRG	
ЛСР ао
2 879	
42 849 858	
719,2	
715	
709,4	
724,4	
724,2
SFIN	
САФМАР ао
320	
40 413 888	
515,4	
513,6	
512,4	
515,8	
512,6
CNTLP	
Телеграф-п
1 952	
39 915 866	
27,02	
26,78	
26,5	
27,2	
27
MVID	
М.видео
1 084	
37 094 703	
403,1	
399	
397,4	
404,9	
403,7
BANEP	
Башнефт ап
2 029	
35 018 438	
1 338	
1 334,5	
1 328,5	
1 345	
1 342
RASP	
Распадская
1 144	
34 157 235	
106,92	
107,96	
105,52	
108,3	
106,9
TGKA	
ТГК-1
2 287	
33 793 987	
0,012008	
0,012	
0,011906	
0,012096	
0,012022
QIWI	
iQIWI
1 633	
31 477 285	
1 328	
1 330	
1 307,5	
1 344,5	
1 340
ENRU	
ЭнелРос ао
2 551	
28 710 276	
0,9295	
0,926	
0,9105	
0,9445	
0,941
RTKMP	
Ростел -ап
2 114	
27 156 140	
81,6	
81,3	
80,9	
82,2	
81,9
NKNCP	
НКНХ ап
2 660	
21 925 997	
79,84	
80,9	
78,5	
81,16	
79,9
MGNZ	
СМЗ-ао
2 063	
21 809 030	
5 220	
4 370	
4 370	
5 650	
5 410
PIKK	
ПИК ао
889	
20 827 658	
434,2	
434,6	
429,1	
438,9	
434
ENPG	
ЭН+ГРУП ао
469	
20 584 358	
596,5	
601	
590,5	
604	
591,5
AQUA	
РусАква ао
937	
20 083 215	
195,5	
195,5	
193,5	
198,5	
194
RSTIP	
Россети ап
818	
19 517 734	
2,096	
2,065	
2,051	
2,125	
2,105
BSPB	
БСП ао
1 298	
19 363 581	
42,56	
42	
41,62	
42,86	
42,59
UNKL	
ЮУНК ао
1 241	
18 159 800	
6 310	
6 790	
6 090	
6 790	
6 120
LNZL	
Лензолото
517	
16 612 040	
12 050	
12 010	
11 940	
12 330	
11 970
MRKP	
МРСК ЦП
867	
13 271 995	
0,2	
0,1992	
0,1984	
0,2015	
0,2013
RUGR	
Русгрэйн
8 268	
12 935 195	
8,948	
9,55	
8,58	
9,6	
8,658
LSNGP	
РСетиЛЭ-п
1 024	
12 607 225	
154,05	
155,6	
153,3	
155,6	
153,75
AKRN	
Акрон
514	
12 495 108	
5 670	
5 668	
5 632	
5 708	
5 690
ISKJ	
iИСКЧ ао
883	
10 107 687	
26,52	
27	
25,9	
27,38	
26,44
FESH	
ДВМП ао
431	
9 270 282	
7,61	
7,6	
7,55	
7,71	
7,69
OBUV	
ОР ао
884	
8 968 960	
33,6	
34	
32,5	
34,1	
33,6
BANE	
Башнефт ао
698	
8 940 460	
1 731	
1 722	
1 685,5	
1 743,5	
1 734,5
HALS	
Галс-Девел
1 072	
7 831 271	
980	
848	
814	
1 160	
1 160
RLMN	
Роллман
1 862	
7 705 266	
20,7	
18,8	
18,8	
23	
19,9
VRSBP	
ТНСэнВор-п
649	
6 464 200	
50	
45,5	
45	
58	
46,5
GEMA	
iММЦБ ао
395	
5 855 127	
618,5	
608	
606	
626,5	
618
BLNG	
Белон ао
1 538	
5 547 248	
4,592	
4,48	
4,366	
4,798	
4,478
TGKB	
ТГК-2
396	
5 446 585	
0,00413	
0,00401	
0,00401	
0,0042	
0,00413
KMAZ	
КАМАЗ
817	
5 224 365	
57,9	
58,5	
57	
59,2	
58,3
KRKNP	
СаратНПЗ-п
199	
5 153 440	
15 620	
15 660	
15 540	
15 680	
15 600
MRKC	
МРСК Центр
488	
5 072 239	
0,2882	
0,284	
0,2836	
0,2906	
0,2888
YRSBP	
ТНСэнЯр-п
109	
5 027 155	
88,5	
88,5	
86,5	
92	
88,5
RNFT	
РуссНфт ао
1 252	
4 588 923	
498,2	
493	
487,2	
529,4	
520,4
VSMO	
ВСМПО-АВСМ
130	
4 141 800	
18 320	
18 340	
18 240	
18 400	
18 320
MRKV	
РсетВол ао
479	
4 059 155	
0,0759	
0,07465	
0,07395	
0,0765	
0,0761
SELG	
Селигдар
299	
4 023 182	
26,57	
26,54	
26,27	
26,68	
26,6
APTK	
Аптеки36и6
1 634	
3 906 367	
13,512	
13,428	
13,426	
13,716	
13,474
URKZ	
УрКузница
147	
3 741 660	
17 900	
16 620	
16 620	
18 820	
18 040
BELU	
Белуга ао
301	
3 443 559	
1 363	
1 385	
1 345	
1 395	
1 350
RBCM	
РБК ао
573	
3 341 996	
3,32	
3,37	
3,29	
3,42	
3,314
AMEZ	
АшинскийМЗ
275	
3 120 398	
4,115	
4,08	
4,065	
4,14	
4,09
IGST	
Ижсталь2ао
682	
2 976 289	
1 001	
1 022	
959	
1 084	
975
CHMK	
ЧМК ао
353	
2 848 655	
2 585	
2 630	
2 515	
2 660	
2 570
GCHE	
ЧеркизГ-ао
475	
2 843 650	
1 751	
1 764,5	
1 730	
1 770	
1 747,5
KLSB	
КалужскСК
339	
2 682 868	
11,66	
11,56	
11,5	
11,87	
11,59
IGSTP	
Ижсталь ап
588	
2 480 536	
807	
820	
785	
849	
813
RLMNP	
Роллман-п
781	
2 444 873	
21,46	
20,2	
19,8	
23,4	
20,98
OMZZP	
ОМЗ-ап
471	
2 405 145	
3 655	
3 470	
3 430	
3 895	
3 500
NKNC	
НКНХ ао
455	
2 325 769	
94,25	
94,85	
93,2	
94,85	
94,65
LNZLP	
Лензол. ап
114	
2 187 640	
4 095	
4 010	
4 010	
4 155	
4 100
STSBP	
СтаврЭнСбп
417	
2 098 311	
0,3415	
0,343	
0,339	
0,347	
0,3425
TGKBP	
ТГК-2 ап
96	
2 086 310	
0,00698	
0,00694	
0,0069	
0,0071	
0,00707
MSTT	
Мостотрест
149	
2 025 280	
156,25	
156,05	
154,3	
158,85	
155
SLEN	
Сахэнер ао
324	
1 998 385	
5,175	
5,1	
5,01	
5,35	
5,2
DIOD	
ЗаводДИОД
291	
1 997 076	
6,4	
6,3	
6,3	
6,48	
6,42
UNAC	
iАвиастКао
268	
1 991 346	
0,4695	
0,4705	
0,467	
0,474	
0,473
MSRS	
РСетиМР ао
162	
1 747 137	
1,118	
1,1085	
1,1085	
1,127	
1,1245
MGTSP	
МГТС-4ап
194	
1 694 522	
1 988	
2 002	
1 976	
2 002	
1 990
KOGK	
КоршГОК ао
24	
1 666 000	
50 400	
51 400	
50 000	
51 400	
50 200
RUSP	
Русполимет
135	
1 652 770	
0,6075	
0,617	
0,6	
0,6175	
0,6065
VRSB	
ТНСэнВорон
174	
1 640 520	
54	
52	
50,8	
56,8	
52
SVAV	
СОЛЛЕРС
95	
1 529 870	
264	
265	
262,5	
266,5	
266
IRGZ	
ИркЭнерго
211	
1 519 120	
11,5	
11,48	
11,3	
11,76	
11,4
UWGN	
ОВК ао
290	
1 449 696	
231,7	
233	
230	
235	
231,4
PMSBP	
ПермьЭнС-п
249	
1 443 428	
128,4	
131,8	
127,6	
131,8	
128,2
ELTZ	
Электрцинк
409	
1 386 569	
165	
163,5	
159,5	
170	
165,5
MRKU	
МРСК Ур
56	
1 299 576	
0,157	
0,1552	
0,1552	
0,1578	
0,1558
YKEN	
Якутскэнрг
173	
1 193 455	
0,352	
0,346	
0,338	
0,369	
0,352
IRKT	
ИРКУТ-3
125	
1 191 644	
33,66	
33,82	
33,24	
34	
33,7
UKUZ	
ЮжКузб. ао
125	
1 119 358	
544	
576	
532	
594	
548
YAKG	
ЯТЭК ао
27	
1 105 250	
41,4	
41,2	
41,15	
41,45	
41,4
ZILL	
ЗИЛ ао
107	
1 104 965	
2 610	
2 605	
2 590	
2 680	
2 610
NKSH	
Нижкамшина
22	
1 057 808	
22,28	
22,1	
22	
22,94	
22,74
UTAR	
ЮТэйр ао
166	
1 050 109	
7,16	
7,27	
7,05	
7,28	
7,1
KBSB	
ТНСэКубань
125	
1 019 605	
139,5	
144	
137	
144	
139
KZOS	
ОргСинт ао
262	
1 006 835	
86,8	
87,2	
86,4	
87,2	
86,9
ALNU	
АЛРОСА-Нюр
15	
984 800	
54 800	
55 000	
54 400	
55 200	
54 400
MAGE	
МагадЭн ао
83	
919 640	
7,12	
6,56	
6,5	
7,48	
7,48
SELGP	
Селигдар-п
68	
912 105	
26,75	
26,65	
26,55	
26,9	
26,9
RGSS	
РГС СК ао
175	
910 983	
0,1488	
0,1486	
0,147	
0,1506	
0,1482
PMSB	
ПермьЭнСб
194	
896 399	
129,5	
129,7	
127	
133,1	
130,3
MRKK	
Россети СК
79	
877 016	
25,98	
25,52	
25,42	
26,16	
26
SAGO	
СамарЭн-ао
80	
876 320	
0,502	
0,532	
0,468	
0,542	
0,478
NKHP	
НКХП ао
50	
824 000	
231	
231	
228,5	
231,5	
229,5
TTLK	
Таттел. ао
111	
793 200	
0,2795	
0,28	
0,2785	
0,2805	
0,2795
KMEZ	
КМЗ
332	
790 571	
501,5	
491	
490	
523	
493
VZRZP	
Возрожд-п
137	
750 102	
329	
319,8	
319,8	
340	
335,2
ROLO	
Русолово
74	
706 402	
3,924	
3,91	
3,882	
4	
3,916
MGTS	
МГТС-5ао
90	
642 665	
2 265	
2 275	
2 245	
2 310	
2 260
MFGSP	
Мегион-ап
70	
639 900	
320	
328	
301,5	
333	
322,5
KRKOP	
ТКЗКК ап
148	
638 087	
6,165	
6,45	
6,095	
6,45	
6,16
MRKZ	
МРСК СЗ
148	
633 418	
0,0504	
0,05045	
0,04985	
0,0509	
0,0508
KZOSP	
ОргСинт ап
314	
630 175	
12,04	
12,14	
11,96	
12,2	
12
MRKY	
РоссЮг ао
123	
628 113	
0,05015	
0,05025	
0,04945	
0,0503	
0,05025
TGKD	
Квадра
140	
585 510	
0,003105	
0,003125	
0,003075	
0,00314	
0,003095
LSNG	
РСетиЛЭ
194	
573 733	
5,98	
5,94	
5,92	
6	
6
VLHZ	
ВХЗ-ао
75	
547 264	
50	
50,5	
49,85	
50,9	
49,85
BRZL	
БурЗолото
90	
505 490	
827	
829	
823	
838	
826
MAGEP	
МагадЭн ап
55	
499 765	
5,95	
5,925	
5,8	
6,08	
6,08
TGKN	
ТГК-14
80	
495 590	
0,0031	
0,00308	
0,00308	
0,00312	
0,0031
CHEP	
ЧТПЗ ао
97	
491 470	
199	
200	
197,5	
200	
199
INGR	
ИНГРАД ао
108	
438 754	
726	
725	
724	
730	
729
DVEC	
ДЭК ао
75	
435 706	
1,025	
1,033	
1,019	
1,037	
1,023
KRSBP	
Красэсб ап
35	
431 260	
6,74	
6,86	
6,62	
6,96	
6,62
VJGZP	
Варьеган-п
24	
428 740	
349	
343	
338	
352	
349
JNOSP	
Слав-ЯНОСп
10	
428 048	
13,56	
13,66	
13,54	
13,9	
13,82
BISVP	
БашИнСв ап
41	
416 988	
8,39	
8,39	
8,36	
8,4	
8,39
ABRD	
АбрауДюрсо
131	
395 510	
129,5	
130	
129	
130	
129,5
ZVEZ	
ЗВЕЗДА ао
21	
355 605	
4,5	
4,55	
4,46	
4,565	
4,49
RZSB	
РязЭнСб
32	
354 420	
9,1	
8,88	
8,88	
9,42	
9,36
MISB	
ТНСэнМарЭл
75	
337 300	
12,8	
12,4	
12,3	
13,4	
12,7
KUZB	
КузнецкийБ
222	
307 139	
0,01506	
0,01519	
0,0149	
0,01538	
0,01506
SAGOP	
СамарЭн-ап
39	
261 920	
0,429	
0,44	
0,413	
0,44	
0,416
KRKN	
СаратНПЗ
15	
253 200	
12 650	
12 750	
12 550	
12 750	
12 600
USBN	
УралСиб ао
47	
253 099	
0,0677	
0,0675	
0,067	
0,0684	
0,0675
WTCM	
ЦМТ ао
67	
242 630	
8,92	
8,84	
8,82	
9,1	
8,88
KUBE	
Кубанэнр
34	
234 501	
70,2	
70,9	
69,8	
71,6	
69,9
NSVZ	
НаукаСвяз
26	
234 460	
225,5	
226	
223,5	
226	
224
UCSS	
ОКС ао
51	
220 890	
1 440	
1 440	
1 430	
1 480	
1 440
GTRK	
ГТМ ао
117	
217 830	
42,05	
41,6	
41,6	
42,35	
42,1
RDRB	
РДБанк ао
20	
217 550	
245	
245	
245	
250	
250
HIMCP	
Химпром ап
61	
216 581	
6,08	
6,19	
6,01	
6,19	
6,03
ROST	
РОСИНТЕРао
30	
216 426	
60,6	
60	
59,8	
61	
60,4
MFGS	
Мегион-ао
23	
209 890	
368	
372	
365	
379,5	
366
LVHK	
Левенгук
54	
201 859	
7,98	
7,98	
7,87	
8,03	
8
STSB	
СтаврЭнСб
62	
198 689	
0,382	
0,3835	
0,3785	
0,388	
0,3855
VSYD	
ВыбСудЗ ао
20	
185 225	
3 860	
3 835	
3 835	
3 910	
3 840
ASSB	
АстрЭнСб
99	
179 676	
0,7455	
0,74	
0,7355	
0,76	
0,737
DZRD	
iДонскЗР
33	
175 340	
1 995	
1 985	
1 950	
2 020	
1 970
MISBP	
ТНСэМаЭл-п
49	
165 560	
12,4	
12,2	
12	
12,6	
12,4
GAZAP	
ГАЗ ап
43	
162 845	
313	
313	
310	
319,5	
311
SAREP	
СаратЭн-ап
25	
153 518	
0,0926	
0,0932	
0,092	
0,0932	
0,0924
WTCMP	
ЦМТ ап
49	
147 774	
8,04	
8	
7,98	
8,08	
8,06
ARSA	
Арсагера
15	
126 710	
3,25	
3,25	
3,22	
3,29	
3,29
MRSB	
МордЭнСб
7	
117 760	
0,346	
0,349	
0,345	
0,349	
0,345
YRSB	
ТНСэнЯр
8	
114 280	
172	
172	
166	
172	
168
PRMB	
Приморье
5	
111 600	
22 400	
22 200	
22 200	
22 400	
22 200
VSYDP	
ВыбСудЗ ап
15	
108 960	
4 040	
4 080	
4 000	
4 080	
4 060
KAZT	
Куйбазот
29	
100 656	
148	
148,2	
147,4	
148,2	
147,8
YKENP	
Якутскэн-п
27	
97 565	
0,3365	
0,3335	
0,332	
0,344	
0,3365
NAUK	
iНПОНаука
29	
78 904	
183,6	
181,4	
181,2	
185	
184,6
GAZA	
ГАЗ ао
19	
73 380	
386	
382,5	
382,5	
388,5	
387,5
KROT	
КрасОкт-ао
18	
72 475	
345	
345	
341,5	
348	
346,5
RKKE	
ЭнергияРКК
10	
71 160	
5 080	
5 120	
5 060	
5 120	
5 090
KTSB	
КСБ ао
42	
62 670	
0,608	
0,62	
0,6	
0,632	
0,614
VJGZ	
Варьеган
26	
62 515	
584	
581	
577	
593	
591
RUSI	
ИКРУСС-ИНВ
12	
60 260	
37,7	
37,6	
37,2	
38,2	
37,9
TORS	
ТРК ао
8	
56 970	
0,38	
0,38	
0,373	
0,381	
0,377
PAZA	
ПавлАвт ао
7	
52 900	
7 560	
7 530	
7 530	
7 640	
7 590
TGKDP	
Квадра-п
60	
52 864	
0,00386	
0,003815	
0,003805	
0,003935	
0,003885
MRKS	
РсетСиб ао
15	
51 730	
0,235	
0,24	
0,234	
0,24	
0,2365
ROSB	
Росбанк ао
21	
48 594	
70,4	
70,6	
70	
71,8	
70,6
VGSB	
ВолгЭнСб
13	
47 245	
1,63	
1,64	
1,615	
1,65	
1,615
KRSB	
Красэсб ао
7	
46 800	
6,69	
6,77	
6,63	
6,77	
6,64
TASB	
ТамбЭнСб
10	
43 995	
0,44	
0,4455	
0,43	
0,447	
0,443
TORSP	
ТРК ап
9	
41 630	
0,26	
0,26	
0,26	
0,2605	
0,26
TASBP	
ТамбЭнСб-п
8	
40 720	
0,3395	
0,3345	
0,334	
0,3435	
0,3435
KBTK	
КузбТК ао
13	
39 638	
152,6	
152,8	
150,8	
152,8	
152,6
KGKC	
КурганГКао
6	
38 170	
53	
53	
53	
54	
54
KCHE	
КамчатЭ ао
13	
37 835	
0,199	
0,201	
0,1945	
0,202	
0,202
TUZA	
ТЗА ао
11	
37 450	
94	
93	
92	
94	
94
NFAZ	
Нефтекамск
10	
37 126	
168,8	
169,8	
166,6	
169,8	
166,8
NNSBP	
ТНСэнНН ап
10	
35 398	
590	
578	
578	
595	
591
RTSBP	
ТНСэнРст-п
10	
32 850	
0,299	
0,299	
0,294	
0,302	
0,298
AVAN	
Авангрд-ао
25	
29 380	
685	
685	
675	
690	
690
CHGZ	
РН-ЗапСиб
8	
28 500	
35,6	
35,6	
35,4	
35,8	
35,4
KAZTP	
Куйбазот-п
9	
28 180	
148,4	
147,6	
146,2	
148,8	
148,6
LPSB	
ЛЭСК ао
13	
26 765	
7,65	
7,7	
7,6	
7,7	
7,7
CHKZ	
ЧКПЗ ао
5	
26 420	
5 280	
5 260	
5 240	
5 340	
5 280
KGKCP	
КурганГКап
4	
24 915	
53	
53	
53	
53,5	
53,5
RAVN	
Raven
6	
23 725	
29,65	
29,65	
29,45	
29,95	
29,45
DZRDP	
iДонскЗР п
8	
23 660	
1 580	
1 600	
1 570	
1 600	
1 590
NNSB	
ТНСэнНН ао
6	
9 235	
1 320	
1 305	
1 305	
1 330	
1 310
VGSBP	
ВолгЭнСб-п
3	
9 125	
1,14	
1,13	
1,125	
1,145	
1,145
JNOS	
Славн-ЯНОС
3	
7 455	
18,65	
18,6	
18,6	
18,7	
18,65
RTSB	
ТНСэнРст
2	
7 400	
0,37	
0,37	
0,37	
0,37	
0,37
KCHEP	
КамчатЭ ап
2	
7 080	
0,354	
0,354	
0,354	
0,354	
0,354
ALBK	
БестЭфБ ао
8	
5 330	
53,5	
53,5	
52,5	
54	
53,5
KROTP	
КрасОкт-1п
2	
5 135	
257	
255	
255	
258,5	
258,5
TNSE	
ТНСэнрг ао
4	
4 875	
975	
975	
975	
975	
975
BISV	
БашИнСв ао
0	
0	
-	
-	
-	
-	
8,7
GAZC	
ГАЗКОН-ао
0	
0	
-	
-	
-	
-	
295
GAZS	
ГАЗ-сервис
0	
0	
-	
-	
-	
-	
293
GAZT	
ГАЗ-Тек ао
0	
0	
-	
-	
-	
-	
85
GTSS	
ГЕОТЕК ао
0	
0	
-	
-	
-	
-	
-
HIMC	
Химпром ао
0	
0	
-	
-	
-	
-	
0,99
KMTZ	
КосогМЗ ао
0	
0	
-	
-	
-	
-	
-
KRKO	
ТКЗКК ао
0	
0	
-	
-	
-	
-	
11,8
KSGR	
Кокс ао
0	
0	
-	
-	
-	
-	
-
KTSBP	
КСБ ап
0	
0	
-	
-	
-	
-	
0,2575
KUNF	
КУЗОЦМ ао
0	
0	
-	
-	
-	
-	
-
KZMS	
КЗМС ао
0	
0	
-	
-	
-	
-	
226
MFON	
МегаФон ао
0	
0	
-	
-	
-	
-	
650,6
MOBB	
МосОблБанк
0	
0	
-	
-	
-	
-	
0,698
MORI	
Морион ао
0	
0	
-	
-	
-	
-	
4,31
NPOF	
Физика ао
0	
0	
-	
-	
-	
-	
11 850
PRTK	
ПРОТЕК ао
0	
0	
-	
-	
-	
-	
99,6
RTGZ	
ГазпРнД ао
0	
0	
-	
-	
-	
-	
23 550
SARE	
СаратЭн-ао
0	
0	
-	
-	
-	
-	
0,119
TRCN	
ТрансК ао
0	
0	
-	
-	
-	
-	
8 595
TRFM	
ТрансФ ао
0	
0	
-	
-	
-	
-	
-
URKA	
Уркалий-ао
0	
0	
-	
-	
-	
-	
119,04
VZRZ	
Возрожд-ао
0	
0	
-	
-	
-	
-	
480