SBER	
Сбербанк
102 681	
17 813 722 381	
190,84	
188,49	
186,6	
193,98	
193,98
GAZP	
ГАЗПРОМ ао
105 228	
14 446 196 947	
195,61	
193,57	
192,79	
197,27	
196,74
LKOH	
ЛУКОЙЛ
62 497	
12 092 906 400	
5 395,5	
5 275	
5 238	
5 471	
5 450
GMKN	
ГМКНорНик
50 046	
9 497 692 774	
22 626	
21 920	
21 802	
23 158	
22 952
ROSN	
Роснефть
37 020	
5 602 361 547	
379,95	
374	
373,25	
384,45	
380,25
NVTK	
Новатэк ао
42 813	
4 698 555 803	
1 112,8	
1 078	
1 067	
1 142,8	
1 140
SNGS	
Сургнфгз
35 982	
3 865 704 088	
40,785	
39,8	
39,505	
41,5	
40,795
TATN	
Татнфт 3ао
36 422	
3 270 337 526	
556,8	
544,5	
538,3	
568,5	
566,5
SBERP	
Сбербанк-п
37 421	
2 680 639 867	
176,23	
174,45	
173,3	
178,5	
177,88
PLZL	
Полюс
18 564	
2 223 793 336	
12 108,5	
12 203	
11 980	
12 269,5	
12 073,5
ALRS	
АЛРОСА ао
38 056	
2 102 946 558	
62,5	
61,44	
61,05	
64,25	
63,97
MTSS	
МТС-ао
19 500	
1 661 834 067	
333,85	
327,6	
327	
339,85	
332,55
YNDX	
Yandex clA
21 131	
1 522 005 574	
2 978	
2 956,8	
2 941	
3 000	
2 964,6
IRAO	
ИнтерРАОао
20 681	
1 487 503 058	
4,8815	
4,83	
4,811	
4,93	
4,89
MGNT	
Магнит ао
20 816	
1 465 500 244	
3 657	
3 667,5	
3 633	
3 686	
3 640
MOEX	
МосБиржа
25 474	
1 437 609 712	
115,34	
114,4	
114,23	
116,06	
115,8
DSKY	
ДетскийМир
61 358	
1 351 416 703	
92,6	
86,6	
86,2	
95,2	
95,1
POLY	
Polymetal
15 415	
1 100 594 228	
1 524,2	
1 522	
1 507	
1 545,4	
1 522,1
NLMK	
НЛМК ао
20 049	
1 088 080 670	
127,36	
125,02	
124,4	
128,6	
128,1
SNGSP	
Сургнфгз-п
14 595	
1 084 270 109	
36,7	
36,195	
35,99	
37,19	
36,855
RSTI	
Россети ао
25 657	
1 061 291 595	
1,3715	
1,3233	
1,3216	
1,3948	
1,3887
AFLT	
Аэрофлот
31 534	
1 036 830 019	
72,98	
72,84	
72,2	
73,48	
73,02
CHMF	
СевСт-ао
22 651	
981 686 558	
874,4	
862	
855	
885,2	
884,4
VTBR	
ВТБ ао
24 905	
976 931 713	
0,035025	
0,034795	
0,03463	
0,035235	
0,03521
HYDR	
РусГидро
22 907	
972 656 622	
0,6728	
0,6795	
0,664	
0,6844	
0,665
SIBN	
Газпрнефть
13 010	
961 089 729	
331,9	
329,2	
326,2	
334	
333,3
AFKS	
Система ао
21 450	
888 269 146	
14,873	
14,506	
14,433	
15,05	
14,891
FEES	
ФСК ЕЭС ао
17 809	
833 667 397	
0,19204	
0,18794	
0,18712	
0,19396	
0,19296
TRNFP	
Транснф ап
3 710	
829 664 850	
132 100	
130 500	
129 800	
133 500	
133 300
TATNP	
Татнфт 3ап
14 399	
795 450 904	
522,9	
519,5	
511	
530,3	
529,1
FIVE	
FIVE-гдр
12 542	
712 675 835	
2 187	
2 187	
2 170,5	
2 206	
2 181,5
TRMK	
ТМК ао
5 734	
605 509 016	
59	
59,02	
58,92	
59,2	
59,2
MAGN	
ММК
10 512	
577 474 995	
38,19	
37,5	
37,4	
38,615	
38,615
TCSG	
TCS-гдр
12 702	
534 509 987	
1 132,2	
1 108,4	
1 092	
1 150,6	
1 144,2
RUAL	
РУСАЛ ао
14 582	
470 203 639	
26,24	
25,8	
25,475	
26,61	
26,265
QIWI	
iQIWI
15 806	
289 919 293	
1 038,5	
1 010,5	
985	
1 084	
999,5
CBOM	
МКБ ао
13 960	
276 983 848	
5,448	
5,401	
5,388	
5,497	
5,48
UPRO	
Юнипро ао
6 323	
261 017 356	
2,638	
2,645	
2,61	
2,659	
2,65
PHOR	
ФосАгро ао
5 903	
250 574 921	
2 767	
2 746	
2 721	
2 798	
2 774
BANEP	
Башнефт ап
6 591	
233 656 827	
1 407	
1 410	
1 396,5	
1 417	
1 412,5
RTKM	
Ростел -ао
8 324	
219 724 128	
82,75	
82,92	
82,05	
83,41	
82,2
MSTT	
Мостотрест
6 798	
192 458 611	
185,35	
160,55	
158,1	
197	
171,95
RSTIP	
Россети ап
5 130	
173 643 522	
2,107	
1,99	
1,977	
2,19	
2,19
MVID	
М.видео
6 889	
169 394 828	
339,3	
337	
333	
344	
341,4
MTLR	
Мечел ао
13 660	
148 350 548	
64,03	
63,82	
63,03	
64,75	
64,49
AGRO	
AGRO-гдр
5 298	
127 147 993	
639,6	
634,4	
630,8	
650	
650
TGKA	
ТГК-1
5 534	
114 379 904	
0,011824	
0,011712	
0,011516	
0,011968	
0,011946
OGKB	
ОГК-2 ао
7 126	
106 993 913	
0,635	
0,628	
0,6273	
0,6409	
0,635
LSNGP	
РСетиЛЭ-п
4 325	
98 211 825	
153,2	
148,05	
148,05	
158,3	
157
KRKNP	
СаратНПЗ-п
1 716	
94 321 760	
17 520	
16 920	
16 920	
18 000	
17 500
LSRG	
ЛСР ао
7 219	
89 890 679	
591	
593,6	
588	
594	
593
RASP	
Распадская
2 300	
84 995 700	
108,68	
107,98	
107,02	
109,72	
108,66
LNTA	
Лента др
5 930	
78 458 272	
151,1	
152,9	
146,4	
152,9	
150,6
APTK	
Аптеки36и6
11 125	
57 722 085	
13,914	
13,7	
13,65	
14,15	
13,924
MTLRP	
Мечел ап
1 791	
52 038 209	
72,8	
71,6	
71,4	
73,5	
72,95
ENRU	
ЭнелРос ао
2 822	
44 248 124	
0,9275	
0,9085	
0,9065	
0,939	
0,9385
PIKK	
ПИК ао
1 956	
43 269 592	
368,6	
367,3	
365,2	
372,1	
369,4
BANE	
Башнефт ао
1 531	
31 946 195	
1 807	
1 791,5	
1 779,5	
1 820	
1 819,5
RTKMP	
Ростел -ап
2 224	
31 328 821	
74,45	
74,75	
73,45	
75,1	
74,8
AKRN	
Акрон
1 208	
30 753 384	
5 950	
5 996	
5 906	
5 996	
5 968
MSNG	
+МосЭнерго
1 102	
28 394 423	
1,963	
1,923	
1,923	
1,9775	
1,961
NMTP	
НМТП ао
2 476	
26 915 968	
9,085	
9	
8,875	
9,3	
9,175
NKNCP	
НКНХ ап
1 760	
25 487 855	
76,72	
76,4	
76,02	
77,9	
77,3
MGTSP	
МГТС-4ап
1 615	
25 319 620	
2 210	
2 190	
2 180	
2 240	
2 204
ETLN	
ETLN-гдр
1 351	
22 844 665	
82,98	
83,02	
82	
83,6	
83,6
MSRS	
РСетиМР ао
1 126	
21 822 981	
1,114	
1,109	
1,0695	
1,135	
1,123
VSMO	
ВСМПО-АВСМ
322	
20 541 600	
18 400	
18 260	
18 220	
18 500	
18 460
MRKP	
МРСК ЦП
753	
19 402 699	
0,1704	
0,1715	
0,169	
0,1715	
0,1711
ISKJ	
iИСКЧ ао
2 045	
19 140 990	
29,95	
28,44	
28,44	
31	
29,78
BSPB	
БСП ао
1 797	
19 093 669	
40,1	
40	
39,92	
40,19	
40,14
ENPG	
ЭН+ГРУП ао
401	
19 020 959	
612,5	
615	
597,5	
620	
605
MRKV	
РсетВол ао
809	
13 902 771	
0,064	
0,06425	
0,0633	
0,0645	
0,06395
OBUV	
ОР ао
1 325	
11 419 055	
29,9	
30	
29,65	
30,05	
29,95
LSNG	
РСетиЛЭ
1 219	
8 583 487	
6,28	
6,2	
6,14	
6,72	
6,23
FESH	
ДВМП ао
636	
8 016 378	
6,58	
6,64	
6,46	
6,72	
6,66
TGKB	
ТГК-2
585	
7 898 020	
0,00446	
0,004455	
0,0044	
0,004555	
0,00444
SFIN	
САФМАР ао
682	
7 365 922	
407,2	
409,8	
405	
413,8	
407
LIFE	
iФармсинтз
624	
7 244 550	
7,765	
7,82	
7,695	
7,84	
7,77
NKNC	
НКНХ ао
756	
6 884 360	
91,55	
92,15	
90,65	
92,95	
91,6
LNZL	
Лензолото
352	
6 711 380	
8 580	
8 610	
8 510	
8 650	
8 630
MRKC	
МРСК Центр
719	
6 425 969	
0,2398	
0,241	
0,238	
0,242	
0,2404
AMEZ	
АшинскийМЗ
696	
5 447 881	
4,19	
4,095	
4,07	
4,28	
4,23
SELG	
Селигдар
625	
5 305 783	
23,75	
24,08	
23,4	
24,2	
23,67
RNFT	
РуссНфт ао
1 750	
5 194 186	
421,4	
421,4	
417,2	
423	
421,6
BELU	
Белуга ао
374	
5 096 972	
1 458	
1 480	
1 442	
1 489	
1 457
SELGP	
Селигдар-п
396	
4 934 715	
27,6	
27,95	
27,15	
28,1	
27,6
MRKU	
МРСК Ур
204	
4 729 474	
0,1524	
0,1538	
0,1474	
0,154	
0,1528
GCHE	
ЧеркизГ-ао
471	
4 069 312	
1 705,5	
1 703,5	
1 695	
1 716,5	
1 708
IRGZ	
ИркЭнерго
222	
3 628 114	
12,78	
12,86	
12,54	
12,94	
12,68
GTRK	
ГТМ ао
688	
3 571 750	
43,65	
44,7	
43	
45	
43,8
DIOD	
ЗаводДИОД
301	
3 548 704	
6	
5,9	
5,9	
6,09	
5,99
GEMA	
iММЦБ ао
365	
3 213 631	
635,5	
636	
632	
642	
638,5
KZOS	
ОргСинт ао
388	
2 811 762	
88,5	
88,4	
88,1	
89	
88,8
KRKN	
СаратНПЗ
140	
2 766 900	
13 200	
12 700	
12 450	
13 700	
13 000
SVAV	
СОЛЛЕРС
138	
2 759 340	
262	
262	
259	
263,5	
260
RBCM	
РБК ао
633	
2 541 361	
3,338	
3,368	
3,28	
3,384	
3,348
AQUA	
РусАква ао
232	
2 468 245	
196	
194	
194	
197,5	
196
UWGN	
ОВК ао
244	
2 136 318	
242,2	
246,1	
239	
246,1	
243,8
LNZLP	
Лензол. ап
141	
2 136 085	
3 700	
3 725	
3 670	
3 730	
3 700
ALNU	
АЛРОСА-Нюр
35	
2 058 200	
49 000	
49 800	
48 600	
49 800	
48 600
TTLK	
Таттел. ао
236	
1 966 080	
0,2965	
0,299	
0,2915	
0,2995	
0,298
PMSBP	
ПермьЭнС-п
279	
1 788 720	
138	
136	
135,2	
139,8	
138,2
CNTLP	
Телеграф-п
204	
1 726 962	
17,9	
17,78	
17,76	
18,04	
17,92
UCSS	
ОКС ао
314	
1 558 500	
1 520	
1 430	
1 430	
1 650	
1 470
UNAC	
iАвиастКао
324	
1 555 794	
0,477	
0,477	
0,474	
0,483	
0,475
PRMB	
Приморье
68	
1 500 400	
20 800	
21 400	
19 000	
23 200	
20 400
BRZL	
БурЗолото
125	
1 460 123	
830	
835	
827	
838	
828
YAKG	
ЯТЭК ао
88	
1 429 990	
42,95	
43	
42,05	
43,6	
42,9
TRCN	
ТрансК ао
77	
1 397 665	
8 320	
8 210	
8 210	
8 400	
8 265
KMAZ	
КАМАЗ
291	
1 372 733	
55,1	
55	
54,5	
55,3	
55,2
RZSB	
РязЭнСб
98	
1 317 440	
7,84	
7,7	
7,64	
7,96	
7,94
IRKT	
ИРКУТ-3
139	
1 262 818	
30,28	
29,98	
29,98	
30,76	
30,46
TGKN	
ТГК-14
86	
1 154 170	
0,00335	
0,00337	
0,00332	
0,00338	
0,00333
VJGZP	
Варьеган-п
24	
1 150 900	
329	
329	
324	
332	
328
MGTS	
МГТС-5ао
121	
1 103 540	
2 710	
2 645	
2 630	
2 750	
2 720
USBN	
УралСиб ао
78	
1 054 276	
0,0696	
0,0695	
0,0688	
0,0704	
0,0696
TGKD	
Квадра
127	
1 038 746	
0,003105	
0,00318	
0,00309	
0,00318	
0,00311
YRSBP	
ТНСэнЯр-п
150	
1 026 550	
88	
90,5	
85	
93	
89
MAGEP	
МагадЭн ап
87	
977 895	
7,245	
6,565	
6,555	
7,495	
7,285
RUGR	
Русгрэйн
706	
901 243	
7,478	
7,496	
7,412	
7,516	
7,498
RGSS	
РГС СК ао
152	
870 467	
0,1516	
0,1504	
0,1504	
0,1522	
0,1514
KOGK	
КоршГОК ао
18	
861 800	
45 400	
44 800	
44 400	
46 000	
45 800
ZILL	
ЗИЛ ао
40	
838 820	
1 435	
1 345	
1 345	
1 485	
1 395
SLEN	
Сахэнер ао
197	
830 172	
3,965	
4,095	
3,26	
4,375	
4,095
BISVP	
БашИнСв ап
268	
814 967	
7,03	
7,23	
6,61	
7,23	
7,09
CHEP	
ЧТПЗ ао
147	
807 140	
201	
197	
197	
206	
200,5
KRSBP	
Красэсб ап
60	
807 140	
6,62	
6,6	
6,46	
6,68	
6,62
DVEC	
ДЭК ао
156	
792 088	
0,801	
0,796	
0,792	
0,81	
0,801
WTCMP	
ЦМТ ап
103	
763 744	
8,18	
8,12	
8	
8,32	
8,26
TGKBP	
ТГК-2 ап
72	
752 760	
0,00724	
0,00728	
0,00712	
0,0073	
0,00724
NKHP	
НКХП ао
103	
742 060	
232	
233	
227	
236	
234,5
KZOSP	
ОргСинт ап
446	
733 686	
11,8	
11,84	
11,7	
11,87	
11,84
OMZZP	
ОМЗ-ап
70	
674 675	
3 460	
3 445	
3 390	
3 505	
3 445
PMSB	
ПермьЭнСб
147	
652 549	
138,5	
137,8	
136,3	
139,4	
138,6
MRKZ	
МРСК СЗ
135	
651 913	
0,04895	
0,0487	
0,04855	
0,0492	
0,0491
INGR	
ИНГРАД ао
152	
636 185	
757	
766	
745	
766	
764
VZRZP	
Возрожд-п
81	
567 560	
295,6	
293,8	
289,2	
300	
291,8
RLMNP	
Роллман-п
107	
554 116	
20,26	
20,64	
19,98	
20,68	
20,34
PRTK	
ПРОТЕК ао
101	
546 451	
98,3	
98,2	
97,9	
98,8	
98,3
KROT	
КрасОкт-ао
70	
501 735	
356	
350	
350	
359,5	
358
WTCM	
ЦМТ ао
93	
467 508	
8,9	
8,96	
8,8	
9,1	
8,98
HIMCP	
Химпром ап
84	
454 255	
5,76	
5,75	
5,71	
5,78	
5,78
RDRB	
РДБанк ао
123	
453 150	
255	
265	
245	
270	
260
KRSB	
Красэсб ао
30	
445 120	
6,64	
6,62	
6,51	
6,68	
6,67
ROLO	
Русолово
44	
443 168	
3,724	
3,66	
3,66	
3,798	
3,774
ABRD	
АбрауДюрсо
87	
438 140	
131,5	
130,5	
130,5	
132,5	
132
JNOSP	
Слав-ЯНОСп
68	
414 806	
14,3	
13,7	
13,7	
14,7	
14,46
YRSB	
ТНСэнЯр
100	
412 860	
166	
166	
158	
170	
168
KTSB	
КСБ ао
130	
374 352	
0,552	
0,576	
0,546	
0,576	
0,55
CHMK	
ЧМК ао
39	
369 120	
2 225	
2 215	
2 205	
2 230	
2 230
RUSP	
Русполимет
38	
366 795	
0,6325	
0,64	
0,6275	
0,6405	
0,634
VLHZ	
ВХЗ-ао
183	
362 492	
48,2	
47,9	
47,3	
48,75	
48,15
EELT	
ЕвроЭлтех
142	
359 203	
7,9	
8,02	
7,84	
8,02	
7,9
KTSBP	
КСБ ап
94	
355 340	
0,2555	
0,2595	
0,2395	
0,2695	
0,264
KUBE	
Кубанэнр
68	
351 395	
64	
62,8	
62,8	
65,4	
64,9
MOBB	
МосОблБанк
99	
350 114	
2,434	
2,416	
2,398	
2,448	
2,42
RLMN	
Роллман
163	
348 418	
20,8	
21,15	
20,5	
21,2	
20,9
TASB	
ТамбЭнСб
53	
339 270	
0,2975	
0,281	
0,281	
0,3025	
0,2965
GAZA	
ГАЗ ао
36	
334 690	
380,5	
378	
375	
390	
384
MFGS	
Мегион-ао
28	
321 650	
353,5	
349,5	
349,5	
385,5	
352,5
NSVZ	
НаукаСвяз
37	
284 850	
222,5	
221,5	
220,5	
224	
222
PAZA	
ПавлАвт ао
26	
270 670	
7 960	
8 080	
7 840	
8 080	
7 950
KLSB	
КалужскСК
66	
269 451	
11,32	
11,21	
11,2	
11,4	
11,36
RKKE	
ЭнергияРКК
34	
252 960	
4 960	
5 000	
4 910	
5 000	
4 990
SZPR	
СЗПароход
111	
247 436	
726	
732	
714	
742	
734
KAZT	
Куйбазот
55	
245 630	
138	
138,6	
136,4	
138,6	
138,2
TGKDP	
Квадра-п
89	
231 340	
0,004145	
0,004095	
0,00406	
0,00422	
0,004125
UNKL	
ЮУНК ао
32	
222 160	
3 470	
3 440	
3 390	
3 530	
3 520
NNSB	
ТНСэнНН ао
21	
216 210	
1 280	
1 295	
1 275	
1 325	
1 295
UTAR	
ЮТэйр ао
60	
215 890	
6,6	
6,6	
6,27	
6,65	
6,6
CNTL	
Телеграф
49	
210 370	
21,9	
21,7	
21,7	
22,1	
21,85
RTGZ	
ГазпРнД ао
2	
210 000	
21 000	
21 000	
21 000	
21 000	
21 000
MISB	
ТНСэнМарЭл
32	
203 620	
11,5	
11,2	
11,2	
11,8	
11,6
AVAN	
Авангрд-ао
42	
193 625	
760	
745	
740	
770	
765
TASBP	
ТамбЭнСб-п
34	
186 380	
0,233	
0,225	
0,2205	
0,2485	
0,236
RTSBP	
ТНСэнРст-п
26	
185 970	
0,286	
0,286	
0,271	
0,304	
0,304
MRKY	
РоссЮг ао
90	
182 827	
0,0505	
0,0507	
0,05015	
0,05095	
0,0507
TUZA	
ТЗА ао
28	
170 980	
96	
96	
95	
97	
97
VRSB	
ТНСэнВорон
22	
170 900	
47,6	
47,2	
47,2	
48,2	
47,6
TORS	
ТРК ао
21	
168 680	
0,367	
0,365	
0,362	
0,369	
0,366
BLNG	
Белон ао
39	
167 478	
4,026	
4,004	
4,002	
4,07	
4,056
URKZ	
УрКузница
14	
165 860	
10 360	
10 300	
10 120	
10 480	
10 280
MAGE	
МагадЭн ао
19	
165 180	
5,16	
5,06	
5,06	
5,25	
5,15
DZRD	
iДонскЗР
54	
164 120	
1 885	
1 895	
1 850	
1 925	
1 910
ELTZ	
Электрцинк
84	
163 715	
174,5	
177	
174	
177	
176,5
VGSB	
ВолгЭнСб
46	
162 440	
1,56	
1,64	
1,54	
1,64	
1,57
VSYDP	
ВыбСудЗ ап
23	
154 800	
4 560	
4 700	
4 420	
4 720	
4 420
YKENP	
Якутскэн-п
28	
148 135	
0,322	
0,327	
0,315	
0,33	
0,3175
KRKOP	
ТКЗКК ап
46	
147 769	
5,985	
5,91	
5,91	
6,015	
5,985
STSBP	
СтаврЭнСбп
34	
145 711	
0,292	
0,29	
0,2895	
0,295	
0,294
NFAZ	
Нефтекамск
36	
144 734	
152,4	
154,4	
150	
154,8	
154
MRKK	
Россети СК
34	
140 893	
26,44	
26,5	
26,26	
26,58	
26,28
LVHK	
Левенгук
54	
139 575	
8,21	
8,15	
8,11	
8,38	
8,19
SAREP	
СаратЭн-ап
45	
134 522	
0,091	
0,0886	
0,0886	
0,0936	
0,0892
RUSI	
ИКРУСС-ИНВ
25	
134 020	
37,2	
37	
36,8	
37,6	
37,6
VRSBP	
ТНСэнВор-п
23	
124 600	
32	
32	
31,5	
32	
32
ARSA	
Арсагера
18	
120 780	
3,26	
3,26	
3,23	
3,3	
3,3
VGSBP	
ВолгЭнСб-п
45	
119 420	
1,055	
1,1	
1,045	
1,1	
1,06
NKSH	
Нижкамшина
16	
119 016	
22,9	
22,46	
22,44	
23,46	
23,2
KGKCP	
КурганГКап
25	
110 215	
53	
53,5	
52,5	
54	
54
SAGO	
СамарЭн-ао
19	
109 020	
0,39	
0,384	
0,38	
0,398	
0,386
KAZTP	
Куйбазот-п
32	
108 542	
139,2	
139,8	
138	
140	
139,6
KGKC	
КурганГКао
23	
107 420	
51	
52	
51	
52	
52
MRKS	
РсетСиб ао
17	
102 860	
0,2145	
0,2125	
0,2125	
0,215	
0,214
YKEN	
Якутскэнрг
13	
94 450	
0,3375	
0,3405	
0,3355	
0,3435	
0,339
IGSTP	
Ижсталь ап
25	
89 079	
691	
691	
688	
700	
693
CHKZ	
ЧКПЗ ао
13	
88 700	
5 220	
5 120	
5 120	
5 300	
5 200
SARE	
СаратЭн-ао
40	
88 382	
0,1212	
0,1216	
0,12	
0,125	
0,12
ASSB	
АстрЭнСб
32	
88 224	
0,63	
0,629	
0,623	
0,635	
0,628
ZVEZ	
ЗВЕЗДА ао
17	
86 135	
4,535	
4,485	
4,485	
4,57	
4,5
NAUK	
iНПОНаука
31	
78 074	
173,6	
173,2	
172,4	
174,6	
174,2
RAVN	
Raven
9	
77 310	
29,75	
29,9	
29,65	
29,9	
29,7
VSYD	
ВыбСудЗ ао
18	
75 900	
4 215	
4 205	
4 195	
4 265	
4 210
KMEZ	
КМЗ
42	
75 701	
461,5	
463,5	
457,5	
468	
460
JNOS	
Славн-ЯНОС
15	
75 340	
18,4	
18,6	
17,75	
18,6	
18,05
VJGZ	
Варьеган
20	
74 909	
599	
606	
593	
607	
598
KROTP	
КрасОкт-1п
25	
71 365	
246	
249	
244	
249,5	
244,5
KBSB	
ТНСэКубань
11	
69 230	
130,5	
135	
130	
135	
131,5
KBTK	
КузбТК ао
29	
66 292	
157,8	
158,4	
155,6	
158,4	
157,4
MISBP	
ТНСэМаЭл-п
16	
64 080	
10	
10	
9,8	
10	
10
UKUZ	
ЮжКузб. ао
10	
63 516	
522	
520	
520	
532	
520
DZRDP	
iДонскЗР п
24	
59 290	
1 600	
1 600	
1 580	
1 620	
1 610
ALBK	
БестЭфБ ао
9	
59 035	
53	
53	
53	
54,5	
53,5
ROSB	
Росбанк ао
21	
57 366	
70,8	
71	
70	
71,8	
70,8
HALS	
Галс-Девел
19	
47 897	
748	
734	
734	
753	
753
KUZB	
КузнецкийБ
86	
46 774	
0,01653	
0,01642	
0,01642	
0,01667	
0,01654
MFGSP	
Мегион-ап
11	
40 930	
315	
316,5	
311,5	
320,5	
318
TNSE	
ТНСэнрг ао
12	
37 330	
980	
1 000	
975	
1 005	
985
SAGOP	
СамарЭн-ап
9	
34 830	
0,387	
0,368	
0,367	
0,397	
0,384
LPSB	
ЛЭСК ао
22	
33 510	
8	
7,9	
7,9	
8,05	
7,95
TORSP	
ТРК ап
7	
29 165	
0,265	
0,2615	
0,2615	
0,2685	
0,2675
KCHE	
КамчатЭ ао
6	
27 195	
0,1815	
0,18	
0,18	
0,1825	
0,1805
ROST	
РОСИНТЕРао
11	
21 204	
60,6	
59,6	
59,6	
61	
60,8
IGST	
Ижсталь2ао
10	
13 762	
860	
861	
850	
872	
861
MGNZ	
СМЗ-ао
1	
12 120	
4 040	
4 040	
4 040	
4 040	
4 040
RTSB	
ТНСэнРст
2	
11 000	
0,365	
0,365	
0,365	
0,37	
0,37
MRSB	
МордЭнСб
3	
10 390	
0,347	
0,347	
0,346	
0,347	
0,346
GAZAP	
ГАЗ ап
3	
10 155	
338,5	
338,5	
338,5	
338,5	
338,5
STSB	
СтаврЭнСб
12	
6 601	
0,3475	
0,3525	
0,3445	
0,3525	
0,3445
KCHEP	
КамчатЭ ап
1	
3 490	
0,349	
0,349	
0,349	
0,349	
0,349
NNSBP	
ТНСэнНН ап
4	
3 203	
534	
535	
531	
535	
534
BISV	
БашИнСв ао
0	
0	
-	
-	
-	
-	
8,7
CHGZ	
РН-ЗапСиб
0	
0	
-	
-	
-	
-	
32
GAZC	
ГАЗКОН-ао
0	
0	
-	
-	
-	
-	
295
GAZS	
ГАЗ-сервис
0	
0	
-	
-	
-	
-	
293
GAZT	
ГАЗ-Тек ао
0	
0	
-	
-	
-	
-	
85
GTSS	
ГЕОТЕК ао
0	
0	
-	
-	
-	
-	
-
HIMC	
Химпром ао
0	
0	
-	
-	
-	
-	
0,99
KMTZ	
КосогМЗ ао
0	
0	
-	
-	
-	
-	
-
KRKO	
ТКЗКК ао
0	
0	
-	
-	
-	
-	
11,8
KSGR	
Кокс ао
0	
0	
-	
-	
-	
-	
-
KUNF	
КУЗОЦМ ао
0	
0	
-	
-	
-	
-	
-
KZMS	
КЗМС ао
0	
0	
-	
-	
-	
-	
226
MFON	
МегаФон ао
0	
0	
-	
-	
-	
-	
650,6
MORI	
Морион ао
0	
0	
-	
-	
-	
-	
4,31
NPOF	
Физика ао
0	
0	
-	
-	
-	
-	
11 850
TRFM	
ТрансФ ао
0	
0	
-	
-	
-	
-	
-
URKA	
Уркалий-ао
0	
0	
-	
-	
-	
-	
119,04
VZRZ	
Возрожд-ао
0	
0	
-	
-	
-	
-	
480