SBER	
Сбербанк
82 516	
11 794 682 206	
189,5	
190,6	
187,31	
192,23	
189,32
LKOH	
ЛУКОЙЛ
56 001	
8 610 499 872	
4 527	
4 559,5	
4 455	
4 637	
4 522,5
GAZP	
ГАЗПРОМ ао
53 742	
6 331 389 367	
184,63	
184,12	
183	
186,25	
185,51
TATN	
Татнфт 3ао
83 337	
5 407 898 255	
500,7	
508,5	
480,6	
523,5	
488,4
ROSN	
Роснефть
33 009	
3 791 794 834	
310,05	
310,5	
307,8	
314,5	
307,9
GMKN	
ГМКНорНик
18 854	
3 005 092 134	
19 842	
19 742	
19 608	
20 112	
20 036
PLZL	
Полюс
31 640	
2 959 950 844	
11 387	
11 630	
11 203,5	
11 675	
11 635
YNDX	
Yandex clA
30 971	
2 340 575 264	
2 699,2	
2 670	
2 642	
2 746	
2 736,4
SBERP	
Сбербанк-п
33 330	
1 747 856 750	
171,88	
173,15	
171	
173,8	
171,37
TATNP	
Татнфт 3ап
46 143	
1 623 451 892	
473,7	
489,8	
451,2	
502,9	
461
SNGS	
Сургнфгз
14 874	
1 616 337 869	
33,98	
33,5	
33,415	
34,49	
33,995
MOEX	
МосБиржа
27 867	
1 582 580 099	
112,17	
113,3	
111,65	
113,36	
111,8
NVTK	
Новатэк ао
17 983	
1 453 920 536	
964,4	
952,2	
952	
972,6	
971,2
ALRS	
АЛРОСА ао
26 726	
1 441 196 007	
60,61	
60,79	
59,71	
61,88	
60,02
VTBR	
ВТБ ао
40 357	
1 380 480 366	
0,033945	
0,0339	
0,0336	
0,034275	
0,033805
AFKS	
Система ао
35 693	
1 365 905 926	
13,951	
13,33	
13,24	
14,44	
13,97
MTSS	
МТС-ао
13 821	
1 062 427 631	
306,5	
304,95	
303,5	
309,25	
306
TRNFP	
Транснф ап
4 021	
932 436 250	
145 850	
148 100	
143 500	
149 500	
143 500
MGNT	
Магнит ао
15 291	
871 143 992	
3 194,5	
3 220	
3 159,5	
3 254	
3 165
NLMK	
НЛМК ао
13 901	
867 125 139	
127,24	
125,58	
125,56	
128,36	
127,5
CHMF	
СевСт-ао
17 292	
865 947 112	
868,4	
862,2	
858,6	
880,8	
874,2
POLY	
Polymetal
16 521	
847 953 551	
1 404,7	
1 398	
1 382,8	
1 447,7	
1 427,8
SNGSP	
Сургнфгз-п
11 942	
802 814 874	
37,42	
36,995	
36,92	
37,88	
37,57
AFLT	
Аэрофлот
20 873	
771 887 235	
73,44	
74,18	
72,82	
74,3	
73,28
IRAO	
ИнтерРАОао
13 059	
758 729 012	
5,0065	
4,957	
4,941	
5,0875	
4,9605
FEES	
ФСК ЕЭС ао
13 763	
437 217 302	
0,1737	
0,1754	
0,17156	
0,1767	
0,1722
MAGN	
ММК
7 618	
378 186 096	
39,14	
38,8	
38,355	
39,65	
39,32
SIBN	
Газпрнефть
7 665	
375 569 657	
309,25	
307,3	
306,45	
312,55	
310
FIVE	
FIVE-гдр
8 868	
362 833 304	
2 096	
2 119,5	
2 070,5	
2 151	
2 081
DSKY	
ДетскийМир
16 620	
344 024 392	
91,24	
91,92	
89	
93,48	
90,02
HYDR	
РусГидро
11 032	
336 857 430	
0,6098	
0,6154	
0,6005	
0,6195	
0,6037
TCSG	
TCS-гдр
14 508	
328 296 927	
879,8	
904	
865	
905	
875
RSTI	
Россети ао
10 428	
326 638 559	
1,2485	
1,26	
1,2266	
1,276	
1,2355
RUAL	
RUSAL plc
11 332	
317 029 635	
25,595	
25,4	
25,32	
25,82	
25,705
PHOR	
ФосАгро ао
5 585	
284 417 657	
2 637	
2 640	
2 612	
2 671	
2 644
CBOM	
МКБ ао
15 448	
251 640 635	
5,317	
5,295	
5,251	
5,363	
5,313
RTKM	
Ростел -ао
9 389	
239 823 651	
78,61	
78,55	
77,81	
79,68	
78,06
RASP	
Распадская
5 169	
233 256 949	
103,66	
104,5	
102,42	
105,18	
104,02
UPRO	
Юнипро ао
9 142	
162 650 381	
2,69	
2,688	
2,662	
2,715	
2,698
TRMK	
ТМК ао
2 371	
158 791 342	
57,46	
57,44	
57,3	
57,6	
57,44
MTLR	
Мечел ао
10 826	
157 500 845	
66,67	
66,57	
65,81	
67,82	
65,82
BANEP	
Башнефт ап
5 673	
139 890 184	
1 355	
1 360	
1 333	
1 384,5	
1 333
OGKB	
ОГК-2 ао
7 973	
127 489 414	
0,5952	
0,598	
0,5901	
0,6045	
0,5933
ISKJ	
iИСКЧ ао
9 004	
109 983 133	
34,32	
39	
30,22	
39,46	
30,31
TGKA	
ТГК-1
5 067	
102 940 596	
0,010952	
0,010954	
0,0108	
0,011118	
0,01086
NKNCP	
НКНХ ап
4 488	
69 722 634	
83,24	
83,88	
81,8	
83,9	
83,3
LSRG	
ЛСР ао
5 855	
67 824 758	
578,2	
576	
572,6	
584,8	
575
MTLRP	
Мечел ап
2 077	
51 586 144	
63,25	
63	
62,25	
64,65	
62,45
LIFE	
iФармсинтз
2 617	
41 981 789	
9,305	
9,55	
8,98	
9,6	
9,3
PIKK	
ПИК ао
2 189	
39 969 364	
391,5	
391,6	
386,8	
393,8	
393,8
GEMA	
iММЦБ ао
4 345	
39 885 886	
847	
820	
753	
930	
840
MVID	
М.видео
1 669	
34 690 990	
338,7	
337	
332,7	
345,9	
342,6
LNTA	
Лента др
3 753	
31 350 852	
149,2	
148	
147,2	
150,5	
150,1
AGRO	
AGRO-гдр
2 579	
28 623 386	
603,6	
609	
589	
615	
605,8
AKRN	
Акрон
1 098	
26 774 020	
5 782	
5 732	
5 696	
5 838	
5 828
VSMO	
ВСМПО-АВСМ
757	
26 705 440	
18 720	
19 200	
14 560	
19 400	
18 920
ETLN	
ETLN-гдр
1 657	
25 113 374	
81,56	
83	
80,54	
83,1	
81,38
MSNG	
+МосЭнерго
1 417	
23 811 110	
1,897	
1,9145	
1,882	
1,9145	
1,887
QIWI	
iQIWI
2 056	
23 580 534	
903,5	
910,5	
892,5	
916	
900,5
BANE	
Башнефт ао
1 562	
23 176 152	
1 648,5	
1 655	
1 620,5	
1 679,5	
1 640,5
ENRU	
ЭнелРос ао
1 676	
22 246 323	
0,89	
0,898	
0,883	
0,898	
0,89
MRKP	
МРСК ЦП
1 192	
19 614 507	
0,1749	
0,1735	
0,1712	
0,178	
0,1735
RTKMP	
Ростел -ап
1 572	
18 642 325	
66,7	
66,45	
66,1	
67,3	
66,5
KZOSP	
ОргСинт ап
3 629	
15 302 769	
13,56	
12,21	
12,03	
14,5	
13,2
BSPB	
БСП ао
2 447	
14 891 091	
42	
42,11	
41,47	
43,33	
41,75
SELG	
Селигдар
1 203	
14 781 653	
22,57	
23,07	
21,82	
24	
22,7
DIOD	
ЗаводДИОД
2 125	
11 889 854	
6,74	
6,96	
6,35	
7,35	
6,7
NKNC	
НКНХ ао
1 080	
10 867 694	
100,2	
100,65	
99,4	
101,85	
100
RSTIP	
Россети ап
759	
10 219 195	
1,482	
1,481	
1,46	
1,517	
1,469
NMTP	
НМТП ао
1 063	
9 982 425	
8,645	
8,675	
8,57	
8,72	
8,61
APTK	
Аптеки36и6
4 642	
9 703 685	
13,182	
13,154	
13,1	
13,29	
13,132
LNZL	
Лензолото
513	
9 616 720	
8 670	
8 820	
8 560	
8 820	
8 730
MRKV	
МРСКВол
616	
8 976 098	
0,06915	
0,0697	
0,0683	
0,06995	
0,069
OBUV	
ОР ао
1 080	
8 744 433	
30,5	
30,45	
29,7	
31,45	
30,15
RUGR	
Русгрэйн
5 114	
7 067 736	
7,938	
7,628	
7,522	
8,28	
7,922
KRKOP	
ТКЗКК ап
1 578	
6 483 734	
5,19	
4,415	
4,2	
5,66	
5,245
FESH	
ДВМП ао
371	
6 071 416	
6,24	
6,2	
6,17	
6,35	
6,35
MRKC	
МРСК Центр
824	
6 049 787	
0,2416	
0,2494	
0,239	
0,2494	
0,239
MGTSP	
МГТС-4ап
391	
5 868 988	
2 190	
2 200	
2 144	
2 246	
2 174
SFIN	
САФМАР ао
556	
5 746 596	
442,8	
445	
437	
449,8	
441,8
TTLK	
Таттел. ао
251	
5 306 130	
0,299	
0,301	
0,2915	
0,301	
0,299
RNFT	
РуссНфт ао
1 702	
5 127 662	
418,2	
417	
415,8	
420,6	
418,8
KRKNP	
СаратНПЗ-п
159	
5 098 920	
15 220	
15 040	
15 000	
15 380	
15 180
GCHE	
ЧеркизГ-ао
577	
4 906 532	
1 746,5	
1 753,5	
1 733,5	
1 760,5	
1 733,5
UTAR	
ЮТэйр ао
564	
4 821 780	
6,48	
6,31	
6,18	
7,1	
6,21
GTRK	
ГТМ ао
811	
4 821 138	
44,1	
45,7	
42,25	
45,9	
44,4
USBN	
УралСиб ао
567	
4 708 055	
0,0753	
0,076	
0,072	
0,0793	
0,0723
CNTLP	
Телеграф-п
525	
4 575 462	
18,46	
18,28	
18,22	
18,7	
18,4
BELU	
Белуга ао
347	
4 415 399	
1 552	
1 599	
1 502	
1 599	
1 535
AQUA	
РусАква ао
281	
4 212 165	
205	
205	
203,5	
206,5	
204
UNAC	
iАвиастКао
322	
3 980 658	
0,4815	
0,489	
0,4735	
0,49	
0,475
TGKB	
ТГК-2
255	
3 921 560	
0,00366	
0,003735	
0,003645	
0,003735	
0,00367
IRGZ	
ИркЭнерго
323	
3 514 858	
11,58	
11,24	
11,24	
11,88	
11,52
ENPG	
ЭН+ГРУП ао
72	
3 470 542	
568,1	
569,8	
565,1	
571,2	
568,9
AMEZ	
АшинскийМЗ
503	
2 931 103	
3,77	
3,77	
3,62	
3,83	
3,795
SELGP	
Селигдар-п
264	
2 829 705	
27,25	
27,7	
26,65	
27,8	
27,5
KAZT	
Куйбазот
406	
2 801 756	
139,8	
145	
137	
148	
140,8
LNZLP	
Лензол. ап
272	
2 755 400	
3 825	
3 900	
3 705	
3 925	
3 855
KZOS	
ОргСинт ао
469	
2 642 257	
95,9	
94,8	
94	
96,8	
95,7
NKHP	
НКХП ао
315	
2 544 080	
229	
229,5	
212,5	
244	
231
MSTT	
Мостотрест
218	
2 365 562	
157,8	
161	
156,7	
161	
156,8
MISBP	
ТНСэМаЭл-п
293	
2 162 840	
9,6	
10,2	
9	
10,2	
9,8
PRTK	
ПРОТЕК ао
189	
1 993 375	
98,2	
98,2	
97,2	
98,6	
98,3
MRKZ	
МРСК СЗ
292	
1 920 763	
0,04845	
0,0493	
0,0474	
0,05	
0,0477
TGKN	
ТГК-14
166	
1 865 970	
0,00316	
0,00321	
0,00311	
0,00322	
0,00316
HIMCP	
Химпром ап
352	
1 864 882	
6,14	
6	
5,96	
6,23	
6,2
TRCN	
ТрансК ао
57	
1 732 685	
8 290	
8 240	
8 200	
8 335	
8 245
YAKG	
ЯТЭК ао
109	
1 523 792	
49,64	
50,04	
48	
52,08	
49,98
RGSS	
РГС СК ао
259	
1 354 479	
0,1454	
0,1456	
0,1426	
0,149	
0,1432
KMAZ	
КАМАЗ
266	
1 297 877	
52,7	
52,8	
52,5	
53,7	
52,6
MSRS	
МОЭСК
127	
1 283 041	
0,9975	
0,993	
0,992	
1,005	
0,997
KAZTP	
Куйбазот-п
187	
1 253 070	
141,8	
149,8	
138	
149,8	
142,2
SVAV	
СОЛЛЕРС
102	
1 246 735	
255,5	
255	
252	
257	
255
ALNU	
АЛРОСА-Нюр
18	
1 230 600	
47 400	
48 200	
46 000	
50 000	
46 800
AVAN	
Авангрд-ао
158	
1 180 645	
935	
945	
915	
965	
930
CNTL	
Телеграф
171	
1 158 020	
22,6	
22,1	
22,05	
22,9	
22,4
PAZA	
ПавлАвт ао
107	
1 113 940	
7 960	
8 400	
7 680	
8 400	
7 750
ALBK	
БестЭфБ ао
30	
1 091 275	
52,5	
52,5	
50	
54,5	
53,5
RUSP	
Русполимет
114	
1 082 395	
0,5885	
0,6	
0,5775	
0,6	
0,5855
CHEP	
ЧТПЗ ао
153	
984 185	
197	
196,5	
193	
201	
195
KROT	
КрасОкт-ао
85	
965 860	
329,5	
320	
316,5	
337,5	
325
WTCMP	
ЦМТ ап
123	
922 846	
8,88	
9	
8,8	
9	
8,82
IRKT	
ИРКУТ-3
116	
842 010	
30,18	
31,2	
29,16	
31,2	
30,04
TGKBP	
ТГК-2 ап
70	
742 320	
0,0064	
0,00633	
0,00633	
0,00646	
0,00636
RBCM	
РБК ао
211	
739 103	
3,028	
3,064	
2,994	
3,064	
3,048
VLHZ	
ВХЗ-ао
146	
731 301	
48,75	
49	
48,5	
49	
48,85
CHKZ	
ЧКПЗ ао
82	
684 020	
5 060	
5 500	
4 920	
5 500	
4 960
MRKK	
Россети СК
67	
618 981	
27,1	
26,14	
26,14	
27,44	
26,92
WTCM	
ЦМТ ао
79	
584 228	
9,24	
9,4	
9,04	
9,46	
9,12
DASB	
ДагСб ао
92	
579 159	
0,0922	
0,0906	
0,0906	
0,0943	
0,0924
MRKU	
МРСК Ур
88	
575 540	
0,15	
0,148	
0,148	
0,1516	
0,1502
ABRD	
АбрауДюрсо
139	
557 630	
134,5	
134,5	
133,5	
136	
134,5
MGTS	
МГТС-5ао
54	
490 935	
2 725	
2 625	
2 625	
2 850	
2 690
KRSBP	
Красэсб ап
44	
419 820	
5,68	
5,62	
5,58	
5,86	
5,86
ROLO	
Русолово
70	
413 266	
3,792	
3,86	
3,732	
3,86	
3,77
PMSBP	
ПермьЭнС-п
80	
405 166	
134,6	
135,2	
132	
136	
134,4
MRKY	
РоссЮг ао
92	
401 991	
0,0508	
0,05125	
0,05	
0,05145	
0,0505
KOGK	
КоршГОК ао
9	
396 000	
44 000	
43 800	
43 600	
44 400	
43 800
GAZA	
ГАЗ ао
10	
394 395	
390,5	
390,5	
382	
391	
386
SLEN	
Сахэнер ао
48	
377 715	
3,93	
3,92	
3,8	
4,05	
4,035
KRSB	
Красэсб ао
36	
376 620	
5,62	
5,53	
5,5	
5,7	
5,68
KMEZ	
КМЗ
147	
376 184	
420	
418	
410,5	
434,5	
417,5
PRMB	
Приморье
18	
331 600	
17 400	
18 400	
17 000	
18 600	
17 800
KUZB	
КузнецкийБ
175	
319 008	
0,0163	
0,01664	
0,016	
0,01665	
0,01629
MAGEP	
МагадЭн ап
20	
307 010	
3,935	
4,015	
3,905	
4,185	
3,985
BISVP	
БашИнСв ап
81	
303 865	
6,62	
6,78	
6,26	
6,92	
6,7
KBTK	
КузбТК ао
25	
279 602	
162,6	
156	
156	
164,4	
161,6
NFAZ	
Нефтекамск
42	
259 902	
132,6	
132,2	
132	
136,6	
134,4
RLMN	
Роллман
142	
254 472	
17,25	
17,4	
17,05	
17,65	
17,3
MRKS	
МРСКСиб
20	
249 380	
0,219	
0,219	
0,2185	
0,2215	
0,2195
ARSA	
Арсагера
47	
249 130	
3,37	
3,25	
3,25	
3,44	
3,32
NKSH	
Нижкамшина
41	
244 540	
22,24	
22,12	
21,88	
22,9	
22,06
BRZL	
БурЗолото
67	
241 983	
826	
825	
825	
829	
826
DVEC	
ДЭК ао
77	
240 804	
0,772	
0,772	
0,765	
0,775	
0,771
VZRZP	
Возрожд-п
54	
239 378	
299,2	
300	
291,8	
305,4	
292,6
MOBB	
МосОблБанк
116	
239 155	
2,388	
2,27	
2,244	
2,42	
2,35
LVHK	
Левенгук
76	
230 792	
8,55	
8,44	
8,28	
8,8	
8,39
VRSB	
ТНСэнВорон
22	
227 360	
48,4	
47,8	
46,6	
49,4	
47,6
KLSB	
КалужскСК
54	
225 656	
10,3	
10,4	
10,18	
10,41	
10,25
NAUK	
iНПОНаука
47	
224 520	
171,4	
173,6	
170	
173,8	
170,2
UCSS	
ОКС ао
41	
201 580	
1 440	
1 440	
1 430	
1 450	
1 440
ZILL	
ЗИЛ ао
29	
200 580	
1 312	
1 320	
1 294	
1 334	
1 300
TGKD	
Квадра
105	
200 259	
0,002945	
0,00288	
0,00288	
0,002975	
0,00294
TORS	
ТРК ао
41	
195 340	
0,383	
0,367	
0,359	
0,394	
0,38
CHMK	
ЧМК ао
39	
194 810	
2 345	
2 340	
2 315	
2 400	
2 320
KUBE	
Кубанэнр
32	
184 316	
59,8	
60,8	
59,1	
61	
60,6
TASBP	
ТамбЭнСб-п
35	
183 755	
0,1975	
0,192	
0,1565	
0,2035	
0,199
UNKL	
ЮУНК ао
24	
178 730	
3 510	
3 530	
3 360	
3 550	
3 450
IGSTP	
Ижсталь ап
54	
178 238	
765	
755	
743	
774	
748
TGKDP	
Квадра-п
79	
176 046	
0,003835	
0,00379	
0,003715	
0,003905	
0,003825
KRKN	
СаратНПЗ
12	
174 050	
11 600	
11 600	
11 350	
11 800	
11 350
RLMNP	
Роллман-п
74	
170 198	
18,86	
19	
18,18	
19,14	
18,6
DZRD	
iДонскЗР
33	
166 394	
2 250	
2 126	
2 122	
2 282	
2 248
UWGN	
ОВК ао
93	
163 981	
242,6	
242,3	
240,1	
246,2	
241,9
ZVEZ	
ЗВЕЗДА ао
15	
163 530	
4,195	
4,2	
4,16	
4,225	
4,2
RZSB	
РязЭнСб
12	
149 860	
6,24	
6,29	
6,23	
6,29	
6,24
ELTZ	
Электрцинк
49	
142 950	
172	
169,5	
169,5	
172	
171,5
SZPR	
СЗПароход
62	
140 064	
718	
760	
670	
760	
744
PMSB	
ПермьЭнСб
46	
137 946	
137,9	
136,3	
136,3	
139,3	
138,1
TORSP	
ТРК ап
28	
137 550	
0,2595	
0,258	
0,251	
0,2605	
0,26
BLNG	
Белон ао
61	
133 670	
4,012	
4,06	
3,998	
4,08	
4
RAVN	
Raven
18	
127 465	
32,7	
32,4	
32,2	
33,05	
33,05
STSBP	
СтаврЭнСбп
30	
118 452	
0,2848	
0,2838	
0,2834	
0,291	
0,2854
JNOS	
Славн-ЯНОС
19	
118 180	
17,15	
16,95	
16,95	
17,3	
17,2
GAZAP	
ГАЗ ап
23	
114 820	
319	
314	
313,5	
323,5	
323,5
KROTP	
КрасОкт-1п
23	
111 560	
227,5	
230	
222	
235	
223,5
NSVZ	
НаукаСвяз
23	
94 930	
221	
222	
218	
222	
218,5
INGR	
ИНГРАД ао
27	
92 375	
776	
786	
770	
786	
770
DZRDP	
iДонскЗР п
14	
88 530	
1 610	
1 580	
1 580	
1 620	
1 620
ROST	
РОСИНТЕРао
33	
84 948	
59	
58,8	
58,2	
59,6	
58,8
URKZ	
УрКузница
8	
81 620	
10 200	
10 000	
10 000	
10 320	
10 140
ASSB	
АстрЭнСб
30	
81 560	
0,551	
0,559	
0,5405	
0,579	
0,567
SAGO	
СамарЭн-ао
9	
80 480	
0,384	
0,376	
0,376	
0,386	
0,382
RDRB	
РДБанк ао
12	
71 200	
265	
265	
260	
270	
270
SARE	
СаратЭн-ао
31	
70 516	
0,112	
0,1118	
0,11	
0,1158	
0,1112
YKENP	
Якутскэн-п
11	
70 315	
0,293	
0,29	
0,2875	
0,2985	
0,2985
MFGS	
Мегион-ао
6	
66 595	
350,5	
348,5	
348,5	
352,5	
350
KGKC	
КурганГКао
13	
66 300	
53	
54	
51	
54	
52
KTSBP	
КСБ ап
24	
64 950	
0,232	
0,231	
0,18	
0,244	
0,232
OMZZP	
ОМЗ-ап
15	
64 930	
3 415	
3 400	
3 365	
3 455	
3 415
MAGE	
МагадЭн ао
10	
63 790	
4,91	
5,06	
4,8	
5,15	
4,87
KTSB	
КСБ ао
23	
60 352	
0,476	
0,48	
0,472	
0,5	
0,496
MGNZ	
СМЗ-ао
7	
60 180	
4 010	
4 150	
4 000	
4 150	
4 000
VRSBP	
ТНСэнВор-п
11	
54 400	
30	
30	
30	
31	
31
HALS	
Галс-Девел
25	
50 913	
738	
732	
728	
750	
732
TASB	
ТамбЭнСб
10	
50 085	
0,2635	
0,261	
0,26	
0,2695	
0,268
VGSB	
ВолгЭнСб
16	
48 925	
1,44	
1,495	
1,43	
1,495	
1,43
RTSB	
ТНСэнРст
7	
47 900	
0,32	
0,32	
0,315	
0,325	
0,32
MRSB	
МордЭнСб
11	
45 200	
0,348	
0,34	
0,34	
0,357	
0,345
YKEN	
Якутскэнрг
11	
44 905	
0,321	
0,328	
0,3175	
0,3285	
0,3175
VJGZ	
Варьеган
13	
40 205	
591	
598	
586	
606	
596
UKUZ	
ЮжКузб. ао
13	
33 824	
498	
498	
496	
502	
500
MISB	
ТНСэнМарЭл
9	
30 660	
11,4	
11,2	
11,2	
11,5	
11,3
STSB	
СтаврЭнСб
16	
28 370	
0,3375	
0,338	
0,336	
0,3465	
0,3395
LPSB	
ЛЭСК ао
13	
27 930	
7,35	
7,5	
7,25	
7,5	
7,25
VGSBP	
ВолгЭнСб-п
14	
24 250	
1,01	
1,02	
1	
1,025	
1,005
JNOSP	
Слав-ЯНОСп
7	
23 052	
13,56	
13,68	
13,42	
13,68	
13,64
ROSB	
Росбанк ао
17	
22 740	
71,2	
70	
70	
71,8	
70,2
RTGZ	
ГазпРнД ао
1	
21 750	
21 750	
21 750	
21 750	
21 750	
21 750
TUZA	
ТЗА ао
15	
19 250	
80	
82	
80	
82	
80
RKKE	
ЭнергияРКК
4	
19 190	
4 800	
4 780	
4 770	
4 850	
4 780
VSYDP	
ВыбСудЗ ап
6	
18 880	
2 700	
2 700	
2 680	
2 720	
2 700
VJGZP	
Варьеган-п
2	
12 180	
305	
306	
304	
306	
304
CHGZ	
РН-ЗапСиб
4	
12 060	
30,2	
30,2	
30	
30,2	
30
SAGOP	
СамарЭн-ап
3	
11 290	
0,376	
0,379	
0,371	
0,379	
0,371
SAREP	
СаратЭн-ап
6	
10 166	
0,0848	
0,0842	
0,0842	
0,0862	
0,0844
TNSE	
ТНСэнрг ао
3	
9 900	
990	
990	
990	
990	
990
KCHE	
КамчатЭ ао
4	
8 930	
0,1785	
0,175	
0,175	
0,18	
0,179
VSYD	
ВыбСудЗ ао
3	
8 345	
2 780	
2 760	
2 760	
2 795	
2 795
RUSI	
ИКРУСС-ИНВ
2	
7 400	
37	
37,1	
36,9	
37,1	
36,9
NNSBP	
ТНСэнНН ап
4	
5 476	
548	
548	
547	
548	
547
KGKCP	
КурганГКап
5	
5 355	
53,5	
54	
53	
54	
53,5
NNSB	
ТНСэнНН ао
3	
3 845	
1 280	
1 260	
1 260	
1 325	
1 325
YRSBP	
ТНСэнЯр-п
3	
2 390	
79,5	
80	
79	
80	
80
YRSB	
ТНСэнЯр
1	
1 580	
158	
158	
158	
158	
158
KUNF	
КУЗОЦМ ао
0	
0	
-	
-	
-	
-	
-
NPOF	
Физика ао
0	
0	
-	
-	
-	
-	
11 850
GAZC	
ГАЗКОН-ао
0	
0	
-	
-	
-	
-	
295
GTSS	
ГЕОТЕК ао
0	
0	
-	
-	
-	
-	
-
KBSB	
ТНСэКубань
0	
0	
-	
-	
-	
-	
136,5