SBER	
Сбербанк
134 716	
27 336 230 596	
233,76	
238,44	
230,33	
238,51	
230,7
YNDX	
Yandex clA
109 011	
13 994 978 310	
4 673,6	
4 594,8	
4 586	
4 760	
4 678
GMKN	
ГМКНорНик
46 465	
8 791 935 822	
20 024	
20 440	
19 808	
20 440	
19 810
GAZP	
ГАЗПРОМ ао
89 780	
7 053 691 563	
187,1	
188,78	
185,58	
188,94	
185,58
LKOH	
ЛУКОЙЛ
36 941	
6 309 902 800	
5 162,5	
5 220	
5 088	
5 231	
5 088
PLZL	
Полюс
23 550	
3 118 592 499	
17 621	
17 789	
17 317	
17 899	
17 880
MGNT	
Магнит ао
28 902	
2 438 862 503	
4 565,5	
4 655	
4 523,5	
4 659,5	
4 530
TATN	
Татнфт 3ао
30 720	
2 414 436 333	
575,7	
589	
562,5	
589,7	
566,1
SBERP	
Сбербанк-п
36 896	
2 361 566 321	
215,48	
217,72	
213,7	
217,91	
214,3
ROSN	
Роснефть
19 124	
2 007 685 547	
382,5	
385,1	
379,1	
386,3	
379,95
IRAO	
ИнтерРАОао
20 950	
1 553 040 122	
5,4375	
5,535	
5,363	
5,5355	
5,363
NVTK	
Новатэк ао
14 628	
1 519 024 014	
1 133	
1 142,2	
1 115	
1 151,2	
1 120,2
SNGS	
Сургнфгз
18 788	
1 372 504 545	
37,465	
38,04	
37	
38,065	
37
MTSS	
МТС-ао
14 992	
1 272 874 454	
341,25	
341	
338,25	
344,25	
342
POLY	
Polymetal
16 928	
1 255 424 314	
1 903,6	
1 907,4	
1 872	
1 939	
1 918
MOEX	
МосБиржа
16 251	
1 161 052 984	
144,08	
143,42	
143,09	
145,1	
143,73
VTBR	
ВТБ ао
29 347	
1 074 095 807	
0,037025	
0,037325	
0,03671	
0,037345	
0,036775
MAIL	
MAIL-гдр
25 138	
975 143 202	
2 139,4	
2 160	
2 110	
2 189,2	
2 128,8
ALRS	
АЛРОСА ао
20 279	
888 563 519	
66,21	
66,2	
65,42	
66,65	
66
RTKM	
Ростел -ао
22 971	
847 141 349	
97,4	
96,8	
96,53	
98,15	
97,1
CHMF	
СевСт-ао
16 304	
795 193 485	
960,8	
965,4	
951,8	
968,4	
956,4
HYDR	
РусГидро
23 152	
780 270 721	
0,7343	
0,745	
0,7202	
0,745	
0,7277
SIBN	
Газпрнефть
12 717	
718 012 989	
320,6	
324	
318,4	
324,5	
319,55
TRNFP	
Транснф ап
2 695	
698 051 400	
143 350	
144 800	
140 650	
145 700	
141 950
SNGSP	
Сургнфгз-п
16 281	
693 187 186	
37,51	
37,6	
37,25	
37,765	
37,295
NLMK	
НЛМК ао
11 723	
659 266 708	
160,56	
159,86	
159,08	
161,86	
159,48
AFKS	
Система ао
14 482	
633 117 367	
20,603	
20,801	
20,375	
20,929	
20,6
FEES	
ФСК ЕЭС ао
14 751	
562 428 518	
0,19918	
0,20236	
0,19622	
0,20298	
0,197
TCSG	
TCS-гдр
10 678	
486 775 148	
1 813,6	
1 819	
1 776,6	
1 845	
1 828
RSTI	
Россети ао
8 609	
485 741 372	
1,5607	
1,59	
1,528	
1,59	
1,53
MAGN	
ММК
6 592	
438 326 135	
39,91	
40,3	
39,7	
40,345	
39,7
AFLT	
Аэрофлот
10 538	
406 579 353	
83,18	
83,48	
82,8	
83,84	
82,84
POGR	
Petropavl
11 133	
394 574 062	
31,815	
32	
31,5	
32,2	
32,19
TATNP	
Татнфт 3ап
11 096	
375 157 334	
559,7	
570	
548,6	
572,3	
554,5
CBOM	
МКБ ао
6 263	
273 134 220	
5,897	
5,963	
5,854	
5,963	
5,854
RUAL	
РУСАЛ ао
9 959	
239 528 046	
30,845	
31,3	
30,545	
31,5	
30,67
DSKY	
ДетскийМир
7 391	
236 690 946	
119,9	
120,9	
118,32	
120,9	
119,98
RTKMP	
Ростел -ап
11 459	
219 139 639	
91,6	
91,45	
90,1	
92,3	
91,65
FIVE	
FIVE-гдр
4 040	
192 194 487	
2 808,5	
2 807	
2 788	
2 830	
2 810
UPRO	
Юнипро ао
3 995	
182 904 884	
2,723	
2,75	
2,706	
2,751	
2,716
QIWI	
iQIWI
5 736	
165 341 228	
1 429	
1 409,5	
1 397	
1 470	
1 420
BANEP	
Башнефт ап
6 642	
134 167 091	
1 356,5	
1 360	
1 344	
1 370	
1 346
MVID	
М.видео
3 019	
125 822 149	
484,4	
485	
475,7	
491,3	
485,9
MTLRP	
Мечел ап
6 505	
119 270 711	
76,3	
78,85	
75,2	
79,45	
75,4
LSRG	
ЛСР ао
7 253	
104 944 808	
764,2	
775,4	
757	
778,6	
768,6
PHOR	
ФосАгро ао
3 181	
100 829 114	
2 802	
2 813	
2 781	
2 824	
2 785
RASP	
Распадская
1 286	
95 679 921	
114,12	
115,66	
113,34	
115,66	
113,66
MTLR	
Мечел ао
7 086	
93 994 403	
64,96	
65,88	
64,3	
66,09	
64,3
ETLN	
ETLN-гдр
2 469	
93 395 599	
110,96	
111,32	
110,22	
111,6	
111,1
LNTA	
Лента др
6 285	
89 722 882	
202,5	
205,3	
201	
205,3	
201,1
SELG	
Селигдар
2 905	
61 820 371	
48,09	
47,78	
46,99	
49,49	
48,3
NMTP	
НМТП ао
4 330	
54 159 498	
9,04	
9,09	
9	
9,11	
9,005
OGKB	
ОГК-2 ао
3 556	
52 731 197	
0,7594	
0,7592	
0,7554	
0,768	
0,7559
HALS	
Галс-Девел
6 509	
49 261 649	
1 495	
1 467	
1 323	
1 739	
1 371
BISVP	
БашИнСв ап
5 861	
48 276 541	
12,8	
10,01	
9,61	
13,89	
12,79
TGKA	
ТГК-1
3 014	
35 563 882	
0,011912	
0,012018	
0,011852	
0,012018	
0,011856
SELGP	
Селигдар-п
1 224	
34 703 925	
36,5	
37	
35,1	
39	
37
PIKK	
ПИК ао
1 710	
33 157 445	
493,5	
493,5	
492,1	
495,7	
492,7
AGRO	
AGRO-гдр
2 353	
32 945 205	
755,6	
765	
750,6	
765	
751
BANE	
Башнефт ао
1 609	
31 973 709	
1 746,5	
1 752	
1 735,5	
1 761,5	
1 741
OBUV	
ОР ао
1 784	
31 469 291	
34,9	
35,5	
34,55	
35,55	
34,8
MSNG	
+МосЭнерго
1 747	
29 499 404	
2,0985	
2,1255	
2,072	
2,1255	
2,072
BSPB	
БСП ао
2 356	
29 390 352	
44,28	
44,58	
43,9	
44,95	
44
RSTIP	
Россети ап
1 610	
28 928 515	
2,088	
2,121	
2,058	
2,133	
2,058
GCHE	
ЧеркизГ-ао
2 147	
26 544 386	
1 891,5	
1 912	
1 857	
1 923,5	
1 885
AMEZ	
АшинскийМЗ
5 396	
26 364 293	
5,06	
4,695	
4,615	
5,335	
5
NKNCP	
НКНХ ап
2 105	
22 703 299	
80,54	
81,32	
79,9	
81,5	
80,4
ENRU	
ЭнелРос ао
2 111	
21 859 793	
0,9345	
0,945	
0,931	
0,945	
0,931
LSNGP	
РСетиЛЭ-п
1 106	
20 364 089	
153,55	
154,5	
152,25	
155,2	
152,3
ABRD	
АбрауДюрсо
1 932	
20 066 765	
218	
209	
203,5	
238,5	
207
MRKP	
МРСК ЦП
931	
16 867 152	
0,2195	
0,22	
0,2183	
0,2209	
0,2186
KLSB	
КалужскСК
1 601	
15 600 121	
13,57	
12,9	
12,78	
14,37	
13,43
TRMK	
ТМК ао
306	
14 154 115	
58,46	
58,56	
58,1	
58,64	
58,46
LNZLP	
Лензол. ап
749	
12 628 685	
4 940	
5 015	
4 820	
5 100	
5 000
MRKC	
МРСК Центр
1 352	
12 071 858	
0,2928	
0,2998	
0,2858	
0,301	
0,29
LNZL	
Лензолото
197	
11 897 130	
18 360	
18 380	
18 300	
18 400	
18 320
DIOD	
ЗаводДИОД
1 708	
11 773 160	
8,56	
8,45	
8,21	
8,89	
8,65
CHGZ	
РН-ЗапСиб
937	
11 102 840	
63	
70	
57,4	
70	
57,6
TGKB	
ТГК-2
587	
11 018 620	
0,004465	
0,00453	
0,004405	
0,00454	
0,00444
ROLO	
Русолово
782	
10 361 102	
6,904	
7,07	
6,702	
7,19	
7,012
AQUA	
РусАква ао
614	
10 320 805	
209,5	
210	
207	
213	
209
LIFE	
iФармсинтз
573	
9 870 994	
7,56	
7,605	
7,4	
7,67	
7,47
KMAZ	
КАМАЗ
1 263	
9 757 189	
64,9	
66,1	
64,1	
66,7	
64,5
AKRN	
Акрон
454	
9 094 152	
5 886	
5 920	
5 862	
5 930	
5 870
CNTLP	
Телеграф-п
908	
9 075 576	
16,78	
16,96	
16,62	
16,96	
16,62
ENPG	
ЭН+ГРУП ао
361	
8 579 945	
670	
667	
665,5	
672	
666
STSBP	
СтаврЭнСбп
1 037	
8 166 805	
0,5105	
0,4995	
0,4925	
0,52	
0,505
NKHP	
НКХП ао
734	
6 750 695	
287,5	
296	
275	
309	
281,5
VSMO	
ВСМПО-АВСМ
209	
6 241 840	
17 780	
17 780	
17 700	
17 880	
17 740
VRSB	
ТНСэнВорон
418	
6 129 320	
97,6	
95,2	
90	
105	
95,8
UNAC	
iАвиастКао
583	
5 777 574	
0,5005	
0,504	
0,496	
0,5045	
0,5045
KRKNP	
СаратНПЗ-п
201	
4 969 560	
15 820	
15 840	
15 800	
15 880	
15 800
TTLK	
Таттел. ао
444	
4 957 870	
0,327	
0,327	
0,3185	
0,3345	
0,331
UNKL	
ЮУНК ао
330	
4 909 640	
7 970	
7 930	
7 840	
8 180	
7 950
SFIN	
САФМАР ао
53	
4 816 598	
527	
528,8	
526,4	
530	
527,6
RUGR	
Русгрэйн
2 529	
4 782 225	
9,828	
9,84	
9,622	
10,102	
9,762
SARE	
СаратЭн-ао
894	
4 450 996	
0,1714	
0,173	
0,1592	
0,183	
0,1652
NKNC	
НКНХ ао
528	
4 450 801	
93,2	
94,05	
92,6	
94,05	
93,25
MSRS	
РСетиМР ао
282	
4 432 525	
1,204	
1,219	
1,165	
1,219	
1,197
MRKV	
РсетВол ао
465	
4 194 679	
0,07395	
0,0749	
0,0734	
0,0749	
0,0737
CNTL	
Телеграф
428	
3 804 020	
18,65	
18,85	
18,5	
18,85	
18,7
RNFT	
РуссНфт ао
269	
3 732 143	
490,6	
497,8	
486	
497,8	
491,2
MGTSP	
МГТС-4ап
240	
3 325 018	
2 030	
2 048	
2 010	
2 048	
2 034
RTSBP	
ТНСэнРст-п
360	
3 069 980	
0,645	
0,713	
0,608	
0,714	
0,62
ISKJ	
iИСКЧ ао
509	
3 045 412	
23,05	
23,06	
22,87	
23,35	
23
CHKZ	
ЧКПЗ ао
224	
2 759 960	
5 940	
5 620	
5 600	
6 240	
5 840
BRZL	
БурЗолото
381	
2 665 209	
1 158	
1 169	
1 147	
1 188	
1 164
RAVN	
Raven
52	
2 607 745	
30,7	
30,7	
30,4	
31,1	
30,55
KRKOP	
ТКЗКК ап
861	
2 528 798	
8,255	
8,85	
8,025	
8,85	
8,205
CHEP	
ЧТПЗ ао
269	
2 504 090	
212,5	
216	
210,5	
216	
214
SVAV	
СОЛЛЕРС
120	
2 475 035	
282	
283	
280,5	
285	
282
KBTK	
КузбТК ао
340	
2 281 748	
156,8	
151,6	
151,4	
165	
151,4
RTGZ	
ГазпРнД ао
9	
2 274 600	
27 100	
28 450	
27 000	
28 450	
27 050
KTSBP	
КСБ ап
79	
2 233 905	
0,3215	
0,326	
0,311	
0,335	
0,3275
PMSBP	
ПермьЭнС-п
135	
2 126 378	
132,2	
132,6	
131,2	
134	
131,8
FESH	
ДВМП ао
114	
1 981 402	
7,57	
7,62	
7,55	
7,62	
7,56
RTSB	
ТНСэнРст
147	
1 907 450	
0,75	
0,8	
0,725	
0,8	
0,735
VRSBP	
ТНСэнВор-п
177	
1 763 300	
51,5	
51,5	
50	
53,5	
51
ZILL	
ЗИЛ ао
107	
1 688 965	
2 700	
2 755	
2 625	
2 760	
2 695
TGKD	
Квадра
155	
1 628 175	
0,003515	
0,003615	
0,0035	
0,00364	
0,0035
IRKT	
ИРКУТ-3
109	
1 617 092	
35,78	
35,88	
35,2	
36,18	
35,82
STSB	
СтаврЭнСб
432	
1 583 344	
0,629	
0,64	
0,576	
0,67	
0,602
KZOS	
ОргСинт ао
318	
1 543 905	
86,5	
86,5	
86,2	
87,2	
86,5
NSVZ	
НаукаСвяз
188	
1 437 575	
251	
251	
248	
256,5	
249
APTK	
Аптеки36и6
632	
1 407 193	
13,412	
13,416	
13,4	
13,444	
13,416
TNSE	
ТНСэнрг ао
163	
1 376 220	
1 120	
1 165	
1 070	
1 170	
1 105
VJGZ	
Варьеган
209	
1 083 087	
673	
653	
653	
697	
665
MSTT	
Мостотрест
87	
1 046 745	
159,8	
159,7	
159	
160,7	
160,05
CHMK	
ЧМК ао
89	
1 024 435	
2 695	
2 655	
2 650	
2 750	
2 690
BELU	
Белуга ао
180	
913 522	
1 311	
1 319	
1 305	
1 323	
1 309
ALNU	
АЛРОСА-Нюр
15	
903 800	
56 400	
57 600	
55 600	
57 600	
56 400
RGSS	
РГС СК ао
145	
887 860	
0,1506	
0,1512	
0,1502	
0,1524	
0,1502
IRGZ	
ИркЭнерго
163	
869 992	
11,9	
11,92	
11,84	
12	
11,88
LSNG	
РСетиЛЭ
169	
860 117	
6,04	
6,04	
6,02	
6,07	
6,02
YAKG	
ЯТЭК ао
36	
815 725	
42,25	
41,7	
41,65	
42,6	
42,4
RKKE	
ЭнергияРКК
51	
813 230	
8 300	
8 220	
8 170	
8 380	
8 290
RBCM	
РБК ао
243	
792 218	
3,47	
3,5	
3,452	
3,502	
3,46
JNOSP	
Слав-ЯНОСп
27	
754 090	
14,42	
14,42	
14,32	
14,42	
14,34
YKEN	
Якутскэнрг
63	
749 235	
0,4235	
0,439	
0,41	
0,439	
0,41
ROST	
РОСИНТЕРао
107	
704 482	
61	
63,8	
59,6	
64	
62,2
VJGZP	
Варьеган-п
96	
703 390	
380	
376	
369	
400	
370
NAUK	
iНПОНаука
149	
676 272	
203,2	
206,2	
201	
208,6	
205,2
PRMB	
Приморье
26	
668 400	
25 800	
26 200	
24 800	
26 400	
24 800
VLHZ	
ВХЗ-ао
214	
650 386	
55,8	
55,65	
55,05	
56,75	
56,15
MRSB	
МордЭнСб
56	
639 630	
0,435	
0,434	
0,43	
0,44	
0,436
SLEN	
Сахэнер ао
60	
599 813	
6,41	
6,48	
6,31	
6,745	
6,31
SAREP	
СаратЭн-ап
145	
588 504	
0,1332	
0,1426	
0,1274	
0,1426	
0,1288
PAZA	
ПавлАвт ао
59	
578 770	
9 040	
9 000	
8 860	
9 200	
9 110
TORS	
ТРК ао
37	
576 560	
0,476	
0,469	
0,461	
0,485	
0,47
DZRDP	
iДонскЗР п
78	
571 900	
1 880	
1 860	
1 850	
1 890	
1 880
RDRB	
РДБанк ао
80	
553 950	
230	
230	
225	
235	
235
KUZB	
КузнецкийБ
419	
553 454	
0,0154	
0,01559	
0,0152	
0,01562	
0,01547
KUBE	
Кубанэнр
109	
519 477	
75,6	
76,6	
74,6	
77,7	
75,6
VGSB	
ВолгЭнСб
82	
517 270	
4,88	
4,92	
4,73	
5,18	
4,84
UTAR	
ЮТэйр ао
95	
509 140	
7,16	
7,2	
7,13	
7,24	
7,19
URKZ	
УрКузница
24	
501 960	
17 920	
17 960	
17 600	
18 040	
18 020
KOGK	
КоршГОК ао
10	
486 800	
48 600	
49 000	
48 400	
49 000	
48 400
NFAZ	
Нефтекамск
36	
486 626	
169,6	
170	
168,2	
171,4	
168,6
PMSB	
ПермьЭнСб
88	
459 233	
135,9	
139,7	
133,4	
139,7	
133,4
ARSA	
Арсагера
36	
451 600	
4,14	
4,16	
4,11	
4,2	
4,14
BLNG	
Белон ао
174	
444 753	
4,29	
4,398	
4,25	
4,398	
4,316
MRKZ	
МРСК СЗ
93	
410 675	
0,05155	
0,052	
0,0513	
0,05205	
0,0513
MAGE	
МагадЭн ао
43	
395 750	
6,38	
6,39	
6,31	
6,42	
6,35
GTRK	
ГТМ ао
130	
392 944	
43,65	
43,45	
43,4	
44	
43,5
GEMA	
iММЦБ ао
106	
375 619	
598	
599,5	
596	
600	
596,5
DVEC	
ДЭК ао
59	
369 235	
0,937	
0,942	
0,935	
0,944	
0,936
KZOSP	
ОргСинт ап
258	
358 325	
11,94	
11,91	
11,85	
12,01	
11,95
TGKN	
ТГК-14
53	
357 860	
0,00325	
0,00325	
0,00322	
0,00328	
0,00322
INGR	
ИНГРАД ао
63	
341 960	
807	
808	
801	
813	
812
USBN	
УралСиб ао
42	
321 533	
0,0699	
0,0701	
0,0695	
0,0701	
0,0695
MRKU	
МРСК Ур
53	
310 398	
0,1522	
0,153	
0,1516	
0,1534	
0,1518
MRKY	
РоссЮг ао
77	
308 812	
0,0503	
0,05055	
0,05005	
0,05055	
0,05025
HIMCP	
Химпром ап
103	
296 929	
6,17	
6,22	
6,14	
6,22	
6,19
ELTZ	
Электрцинк
122	
291 448	
191	
198,5	
189	
199	
191
RZSB	
РязЭнСб
23	
291 220	
9,72	
9,62	
9,62	
9,8	
9,64
MGNZ	
СМЗ-ао
35	
253 080	
4 870	
4 960	
4 800	
5 200	
4 880
KROT	
КрасОкт-ао
24	
249 490	
396	
395,5	
395,5	
401	
395,5
AVAN	
Авангрд-ао
58	
237 170	
855	
850	
845	
860	
860
MGTS	
МГТС-5ао
39	
230 725	
2 305	
2 310	
2 300	
2 330	
2 300
SAGO	
СамарЭн-ао
27	
227 020	
0,464	
0,462	
0,458	
0,468	
0,466
KRKN	
СаратНПЗ
10	
221 200	
13 000	
13 000	
13 000	
13 100	
13 000
NNSBP	
ТНСэнНН ап
62	
217 740	
714	
700	
695	
746	
697
GAZAP	
ГАЗ ап
28	
217 120	
310	
314	
308,5	
314	
310
TGKBP	
ТГК-2 ап
25	
214 960	
0,00741	
0,00739	
0,00739	
0,00745	
0,0074
NKSH	
Нижкамшина
32	
210 486	
23,4	
23,54	
23,02	
23,7	
23,08
UWGN	
ОВК ао
72	
209 287	
233,1	
235,6	
232,2	
235,7	
233
MISB	
ТНСэнМарЭл
54	
203 040	
12,6	
13,1	
12,5	
13,1	
12,7
KRSB	
Красэсб ао
22	
202 780	
7,24	
7,23	
7,2	
7,32	
7,22
KAZT	
Куйбазот
27	
201 520	
150,4	
151,4	
149,2	
151,4	
149,2
GAZA	
ГАЗ ао
20	
190 710	
414,5	
422	
411	
422	
411
EELT	
ЕвроЭлтех
74	
190 407	
8,1	
8,06	
8,06	
8,18	
8,06
ROSB	
Росбанк ао
51	
188 468	
77,6	
78	
77,2	
78,8	
78,2
VGSBP	
ВолгЭнСб-п
53	
179 390	
2,16	
2,155	
2,1	
2,235	
2,2
TGKDP	
Квадра-п
42	
178 204	
0,004185	
0,00428	
0,00413	
0,004285	
0,004165
ASSB	
АстрЭнСб
102	
177 286	
0,7915	
0,8	
0,7805	
0,8	
0,791
KAZTP	
Куйбазот-п
41	
171 732	
146,8	
146,8	
146	
148	
146,4
ZVEZ	
ЗВЕЗДА ао
20	
155 920	
4,725	
4,745	
4,68	
4,795	
4,7
MFGSP	
Мегион-ап
8	
152 990	
325,5	
326	
325	
327	
325
RLMNP	
Роллман-п
123	
151 263	
19,1	
19,6	
18,92	
19,6	
19,24
WTCM	
ЦМТ ао
19	
140 806	
9,4	
9,46	
9,36	
9,46	
9,38
RUSP	
Русполимет
18	
139 165	
0,6325	
0,6355	
0,6295	
0,6355	
0,632
ALBK	
БестЭфБ ао
49	
139 045	
58,5	
58,5	
57,5	
59,5	
58
MRKK	
Россети СК
33	
130 587	
25,82	
25,84	
25,76	
26,02	
25,76
LVHK	
Левенгук
30	
126 470	
8,38	
8,41	
8,34	
8,5	
8,34
KBSB	
ТНСэКубань
26	
125 585	
151,5	
152	
150	
152,5	
151,5
RLMN	
Роллман
73	
125 034	
19,05	
19,05	
18,95	
19,25	
19,05
UCSS	
ОКС ао
31	
120 480	
1 450	
1 460	
1 450	
1 470	
1 460
KTSB	
КСБ ао
59	
110 342	
0,772	
0,778	
0,75	
0,798	
0,75
MFGS	
Мегион-ао
14	
109 000	
389,5	
393,5	
387	
393,5	
387
KMEZ	
КМЗ
77	
104 846	
529,5	
536,5	
524,5	
539,5	
529,5
MAGEP	
МагадЭн ап
13	
103 450	
7,39	
7,43	
7,32	
7,43	
7,33
LPSB	
ЛЭСК ао
50	
102 120	
8,5	
8,6	
8,45	
8,7	
8,55
MRKS	
РсетСиб ао
17	
100 745	
0,24	
0,2425	
0,2395	
0,2425	
0,2395
KGKCP	
КурганГКап
26	
94 195	
55	
55	
55	
55,5	
55
KCHEP	
КамчатЭ ап
18	
91 350	
0,397	
0,393	
0,393	
0,4	
0,398
TASB	
ТамбЭнСб
15	
88 715	
0,467	
0,4675	
0,4605	
0,4715	
0,4715
KGKC	
КурганГКао
32	
88 230	
56	
57	
56	
57	
56
VZRZP	
Возрожд-п
22	
83 052	
319,4	
316,6	
316,6	
322,8	
318
TUZA	
ТЗА ао
18	
81 170	
101	
102	
101	
102	
101
KCHE	
КамчатЭ ао
15	
71 875	
0,218	
0,218	
0,2165	
0,2195	
0,217
OMZZP	
ОМЗ-ап
13	
68 940	
3 630	
3 615	
3 615	
3 660	
3 640
YKENP	
Якутскэн-п
11	
64 925	
0,406	
0,415	
0,4025	
0,415	
0,403
WTCMP	
ЦМТ ап
16	
64 208	
8,46	
8,48	
8,44	
8,5	
8,48
SAGOP	
СамарЭн-ап
9	
60 940	
0,406	
0,41	
0,405	
0,41	
0,407
VSYD	
ВыбСудЗ ао
10	
58 670	
4 190	
4 255	
4 115	
4 255	
4 120
KRSBP	
Красэсб ап
7	
58 660	
7,34	
7,3	
7,3	
7,36	
7,3
IGSTP	
Ижсталь ап
19	
57 553	
914	
923	
910	
923	
911
MISBP	
ТНСэМаЭл-п
30	
56 580	
12,3	
12,2	
12,1	
12,4	
12,3
NNSB	
ТНСэнНН ао
17	
47 860	
1 775	
1 810	
1 755	
1 810	
1 755
VSYDP	
ВыбСудЗ ап
9	
40 600	
4 060	
4 120	
4 040	
4 120	
4 060
DZRD	
iДонскЗР
5	
36 680	
2 295	
2 300	
2 270	
2 300	
2 300
TORSP	
ТРК ап
9	
33 960	
0,283	
0,2845	
0,2815	
0,2845	
0,284
YRSBP	
ТНСэнЯр-п
12	
33 745	
96,5	
97	
96	
98	
96
YRSB	
ТНСэнЯр
10	
31 080	
184	
188	
180	
188	
182
KROTP	
КрасОкт-1п
3	
30 305	
275,5	
275,5	
275,5	
275,5	
275,5
IGST	
Ижсталь2ао
10	
27 634	
1 023	
1 034	
1 016	
1 034	
1 030
UKUZ	
ЮжКузб. ао
7	
18 114	
550	
550	
546	
550	
550
TASBP	
ТамбЭнСб-п
3	
11 180	
0,3725	
0,3735	
0,37	
0,3745	
0,3745
JNOS	
Славн-ЯНОС
3	
7 670	
19,2	
19,2	
19,15	
19,2	
19,15
RUSI	
ИКРУСС-ИНВ
1	
3 810	
38,1	
38,1	
38,1	
38,1	
38,1
BISV	
БашИнСв ао
0	
0	
-	
-	
-	
-	
8,7
GAZC	
ГАЗКОН-ао
0	
0	
-	
-	
-	
-	
295
GAZS	
ГАЗ-сервис
0	
0	
-	
-	
-	
-	
293
GAZT	
ГАЗ-Тек ао
0	
0	
-	
-	
-	
-	
85
GTSS	
ГЕОТЕК ао
0	
0	
-	
-	
-	
-	
-
HIMC	
Химпром ао
0	
0	
-	
-	
-	
-	
0,99
KMTZ	
КосогМЗ ао
0	
0	
-	
-	
-	
-	
-
KRKO	
ТКЗКК ао
0	
0	
-	
-	
-	
-	
11,8
KSGR	
Кокс ао
0	
0	
-	
-	
-	
-	
-
KUNF	
КУЗОЦМ ао
0	
0	
-	
-	
-	
-	
-
KZMS	
КЗМС ао
0	
0	
-	
-	
-	
-	
226
MFON	
МегаФон ао
0	
0	
-	
-	
-	
-	
650,6
MOBB	
МосОблБанк
0	
0	
-	
-	
-	
-	
0,698
MORI	
Морион ао
0	
0	
-	
-	
-	
-	
4,31
NPOF	
Физика ао
0	
0	
-	
-	
-	
-	
11 850
PRTK	
ПРОТЕК ао
0	
0	
-	
-	
-	
-	
99,6
TRCN	
ТрансК ао
0	
0	
-	
-	
-	
-	
8 595
TRFM	
ТрансФ ао
0	
0	
-	
-	
-	
-	
-
URKA	
Уркалий-ао
0	
0	
-	
-	
-	
-	
119,04
VZRZ	
Возрожд-ао
0	
0	
-	
-	
-	
-	
480