SBER	
Сбербанк
123 516	
16 761 624 911	
207,14	
203	
202,5	
209,76	
209,08
GAZP	
ГАЗПРОМ ао
86 197	
8 356 261 697	
165,54	
163,74	
162,8	
167,12	
166,39
YNDX	
Yandex clA
65 466	
6 602 846 338	
4 418,6	
4 465	
4 311,4	
4 494	
4 373
GMKN	
ГМКНорНик
25 903	
6 419 399 064	
20 138	
19 920	
19 832	
20 276	
20 156
LKOH	
ЛУКОЙЛ
31 492	
4 023 463 713	
4 228,5	
4 185	
4 164	
4 289	
4 260
VTBR	
ВТБ ао
100 933	
3 564 651 814	
0,033155	
0,0318	
0,0315	
0,03398	
0,033755
TATN	
Татнфт 3ао
74 140	
3 139 510 882	
415,5	
415,1	
406,4	
424,8	
419,3
SBERP	
Сбербанк-п
44 259	
2 710 587 896	
195,92	
193,34	
193,1	
197,5	
196,89
MGNT	
Магнит ао
26 797	
2 513 992 394	
4 959,5	
4 929,5	
4 867,5	
5 023	
4 902
MOEX	
МосБиржа
27 577	
1 923 863 503	
145,83	
144,01	
142,28	
147,88	
145,59
PLZL	
Полюс
8 644	
1 443 566 720	
17 146	
17 229,5	
17 037	
17 248,5	
17 100
AFLT	
Аэрофлот
35 412	
1 383 486 497	
58,1	
58,56	
57,48	
58,7	
58,02
TATNP	
Татнфт 3ап
34 734	
1 368 711 941	
397,7	
401	
390,1	
404	
400,4
MTSS	
МТС-ао
16 697	
1 244 312 034	
320,45	
316	
316	
322,4	
320,45
POLY	
Polymetal
17 046	
1 198 197 490	
1 771,5	
1 795,9	
1 764,1	
1 795,9	
1 765,1
AFKS	
Система ао
19 272	
1 186 753 183	
25,523	
25,1	
24,949	
25,85	
25,75
TCSG	
TCS-гдр
28 678	
1 068 417 844	
1 752	
1 750,8	
1 653	
1 835,2	
1 674,8
SNGSP	
Сургнфгз-п
10 567	
988 374 103	
37,535	
37,7	
37,355	
37,895	
37,355
ROSN	
Роснефть
9 513	
862 024 443	
383,25	
380,1	
380	
385,5	
382,95
IRAO	
ИнтерРАОао
10 619	
781 027 781	
5,1735	
5,11	
5,0715	
5,2185	
5,1875
NVTK	
Новатэк ао
8 538	
719 645 902	
1 064,4	
1 064	
1 051,8	
1 073,4	
1 055,2
CHMF	
СевСт-ао
21 352	
656 074 299	
1 000,4	
988,6	
988	
1 008,8	
1 008
MAIL	
MAIL-гдр
13 195	
645 311 949	
2 287,2	
2 298	
2 261	
2 305	
2 270
HYDR	
РусГидро
17 734	
639 001 711	
0,711	
0,6923	
0,6918	
0,7244	
0,7233
MAGN	
ММК
10 186	
530 623 589	
35,315	
34,935	
34,835	
35,63	
35,465
SNGS	
Сургнфгз
6 273	
523 303 618	
34,045	
33,925	
33,84	
34,24	
34,08
ALRS	
АЛРОСА ао
17 550	
519 335 090	
75,17	
75,32	
74,51	
75,66	
75,23
NLMK	
НЛМК ао
8 874	
487 298 471	
171,22	
169,74	
169,74	
172,62	
172,44
FIVE	
FIVE-гдр
9 068	
450 429 689	
3 063	
3 119,5	
3 001	
3 134,5	
3 005
SIBN	
Газпрнефть
6 876	
367 140 193	
274,9	
274	
270,65	
277,7	
277,05
FEES	
ФСК ЕЭС ао
8 813	
360 892 243	
0,18506	
0,18242	
0,18102	
0,18786	
0,18542
RUAL	
РУСАЛ ао
26 160	
351 563 929	
33,39	
33,39	
32,66	
33,97	
33,79
CBOM	
МКБ ао
8 072	
350 553 602	
5,561	
5,542	
5,5	
5,59	
5,564
LSRG	
ЛСР ао
19 208	
333 421 769	
904,8	
874	
865,4	
929	
925,2
TRNFP	
Транснф ап
1 390	
308 637 700	
136 850	
136 200	
135 450	
137 750	
136 700
RTKM	
Ростел -ао
9 879	
257 268 852	
94,26	
93,43	
92,91	
95,38	
95,2
PIKK	
ПИК ао
8 059	
218 788 752	
604,9	
603,3	
600	
611	
603,4
FLOT	
Совкомфлот
6 093	
207 298 324	
100,15	
100,4	
100	
100,54	
100,07
DSKY	
ДетскийМир
9 461	
205 600 794	
115,84	
113,86	
113,72	
117,26	
116,18
RSTI	
Россети ао
5 700	
198 846 658	
1,3859	
1,37	
1,351	
1,4097	
1,3832
PHOR	
ФосАгро ао
5 201	
170 271 457	
2 805	
2 790	
2 778	
2 831	
2 803
ENRU	
ЭнелРос ао
7 680	
169 694 969	
0,908	
0,9125	
0,8975	
0,9385	
0,9145
LNTA	
Лента др
15 148	
164 929 341	
223,5	
221	
220,6	
226,7	
226,3
MVID	
М.видео
3 596	
140 670 439	
666,1	
656	
650,8	
674,1	
666
POGR	
Petropavl
3 579	
138 092 988	
30,12	
30	
29,8	
30,495	
30,295
UPRO	
Юнипро ао
3 163	
125 966 895	
2,685	
2,683	
2,652	
2,71	
2,698
MTLR	
Мечел ао
7 835	
71 911 118	
57,86	
58,29	
56,91	
58,61	
58
OGKB	
ОГК-2 ао
3 535	
69 297 263	
0,7221	
0,7226	
0,714	
0,7316	
0,723
QIWI	
iQIWI
4 656	
67 597 339	
1 234	
1 250	
1 210,5	
1 333	
1 216,5
AGRO	
AGRO-гдр
2 624	
55 400 887	
751,4	
747	
744,2	
758,4	
750
ETLN	
ETLN-гдр
9 616	
46 925 630	
128	
127,76	
126,9	
128,6	
128,3
BANEP	
Башнефт ап
2 752	
45 097 844	
1 182,5	
1 187,5	
1 172,5	
1 198	
1 190,5
ENPG	
ЭН+ГРУП ао
1 872	
40 201 932	
718,5	
715,5	
712	
724,5	
713
RASP	
Распадская
863	
32 560 079	
114,16	
113,36	
112,38	
115,8	
114,4
NMTP	
НМТП ао
2 313	
29 501 442	
8,105	
8,145	
8,055	
8,155	
8,125
SELG	
Селигдар
966	
20 115 259	
45,28	
45	
44,1	
46,4	
44,73
SVAV	
СОЛЛЕРС
537	
19 989 435	
292,5	
286	
281,5	
299,5	
294
TGKA	
ТГК-1
1 597	
19 339 117	
0,010442	
0,010442	
0,010262	
0,01059	
0,010558
RSTIP	
Россети ап
980	
16 905 477	
1,892	
1,909	
1,86	
1,917	
1,916
LNZLP	
Лензол. ап
1 149	
16 860 240	
4 030	
3 950	
3 900	
4 285	
3 925
LNZL	
Лензолото
79	
16 462 770	
19 350	
19 330	
19 310	
19 380	
19 330
INGR	
ИНГРАД ао
434	
16 289 400	
932	
923	
920	
943	
942
RTKMP	
Ростел -ап
1 337	
15 483 419	
84,95	
85,1	
83,85	
85,7	
85,5
VSMO	
ВСМПО-АВСМ
288	
14 359 040	
16 200	
16 400	
16 140	
16 500	
16 180
MSTT	
Мостотрест
1 957	
14 239 841	
103,55	
109,85	
101,7	
110,2	
101,7
LSNGP	
РСетиЛЭ-п
968	
13 565 144	
151,45	
152,2	
151	
152,85	
151,75
BSPB	
БСП ао
2 518	
12 682 821	
41,86	
41,78	
41,52	
42,61	
41,9
MTLRP	
Мечел ап
1 068	
11 423 123	
65,7	
65,3	
64,75	
66,5	
66,25
MSNG	
+МосЭнерго
653	
11 336 756	
2,0395	
2,034	
2,0235	
2,051	
2,05
ISKJ	
iИСКЧ ао
1 138	
11 058 751	
29,66	
29,1	
28,55	
30,82	
29,2
AKRN	
Акрон
473	
9 678 100	
6 184	
6 178	
6 150	
6 244	
6 150
BANE	
Башнефт ао
987	
8 799 758	
1 551,5	
1 563	
1 533	
1 577,5	
1 572
FESH	
ДВМП ао
564	
8 765 863	
10,27	
10,13	
10,13	
10,44	
10,2
AQUA	
РусАква ао
590	
8 657 000	
238	
242	
236,5	
242	
237
MRKP	
МРСК ЦП
479	
8 164 824	
0,2165	
0,2167	
0,2141	
0,2191	
0,2184
MSRS	
РСетиМР ао
315	
7 813 428	
1,179	
1,174	
1,1675	
1,195	
1,1795
HHRU	
iHHRU-адр
168	
7 710 606	
1 795,2	
1 799,2	
1 785,8	
1 809,8	
1 801,2
APTK	
Аптеки36и6
4 850	
7 532 681	
13,954	
14,016	
13,868	
14,016	
14,002
SELGP	
Селигдар-п
388	
7 024 325	
39	
39,55	
38	
39,85	
38,9
TRMK	
ТМК ао
629	
6 238 715	
57,96	
57,4	
57,2	
58,6	
57,4
OBUV	
ОР ао
2 621	
6 171 053	
30,45	
30,45	
30,1	
30,8	
30,65
NKNCP	
НКНХ ап
886	
5 507 843	
75,14	
74,76	
74,76	
75,54	
75,54
RLMN	
Роллман
1 273	
5 444 899	
14,7	
15,65	
14,4	
15,65	
14,7
MRKV	
РсетВол ао
378	
4 877 434	
0,0683	
0,0685	
0,0681	
0,06875	
0,0687
UWGN	
ОВК ао
1 666	
4 803 201	
185,5	
195	
181,9	
195	
183
CNTLP	
Телеграф-п
535	
3 786 916	
13,12	
13,3	
13,02	
13,3	
13,18
NKNC	
НКНХ ао
681	
3 776 437	
82,25	
82,4	
81,65	
83,05	
82,75
KRKNP	
СаратНПЗ-п
162	
3 671 080	
14 800	
14 800	
14 680	
15 000	
14 940
MRSB	
МордЭнСб
159	
3 538 970	
0,443	
0,447	
0,437	
0,448	
0,44
LIFE	
iФармсинтз
548	
3 423 109	
6,645	
6,715	
6,625	
6,715	
6,645
KMEZ	
КМЗ
655	
3 167 184	
541	
504	
500	
580	
522
ROLO	
Русолово
273	
3 111 206	
6,376	
6,7	
6,122	
6,7	
6,5
GCHE	
ЧеркизГ-ао
506	
2 604 243	
1 835,5	
1 830,5	
1 823,5	
1 844,5	
1 835
YAKG	
ЯТЭК ао
145	
2 580 775	
51	
50,9	
50,15	
53,05	
50,8
ABRD	
АбрауДюрсо
376	
2 477 465	
197	
197	
193,5	
201	
198
GEMA	
iММЦБ ао
261	
2 433 908	
568	
591	
500,5	
592,5	
581,5
LSNG	
РСетиЛЭ
665	
2 418 251	
5,13	
5,14	
5,05	
5,24	
5,13
KZOS	
ОргСинт ао
550	
2 318 695	
75,6	
75,9	
74,7	
76,6	
76,3
TGKB	
ТГК-2
169	
2 286 510	
0,003915	
0,003915	
0,003885	
0,00398	
0,003925
KGKCP	
КурганГКап
208	
2 209 435	
57	
57	
56	
57,5	
57,5
MGTSP	
МГТС-4ап
277	
2 152 338	
1 814	
1 822	
1 804	
1 824	
1 812
MRKS	
РсетСиб ао
191	
2 138 250	
0,2765	
0,27	
0,2685	
0,289	
0,2795
ROST	
РОСИНТЕРао
282	
1 826 470	
65,8	
66	
64	
68	
64
MRKC	
МРСК Центр
1 219	
1 765 173	
0,295	
0,2956	
0,2906	
0,297	
0,296
BELU	
Белуга ао
407	
1 761 592	
1 246	
1 250	
1 234	
1 255	
1 246
RNFT	
РуссНфт ао
1 240	
1 688 268	
302,6	
304	
300	
309,8	
305,2
RUGR	
Русгрэйн
3 716	
1 663 899	
9,02	
9,112	
8,964	
9,112	
9,012
IRKT	
ИРКУТ-3
148	
1 646 498	
30,54	
30,82	
30,18	
30,98	
30,32
TGKD	
Квадра
1 575	
1 595 798	
0,0038	
0,00378	
0,003775	
0,00383	
0,00379
AMEZ	
АшинскийМЗ
792	
1 559 061	
4,515	
4,545	
4,47	
4,57	
4,52
NSVZ	
НаукаСвяз
280	
1 555 645	
201,5	
197,5	
193,5	
208,5	
199,5
CNTL	
Телеграф
168	
1 519 360	
15,8	
15,7	
15,6	
15,9	
15,75
UNAC	
iАвиастКао
601	
1 512 929	
0,397	
0,4015	
0,3905	
0,4045	
0,3995
SFIN	
САФМАР ао
62	
1 411 576	
476,8	
489,4	
472,6	
489,4	
476,4
ZILL	
ЗИЛ ао
46	
1 359 300	
2 615	
2 655	
2 525	
2 655	
2 620
BRZL	
БурЗолото
202	
1 144 599	
983	
987	
966	
998	
985
CHEP	
ЧТПЗ ао
65	
1 021 050	
210,5	
213	
210	
213	
212
SLEN	
Сахэнер ао
60	
986 239	
6,11	
5,945	
5,855	
6,25	
6,245
KMAZ	
КАМАЗ
624	
937 178	
61,8	
62,1	
61,6	
62,4	
61,8
TTLK	
Таттел. ао
72	
883 095	
0,3465	
0,3455	
0,345	
0,348	
0,347
KRKOP	
ТКЗКК ап
204	
787 630	
9,275	
9,83	
9,07	
9,83	
9,2
STSBP	
СтаврЭнСбп
128	
773 752	
0,336	
0,339	
0,33	
0,3525	
0,33
ALNU	
АЛРОСА-Нюр
9	
737 200	
56 800	
56 400	
56 400	
56 800	
56 800
GTRK	
ГТМ ао
886	
665 398	
42,1	
41,5	
41,5	
42,45	
42,15
RDRB	
РДБанк ао
134	
658 950	
210	
220	
205	
220	
215
HALS	
Галс-Девел
175	
631 307	
1 015	
1 032	
1 000	
1 047	
1 016
UNKL	
ЮУНК ао
74	
618 430	
6 440	
6 460	
6 400	
6 530	
6 440
MRKZ	
МРСК СЗ
275	
599 538	
0,0488	
0,04845	
0,04845	
0,049	
0,0488
IGST	
Ижсталь2ао
114	
589 689	
832	
862	
800	
877	
827
BLNG	
Белон ао
80	
577 519	
4,274	
4,33	
4,228	
4,348	
4,262
BISVP	
БашИнСв ап
198	
553 874	
9,01	
9,34	
8,73	
9,34	
9,05
KZOSP	
ОргСинт ап
1 166	
531 866	
10,72	
10,8	
10,62	
10,8	
10,75
KLSB	
КалужскСК
93	
530 887	
12,82	
13,12	
12,51	
13,18	
13,05
ELTZ	
Электрцинк
200	
520 608	
153	
152,5	
150	
158	
155,5
TGKN	
ТГК-14
57	
515 810	
0,00302	
0,00303	
0,00298	
0,00306	
0,00304
KAZT	
Куйбазот
28	
514 240	
147	
146,6	
146	
147	
147
MFGS	
Мегион-ао
74	
488 330	
309	
313,5	
301	
313,5	
304
ALBK	
БестЭфБ ао
100	
459 295	
57	
58	
56	
58,5	
57,5
IRGZ	
ИркЭнерго
100	
409 646	
10,76	
10,72	
10,56	
10,9	
10,84
KCHEP	
КамчатЭ ап
91	
406 750	
0,399	
0,382	
0,38	
0,432	
0,381
MRKY	
РоссЮг ао
465	
405 912	
0,04705	
0,04735	
0,0469	
0,04735	
0,047
VZRZP	
Возрожд-п
54	
394 950	
290,4	
293,2	
289,4	
293,2	
291,8
VLHZ	
ВХЗ-ао
69	
394 044	
53,7	
53,5	
53,35	
54,75	
53,8
RKKE	
ЭнергияРКК
44	
376 280	
6 170	
6 370	
6 110	
6 370	
6 140
DIOD	
ЗаводДИОД
64	
350 743	
6,99	
6,85	
6,85	
7,13	
6,96
MRKU	
МРСК Ур
92	
341 910	
0,1336	
0,1362	
0,132	
0,1362	
0,1346
HIMCP	
Химпром ап
148	
338 899	
6,83	
6,77	
6,77	
6,87	
6,86
SAGOP	
СамарЭн-ап
49	
323 320	
0,449	
0,445	
0,444	
0,46	
0,446
NKHP	
НКХП ао
61	
316 175	
255	
256,5	
249	
258	
255,5
KOGK	
КоршГОК ао
7	
313 600	
44 800	
44 800	
44 800	
44 800	
44 800
DVEC	
ДЭК ао
140	
309 550	
0,882	
0,881	
0,872	
0,898	
0,884
VJGZ	
Варьеган
100	
308 378	
600	
606	
590	
610	
600
KTSB	
КСБ ао
154	
304 308	
0,606	
0,62	
0,596	
0,626	
0,62
MAGE	
МагадЭн ао
24	
293 980	
5,77	
5,72	
5,66	
5,92	
5,85
KCHE	
КамчатЭ ао
76	
288 445	
0,2075	
0,201	
0,2	
0,2165	
0,2045
RBCM	
РБК ао
113	
279 691	
3,23	
3,226	
3,214	
3,244	
3,22
DZRDP	
iДонскЗР п
84	
271 050	
1 410	
1 440	
1 390	
1 440	
1 420
UCSS	
ОКС ао
45	
270 340	
1 440	
1 440	
1 420	
1 470	
1 450
IGSTP	
Ижсталь ап
141	
269 897	
782	
795	
762	
803	
794
KROT	
КрасОкт-ао
53	
261 435	
363	
350,5	
350,5	
366	
365
UTAR	
ЮТэйр ао
72	
256 339	
6,64	
6,64	
6,57	
6,75	
6,65
RTSB	
ТНСэнРст
31	
242 500	
0,525	
0,53	
0,515	
0,54	
0,54
RUSP	
Русполимет
169	
238 868	
0,6355	
0,6315	
0,6315	
0,646	
0,6345
TUZA	
ТЗА ао
35	
233 920	
102	
102	
101	
103	
103
ZVEZ	
ЗВЕЗДА ао
36	
220 935	
3,875	
3,915	
3,78	
3,945	
3,945
KUZB	
КузнецкийБ
198	
220 455	
0,01304	
0,01305	
0,01283	
0,01328	
0,01315
NAUK	
iНПОНаука
48	
217 814	
192,8	
197,6	
191,2	
197,6	
193,2
TGKBP	
ТГК-2 ап
125	
217 470	
0,00638	
0,00627	
0,00626	
0,00655	
0,00642
EELT	
ЕвроЭлтех
107	
216 816	
8,1	
8,12	
8,06	
8,12	
8,1
GAZA	
ГАЗ ао
19	
204 370	
393	
393	
390	
395	
395
NNSB	
ТНСэнНН ао
23	
204 205	
2 125	
2 135	
2 070	
2 150	
2 125
PMSBP	
ПермьЭнС-п
50	
195 892	
128,8	
128,8	
128,6	
129,4	
128,8
KAZTP	
Куйбазот-п
29	
193 944	
149,2	
151,2	
147,6	
151,2	
149,4
RGSS	
РГС СК ао
116	
191 024	
0,1396	
0,1392	
0,139	
0,1404	
0,1402
KUBE	
Кубанэнр
36	
169 924	
69,4	
69,7	
69	
69,8	
69
MAGEP	
МагадЭн ап
17	
165 540	
5,71	
5,73	
5,65	
5,89	
5,89
VRSB	
ТНСэнВорон
21	
161 680	
67,4	
67,8	
66,4	
68,6	
67,4
YKEN	
Якутскэнрг
27	
159 180	
0,362	
0,3645	
0,3575	
0,367	
0,366
SARE	
СаратЭн-ао
52	
152 988	
0,1214	
0,1214	
0,12	
0,1242	
0,1218
TGKDP	
Квадра-п
34	
152 811	
0,00488	
0,004965	
0,004855	
0,004965	
0,00488
ASSB	
АстрЭнСб
27	
151 000	
0,7745	
0,7705	
0,7705	
0,781	
0,78
MGTS	
МГТС-5ао
43	
149 975	
2 110	
2 160	
2 020	
2 170	
2 160
TASBP	
ТамбЭнСб-п
47	
142 955	
0,275	
0,275	
0,266	
0,2965	
0,2735
SAGO	
СамарЭн-ао
14	
137 740	
0,574	
0,576	
0,568	
0,58	
0,568
RLMNP	
Роллман-п
55	
132 613	
16,74	
17,18	
16,52	
17,18	
17
KBTK	
КузбТК ао
50	
129 518	
140,8	
139,4	
139,4	
143,8	
140,2
CHMK	
ЧМК ао
39	
127 975	
2 460	
2 465	
2 450	
2 475	
2 450
NFAZ	
Нефтекамск
16	
123 770	
209,8	
209,4	
208,2	
211,8	
210
VGSB	
ВолгЭнСб
19	
122 455	
3,825	
3,975	
3,755	
3,975	
3,755
PMSB	
ПермьЭнСб
53	
116 070	
130,4	
129,5	
129,4	
131,1	
131
RAVN	
Raven
11	
104 935	
26,25	
26,2	
26,2	
26,45	
26,35
PRMB	
Приморье
4	
102 400	
25 600	
25 600	
25 400	
25 800	
25 800
GAZAP	
ГАЗ ап
11	
95 135	
307	
306,5	
305	
308	
307,5
ARSA	
Арсагера
17	
94 940	
3,65	
3,7	
3,59	
3,7	
3,69
YKENP	
Якутскэн-п
6	
94 870	
0,3515	
0,349	
0,349	
0,353	
0,352
USBN	
УралСиб ао
29	
90 910	
0,0654	
0,0644	
0,0644	
0,0659	
0,0655
KRKN	
СаратНПЗ
7	
82 450	
11 800	
11 800	
11 700	
11 850	
11 800
KTSBP	
КСБ ап
25	
80 660	
0,288	
0,286	
0,286	
0,294	
0,2885
RTSBP	
ТНСэнРст-п
17	
79 810	
0,469	
0,477	
0,46	
0,479	
0,46
LPSB	
ЛЭСК ао
14	
74 945	
7,95	
8	
7,9	
8,05	
7,95
RZSB	
РязЭнСб
15	
64 636	
8,86	
8,9	
8,74	
9,02	
9
NKSH	
Нижкамшина
16	
63 610	
21,94	
21,66	
21,66	
22,14	
21,98
KGKC	
КурганГКао
18	
63 485	
54,5	
54,5	
53,5	
54,5	
54,5
ROSB	
Росбанк ао
16	
57 260	
74,4	
74,2	
74,2	
75,2	
75,2
VJGZP	
Варьеган-п
16	
56 220	
331	
329	
325	
333	
333
PAZA	
ПавлАвт ао
6	
55 730	
7 960	
8 090	
7 840	
8 090	
8 000
KBSB	
ТНСэКубань
19	
45 665	
130,5	
131,5	
130	
131,5	
130,5
KRSBP	
Красэсб ап
20	
43 840	
7,08	
7,06	
7,06	
7,12	
7,08
MGNZ	
СМЗ-ао
7	
43 560	
4 840	
4 790	
4 790	
4 850	
4 850
MFGSP	
Мегион-ап
7	
41 725	
278	
278	
277,5	
280	
280
TORSP	
ТРК ап
6	
39 265	
0,2805	
0,2805	
0,28	
0,2815	
0,2805
AVAN	
Авангрд-ао
23	
38 230	
815	
800	
800	
820	
810
TASB	
ТамбЭнСб
8	
31 785	
0,3975	
0,403	
0,392	
0,4065	
0,392
VGSBP	
ВолгЭнСб-п
11	
30 580	
1,8	
1,77	
1,77	
1,825	
1,8
VSYDP	
ВыбСудЗ ап
7	
30 360	
3 800	
3 900	
3 760	
3 900	
3 780
LVHK	
Левенгук
18	
29 298	
8,14	
8,09	
8,06	
8,16	
8,11
MISB	
ТНСэнМарЭл
14	
27 810	
12,1	
12,2	
12	
12,2	
12,2
DZRD	
iДонскЗР
13	
26 250	
2 020	
2 055	
1 995	
2 055	
2 000
RTGZ	
ГазпРнД ао
1	
26 250	
26 250	
26 250	
26 250	
26 250	
26 250
VRSBP	
ТНСэнВор-п
6	
25 950	
43	
43,5	
43	
43,5	
43,5
CHKZ	
ЧКПЗ ао
5	
25 860	
5 180	
5 180	
5 160	
5 180	
5 180
UKUZ	
ЮжКузб. ао
12	
23 004	
500	
502	
498	
504	
498
TORS	
ТРК ао
5	
22 700	
0,378	
0,38	
0,376	
0,38	
0,378
STSB	
СтаврЭнСб
21	
22 146	
0,54	
0,556	
0,5355	
0,556	
0,5425
CHGZ	
РН-ЗапСиб
4	
20 840	
52,2	
51,8	
51,8	
52,4	
52,4
JNOSP	
Слав-ЯНОСп
1	
20 700	
13,76	
13,8	
13,8	
13,8	
13,8
NNSBP	
ТНСэнНН ап
4	
19 406	
693	
693	
693	
695	
695
MISBP	
ТНСэМаЭл-п
6	
18 780	
11,7	
11,8	
11,6	
11,8	
11,7
JNOS	
Славн-ЯНОС
4	
17 845	
17,8	
17,8	
17,8	
17,95	
17,95
SAREP	
СаратЭн-ап
6	
16 162	
0,1078	
0,108	
0,1052	
0,1084	
0,1064
WTCM	
ЦМТ ао
8	
15 776	
8,76	
8,76	
8,74	
8,82	
8,8
TNSE	
ТНСэнрг ао
10	
13 310	
950	
950	
950	
955	
955
VSYD	
ВыбСудЗ ао
3	
11 600	
3 865	
3 900	
3 850	
3 900	
3 850
MRKK	
Россети СК
16	
8 014	
24,28	
24,08	
24,08	
24,32	
24,32
KROTP	
КрасОкт-1п
2	
7 885	
263	
262	
262	
264,5	
264,5
RUSI	
ИКРУСС-ИНВ
2	
7 510	
37,6	
37,4	
37,4	
37,7	
37,7
OMZZP	
ОМЗ-ап
2	
6 755	
3 380	
3 380	
3 375	
3 380	
3 375
WTCMP	
ЦМТ ап
7	
5 668	
8,1	
8	
8	
8,14	
8,14
KRSB	
Красэсб ао
7	
4 944	
7,06	
7,05	
7,05	
7,07	
7,05
YRSB	
ТНСэнЯр
2	
3 360	
168	
168	
168	
168	
168
YRSBP	
ТНСэнЯр-п
1	
910	
91	
91	
91	
91	
91
MFON	
МегаФон ао
0	
0	
-	
-	
-	
-	
650,6
URKZ	
УрКузница
0	
0	
-	
-	
-	
-	
15 900
KRKO	
ТКЗКК ао
0	
0	
-	
-	
-	
-	
11,8
MORI	
Морион ао
0	
0	
-	
-	
-	
-	
4,31
DERZP	
Держава ап
0	
0	
-	
-	
-	
-	
-
GAZC	
ГАЗКОН-ао
0	
0	
-	
-	
-	
-	
295
GTSS	
ГЕОТЕК ао
0	
0	
-	
-	
-	
-	
-
KUNF	
КУЗОЦМ ао
0	
0	
-	
-	
-	
-	
-
PRTK	
ПРОТЕК ао
0	
0	
-	
-	
-	
-	
99,6
NPOF	
Физика ао
0	
0	
-	
-	
-	
-	
11 850
TRCN	
ТрансК ао
0	
0	
-	
-	
-	
-	
8 595
BISV	
БашИнСв ао
0	
0	
-	
-	
-	
-	
8,7
GAZS	
ГАЗ-сервис
0	
0	
-	
-	
-	
-	
293
KMTZ	
КосогМЗ ао
0	
0	
-	
-	
-	
-	
-
KZMS	
КЗМС ао
0	
0	
-	
-	
-	
-	
226
TRFM	
ТрансФ ао
0	
0	
-	
-	
-	
-	
-
GAZT	
ГАЗ-Тек ао
0	
0	
-	
-	
-	
-	
85
HIMC	
Химпром ао
0	
0	
-	
-	
-	
-	
0,99
KSGR	
Кокс ао
0	
0	
-	
-	
-	
-	
-
URKA	
Уркалий-ао
0	
0	
-	
-	
-	
-	
119,04
URKZ	
УрКузница
0	
0	
-	
-	
-	
-	
15 900
VZRZ	
Возрожд-ао
0	
0	
-	
-	
-	
-	
480