GAZP	
ГАЗПРОМ ао
111 469	
17 571 663 353	
194,88	
196,05	
191,4	
199,26	
194,74
SBER	
Сбербанк
89 016	
15 420 063 130	
193,86	
194	
191,5	
196,31	
192,4
LKOH	
ЛУКОЙЛ
72 022	
14 368 929 317	
5 402,5	
5 459	
5 227	
5 548	
5 286
GMKN	
ГМКНорНик
38 054	
8 486 829 710	
22 722	
22 952	
22 452	
23 150	
22 536
ROSN	
Роснефть
53 493	
7 773 314 578	
371,85	
378,9	
364,4	
383,35	
367
TATN	
Татнфт 3ао
56 781	
3 773 538 763	
551,2	
564,2	
537,9	
575	
540
SNGS	
Сургнфгз
25 262	
3 229 594 280	
39,895	
40,9	
38,61	
41,18	
39
NVTK	
Новатэк ао
28 937	
2 915 867 475	
1 112,2	
1 139,8	
1 091	
1 147,8	
1 093
SBERP	
Сбербанк-п
34 518	
1 856 119 033	
177,72	
178,44	
176,25	
179,62	
176,79
PLZL	
Полюс
16 946	
1 634 440 998	
11 883,5	
11 978,5	
11 754,5	
12 044	
11 925
ALRS	
АЛРОСА ао
32 406	
1 538 876 432	
64,04	
63,82	
62,83	
65	
63,6
YNDX	
Yandex clA
20 981	
1 479 102 166	
2 931	
2 942	
2 895	
2 960	
2 910,8
MOEX	
МосБиржа
22 750	
1 363 706 004	
115,41	
116,04	
114,8	
116,39	
115,35
IRAO	
ИнтерРАОао
19 622	
1 361 435 026	
4,9135	
4,891	
4,851	
4,982	
4,851
MGNT	
Магнит ао
20 284	
1 249 212 324	
3 620	
3 647	
3 592,5	
3 657,5	
3 600
CHMF	
СевСт-ао
25 291	
1 220 816 649	
875,2	
884,4	
862	
895,8	
863,6
VTBR	
ВТБ ао
36 113	
1 199 523 908	
0,03508	
0,03526	
0,034785	
0,03542	
0,03496
POLY	
Polymetal
20 841	
1 198 319 525	
1 478,5	
1 515,1	
1 458,1	
1 515,2	
1 474,3
MTSS	
МТС-ао
13 648	
1 101 694 924	
332,25	
333,45	
328,3	
337,95	
328,7
AFLT	
Аэрофлот
30 366	
1 050 277 182	
73,14	
73,28	
72,14	
74	
72,68
SNGSP	
Сургнфгз-п
13 954	
1 036 949 095	
36,46	
36,86	
35,95	
37,09	
36,015
FEES	
ФСК ЕЭС ао
24 011	
970 590 530	
0,19372	
0,1945	
0,1892	
0,19832	
0,192
RSTI	
Россети ао
18 563	
889 543 460	
1,4064	
1,381	
1,3711	
1,4362	
1,3979
TRNFP	
Транснф ап
3 461	
817 754 050	
132 650	
133 650	
131 350	
134 200	
132 500
HYDR	
РусГидро
18 951	
816 495 630	
0,6623	
0,6658	
0,6467	
0,6742	
0,652
AFKS	
Система ао
20 324	
724 805 572	
14,771	
14,891	
14,41	
15,17	
14,52
TATNP	
Татнфт 3ап
14 097	
697 904 737	
521,3	
533	
508	
537,5	
511,2
NLMK	
НЛМК ао
15 049	
684 991 636	
127,02	
128,02	
125,06	
129,28	
125,7
TCSG	
TCS-гдр
13 314	
678 908 483	
1 154,6	
1 147,6	
1 133,2	
1 178,6	
1 167,2
SIBN	
Газпрнефть
13 282	
668 564 927	
332,7	
334,1	
327	
338,3	
328,75
DSKY	
ДетскийМир
33 171	
621 710 921	
96,14	
95,7	
93,4	
99,8	
94,88
FIVE	
FIVE-гдр
8 841	
548 603 404	
2 193	
2 188,5	
2 171,5	
2 207	
2 207
RUAL	
РУСАЛ ао
19 140	
446 864 023	
26,545	
26,265	
26,055	
26,875	
26,235
MAGN	
ММК
7 512	
399 979 614	
38,26	
38,6	
37,87	
39,035	
38,1
TRMK	
ТМК ао
3 304	
387 264 333	
59,24	
59,2	
59	
59,36	
59,36
PHOR	
ФосАгро ао
4 641	
213 977 848	
2 756	
2 774	
2 736	
2 783	
2 738
UPRO	
Юнипро ао
6 288	
206 206 155	
2,638	
2,659	
2,623	
2,659	
2,629
RTKM	
Ростел -ао
7 880	
201 249 056	
81,91	
82,67	
81,26	
82,68	
81,46
MTLR	
Мечел ао
12 579	
199 766 244	
65,16	
64,5	
64,2	
66,3	
64,31
CBOM	
МКБ ао
18 159	
179 337 819	
5,453	
5,47	
5,349	
5,527	
5,349
BANEP	
Башнефт ап
5 849	
172 737 112	
1 409	
1 413	
1 393,5	
1 423,5	
1 398
MVID	
М.видео
5 383	
158 648 454	
352,9	
344,3	
343,1	
359,7	
353
LSNGP	
РСетиЛЭ-п
7 024	
151 324 653	
161,15	
157	
156,25	
163,9	
160,2
QIWI	
iQIWI
5 673	
104 174 098	
997	
988,5	
971	
1 015	
994
ETLN	
ETLN-гдр
5 620	
97 676 415	
86,78	
87,98	
83,7	
89,38	
86,62
LSRG	
ЛСР ао
8 023	
87 581 178	
590	
593	
585,2	
598,8	
586,6
MTLRP	
Мечел ап
3 909	
87 315 473	
75,2	
73,05	
73,05	
77,6	
74,35
RSTIP	
Россети ап
3 037	
85 644 411	
2,187	
2,2	
2,151	
2,2	
2,195
KRKNP	
СаратНПЗ-п
1 414	
74 854 640	
17 820	
17 840	
17 600	
18 000	
17 600
OGKB	
ОГК-2 ао
4 810	
71 151 800	
0,6353	
0,634	
0,6288	
0,6423	
0,6342
TGKA	
ТГК-1
4 296	
70 970 718	
0,011888	
0,01193	
0,01177	
0,012	
0,01186
ENRU	
ЭнелРос ао
2 841	
53 288 518	
0,936	
0,938	
0,9115	
0,95	
0,9325
LNTA	
Лента др
3 547	
51 701 085	
151	
151,7	
149,8	
151,8	
150,3
RASP	
Распадская
1 256	
47 390 153	
108,58	
109,6	
107,9	
109,98	
107,9
CHMK	
ЧМК ао
4 126	
46 778 850	
2 820	
2 245	
2 245	
3 120	
3 050
PIKK	
ПИК ао
1 714	
44 581 419	
369,1	
372,1	
366,2	
372,1	
369,4
AGRO	
AGRO-гдр
5 044	
39 007 050	
650,2	
655	
641,2	
663	
642
BANE	
Башнефт ао
1 570	
34 810 061	
1 822,5	
1 812	
1 793,5	
1 839	
1 797
RTKMP	
Ростел -ап
2 324	
31 572 106	
74,3	
75,1	
73,7	
75,4	
73,75
MSTT	
Мостотрест
2 275	
29 284 072	
164,2	
170	
157,05	
171,9	
161,4
NKNCP	
НКНХ ап
2 089	
27 407 066	
77,94	
77,1	
76,94	
78,9	
77,46
AKRN	
Акрон
1 197	
27 358 772	
5 970	
5 988	
5 944	
5 990	
5 960
NMTP	
НМТП ао
1 763	
20 506 340	
9,095	
9,275	
8,92	
9,275	
8,93
MSNG	
+МосЭнерго
1 046	
19 591 778	
1,9575	
1,95	
1,9325	
1,98	
1,9495
BSPB	
БСП ао
1 722	
16 374 599	
39,99	
40	
39,95	
40,2	
40,03
LIFE	
iФармсинтз
1 584	
15 349 123	
7,905	
7,83	
7,79	
8,075	
7,825
APTK	
Аптеки36и6
4 604	
13 056 277	
13,92	
14,1	
13,77	
14,134	
13,79
GCHE	
ЧеркизГ-ао
1 110	
12 140 787	
1 718,5	
1 711,5	
1 704	
1 740	
1 710
SFIN	
САФМАР ао
588	
11 291 834	
414,2	
410	
406	
423,4	
406
VSMO	
ВСМПО-АВСМ
274	
10 835 320	
18 460	
18 320	
18 180	
18 800	
18 380
MGTSP	
МГТС-4ап
786	
10 511 990	
2 184	
2 224	
2 152	
2 224	
2 174
MRKV	
РсетВол ао
569	
8 682 380	
0,0646	
0,06455	
0,064	
0,06505	
0,06445
MRKP	
МРСК ЦП
574	
8 451 632	
0,1708	
0,1719	
0,1702	
0,1719	
0,1707
TGKB	
ТГК-2
474	
8 106 805	
0,004405	
0,00445	
0,004355	
0,004475	
0,00438
ISKJ	
iИСКЧ ао
1 008	
7 728 154	
29,28	
30,19	
28,58	
30,3	
29,09
OBUV	
ОР ао
1 206	
7 587 495	
29,95	
30	
29,8	
30,05	
29,95
KRKN	
СаратНПЗ
273	
6 207 950	
13 900	
13 250	
13 250	
14 550	
13 850
RBCM	
РБК ао
1 086	
5 880 645	
3,278	
3,384	
3,212	
3,384	
3,24
RNFT	
РуссНфт ао
1 559	
5 284 744	
423,6	
423,4	
420	
425,2	
424
MSRS	
РСетиМР ао
864	
5 132 057	
1,127	
1,123	
1,115	
1,1395	
1,117
LNZL	
Лензолото
225	
4 456 320	
8 600	
8 650	
8 520	
8 700	
8 590
LSNG	
РСетиЛЭ
732	
4 291 845	
6,23	
6,3	
6,1	
6,35	
6,14
MRKC	
МРСК Центр
476	
3 737 915	
0,2404	
0,241	
0,2386	
0,242	
0,2394
KOGK	
КоршГОК ао
46	
3 725 800	
46 600	
45 600	
45 000	
47 400	
47 200
SELG	
Селигдар
440	
3 706 832	
23,57	
23,6	
23,5	
23,8	
23,63
EELT	
ЕвроЭлтех
454	
3 657 009	
7,58	
7,84	
7,46	
7,9	
7,58
BELU	
Белуга ао
255	
3 506 472	
1 453	
1 458	
1 429	
1 480	
1 450
GEMA	
iММЦБ ао
420	
3 477 218	
631,5	
638	
629	
638	
632
ENPG	
ЭН+ГРУП ао
157	
3 070 236	
603	
609,5	
599	
609,5	
601
URKZ	
УрКузница
148	
2 847 680	
11 120	
10 160	
10 160	
12 460	
11 000
TGKBP	
ТГК-2 ап
121	
2 817 960	
0,0073	
0,00723	
0,00706	
0,00743	
0,00718
IGST	
Ижсталь2ао
528	
2 556 403	
922	
861	
856	
1 024	
873
FESH	
ДВМП ао
226	
2 529 092	
6,65	
6,66	
6,61	
6,71	
6,68
KMAZ	
КАМАЗ
410	
2 423 279	
55,2	
55,2	
53,6	
55,8	
55,4
ALNU	
АЛРОСА-Нюр
48	
2 401 600	
49 000	
49 800	
48 400	
49 800	
48 600
GTRK	
ГТМ ао
445	
2 232 945	
43,2	
43,6	
42,6	
43,8	
42,75
UNAC	
iАвиастКао
257	
2 220 405	
0,4765	
0,477	
0,473	
0,4795	
0,474
NKNC	
НКНХ ао
370	
2 219 643	
91,85	
91,8	
91,05	
92,3	
91,4
PRTK	
ПРОТЕК ао
131	
2 179 367	
98,3	
99,2	
97,7	
99,2	
98,2
LNZLP	
Лензол. ап
204	
2 057 575	
3 695	
3 725	
3 650	
3 770	
3 685
AQUA	
РусАква ао
145	
1 989 635	
197,5	
197	
196,5	
198	
197
KZOS	
ОргСинт ао
390	
1 907 782	
88,4	
88,8	
88,1	
88,8	
88,6
TTLK	
Таттел. ао
160	
1 865 445	
0,2975	
0,2945	
0,2945	
0,3	
0,2965
PMSBP	
ПермьЭнС-п
235	
1 840 260	
138,6	
139	
135	
139,8	
139,2
TRCN	
ТрансК ао
76	
1 780 450	
8 280	
8 160	
8 160	
8 420	
8 290
YAKG	
ЯТЭК ао
98	
1 675 885	
42,2	
42,3	
41,6	
43	
42
RZSB	
РязЭнСб
91	
1 606 420	
8,2	
8	
8	
8,3	
8,18
NKSH	
Нижкамшина
92	
1 585 854	
23,64	
22,28	
22,28	
24,26	
22,9
IGSTP	
Ижсталь ап
341	
1 581 885	
726	
699	
693	
772	
721
SELGP	
Селигдар-п
145	
1 465 515	
27,55	
27,95	
27,4	
27,95	
27,75
ZILL	
ЗИЛ ао
100	
1 393 640	
1 460	
1 400	
1 385	
1 570	
1 405
RGSS	
РГС СК ао
243	
1 371 745	
0,151	
0,1522	
0,1498	
0,1522	
0,1512
AMEZ	
АшинскийМЗ
474	
1 345 251	
4,175	
4,245	
4,115	
4,28	
4,16
MRKU	
МРСК Ур
160	
1 339 668	
0,1544	
0,1536	
0,1526	
0,1568	
0,1532
ROLO	
Русолово
147	
1 312 542	
3,828	
3,84	
3,72	
3,94	
3,774
IRKT	
ИРКУТ-3
108	
1 312 308	
30,6	
30	
30	
31	
30,24
IRGZ	
ИркЭнерго
128	
1 232 852	
12,48	
12,7	
12,36	
12,78	
12,56
RUGR	
Русгрэйн
1 267	
1 126 611	
7,428	
7,538	
7,38	
7,54	
7,434
CHEP	
ЧТПЗ ао
147	
1 111 405	
199	
202	
189	
202,5	
200,5
INGR	
ИНГРАД ао
289	
1 108 465	
772	
765	
758	
790	
779
CNTL	
Телеграф
126	
941 695	
21,25	
21,95	
20,4	
22	
21,3
SVAV	
СОЛЛЕРС
101	
924 335	
258	
260	
257	
260	
258
PMSB	
ПермьЭнСб
154	
911 385	
139,6	
139	
138,1	
141	
140,2
MAGE	
МагадЭн ао
53	
901 250	
5,14	
5,24	
5,03	
5,45	
5,03
RTSBP	
ТНСэнРст-п
51	
888 040	
0,285	
0,304	
0,276	
0,305	
0,294
KRSBP	
Красэсб ап
56	
881 840	
6,78	
6,68	
6,66	
6,9	
6,88
NFAZ	
Нефтекамск
56	
871 578	
155,4	
155,8	
154,4	
158,6	
156,4
PAZA	
ПавлАвт ао
76	
869 690	
7 840	
7 850	
7 710	
8 020	
7 770
KRKOP	
ТКЗКК ап
163	
869 606	
5,76	
6,08	
5,65	
6,08	
5,71
MRKY	
РоссЮг ао
160	
796 917	
0,05045	
0,0502	
0,05	
0,05115	
0,05075
KZOSP	
ОргСинт ап
586	
793 780	
12,09	
11,88	
11,81	
12,34	
12,03
TGKN	
ТГК-14
72	
750 720	
0,00335	
0,00336	
0,00332	
0,00338	
0,00333
ASSB	
АстрЭнСб
41	
697 110	
0,629	
0,6265	
0,626	
0,632	
0,629
KRSB	
Красэсб ао
65	
693 180	
6,73	
6,69	
6,69	
6,8	
6,75
TGKDP	
Квадра-п
124	
677 295	
0,003965	
0,004105	
0,003895	
0,00418	
0,003995
CNTLP	
Телеграф-п
111	
640 734	
17,9	
17,84	
17,8	
18,02	
17,88
DVEC	
ДЭК ао
124	
620 418	
0,797	
0,797	
0,792	
0,802	
0,798
KROT	
КрасОкт-ао
87	
574 615	
359	
358	
353,5	
366	
359,5
MRKZ	
МРСК СЗ
159	
543 421	
0,04945	
0,04855	
0,04855	
0,0506	
0,0495
MOBB	
МосОблБанк
82	
536 015	
2,414	
2,446	
2,4	
2,446	
2,438
BRZL	
БурЗолото
104	
531 968	
833	
835	
828	
840	
828
KAZT	
Куйбазот
74	
520 072	
138	
139	
136,2	
140	
137,8
VLHZ	
ВХЗ-ао
106	
497 149	
48,3	
48,25	
47,8	
48,95	
48,1
UTAR	
ЮТэйр ао
70	
495 130	
6,55	
6,68	
6,43	
6,68	
6,49
USBN	
УралСиб ао
73	
477 788	
0,0689	
0,0694	
0,068	
0,0702	
0,0688
SZPR	
СЗПароход
186	
474 268	
716	
722	
706	
730	
730
ELTZ	
Электрцинк
160	
467 110	
173,5	
175,5	
172	
178,5	
172
UKUZ	
ЮжКузб. ао
110	
466 376	
550	
522	
522	
580	
558
UWGN	
ОВК ао
92	
451 260	
243,4	
243,5	
241,1	
245	
244
DIOD	
ЗаводДИОД
83	
442 020	
5,97	
5,98	
5,93	
6,03	
5,98
KLSB	
КалужскСК
88	
441 102	
11,34	
11,34	
11,19	
11,49	
11,36
MRKS	
РсетСиб ао
16	
420 510	
0,2145	
0,215	
0,2135	
0,215	
0,215
ZVEZ	
ЗВЕЗДА ао
45	
397 930	
4,47	
4,6	
4,43	
4,6	
4,495
UNKL	
ЮУНК ао
41	
396 920	
3 480	
3 600	
3 450	
3 600	
3 500
RUSP	
Русполимет
43	
374 485	
0,6345	
0,634	
0,63	
0,6455	
0,6305
VSYDP	
ВыбСудЗ ап
40	
371 520	
4 320	
4 420	
4 100	
4 420	
4 220
MAGEP	
МагадЭн ап
36	
364 705	
7,15	
7,29	
6,76	
7,29	
7,21
LVHK	
Левенгук
106	
351 981	
8,13	
8,13	
8	
8,24	
8,1
BISVP	
БашИнСв ап
114	
318 981	
7,05	
7,1	
6,96	
7,17	
7
ARSA	
Арсагера
33	
311 630	
3,25	
3,3	
3,2	
3,34	
3,23
HIMCP	
Химпром ап
70	
311 489	
5,78	
5,76	
5,74	
5,8	
5,78
WTCMP	
ЦМТ ап
46	
311 180	
8,3	
8,28	
8,28	
8,38	
8,28
SLEN	
Сахэнер ао
80	
310 895	
3,955	
4,07	
3,83	
4,13	
4,04
YRSBP	
ТНСэнЯр-п
29	
308 645	
89,5	
87,5	
86	
92	
87,5
MGTS	
МГТС-5ао
45	
289 030	
2 675	
2 725	
2 625	
2 725	
2 670
YKENP	
Якутскэн-п
36	
281 200	
0,3125	
0,324	
0,3105	
0,324	
0,315
VSYD	
ВыбСудЗ ао
39	
267 655	
4 180	
4 275	
4 135	
4 275	
4 165
RAVN	
Raven
26	
247 365	
29,45	
29,45	
29,2	
29,6	
29,6
BLNG	
Белон ао
65	
242 005	
4,068	
4,012	
4	
4,13	
4,002
YKEN	
Якутскэнрг
38	
220 500	
0,3445	
0,3425	
0,337	
0,3545	
0,3435
KTSB	
КСБ ао
54	
218 016	
0,556	
0,556	
0,54	
0,56	
0,55
NKHP	
НКХП ао
37	
217 915	
234,5	
236	
232	
236	
235
KCHE	
КамчатЭ ао
83	
216 720	
0,192	
0,1795	
0,1785	
0,2	
0,1955
GAZA	
ГАЗ ао
16	
205 120	
387	
378	
378	
388,5	
388
OMZZP	
ОМЗ-ап
30	
204 950	
3 475	
3 470	
3 455	
3 500	
3 455
ABRD	
АбрауДюрсо
67	
204 110	
131,5	
132	
131	
132	
131
LPSB	
ЛЭСК ао
60	
204 045	
7,85	
7,85	
7,75	
7,95	
7,95
PRMB	
Приморье
9	
196 400	
19 600	
19 200	
19 200	
20 000	
19 800
KUBE	
Кубанэнр
57	
194 146	
64,3	
65	
63,1	
65,4	
64,6
KROTP	
КрасОкт-1п
36	
189 100	
249	
247,5	
244	
255	
246
VZRZP	
Возрожд-п
44	
176 874	
294,8	
292,8	
290	
299,8	
290
VJGZP	
Варьеган-п
33	
167 680	
322	
327	
320	
327	
320
MRKK	
Россети СК
76	
165 777	
25,94	
26,32	
24,16	
26,58	
26,1
ROST	
РОСИНТЕРао
21	
165 306	
60,4	
61,6	
60	
61,8	
60
RDRB	
РДБанк ао
38	
157 950	
260	
265	
250	
275	
255
TORS	
ТРК ао
19	
154 080	
0,367	
0,367	
0,361	
0,37	
0,369
KMEZ	
КМЗ
47	
151 428	
459	
465	
452	
465	
459
VJGZ	
Варьеган
38	
145 240	
598	
597	
594	
608	
600
WTCM	
ЦМТ ао
42	
144 584	
8,92	
8,94	
8,84	
9,04	
8,98
YRSB	
ТНСэнЯр
19	
139 140	
170	
168	
166	
172	
172
SARE	
СаратЭн-ао
31	
133 092	
0,1188	
0,1196	
0,1174	
0,122	
0,1194
UCSS	
ОКС ао
43	
129 160	
1 450	
1 460	
1 440	
1 470	
1 450
KCHEP	
КамчатЭ ап
28	
124 850	
0,347	
0,34	
0,34	
0,36	
0,342
SAGOP	
СамарЭн-ап
13	
122 770	
0,396	
0,397	
0,386	
0,398	
0,387
STSBP	
СтаврЭнСбп
51	
122 623	
0,287	
0,29	
0,28	
0,2945	
0,2865
TASB	
ТамбЭнСб
21	
109 305	
0,2955	
0,3045	
0,291	
0,3175	
0,304
CHKZ	
ЧКПЗ ао
18	
108 200	
5 160	
5 180	
5 080	
5 240	
5 140
TUZA	
ТЗА ао
30	
107 820	
96	
96	
95	
97	
96
AVAN	
Авангрд-ао
42	
104 480	
765	
765	
755	
770	
760
RTSB	
ТНСэнРст
19	
99 050	
0,355	
0,37	
0,35	
0,37	
0,35
KBTK	
КузбТК ао
30	
92 652	
157	
158,8	
155,4	
158,8	
156,4
TORSP	
ТРК ап
21	
90 940	
0,2675	
0,269	
0,2645	
0,272	
0,265
KAZTP	
Куйбазот-п
29	
84 684	
138,8	
139,8	
137,2	
140	
139
VRSBP	
ТНСэнВор-п
18	
84 550	
31,5	
31,5	
31	
31,5	
31,5
MGNZ	
СМЗ-ао
18	
82 670	
4 130	
4 170	
4 020	
4 200	
4 030
TASBP	
ТамбЭнСб-п
18	
82 265	
0,235	
0,2325	
0,2325	
0,2415	
0,234
MISB	
ТНСэнМарЭл
15	
78 920	
11,3	
11,2	
11,2	
11,6	
11,2
TGKD	
Квадра
55	
76 806	
0,00311	
0,00311	
0,00309	
0,00314	
0,0031
RLMN	
Роллман
110	
75 774	
20,75	
21	
20,6	
21,2	
20,85
KUZB	
КузнецкийБ
56	
71 173	
0,01663	
0,01668	
0,01655	
0,01668	
0,0166
VRSB	
ТНСэнВорон
11	
70 840	
47,2	
47,2	
47,2	
47,6	
47,2
NAUK	
iНПОНаука
36	
69 784	
174,6	
173,2	
173	
176	
175,2
STSB	
СтаврЭнСб
40	
67 169	
0,341	
0,3515	
0,3385	
0,3515	
0,339
RTGZ	
ГазпРнД ао
3	
62 350	
20 800	
21 150	
20 600	
21 150	
20 600
NSVZ	
НаукаСвяз
13	
60 205	
223	
223,5	
221,5	
225,5	
223
JNOSP	
Слав-ЯНОСп
17	
59 916	
14,28	
14,3	
14,04	
14,36	
14,08
KTSBP	
КСБ ап
12	
58 925	
0,256	
0,2545	
0,254	
0,2625	
0,2615
TNSE	
ТНСэнрг ао
15	
57 855	
965	
1 000	
955	
1 000	
960
HALS	
Галс-Девел
10	
56 815	
748	
744	
744	
756	
748
VGSBP	
ВолгЭнСб-п
21	
52 700	
1,055	
1,045	
1,045	
1,06	
1,05
ROSB	
Росбанк ао
18	
49 898	
70,4	
70,2	
70	
70,8	
70,2
RUSI	
ИКРУСС-ИНВ
8	
48 770	
37,5	
36,7	
36,7	
37,9	
37,2
DZRD	
iДонскЗР
12	
47 695	
1 910	
1 915	
1 890	
1 920	
1 905
MFGS	
Мегион-ао
8	
45 495	
350	
356,5	
349	
356,5	
349,5
ALBK	
БестЭфБ ао
15	
41 475	
54	
54,5	
53	
55	
55
NNSBP	
ТНСэнНН ап
5	
41 320	
544	
549	
541	
550	
541
SAGO	
СамарЭн-ао
7	
39 340	
0,394	
0,398	
0,386	
0,398	
0,388
MFGSP	
Мегион-ап
11	
35 125	
319,5	
321	
316,5	
326	
318
VGSB	
ВолгЭнСб
17	
34 020	
1,62	
1,59	
1,57	
1,665	
1,585
SAREP	
СаратЭн-ап
14	
31 064	
0,0914	
0,0912	
0,0898	
0,0928	
0,092
KGKCP	
КурганГКап
11	
27 505	
54	
53	
53	
54	
53,5
NNSB	
ТНСэнНН ао
6	
25 450	
1 275	
1 265	
1 260	
1 285	
1 285
KGKC	
КурганГКао
10	
25 130	
52	
51	
51	
53	
52
GAZAP	
ГАЗ ап
7	
23 695	
338,5	
338,5	
333,5	
345	
333,5
JNOS	
Славн-ЯНОС
6	
17 965	
17,95	
18	
17,95	
18	
18
DZRDP	
iДонскЗР п
3	
16 100	
1 610	
1 610	
1 610	
1 610	
1 610
RLMNP	
Роллман-п
25	
15 281	
20,38	
20,38	
20,2	
20,4	
20,38
RKKE	
ЭнергияРКК
2	
9 950	
4 980	
4 950	
4 950	
5 000	
5 000
MISBP	
ТНСэМаЭл-п
7	
6 920	
10	
9,8	
9,8	
10	
10
KBSB	
ТНСэКубань
1	
1 300	
130	
130	
130	
130	
130
BISV	
БашИнСв ао
0	
0	
-	
-	
-	
-	
8,7
CHGZ	
РН-ЗапСиб
0	
0	
-	
-	
-	
-	
32
GAZC	
ГАЗКОН-ао
0	
0	
-	
-	
-	
-	
295
GAZS	
ГАЗ-сервис
0	
0	
-	
-	
-	
-	
293
GAZT	
ГАЗ-Тек ао
0	
0	
-	
-	
-	
-	
85
GTSS	
ГЕОТЕК ао
0	
0	
-	
-	
-	
-	
-
HIMC	
Химпром ао
0	
0	
-	
-	
-	
-	
0,99
KMTZ	
КосогМЗ ао
0	
0	
-	
-	
-	
-	
-
KRKO	
ТКЗКК ао
0	
0	
-	
-	
-	
-	
11,8
KSGR	
Кокс ао
0	
0	
-	
-	
-	
-	
-
KUNF	
КУЗОЦМ ао
0	
0	
-	
-	
-	
-	
-
KZMS	
КЗМС ао
0	
0	
-	
-	
-	
-	
226
MFON	
МегаФон ао
0	
0	
-	
-	
-	
-	
650,6
MORI	
Морион ао
0	
0	
-	
-	
-	
-	
4,31
MRSB	
МордЭнСб
0	
0	
-	
-	
-	
-	
0,346
NPOF	
Физика ао
0	
0	
-	
-	
-	
-	
11 850
TRFM	
ТрансФ ао
0	
0	
-	
-	
-	
-	
-
URKA	
Уркалий-ао
0	
0	
-	
-	
-	
-	
119,04
VZRZ	
Возрожд-ао
0	
0	
-	
-	
-	
-	
480