SBER	
Сбербанк
86 200	
16 436 006 752	
217,27	
215	
214,38	
219,1	
216,07
GAZP	
ГАЗПРОМ ао
80 375	
8 354 253 620	
188,04	
189	
186,25	
189,77	
187,33
LKOH	
ЛУКОЙЛ
41 654	
7 668 607 294	
4 966,5	
4 955	
4 932,5	
5 005	
4 970
GMKN	
ГМКНорНик
31 714	
6 630 328 098	
18 508	
18 430	
18 320	
18 686	
18 400
IRAO	
ИнтерРАОао
55 832	
5 394 761 355	
5,793	
5,698	
5,63	
5,9465	
5,69
VTBR	
ВТБ ао
98 942	
5 356 322 976	
0,038115	
0,03715	
0,03715	
0,03872	
0,03795
YNDX	
Yandex clA
57 329	
4 169 380 591	
4 042,2	
4 015	
3 921,2	
4 202	
3 968,2
MGNT	
Магнит ао
29 332	
3 292 574 234	
4 585,5	
4 485	
4 480	
4 662,5	
4 635
AFLT	
Аэрофлот
40 814	
2 295 874 897	
87,06	
85,2	
84,88	
87,94	
87,6
PLZL	
Полюс
16 318	
2 045 620 386	
13 490	
13 400,5	
13 251	
13 629,5	
13 417
ROSN	
Роснефть
17 466	
1 929 139 324	
365,2	
362,5	
362,2	
367,75	
365,6
SBERP	
Сбербанк-п
26 907	
1 717 291 539	
199,69	
198	
197,9	
200,75	
198,82
TATN	
Татнфт 3ао
20 219	
1 703 126 625	
562,7	
558	
556,6	
566,7	
562
POLY	
Polymetal
21 404	
1 603 009 380	
1 505,3	
1 500,9	
1 485,4	
1 523,9	
1 512,5
HYDR	
РусГидро
30 761	
1 490 474 056	
0,7744	
0,777	
0,7627	
0,7904	
0,7714
RSTI	
Россети ао
22 361	
1 490 366 834	
1,6145	
1,5626	
1,5626	
1,6388	
1,6388
SNGS	
Сургнфгз
14 074	
1 438 648 350	
37,49	
37,24	
37,13	
37,775	
37,69
MOEX	
МосБиржа
24 098	
1 389 188 730	
125,87	
126,18	
124,3	
127,3	
124,3
MTSS	
МТС-ао
17 975	
1 348 106 402	
324,15	
322,95	
321,5	
325,85	
322,45
ALRS	
АЛРОСА ао
19 988	
1 182 432 980	
65,21	
64,8	
64,39	
65,92	
65,09
NVTK	
Новатэк ао
12 029	
1 019 798 406	
1 102,4	
1 100	
1 095,4	
1 110	
1 102,6
CHMF	
СевСт-ао
20 516	
965 522 914	
897,6	
890,6	
890,4	
902,4	
896
FIVE	
FIVE-гдр
10 451	
895 778 475	
2 613,5	
2 520	
2 520	
2 665	
2 654,5
SNGSP	
Сургнфгз-п
13 596	
879 803 043	
36,15	
36,3	
35,925	
36,44	
36,105
FEES	
ФСК ЕЭС ао
13 520	
783 037 636	
0,1958	
0,194	
0,193	
0,1979	
0,1961
SIBN	
Газпрнефть
10 505	
768 905 330	
319,9	
320	
318	
322,8	
318
MAGN	
ММК
9 021	
698 139 933	
38,865	
38,47	
38,41	
39,3	
39,16
DSKY	
ДетскийМир
19 900	
591 058 770	
115,62	
114,96	
112,76	
118,52	
115,28
NLMK	
НЛМК ао
8 610	
521 929 236	
140,22	
138,5	
138,2	
141,28	
139,56
CBOM	
МКБ ао
15 121	
510 401 970	
5,704	
5,698	
5,652	
5,745	
5,74
RUAL	
РУСАЛ ао
14 368	
471 556 701	
25,95	
26	
25,705	
26,1	
26,005
TRNFP	
Транснф ап
1 667	
425 009 650	
133 850	
134 300	
133 200	
134 500	
133 350
AFKS	
Система ао
10 187	
424 867 288	
19,26	
19,22	
18,926	
19,48	
18,926
RTKM	
Ростел -ао
10 134	
422 606 298	
89,31	
88,5	
84,08	
90,85	
88,1
OGKB	
ОГК-2 ао
12 413	
408 559 279	
0,7537	
0,7348	
0,7323	
0,7717	
0,7539
QIWI	
iQIWI
18 091	
332 104 482	
1 255	
1 338,5	
1 201	
1 338,5	
1 205
TCSG	
TCS-гдр
12 014	
319 038 220	
1 713,2	
1 650,2	
1 640	
1 750	
1 722,6
MAIL	
MAIL-гдр
10 125	
314 499 052	
1 861,2	
1 830	
1 830	
1 878,6	
1 851,2
TATNP	
Татнфт 3ап
7 664	
296 466 205	
541,2	
538	
536,7	
544	
538
MVID	
М.видео
6 548	
268 769 014	
417,1	
402,2	
402,2	
429	
415
MSNG	
+МосЭнерго
4 733	
211 078 013	
2,145	
2,1265	
2,101	
2,1975	
2,1975
UPRO	
Юнипро ао
5 385	
209 093 412	
2,911	
2,898	
2,876	
2,929	
2,908
POGR	
Petropavl
6 604	
208 670 413	
27,025	
26,93	
26,615	
27,25	
26,76
NMTP	
НМТП ао
9 971	
160 306 389	
10,855	
10,865	
10,8	
10,92	
10,82
MTLR	
Мечел ао
13 219	
159 418 186	
66,59	
64,41	
64,41	
68,34	
67,35
PHOR	
ФосАгро ао
4 028	
138 017 773	
2 607	
2 610	
2 586	
2 630	
2 592
LSRG	
ЛСР ао
5 851	
116 704 442	
735,8	
725	
725	
740,8	
737,8
PIKK	
ПИК ао
2 393	
93 778 128	
449,2	
435,1	
435,1	
456,2	
454,5
ETLN	
ETLN-гдр
6 192	
82 062 754	
111,02	
112	
109,46	
113	
109,9
TGKA	
ТГК-1
4 419	
80 219 068	
0,012304	
0,012028	
0,012028	
0,012448	
0,01239
TRMK	
ТМК ао
635	
72 961 268	
59,7	
59,96	
59,26	
60,02	
59,3
CNTL	
Телеграф
2 290	
70 834 495	
27,1	
27	
26,95	
27,6	
27,05
SFIN	
САФМАР ао
188	
65 959 638	
513,4	
512,6	
512,6	
514	
513
LIFE	
iФармсинтз
4 776	
64 034 546	
7,98	
7,65	
7,65	
8,515	
7,8
BANEP	
Башнефт ап
3 114	
55 734 689	
1 354,5	
1 342	
1 342	
1 359	
1 359
RTKMP	
Ростел -ап
3 030	
48 845 653	
82,95	
82	
82	
84	
82,65
LNTA	
Лента др
3 433	
39 006 216	
179,9	
180,5	
177,2	
181,2	
180,4
RASP	
Распадская
858	
34 752 719	
107,26	
107,56	
106,72	
108,06	
107,06
AGRO	
AGRO-гдр
2 251	
33 713 580	
686,2	
681,2	
680,6	
692	
688,6
ENRU	
ЭнелРос ао
2 413	
30 616 920	
0,9525	
0,949	
0,939	
0,956	
0,955
HALS	
Галс-Девел
4 547	
29 840 810	
1 328	
1 276	
1 074	
1 580	
1 083
CNTLP	
Телеграф-п
1 706	
28 639 450	
27,26	
27,22	
27	
27,5	
27,2
LSNGP	
РСетиЛЭ-п
1 258	
27 514 922	
154,7	
154,45	
153,6	
155,15	
154,1
ENPG	
ЭН+ГРУП ао
381	
27 305 636	
593	
591,5	
590,5	
598,5	
592,5
BSPB	
БСП ао
2 160	
26 898 060	
43,15	
42,83	
42,68	
43,5	
42,86
UNKL	
ЮУНК ао
1 023	
22 932 750	
6 650	
6 200	
6 120	
6 710	
6 710
KRKNP	
СаратНПЗ-п
572	
22 806 980	
16 000	
15 600	
15 600	
16 240	
16 080
KRKOP	
ТКЗКК ап
4 131	
21 766 175	
7,32	
6,15	
6,075	
8,635	
8,635
NKNCP	
НКНХ ап
2 396	
21 376 109	
80,42	
80,22	
79,76	
80,96	
80,44
RSTIP	
Россети ап
942	
20 159 897	
2,149	
2,125	
2,119	
2,169	
2,145
MRKP	
МРСК ЦП
1 219	
19 899 230	
0,2045	
0,2018	
0,2008	
0,2062	
0,2044
MTLRP	
Мечел ап
1 315	
19 165 434	
81,75	
80,25	
80,25	
82,75	
81,9
FESH	
ДВМП ао
786	
15 223 402	
7,78	
7,7	
7,7	
7,94	
7,82
LNZL	
Лензолото
371	
14 948 400	
11 870	
12 030	
11 550	
12 100	
11 890
RZSB	
РязЭнСб
772	
14 373 100	
10,12	
9,36	
9,02	
12,42	
9,06
AKRN	
Акрон
720	
14 254 828	
5 700	
5 680	
5 654	
5 730	
5 680
AQUA	
РусАква ао
830	
13 233 895	
193	
194	
191	
196	
193,5
VSMO	
ВСМПО-АВСМ
323	
12 362 360	
18 280	
18 360	
18 220	
18 380	
18 280
BANE	
Башнефт ао
978	
12 013 952	
1 744,5	
1 737	
1 733	
1 756,5	
1 745
MRKS	
РсетСиб ао
588	
10 581 095	
0,253	
0,232	
0,232	
0,27	
0,2535
TGKB	
ТГК-2
629	
10 283 080	
0,0042	
0,00414	
0,00411	
0,00429	
0,004175
APTK	
Аптеки36и6
2 483	
7 470 738	
13,594	
13,482	
13,468	
13,744	
13,634
OBUV	
ОР ао
1 052	
7 440 528	
33,6	
33,45	
33,1	
33,95	
33,5
MSRS	
РСетиМР ао
445	
6 893 757	
1,1405	
1,125	
1,1145	
1,1515	
1,142
RUGR	
Русгрэйн
4 040	
6 407 671	
8,502	
8,656	
8,1	
8,93	
8,54
RNFT	
РуссНфт ао
1 500	
5 683 998	
520,2	
520	
516	
525,4	
516
ISKJ	
iИСКЧ ао
546	
5 418 689	
26,42	
26,8	
26,02	
26,8	
26,44
SELG	
Селигдар
427	
5 323 265	
26,7	
26,69	
26,49	
26,88	
26,62
MGNZ	
СМЗ-ао
533	
5 065 090	
4 980	
5 450	
4 660	
5 450	
4 770
KAZT	
Куйбазот
55	
4 930 748	
148,2	
147,8	
147,4	
150	
148,8
GEMA	
iММЦБ ао
403	
4 862 324	
620,5	
625	
614,5	
625	
622
KMAZ	
КАМАЗ
518	
4 428 848	
58,3	
57,6	
57,6	
58,7	
58,2
IRGZ	
ИркЭнерго
167	
4 205 080	
11,52	
11,32	
11,32	
11,8	
11,62
MRKV	
РсетВол ао
410	
3 981 168	
0,07645	
0,07635	
0,0761	
0,07675	
0,0764
NKNC	
НКНХ ао
590	
3 835 754	
94,35	
94	
94	
94,8	
94,3
SVAV	
СОЛЛЕРС
135	
3 804 355	
268	
263	
263	
270	
266
YRSBP	
ТНСэнЯр-п
55	
3 695 095	
89	
89,5	
86,5	
89,5	
88,5
PMSBP	
ПермьЭнС-п
273	
3 632 220	
128,2	
130	
127	
131,8	
128,8
MGTSP	
МГТС-4ап
328	
3 326 798	
1 992	
1 998	
1 970	
2 004	
1 990
BELU	
Белуга ао
348	
3 149 375	
1 346	
1 389	
1 336	
1 389	
1 346
RLMN	
Роллман
554	
3 049 778	
19,9	
19,25	
19,1	
20,45	
20
GCHE	
ЧеркизГ-ао
408	
2 855 930	
1 752	
1 750,5	
1 742	
1 760	
1 756,5
MRKC	
МРСК Центр
378	
2 772 271	
0,2892	
0,2888	
0,2822	
0,292	
0,289
RBCM	
РБК ао
521	
2 711 808	
3,384	
3,338	
3,3	
3,444	
3,388
KZOS	
ОргСинт ао
393	
2 560 930	
87,2	
87,2	
86,6	
87,5	
87,3
CHEP	
ЧТПЗ ао
226	
2 532 665	
201,5	
200	
197,5	
203,5	
203,5
SLEN	
Сахэнер ао
176	
2 459 917	
5,315	
5,25	
5,205	
5,39	
5,39
YAKG	
ЯТЭК ао
19	
2 346 965	
41,45	
41,45	
41,45	
41,5	
41,5
CHMK	
ЧМК ао
256	
2 228 130	
2 595	
2 560	
2 555	
2 635	
2 590
GTRK	
ГТМ ао
359	
2 086 634	
42,1	
42,1	
41,75	
42,7	
42,25
DIOD	
ЗаводДИОД
293	
2 034 328	
6,42	
6,47	
6,35	
6,47	
6,45
URKZ	
УрКузница
84	
1 891 700	
16 900	
18 280	
15 560	
18 300	
16 980
BLNG	
Белон ао
551	
1 825 768	
4,466	
4,41	
4,342	
4,654	
4,448
IRKT	
ИРКУТ-3
157	
1 729 066	
33,7	
33,98	
33,2	
34,64	
33,62
LNZLP	
Лензол. ап
145	
1 685 905	
4 080	
4 015	
4 015	
4 150	
4 070
INGR	
ИНГРАД ао
225	
1 564 020	
726	
730	
720	
735	
734
MRKU	
МРСК Ур
100	
1 560 896	
0,1572	
0,157	
0,156	
0,1584	
0,1564
MAGE	
МагадЭн ао
136	
1 486 470	
7,78	
7,48	
7,43	
8,3	
7,52
KLSB	
КалужскСК
190	
1 481 444	
11,58	
11,67	
11,49	
11,82	
11,64
KOGK	
КоршГОК ао
15	
1 408 400	
50 400	
50 200	
50 200	
50 600	
50 400
RUSP	
Русполимет
114	
1 376 265	
0,6145	
0,601	
0,6	
0,622	
0,608
KMEZ	
КМЗ
430	
1 335 682	
514,5	
503,5	
500	
534	
513
SELGP	
Селигдар-п
113	
1 294 720	
26,85	
27,15	
26,5	
27,15	
26,75
RGSS	
РГС СК ао
156	
1 243 473	
0,1488	
0,1484	
0,1476	
0,1498	
0,1484
STSBP	
СтаврЭнСбп
176	
1 219 053	
0,345	
0,3445	
0,343	
0,3495	
0,349
USBN	
УралСиб ао
100	
1 157 601	
0,0676	
0,0686	
0,0672	
0,0688	
0,0678
TTLK	
Таттел. ао
118	
1 140 735	
0,281	
0,279	
0,278	
0,283	
0,282
VRSBP	
ТНСэнВор-п
127	
1 128 450	
45,5	
45,5	
44,5	
48	
45
LSNG	
РСетиЛЭ
237	
1 121 544	
6,03	
6	
5,99	
6,05	
6,05
IGST	
Ижсталь2ао
305	
1 099 074	
954	
909	
909	
985	
973
ELTZ	
Электрцинк
244	
1 098 379	
162,5	
166	
161	
167	
163,5
AMEZ	
АшинскийМЗ
223	
1 087 343	
4,14	
4,13	
4,095	
4,17	
4,125
RLMNP	
Роллман-п
287	
967 532	
20,24	
21,42	
19,14	
21,9	
20,7
TGKN	
ТГК-14
107	
966 110	
0,00311	
0,0031	
0,00308	
0,00315	
0,0031
ZILL	
ЗИЛ ао
93	
913 150	
2 610	
2 560	
2 560	
2 675	
2 595
KRSBP	
Красэсб ап
62	
895 000	
6,54	
6,68	
6,42	
6,68	
6,48
UCSS	
ОКС ао
185	
894 740	
1 500	
1 440	
1 440	
1 550	
1 470
MSTT	
Мостотрест
137	
892 793	
156,1	
156,9	
155	
158,4	
156,4
ALNU	
АЛРОСА-Нюр
14	
870 200	
54 400	
54 400	
54 000	
55 000	
54 200
MGTS	
МГТС-5ао
107	
841 640	
2 325	
2 280	
2 250	
2 430	
2 290
NKHP	
НКХП ао
82	
798 535	
231	
232,5	
229,5	
232,5	
232
TGKBP	
ТГК-2 ап
71	
786 860	
0,00715	
0,00712	
0,00703	
0,00724	
0,00707
MRKK	
Россети СК
67	
744 847	
25,98	
26,48	
25,74	
26,48	
25,98
UWGN	
ОВК ао
190	
732 922	
231,9	
234	
230	
234	
231,9
OMZZP	
ОМЗ-ап
130	
708 165	
3 505	
3 570	
3 435	
3 620	
3 455
DVEC	
ДЭК ао
113	
670 192	
1,025	
1,03	
1,012	
1,031	
1,031
ROLO	
Русолово
60	
662 194	
3,99	
3,958	
3,912	
4,054	
3,956
MRKZ	
МРСК СЗ
178	
647 887	
0,0509	
0,05	
0,05	
0,0514	
0,05095
UKUZ	
ЮжКузб. ао
146	
646 898	
542	
548	
530	
552	
542
MRKY	
РоссЮг ао
138	
645 254	
0,05055	
0,05045	
0,05015	
0,0509	
0,05025
UNAC	
iАвиастКао
175	
617 281	
0,4725	
0,4735	
0,471	
0,475	
0,4745
UTAR	
ЮТэйр ао
166	
584 639	
7,15	
7,16	
7,05	
7,26	
7,19
KZOSP	
ОргСинт ап
307	
566 062	
12,01	
11,97	
11,91	
12,2	
11,97
TASB	
ТамбЭнСб
52	
455 590	
0,4465	
0,457	
0,4275	
0,4785	
0,432
GAZAP	
ГАЗ ап
45	
411 295	
309	
314	
307	
314	
310
ABRD	
АбрауДюрсо
112	
397 595	
129,5	
130	
129	
130	
129,5
VZRZP	
Возрожд-п
52	
383 638	
342,6	
333,6	
333,6	
347,4	
341,4
TASBP	
ТамбЭнСб-п
63	
378 485	
0,338	
0,344	
0,3265	
0,35	
0,3335
HIMCP	
Химпром ап
76	
377 357	
6,07	
6,09	
6,04	
6,11	
6,06
MRSB	
МордЭнСб
28	
376 920	
0,343	
0,345	
0,337	
0,347	
0,345
BRZL	
БурЗолото
104	
373 616	
838	
833	
830	
845	
842
MAGEP	
МагадЭн ап
23	
366 285	
6,21	
6,2	
6,13	
6,25	
6,135
VSYDP	
ВыбСудЗ ап
43	
361 640	
4 160	
4 160	
4 000	
4 300	
4 100
TORSP	
ТРК ап
37	
356 080	
0,262	
0,2605	
0,2595	
0,262	
0,262
KBTK	
КузбТК ао
66	
350 554	
146,8	
141,4	
141,4	
152,2	
152,2
SAGO	
СамарЭн-ао
25	
337 220	
0,476	
0,482	
0,464	
0,484	
0,476
IGSTP	
Ижсталь ап
89	
329 075	
799	
792	
788	
813	
802
KBSB	
ТНСэКубань
76	
328 525	
138	
139,5	
137,5	
139,5	
138
PMSB	
ПермьЭнСб
63	
327 784	
129	
128,2	
127	
132,5	
131,2
VSYD	
ВыбСудЗ ао
64	
327 535	
3 900	
3 980	
3 840	
4 000	
3 890
STSB	
СтаврЭнСб
83	
312 504	
0,3895	
0,39	
0,3825	
0,3945	
0,39
SAGOP	
СамарЭн-ап
55	
307 280	
0,41	
0,412	
0,405	
0,416	
0,411
NKSH	
Нижкамшина
31	
286 212	
22,36	
22	
22	
22,92	
22,68
MISBP	
ТНСэМаЭл-п
45	
274 140	
12,6	
12,2	
12,2	
12,8	
12,6
KRSB	
Красэсб ао
22	
269 240	
6,57	
6,62	
6,48	
6,82	
6,53
VRSB	
ТНСэнВорон
31	
264 000	
51,8	
51,2	
51	
53,4	
52,4
NFAZ	
Нефтекамск
23	
256 580	
167,8	
166,4	
165,6	
170,2	
166
KRKN	
СаратНПЗ
18	
254 350	
12 700	
12 800	
12 600	
12 850	
12 600
MFGSP	
Мегион-ап
11	
242 195	
323	
320	
319	
325,5	
319
ALBK	
БестЭфБ ао
41	
235 245	
52	
52,5	
51,5	
54	
52,5
RDRB	
РДБанк ао
14	
229 900	
250	
245	
245	
255	
255
MISB	
ТНСэнМарЭл
37	
227 190	
12,9	
12,7	
12,6	
13,3	
12,9
JNOSP	
Слав-ЯНОСп
32	
221 818	
13,86	
13,82	
13,62	
14,06	
14
JNOS	
Славн-ЯНОС
26	
209 235	
18,35	
18,7	
18,3	
18,7	
18,3
BISVP	
БашИнСв ап
36	
206 073	
8,38	
8,38	
8,35	
8,4	
8,39
WTCM	
ЦМТ ао
50	
204 454	
9,26	
9,64	
8,84	
9,66	
8,92
LPSB	
ЛЭСК ао
61	
196 310	
7,8	
7,7	
7,65	
7,95	
7,95
RKKE	
ЭнергияРКК
18	
183 680	
5 100	
5 130	
5 080	
5 160	
5 080
PAZA	
ПавлАвт ао
21	
183 520	
7 650	
7 780	
7 520	
7 780	
7 640
NNSBP	
ТНСэнНН ап
11	
171 019	
582	
580	
578	
590	
588
VLHZ	
ВХЗ-ао
49	
167 685	
50,05	
50	
49,85	
50,25	
50,1
WTCMP	
ЦМТ ап
30	
151 020	
8,08	
8,08	
8,04	
8,22	
8,06
KUBE	
Кубанэнр
36	
144 724	
70,3	
70,4	
69,7	
70,9	
69,8
TGKDP	
Квадра-п
97	
138 963	
0,003805	
0,003935	
0,003725	
0,003935	
0,003855
NAUK	
iНПОНаука
45	
133 790	
183,4	
184,2	
181	
185	
184,4
ROST	
РОСИНТЕРао
31	
133 714	
60,2	
60,4	
60	
60,8	
60,6
MFGS	
Мегион-ао
16	
130 700	
373,5	
384,5	
364,5	
384,5	
372
KUZB	
КузнецкийБ
146	
129 667	
0,01517	
0,01482	
0,01482	
0,01549	
0,01519
VGSB	
ВолгЭнСб
26	
123 620	
1,605	
1,61	
1,6	
1,62	
1,6
ASSB	
АстрЭнСб
92	
115 169	
0,743	
0,736	
0,7355	
0,7565	
0,7505
KGKCP	
КурганГКап
29	
112 920	
53	
53,5	
52,5	
53,5	
53,5
TORS	
ТРК ао
17	
112 310	
0,374	
0,375	
0,37	
0,379	
0,379
ZVEZ	
ЗВЕЗДА ао
13	
98 790	
4,49	
4,485	
4,47	
4,54	
4,53
ARSA	
Арсагера
10	
92 690	
3,31	
3,29	
3,27	
3,38	
3,37
NSVZ	
НаукаСвяз
29	
91 470	
223	
224	
221	
226	
224
YKENP	
Якутскэн-п
22	
89 230	
0,3305	
0,3395	
0,327	
0,3395	
0,33
YKEN	
Якутскэнрг
11	
81 350	
0,3535	
0,356	
0,352	
0,3585	
0,353
GAZA	
ГАЗ ао
16	
81 280	
387	
384	
384	
388,5	
388,5
TGKD	
Квадра
50	
80 884	
0,003085	
0,00304	
0,00304	
0,00312	
0,003075
TNSE	
ТНСэнрг ао
33	
62 775	
965	
975	
950	
980	
975
LVHK	
Левенгук
19	
60 445	
7,95	
7,99	
7,81	
8,03	
8,02
CHKZ	
ЧКПЗ ао
9	
59 620	
5 420	
5 440	
5 360	
5 440	
5 360
KAZTP	
Куйбазот-п
17	
56 004	
147,4	
146,2	
146,2	
149,4	
148
VJGZ	
Варьеган
21	
54 701	
595	
590	
588	
600	
591
TUZA	
ТЗА ао
17	
52 880	
93	
93	
92	
94	
94
VJGZP	
Варьеган-п
8	
48 050	
343	
342	
342	
347	
345
VGSBP	
ВолгЭнСб-п
20	
46 710	
1,14	
1,11	
1,11	
1,155	
1,145
AVAN	
Авангрд-ао
24	
40 115	
690	
675	
675	
695	
685
RUSI	
ИКРУСС-ИНВ
8	
34 340	
38,2	
38,1	
37,6	
38,5	
37,6
KTSB	
КСБ ао
28	
34 174	
0,61	
0,61	
0,596	
0,628	
0,612
NNSB	
ТНСэнНН ао
5	
32 655	
1 305	
1 315	
1 305	
1 315	
1 310
RTSBP	
ТНСэнРст-п
10	
32 360	
0,294	
0,3	
0,29	
0,3	
0,294
KROT	
КрасОкт-ао
7	
24 220	
346	
347	
345	
347,5	
347,5
CHGZ	
РН-ЗапСиб
5	
24 200	
34,6	
34,6	
34,2	
34,8	
34,8
DZRD	
iДонскЗР
8	
23 885	
1 990	
1 965	
1 965	
1 995	
1 995
PRMB	
Приморье
1	
22 200	
22 200	
22 200	
22 200	
22 200	
22 200
KTSBP	
КСБ ап
3	
20 845	
0,2605	
0,2645	
0,26	
0,2645	
0,26
RAVN	
Raven
4	
20 705	
29,6	
29,5	
29,45	
29,8	
29,45
SARE	
СаратЭн-ао
8	
16 746	
0,1196	
0,1196	
0,1196	
0,1198	
0,1196
ROSB	
Росбанк ао
16	
16 336	
71	
71,8	
70,2	
71,8	
71,4
RTSB	
ТНСэнРст
4	
14 800	
0,365	
0,37	
0,37	
0,37	
0,37
KCHE	
КамчатЭ ао
6	
14 125	
0,202	
0,202	
0,201	
0,202	
0,201
DZRDP	
iДонскЗР п
3	
12 790	
1 600	
1 590	
1 590	
1 600	
1 600
KGKC	
КурганГКао
10	
9 000	
53	
54	
52	
54	
53
KROTP	
КрасОкт-1п
2	
7 710	
257	
255	
255	
258	
258
YRSB	
ТНСэнЯр
2	
5 100	
170	
170	
170	
170	
170
BISV	
БашИнСв ао
0	
0	
-	
-	
-	
-	
8,7
GAZC	
ГАЗКОН-ао
0	
0	
-	
-	
-	
-	
295
GAZS	
ГАЗ-сервис
0	
0	
-	
-	
-	
-	
293
GAZT	
ГАЗ-Тек ао
0	
0	
-	
-	
-	
-	
85
TRCN	
ТрансК ао
0	
0	
-	
-	
-	
-	
8 595
KMTZ	
КосогМЗ ао
0	
0	
-	
-	
-	
-	
-
KZMS	
КЗМС ао
0	
0	
-	
-	
-	
-	
226
TRFM	
ТрансФ ао
0	
0	
-	
-	
-	
-	
-
GAZS	
ГАЗ-сервис
0	
0	
-	
-	
-	
-	
293
HIMC	
Химпром ао
0	
0	
-	
-	
-	
-	
0,99
GAZT	
ГАЗ-Тек ао
0	
0	
-	
-	
-	
-	
85
KCHEP	
КамчатЭ ап
0	
0	
-	
-	
-	
-	
0,354
KSGR	
Кокс ао
0	
0	
-	
-	
-	
-	
-
MOBB	
МосОблБанк
0	
0	
-	
-	
-	
-	
0,698
URKA	
Уркалий-ао
0	
0	
-	
-	
-	
-	
119,04
VZRZ	
Возрожд-ао
0	
0	
-	
-	
-	
-	
480
MFON	
МегаФон ао
0	
0	
-	
-	
-	
-	
650,6
BISV	
БашИнСв ао
0	
0	
-	
-	
-	
-	
8,7
KRKO	
ТКЗКК ао
0	
0	
-	
-	
-	
-	
11,8
MORI	
Морион ао
0	
0	
-	
-	
-	
-	
4,31
SAREP	
СаратЭн-ап
0	
0	
-	
-	
-	
-	
0,0924
KUNF	
КУЗОЦМ ао
0	
0	
-	
-	
-	
-	
-
PRTK	
ПРОТЕК ао
0	
0	
-	
-	
-	
-	
99,6