SBER	
Сбербанк
123 116	
17 514 787 768	
185,71	
185,54	
183,65	
187,5	
186,05
LKOH	
ЛУКОЙЛ
105 589	
16 675 998 443	
4 384,5	
4 402	
4 281	
4 533,5	
4 475
GAZP	
ГАЗПРОМ ао
98 402	
12 160 626 352	
181,64	
183,15	
179,05	
184,5	
181,92
GMKN	
ГМКНорНик
47 625	
8 233 618 570	
19 284	
19 736	
18 520	
19 924	
19 240
ROSN	
Роснефть
78 984	
7 628 969 593	
302,15	
299,2	
293,5	
306,95	
304
TATN	
Татнфт 3ао
77 459	
5 579 270 024	
471	
473,2	
455,5	
486	
476,7
PLZL	
Полюс
37 239	
3 644 309 462	
11 786,5	
11 668	
11 342	
12 000	
11 794,5
SBERP	
Сбербанк-п
66 675	
3 199 113 431	
167,71	
169,29	
166,44	
169,4	
167,65
SNGS	
Сургнфгз
27 985	
3 133 196 978	
33,11	
33	
32,5	
34,17	
33,55
YNDX	
Yandex clA
34 677	
2 707 045 917	
2 653,4	
2 681,6	
2 601	
2 695,4	
2 659,2
NVTK	
Новатэк ао
26 989	
2 556 554 648	
954	
960	
930,4	
971	
955
POLY	
Polymetal
38 186	
2 449 459 466	
1 473,8	
1 430,2	
1 430,2	
1 507,9	
1 453
MOEX	
МосБиржа
39 061	
2 220 353 794	
110,21	
111,11	
108,37	
111,8	
111
VTBR	
ВТБ ао
68 058	
2 004 477 264	
0,03306	
0,03331	
0,03264	
0,03338	
0,0331
MTSS	
МТС-ао
25 546	
2 001 820 343	
299,8	
303,5	
293,5	
304,95	
302
TATNP	
Татнфт 3ап
40 028	
1 626 800 587	
439,7	
450	
430,1	
451	
446
ALRS	
АЛРОСА ао
29 344	
1 443 195 953	
59,75	
59,31	
59,04	
60,84	
60,28
MGNT	
Магнит ао
24 209	
1 392 632 356	
3 104,5	
3 130	
3 032	
3 155	
3 142,5
NLMK	
НЛМК ао
19 227	
1 358 826 789	
125,16	
126	
124,3	
126,36	
124,88
AFLT	
Аэрофлот
30 821	
1 306 035 697	
72,76	
72,02	
71,4	
74,44	
73,94
CHMF	
СевСт-ао
25 990	
1 220 369 936	
862,6	
871	
850,4	
871,8	
866
SNGSP	
Сургнфгз-п
18 103	
1 144 751 924	
37,185	
37,115	
36,34	
37,96	
37,05
IRAO	
ИнтерРАОао
19 101	
1 049 555 069	
4,8325	
4,889	
4,705	
4,925	
4,857
SIBN	
Газпрнефть
18 093	
942 375 693	
301,5	
300	
296,2	
305,5	
303,95
FIVE	
FIVE-гдр
12 918	
927 936 989	
2 097	
2 073,5	
2 028,5	
2 144,5	
2 130,5
AFKS	
Система ао
26 129	
821 775 433	
13,474	
13,752	
13,213	
13,854	
13,39
HYDR	
РусГидро
20 293	
754 917 793	
0,6041	
0,595	
0,5922	
0,619	
0,6159
TRNFP	
Транснф ап
3 652	
746 817 850	
138 800	
141 150	
135 250	
141 150	
139 400
TCSG	
TCS-гдр
20 110	
700 556 570	
845,6	
861	
830	
867	
843
MAGN	
ММК
10 198	
601 798 265	
38,985	
38,9	
38,255	
39,4	
39,115
TRMK	
ТМК ао
8 288	
520 410 074	
56,6	
57,4	
55,62	
57,52	
55,72
RSTI	
Россети ао
15 233	
471 516 113	
1,2078	
1,221	
1,19	
1,2238	
1,2095
FEES	
ФСК ЕЭС ао
14 377	
454 544 727	
0,16982	
0,1715	
0,16726	
0,17268	
0,17204
RUAL	
RUSAL plc
17 460	
393 921 848	
25,005	
25,6	
24,55	
25,6	
25,495
PHOR	
ФосАгро ао
7 597	
390 264 095	
2 657	
2 640	
2 598	
2 692	
2 692
RTKM	
Ростел -ао
18 951	
379 314 595	
76,7	
77,01	
75	
78,52	
77,08
DSKY	
ДетскийМир
19 041	
328 888 870	
87,72	
89,2	
87	
90,5	
88
CBOM	
МКБ ао
15 983	
325 440 005	
5,213	
5,291	
5,131	
5,301	
5,206
RASP	
Распадская
5 218	
267 885 079	
102,1	
103,02	
100,76	
104,1	
101,76
BANEP	
Башнефт ап
9 365	
246 427 964	
1 308,5	
1 328	
1 285	
1 335	
1 324
UPRO	
Юнипро ао
7 728	
236 689 780	
2,652	
2,66	
2,622	
2,699	
2,68
TGKA	
ТГК-1
11 147	
188 238 568	
0,010678	
0,010644	
0,010434	
0,010868	
0,01072
MTLR	
Мечел ао
9 819	
150 994 659	
65,14	
65,48	
64,05	
66,05	
65,35
OGKB	
ОГК-2 ао
6 988	
115 642 939	
0,5911	
0,5913	
0,5848	
0,5997	
0,5962
NKNCP	
НКНХ ап
5 482	
85 628 330	
80,82	
83,2	
79,98	
83,2	
80,5
LSRG	
ЛСР ао
6 175	
83 631 137	
566,6	
573,2	
561	
575	
563,8
MTLRP	
Мечел ап
2 775	
73 010 068	
62,05	
61,7	
60,8	
63,1	
61,8
MVID	
М.видео
2 276	
67 876 610	
343,9	
336	
334	
352	
349
ISKJ	
iИСКЧ ао
6 135	
60 972 052	
28	
29,7	
26,2	
30,7	
27,51
QIWI	
iQIWI
2 833	
55 469 022	
874	
888	
858	
891	
883
MSNG	
+МосЭнерго
2 013	
49 988 601	
1,852	
1,87	
1,832	
1,87	
1,8615
AGRO	
AGRO-гдр
3 942	
49 517 351	
595,6	
593	
581,6	
613,6	
585,2
PIKK	
ПИК ао
1 948	
49 244 749	
383	
392	
379	
395,1	
383,4
AKRN	
Акрон
1 879	
45 776 534	
5 884	
5 800	
5 722	
5 960	
5 940
LNTA	
Лента др
4 144	
45 775 636	
148,3	
149,5	
146,2	
150,5	
148
BANE	
Башнефт ао
2 677	
42 486 729	
1 602,5	
1 608	
1 566,5	
1 640,5	
1 623
ENRU	
ЭнелРос ао
3 426	
42 070 144	
0,8705	
0,885	
0,861	
0,8895	
0,8705
SELG	
Селигдар
3 032	
38 046 965	
23,66	
22	
22	
24,61	
23,44
LIFE	
iФармсинтз
2 311	
37 396 970	
8,94	
9,31	
8,72	
9,335	
8,9
AQUA	
РусАква ао
1 516	
33 301 740	
190,5	
203,5	
186,5	
204	
188,5
RTKMP	
Ростел -ап
2 120	
28 735 511	
65,6	
66,1	
64,3	
66,3	
65,9
GEMA	
iММЦБ ао
3 271	
25 264 028	
763	
832,5	
741	
840,5	
745
BSPB	
БСП ао
2 575	
23 739 449	
40,71	
41,51	
40,49	
41,91	
40,57
RSTIP	
Россети ап
1 242	
22 780 755	
1,43	
1,45	
1,413	
1,456	
1,43
ETLN	
ETLN-гдр
1 233	
22 129 803	
80	
80,9	
79,02	
82	
80,98
LNZL	
Лензолото
1 007	
21 361 200	
8 840	
8 820	
8 400	
9 300	
8 840
KRKOP	
ТКЗКК ап
2 199	
18 421 190	
6,715	
5,3	
5,3	
7,315	
7,315
MRKP	
МРСК ЦП
1 016	
14 576 729	
0,1707	
0,173	
0,1675	
0,173	
0,1719
NMTP	
НМТП ао
1 302	
14 322 186	
8,515	
8,58	
8,425	
8,635	
8,595
APTK	
Аптеки36и6
5 142	
14 229 948	
12,902	
13,196	
12,71	
13,196	
12,902
FESH	
ДВМП ао
899	
11 259 251	
6,17	
6,19	
5,93	
6,35	
6,18
MGTSP	
МГТС-4ап
803	
11 035 948	
2 128	
2 164	
2 096	
2 178	
2 100
SELGP	
Селигдар-п
482	
9 968 270	
27,35	
27,5	
26	
29,15	
27,3
VSMO	
ВСМПО-АВСМ
319	
9 078 800	
18 560	
18 740	
18 040	
18 900	
18 720
ENPG	
ЭН+ГРУП ао
213	
8 240 945	
556,6	
565,2	
552	
565,3	
555,4
NKNC	
НКНХ ао
827	
8 088 461	
99,2	
100	
97,65	
100,65	
100
GTRK	
ГТМ ао
928	
6 963 971	
42,5	
43,85	
41,35	
43,85	
42,6
OBUV	
ОР ао
1 266	
6 471 252	
29,35	
30,15	
28,75	
30,15	
29,1
KGKC	
КурганГКао
733	
6 062 750	
58	
52	
51	
64	
54
SFIN	
САФМАР ао
614	
5 882 360	
437	
447,2	
425,8	
447,2	
429,8
ALNU	
АЛРОСА-Нюр
71	
5 637 400	
48 600	
46 200	
46 200	
54 600	
46 600
CNTLP	
Телеграф-п
599	
5 633 636	
17,76	
18,24	
17,5	
18,34	
17,7
KZOS	
ОргСинт ао
644	
5 593 408	
93,1	
95,5	
92	
95,5	
93,3
RUGR	
Русгрэйн
3 597	
5 558 846	
8,04	
7,764	
7,76	
8,23	
7,896
USBN	
УралСиб ао
399	
5 536 312	
0,0688	
0,0723	
0,067	
0,0724	
0,0689
MRKC	
МРСК Центр
801	
5 530 507	
0,2366	
0,2388	
0,234	
0,2408	
0,237
MRKV	
МРСКВол
636	
5 433 393	
0,06805	
0,0688	
0,06755	
0,069	
0,06805
RNFT	
РуссНфт ао
1 295	
5 253 013	
404	
416,4	
399,2	
416,4	
399,2
LNZLP	
Лензол. ап
426	
5 125 210	
3 875	
3 875	
3 750	
4 040	
3 900
TGKB	
ТГК-2
348	
5 091 685	
0,003595	
0,003595	
0,003525	
0,003665	
0,00359
DIOD	
ЗаводДИОД
1 173	
4 925 140	
6,33	
6,55	
6,19	
6,65	
6,47
TGKD	
Квадра
377	
4 413 900	
0,002815	
0,002805	
0,00278	
0,002915	
0,00281
IRKT	
ИРКУТ-3
261	
4 330 028	
28,82	
29,42	
28,44	
30	
28,7
GCHE	
ЧеркизГ-ао
659	
4 257 137	
1 721	
1 739	
1 702	
1 739	
1 725
MSTT	
Мостотрест
419	
4 249 934	
153,15	
155,4	
151,7	
155,4	
154,65
TGKN	
ТГК-14
347	
4 241 170	
0,00303	
0,0031	
0,00299	
0,0031	
0,00309
UNAC	
iАвиастКао
400	
3 979 968	
0,459	
0,47	
0,45	
0,478	
0,4635
BELU	
Белуга ао
203	
3 789 682	
1 536	
1 518	
1 518	
1 563	
1 531
KGKCP	
КурганГКап
682	
3 678 010	
62	
54	
54	
67,5	
60,5
AMEZ	
АшинскийМЗ
539	
3 307 747	
3,76	
3,76	
3,69	
3,82	
3,775
MSRS	
МОЭСК
381	
3 216 408	
0,9805	
0,9965	
0,961	
0,997	
0,985
SVAV	
СОЛЛЕРС
235	
3 147 175	
251,5	
258	
220,5	
258	
253
KZOSP	
ОргСинт ап
1 010	
3 143 422	
13,05	
13,11	
12,6	
13,8	
12,82
KRKNP	
СаратНПЗ-п
139	
2 887 880	
14 960	
15 000	
14 900	
15 100	
14 960
TRCN	
ТрансК ао
83	
2 635 795	
8 160	
8 125	
8 120	
8 275	
8 120
BRZL	
БурЗолото
214	
2 422 199	
828	
829	
823	
835	
825
TTLK	
Таттел. ао
291	
2 242 780	
0,293	
0,288	
0,2855	
0,298	
0,291
MRKZ	
МРСК СЗ
264	
1 878 869	
0,04625	
0,0475	
0,0459	
0,0475	
0,046
KMAZ	
КАМАЗ
411	
1 859 653	
51,9	
53,4	
51,1	
53,8	
51,6
RGSS	
РГС СК ао
287	
1 848 930	
0,1406	
0,1414	
0,1386	
0,1448	
0,1424
PRTK	
ПРОТЕК ао
220	
1 790 945	
98,5	
97,1	
97,1	
99	
98,4
RUSP	
Русполимет
73	
1 778 925	
0,591	
0,5855	
0,573	
0,6	
0,58
MRKU	
МРСК Ур
164	
1 684 154	
0,1444	
0,1456	
0,142	
0,1478	
0,145
UTAR	
ЮТэйр ао
197	
1 676 206	
6,27	
6,17	
6,1	
6,47	
6,21
RBCM	
РБК ао
285	
1 484 123	
3,002	
3,02	
2,984	
3,048	
2,998
PMSBP	
ПермьЭнС-п
284	
1 243 280	
129,2	
133	
126,2	
134	
130,4
HIMCP	
Химпром ап
264	
1 190 921	
6,02	
6,19	
5,9	
6,19	
6,08
AVAN	
Авангрд-ао
116	
1 173 190	
920	
915	
755	
940	
935
CHEP	
ЧТПЗ ао
167	
1 158 070	
191	
195	
181,5	
197,5	
192,5
MOBB	
МосОблБанк
332	
1 106 984	
2,268	
2,334	
2,18	
2,436	
2,298
CNTL	
Телеграф
156	
1 082 395	
21,8	
22,3	
21,25	
22,5	
21,55
YAKG	
ЯТЭК ао
96	
1 061 028	
49,82	
50,5	
48,2	
51	
49,8
RAVN	
Raven
68	
913 295	
33,6	
33,8	
27,05	
34,75	
34,15
RLMN	
Роллман
309	
895 489	
17,5	
17,35	
16,95	
18,8	
17,2
KAZTP	
Куйбазот-п
102	
836 468	
135,8	
140,2	
134	
140,2	
136,6
IRGZ	
ИркЭнерго
129	
779 718	
11,14	
11,06	
11	
11,5	
11,22
PMSB	
ПермьЭнСб
139	
715 532	
132,8	
136,6	
130,2	
138,1	
131,9
VLHZ	
ВХЗ-ао
142	
674 306	
47,9	
48,3	
47,5	
48,7	
47,8
NAUK	
iНПОНаука
126	
661 944	
165,6	
168,4	
160,8	
171,2	
166,8
MISBP	
ТНСэМаЭл-п
104	
643 000	
9,4	
9,6	
9	
9,8	
9,6
DASB	
ДагСб ао
108	
633 084	
0,0903	
0,0911	
0,09	
0,0923	
0,0902
ROLO	
Русолово
88	
605 784	
3,65	
3,748	
3,516	
3,81	
3,61
GAZA	
ГАЗ ао
51	
598 915	
376,5	
379	
371	
380	
377,5
MRKY	
РоссЮг ао
140	
594 276	
0,0498	
0,0502	
0,04905	
0,05085	
0,05065
YKEN	
Якутскэнрг
43	
594 050	
0,3095	
0,317	
0,3	
0,317	
0,309
MGTS	
МГТС-5ао
79	
535 835	
2 540	
2 740	
2 435	
2 740	
2 620
KLSB	
КалужскСК
103	
531 030	
10,02	
10,16	
9,89	
10,43	
10,16
VZRZP	
Возрожд-п
112	
516 210	
282,2	
292,6	
270	
295	
283,4
PAZA	
ПавлАвт ао
63	
502 720	
7 500	
7 170	
7 160	
7 790	
7 590
KROT	
КрасОкт-ао
55	
488 515	
317	
314,5	
312,5	
335	
319
UWGN	
ОВК ао
131	
451 212	
236,4	
241,1	
234	
241,1	
237,5
TGKDP	
Квадра-п
56	
450 457	
0,003675	
0,003705	
0,00366	
0,0038	
0,00367
CHMK	
ЧМК ао
38	
442 270	
2 330	
2 305	
2 290	
2 355	
2 310
UCSS	
ОКС ао
95	
432 680	
1 480	
1 470	
1 450	
1 520	
1 460
KAZT	
Куйбазот
110	
430 774	
138,2	
139,2	
136	
140,2	
138,2
KMEZ	
КМЗ
194	
423 787	
402,5	
419	
392	
419	
401
TGKBP	
ТГК-2 ап
51	
420 070	
0,00627	
0,00636	
0,0062	
0,00636	
0,00629
BISVP	
БашИнСв ап
106	
408 637	
6,4	
6,59	
6,21	
6,67	
6,53
LVHK	
Левенгук
120	
404 217	
7,99	
8,3	
7,85	
8,3	
8,08
WTCM	
ЦМТ ао
103	
399 094	
8,84	
9,04	
8,6	
9,04	
8,92
WTCMP	
ЦМТ ап
72	
371 184	
8,78	
8,96	
8,34	
8,96	
8,84
KUZB	
КузнецкийБ
237	
361 692	
0,01671	
0,01649	
0,01611	
0,01697	
0,01691
DVEC	
ДЭК ао
128	
359 375	
0,758	
0,751	
0,74	
0,776	
0,771
RKKE	
ЭнергияРКК
46	
346 010	
4 870	
4 760	
4 760	
5 010	
4 850
TASBP	
ТамбЭнСб-п
18	
340 880	
0,1995	
0,1965	
0,191	
0,2	
0,1955
JNOS	
Славн-ЯНОС
36	
333 525	
16,95	
17,25	
16,45	
17,35	
16,8
VJGZ	
Варьеган
45	
289 768	
573	
584	
568	
584	
577
NKHP	
НКХП ао
66	
272 705	
227,5	
228,5	
224	
235	
228,5
NFAZ	
Нефтекамск
45	
268 806	
130,6	
133,4	
127,2	
133,8	
129,8
HALS	
Галс-Девел
64	
255 762	
710	
736	
702	
736	
703
UNKL	
ЮУНК ао
38	
248 190	
3 350	
3 380	
3 250	
3 460	
3 410
BLNG	
Белон ао
39	
244 899	
3,996	
3,998	
3,99	
4,006	
3,992
KBTK	
КузбТК ао
41	
242 880	
158,8	
162,8	
156,6	
162,8	
157,8
ABRD	
АбрауДюрсо
102	
238 690	
132	
133,5	
122	
134,5	
133,5
MRKS	
МРСКСиб
53	
233 220	
0,21	
0,2035	
0,2035	
0,218	
0,211
MFGS	
Мегион-ао
7	
232 175	
346,5	
338,5	
338	
348	
338
VJGZP	
Варьеган-п
40	
227 520	
292	
298	
288	
298	
292
MRKK	
Россети СК
55	
222 315	
26,54	
27	
26,18	
27	
26,52
KOGK	
КоршГОК ао
5	
218 600	
43 800	
44 200	
42 800	
44 200	
44 000
IGST	
Ижсталь2ао
49	
216 772	
853	
850	
821	
897	
822
ZVEZ	
ЗВЕЗДА ао
40	
216 020	
4,155	
4,125	
4,095	
4,26	
4,14
ARSA	
Арсагера
35	
212 570	
3,13	
3,26	
3,05	
3,26	
3,16
CHKZ	
ЧКПЗ ао
35	
208 560	
4 740	
4 960	
4 540	
4 960	
4 760
RTSB	
ТНСэнРст
38	
195 150	
0,3	
0,315	
0,29	
0,315	
0,305
YKENP	
Якутскэн-п
19	
193 950	
0,285	
0,2805	
0,2805	
0,297	
0,286
ZILL	
ЗИЛ ао
30	
169 966	
1 278	
1 278	
1 256	
1 298	
1 298
NKSH	
Нижкамшина
29	
164 350	
21,92	
21,6	
21,56	
22,1	
21,9
KRSBP	
Красэсб ап
13	
151 060	
5,82	
5,86	
5,66	
5,86	
5,8
MAGEP	
МагадЭн ап
13	
149 780	
3,94	
4,025	
3,92	
4,025	
3,93
ROST	
РОСИНТЕРао
38	
142 168	
57,4	
58	
57	
58,4	
57
IGSTP	
Ижсталь ап
66	
139 433	
697	
740	
625	
757	
726
VRSBP	
ТНСэнВор-п
28	
133 050	
30	
32	
28,5	
32	
29,5
MFGSP	
Мегион-ап
14	
119 785	
315	
322,5	
310,5	
322,5	
318
GAZAP	
ГАЗ ап
20	
112 870	
322,5	
312	
311	
328	
316,5
KTSBP	
КСБ ап
29	
112 150	
0,2245	
0,2285	
0,22	
0,2285	
0,2265
KRSB	
Красэсб ао
14	
106 010	
5,58	
5,24	
5,24	
5,75	
5,7
TORS	
ТРК ао
23	
101 410	
0,362	
0,362	
0,356	
0,378	
0,357
STSBP	
СтаврЭнСбп
34	
101 153	
0,281	
0,2824	
0,2788	
0,2886	
0,2866
DZRDP	
iДонскЗР п
32	
94 860	
1 530	
1 600	
1 450	
1 600	
1 570
RTGZ	
ГазпРнД ао
4	
85 350	
21 350	
22 000	
21 000	
22 000	
21 300
ELTZ	
Электрцинк
64	
82 774	
168,5	
168,5	
165,5	
171,5	
168,5
MISB	
ТНСэнМарЭл
33	
82 300	
10,7	
11,7	
10	
11,7	
10,7
KRKN	
СаратНПЗ
7	
79 150	
11 300	
11 600	
11 100	
11 600	
11 100
VGSB	
ВолгЭнСб
25	
77 885	
1,365	
1,335	
1,335	
1,425	
1,375
MRSB	
МордЭнСб
16	
77 280	
0,336	
0,341	
0,328	
0,341	
0,341
INGR	
ИНГРАД ао
25	
73 216	
771	
775	
763	
775	
763
KUBE	
Кубанэнр
38	
66 865	
59,2	
61	
58,1	
61	
59,7
DZRD	
iДонскЗР
12	
64 646	
2 156	
2 270	
2 124	
2 270	
2 182
VRSB	
ТНСэнВорон
10	
62 140	
47,8	
48,6	
47	
48,8	
47,6
URKZ	
УрКузница
4	
60 400	
10 060	
10 240	
9 920	
10 240	
10 120
YRSBP	
ТНСэнЯр-п
36	
58 525	
76	
77,5	
73	
80,5	
76
NSVZ	
НаукаСвяз
19	
56 360	
217	
218	
215	
218	
217,5
SZPR	
СЗПароход
19	
54 252	
734	
744	
720	
744	
744
SLEN	
Сахэнер ао
26	
50 816	
3,94	
3,945	
3,895	
4,015	
3,95
TORSP	
ТРК ап
9	
50 630	
0,253	
0,2555	
0,2485	
0,2585	
0,2495
ASSB	
АстрЭнСб
15	
50 617	
0,556	
0,559	
0,553	
0,559	
0,5565
ROSB	
Росбанк ао
37	
49 610	
70	
70,8	
69,2	
70,8	
70,2
KTSB	
КСБ ао
24	
48 490	
0,476	
0,464	
0,464	
0,496	
0,48
VSYD	
ВыбСудЗ ао
6	
47 585	
2 800	
2 770	
2 770	
2 810	
2 800
RLMNP	
Роллман-п
47	
44 196	
18,2	
19,16	
17,92	
19,16	
18,22
KROTP	
КрасОкт-1п
9	
43 325	
216,5	
213,5	
213,5	
219	
218,5
TASB	
ТамбЭнСб
6	
42 140	
0,2635	
0,2615	
0,2615	
0,264	
0,264
NNSB	
ТНСэнНН ао
20	
42 090	
1 240	
1 305	
1 215	
1 310	
1 245
OMZZP	
ОМЗ-ап
10	
41 145	
3 430	
3 390	
3 390	
3 465	
3 410
STSB	
СтаврЭнСб
12	
40 789	
0,337	
0,3385	
0,3335	
0,3425	
0,3335
SARE	
СаратЭн-ао
18	
40 572	
0,1098	
0,1086	
0,1086	
0,1112	
0,1108
UKUZ	
ЮжКузб. ао
17	
37 574	
488	
482	
480	
498	
496
RZSB	
РязЭнСб
6	
37 410	
6,24	
6,14	
6,14	
6,29	
6,24
LPSB	
ЛЭСК ао
21	
35 170	
7,2	
7,25	
7,1	
7,35	
7,2
PRMB	
Приморье
2	
34 600	
17 400	
17 200	
17 200	
17 400	
17 400
KCHE	
КамчатЭ ао
12	
32 995	
0,1735	
0,175	
0,17	
0,175	
0,1725
TUZA	
ТЗА ао
18	
31 350	
78	
80	
77	
80	
79
VSYDP	
ВыбСудЗ ап
8	
30 160	
2 740	
2 720	
2 700	
2 820	
2 760
RTSBP	
ТНСэнРст-п
2	
28 460	
0,237	
0,239	
0,237	
0,239	
0,237
ALBK	
БестЭфБ ао
14	
27 145	
51	
52	
51	
53,5	
51,5
SAREP	
СаратЭн-ап
11	
20 970	
0,084	
0,084	
0,0836	
0,084	
0,0836
MGNZ	
СМЗ-ао
4	
19 810	
3 960	
4 040	
3 910	
4 040	
3 950
VGSBP	
ВолгЭнСб-п
10	
18 560	
0,975	
0,995	
0,95	
1,01	
0,99
RUSI	
ИКРУСС-ИНВ
5	
17 830	
35,7	
35,3	
35,3	
36	
35,7
RDRB	
РДБанк ао
6	
15 800	
265	
260	
260	
265	
265
JNOSP	
Слав-ЯНОСп
7	
15 782	
13,16	
13,28	
13	
13,28	
13,18
KBSB	
ТНСэКубань
5	
14 615	
133	
134,5	
132	
135	
132
MAGE	
МагадЭн ао
2	
14 180	
4,73	
4,7	
4,7	
4,78	
4,78
SAGOP	
СамарЭн-ап
3	
11 000	
0,367	
0,362	
0,362	
0,37	
0,368
NNSBP	
ТНСэнНН ап
9	
10 437	
522	
524	
511	
524	
511
TNSE	
ТНСэнрг ао
5	
6 775	
970	
965	
950	
985	
970
YRSB	
ТНСэнЯр
4	
6 280	
158	
158	
156	
158	
156
CHGZ	
РН-ЗапСиб
2	
5 960	
29,8	
31	
28,6	
31	
28,6
SAGO	
СамарЭн-ао
1	
3 780	
0,378	
0,378	
0,378	
0,378	
0,378
BISV	
БашИнСв ао
0	
0	
-	
-	
-	
-	
8,7