SBER	
Сбербанк
93 838	
15 914 876 385	
226,38	
229,88	
223,49	
230,07	
224,64
LKOH	
ЛУКОЙЛ
92 632	
10 512 931 949	
4 540,5	
4 664	
4 462	
4 665	
4 480
GMKN	
ГМКНорНик
45 109	
8 486 600 986	
18 864	
19 276	
18 542	
19 336	
18 598
GAZP	
ГАЗПРОМ ао
76 135	
7 357 824 164	
177,88	
181,37	
175,36	
181,37	
175,9
YNDX	
Yandex clA
44 538	
4 547 320 864	
4 531	
4 627	
4 488,2	
4 627	
4 514,8
TATN	
Татнфт 3ао
90 018	
4 510 808 504	
486,6	
506,8	
475,7	
506,8	
478,7
POLY	
Polymetal
53 823	
4 043 245 013	
1 683,5	
1 744,8	
1 641,4	
1 744,8	
1 664,2
PLZL	
Полюс
28 134	
3 391 775 666	
16 465,5	
16 940	
15 902	
16 995,5	
16 096
ROSN	
Роснефть
21 158	
2 498 117 430	
368,85	
376	
363,4	
376	
365,75
SBERP	
Сбербанк-п
35 586	
2 358 253 820	
218,99	
221,78	
216,55	
222,32	
216,77
MGNT	
Магнит ао
22 712	
2 223 622 336	
4 748,5	
4 813	
4 691,5	
4 813	
4 749
IRAO	
ИнтерРАОао
26 883	
2 196 197 689	
5,7505	
5,827	
5,661	
5,9225	
5,6815
ALRS	
АЛРОСА ао
30 722	
1 760 548 777	
75,21	
75,71	
73,53	
77,06	
73,9
MOEX	
МосБиржа
24 398	
1 588 448 101	
143,23	
146,49	
140,41	
146,49	
140,43
NVTK	
Новатэк ао
14 429	
1 495 607 162	
1 101,2	
1 122,8	
1 082,2	
1 122,8	
1 085,6
SNGS	
Сургнфгз
19 803	
1 217 562 691	
35,705	
36,18	
35,16	
36,27	
35,2
TATNP	
Татнфт 3ап
45 058	
1 152 753 843	
479,7	
496,3	
467,4	
497,2	
469,6
HYDR	
РусГидро
23 439	
1 113 367 446	
0,7583	
0,7699	
0,7399	
0,7828	
0,7453
AFLT	
Аэрофлот
27 057	
971 835 924	
79,72	
80,98	
77,58	
81	
79
VTBR	
ВТБ ао
34 942	
944 957 516	
0,03492	
0,035475	
0,03455	
0,035475	
0,034805
CHMF	
СевСт-ао
16 248	
918 457 518	
966,8	
979	
960	
979	
964,8
SNGSP	
Сургнфгз-п
21 543	
913 848 876	
37,615	
37,43	
37,37	
37,97	
37,55
MAIL	
MAIL-гдр
21 799	
907 006 948	
2 194,4	
2 222	
2 170,2	
2 238	
2 180
RSTI	
Россети ао
14 871	
884 339 745	
1,5313	
1,5371	
1,4751	
1,584	
1,4802
MTSS	
МТС-ао
10 422	
853 574 995	
335,7	
337,85	
334,35	
338	
335,75
MAGN	
ММК
11 073	
803 940 213	
39,42	
39,61	
39,045	
39,895	
39,395
POGR	
Petropavl
16 794	
749 609 694	
34,545	
36,27	
33,195	
36,365	
33,51
FIVE	
FIVE-гдр
8 508	
718 340 424	
2 829	
2 828	
2 806	
2 850	
2 847,5
TRNFP	
Транснф ап
2 462	
663 932 400	
143 950	
144 400	
141 300	
146 400	
142 550
NLMK	
НЛМК ао
9 509	
653 438 505	
165,64	
166,04	
164,72	
167,48	
166,14
SIBN	
Газпрнефть
15 857	
613 182 526	
299,95	
305	
295,15	
306,4	
295,6
RUAL	
РУСАЛ ао
18 738	
571 491 196	
33,155	
33,7	
32,35	
33,895	
32,4
TCSG	
TCS-гдр
11 474	
544 665 930	
1 956,4	
1 938	
1 910	
1 995	
1 950,8
AFKS	
Система ао
10 476	
492 528 355	
20,195	
20,745	
19,81	
20,745	
20,014
FEES	
ФСК ЕЭС ао
10 605	
490 628 488	
0,20446	
0,207	
0,201	
0,20986	
0,20146
CBOM	
МКБ ао
8 389	
435 323 022	
5,757	
5,836	
5,639	
5,836	
5,757
MVID	
М.видео
9 158	
414 533 293	
599,2	
579,7	
575,1	
659,8	
590,2
DSKY	
ДетскийМир
12 046	
314 371 486	
112,94	
114,32	
111,78	
114,88	
112,44
LSRG	
ЛСР ао
8 026	
251 726 485	
876,8	
877,2	
855,8	
892,2	
857,2
PHOR	
ФосАгро ао
4 555	
219 068 724	
2 732	
2 769	
2 706	
2 770	
2 714
ETLN	
ETLN-гдр
5 739	
208 402 993	
123,06	
121	
119,72	
124,84	
123,3
LNTA	
Лента др
12 340	
182 580 837	
212,8	
210	
209,7	
215	
213,6
RTKM	
Ростел -ао
7 020	
182 467 687	
96,86	
97,5	
96,25	
97,72	
96,73
UPRO	
Юнипро ао
4 039	
163 135 012	
2,803	
2,88	
2,774	
2,883	
2,78
OGKB	
ОГК-2 ао
5 589	
137 700 685	
0,7847	
0,79	
0,7685	
0,7993	
0,7697
PIKK	
ПИК ао
2 901	
114 141 015	
555	
563,5	
541	
563,5	
543,2
RASP	
Распадская
2 293	
107 032 982	
118,6	
117,64	
116,02	
120,2	
117,02
BANEP	
Башнефт ап
5 445	
92 632 534	
1 271	
1 289	
1 261,5	
1 289	
1 261,5
MTLR	
Мечел ао
6 997	
81 324 739	
62,05	
63,38	
61,1	
63,38	
61,11
QIWI	
iQIWI
3 383	
78 926 749	
1 222	
1 222,5	
1 202	
1 248,5	
1 237
ENRU	
ЭнелРос ао
3 509	
67 749 696	
0,9365	
0,945	
0,9215	
0,955	
0,9215
APTK	
Аптеки36и6
11 943	
51 898 642	
13,912	
13,436	
13,4	
14,4	
14,046
TGKA	
ТГК-1
3 397	
39 667 316	
0,01128	
0,011478	
0,011182	
0,011494	
0,01119
AKRN	
Акрон
562	
38 594 212	
5 986	
5 960	
5 916	
6 018	
6 010
NMTP	
НМТП ао
2 752	
35 653 336	
8,915	
9,18	
8,815	
9,18	
8,82
MSNG	
+МосЭнерго
1 628	
33 907 763	
2,044	
2,0595	
2,0265	
2,0685	
2,039
TRMK	
ТМК ао
663	
33 745 313	
60,86	
60,96	
60,82	
60,98	
60,88
MTLRP	
Мечел ап
1 961	
32 143 046	
68,3	
69,6	
67	
69,6	
67,35
AGRO	
AGRO-гдр
2 362	
30 137 215	
734,6	
747	
726	
747	
726
FESH	
ДВМП ао
1 903	
27 488 167	
9,19	
9,5	
9	
9,5	
9
SELG	
Селигдар
1 468	
24 627 184	
42,77	
44,38	
42,05	
44,59	
42,32
BSPB	
БСП ао
1 478	
20 365 233	
42,91	
43,37	
42,45	
43,7	
42,78
OBUV	
ОР ао
2 613	
19 882 140	
32,85	
33,75	
32,1	
33,8	
32,25
MRKP	
МРСК ЦП
1 022	
19 059 552	
0,2186	
0,2204	
0,2141	
0,2222	
0,2152
RTKMP	
Ростел -ап
1 721	
18 624 637	
87,25	
88	
86,45	
88,35	
86,6
RSTIP	
Россети ап
1 037	
18 110 027	
2,057	
2,078	
2,02	
2,12	
2,025
SELGP	
Селигдар-п
965	
17 013 375	
36,5	
38,2	
35	
38,3	
35,7
VSMO	
ВСМПО-АВСМ
286	
13 713 880	
17 320	
17 580	
17 100	
17 580	
17 120
LNZL	
Лензолото
212	
12 357 920	
18 310	
18 580	
18 110	
18 600	
18 150
LVHK	
Левенгук
2 728	
12 025 786	
9,79	
9,13	
8,13	
11,15	
8,31
LSNGP	
РСетиЛЭ-п
1 036	
11 681 866	
153,15	
153,9	
151,5	
155	
151,55
AQUA	
РусАква ао
779	
10 815 295	
219	
220,5	
216	
223,5	
216
ENPG	
ЭН+ГРУП ао
434	
9 643 525	
651	
659	
649,5	
660,5	
651
BANE	
Башнефт ао
794	
9 533 615	
1 666,5	
1 689,5	
1 656	
1 689,5	
1 660
MRKC	
МРСК Центр
652	
9 469 556	
0,2996	
0,3024	
0,2938	
0,3062	
0,2954
NKNCP	
НКНХ ап
1 197	
9 088 398	
78,7	
79,56	
78,08	
79,6	
78,14
LIFE	
iФармсинтз
880	
8 173 989	
7,08	
7,18	
6,985	
7,2	
7,01
KRKNP	
СаратНПЗ-п
215	
7 825 320	
15 500	
15 600	
15 460	
15 620	
15 480
RNFT	
РуссНфт ао
1 058	
5 607 847	
367	
373,6	
360,8	
377	
361,4
CNTLP	
Телеграф-п
649	
5 249 338	
14,6	
14,96	
14,22	
15	
14,38
LNZLP	
Лензол. ап
418	
5 158 140	
4 055	
4 135	
3 960	
4 140	
3 990
MRKV	
РсетВол ао
536	
5 125 274	
0,0685	
0,06875	
0,0679	
0,06935	
0,0686
ISKJ	
iИСКЧ ао
610	
5 107 348	
25,5	
26,52	
24,61	
26,98	
24,9
GCHE	
ЧеркизГ-ао
679	
4 937 196	
1 876,5	
1 894	
1 858	
1 898,5	
1 860
MSRS	
РСетиМР ао
304	
4 154 172	
1,178	
1,18	
1,1645	
1,199	
1,18
TGKB	
ТГК-2
203	
4 119 845	
0,0042	
0,00426	
0,00411	
0,004275	
0,004135
NSVZ	
НаукаСвяз
531	
3 655 885	
212,5	
215	
210,5	
217	
211,5
HIMCP	
Химпром ап
672	
3 550 036	
8,03	
8,22	
7,85	
8,5	
7,9
VGSB	
ВолгЭнСб
406	
3 511 110	
4,395	
4,2	
4,015	
5,17	
4,065
SFIN	
САФМАР ао
182	
3 127 436	
507,8	
523,2	
498,2	
530,2	
505,8
NFAZ	
Нефтекамск
186	
3 033 008	
195,4	
191,2	
189	
199	
191,8
NKNC	
НКНХ ао
472	
2 741 195	
90,55	
91,6	
89,7	
91,95	
89,95
MRKU	
МРСК Ур
192	
2 726 870	
0,143	
0,1468	
0,1414	
0,1474	
0,1424
SVAV	
СОЛЛЕРС
146	
2 620 375	
289	
294	
283	
295	
284
CNTL	
Телеграф
332	
2 399 125	
16,9	
17,25	
16,6	
17,25	
16,7
KZOS	
ОргСинт ао
450	
2 238 820	
84,5	
85,3	
84	
85,3	
84
MGTSP	
МГТС-4ап
253	
2 235 966	
1 970	
1 990	
1 956	
1 992	
1 966
AVAN	
Авангрд-ао
490	
2 117 245	
865	
945	
805	
960	
830
KMAZ	
КАМАЗ
482	
2 046 512	
62,4	
63	
62	
63,6	
62
BELU	
Белуга ао
389	
2 005 319	
1 282	
1 311	
1 261	
1 314	
1 286
UNKL	
ЮУНК ао
139	
1 834 680	
6 750	
6 860	
6 650	
6 870	
6 740
RUGR	
Русгрэйн
1 228	
1 821 478	
9,212	
9,212	
9,05	
9,292	
9,102
RKKE	
ЭнергияРКК
125	
1 680 930	
6 970	
7 860	
6 340	
7 860	
6 930
TGKD	
Квадра
196	
1 667 238	
0,00361	
0,003705	
0,003575	
0,003705	
0,003585
YAKG	
ЯТЭК ао
64	
1 651 085	
43,1	
43,25	
42,9	
43,5	
43,4
ROLO	
Русолово
135	
1 600 410	
6,752	
6,9	
6,6	
6,9	
6,6
AMEZ	
АшинскийМЗ
352	
1 594 252	
4,66	
4,64	
4,58	
4,76	
4,595
VGSBP	
ВолгЭнСб-п
283	
1 520 915	
2,14	
2,12	
2,01	
2,3	
2,03
ALNU	
АЛРОСА-Нюр
21	
1 517 200	
56 200	
56 800	
56 000	
57 000	
56 000
MRSB	
МордЭнСб
117	
1 503 850	
0,422	
0,428	
0,413	
0,438	
0,423
DIOD	
ЗаводДИОД
297	
1 384 406	
6,9	
6,98	
6,8	
6,99	
6,8
YKEN	
Якутскэнрг
135	
1 378 635	
0,395	
0,4055	
0,38	
0,4055	
0,4005
UNAC	
iАвиастКао
322	
1 376 624	
0,4475	
0,446	
0,443	
0,4555	
0,445
MGTS	
МГТС-5ао
88	
1 182 080	
2 190	
2 245	
2 175	
2 250	
2 180
ABRD	
АбрауДюрсо
174	
1 158 580	
203,5	
205	
202	
205	
203,5
LSNG	
РСетиЛЭ
230	
955 917	
5,78	
5,81	
5,75	
5,83	
5,77
UWGN	
ОВК ао
223	
954 582	
214,1	
215	
212,5	
219,3	
212,6
IRKT	
ИРКУТ-3
101	
935 918	
34,04	
34,04	
33,84	
34,2	
33,9
BISVP	
БашИнСв ап
170	
909 092	
10,28	
10,12	
10,05	
10,8	
10,22
RGSS	
РГС СК ао
195	
899 506	
0,148	
0,1486	
0,146	
0,1504	
0,1464
TGKN	
ТГК-14
102	
873 720	
0,00313	
0,00316	
0,00309	
0,00319	
0,00312
GEMA	
iММЦБ ао
69	
850 001	
600,5	
601	
598	
603	
598
INGR	
ИНГРАД ао
56	
848 488	
804	
799	
799	
808	
803
CHEP	
ЧТПЗ ао
143	
839 555	
211,5	
212	
209,5	
214	
212
BRZL	
БурЗолото
186	
786 163	
1 084	
1 093	
1 070	
1 098	
1 075
PMSBP	
ПермьЭнС-п
113	
781 780	
131,4	
131,6	
130	
132,6	
130,2
DZRDP	
iДонскЗР п
89	
690 880	
1 920	
1 950	
1 900	
1 950	
1 920
VRSB	
ТНСэнВорон
48	
684 040	
78,6	
78	
75,8	
80	
77,2
UTAR	
ЮТэйр ао
112	
678 988	
6,89	
7,13	
6,8	
7,13	
6,86
STSBP	
СтаврЭнСбп
119	
676 737	
0,393	
0,4035	
0,385	
0,4035	
0,3885
KUZB	
КузнецкийБ
408	
675 615	
0,01502	
0,01503	
0,0149	
0,01519	
0,015
NKHP	
НКХП ао
119	
654 085	
266	
274,5	
263	
274,5	
264
MRKZ	
МРСК СЗ
131	
628 315	
0,05005	
0,0515	
0,0498	
0,0515	
0,05005
RDRB	
РДБанк ао
64	
601 400	
220	
225	
215	
225	
220
RBCM	
РБК ао
222	
588 835	
3,36	
3,426	
3,304	
3,456	
3,304
SAGO	
СамарЭн-ао
54	
577 900	
0,596	
0,598	
0,58	
0,616	
0,58
MAGEP	
МагадЭн ап
59	
561 040	
6,09	
6,34	
5,9	
6,34	
6,11
MRKS	
РсетСиб ао
31	
554 690	
0,234	
0,236	
0,233	
0,236	
0,233
TGKDP	
Квадра-п
135	
552 410	
0,00449	
0,004435	
0,004365	
0,00469	
0,004375
KLSB	
КалужскСК
74	
551 390	
13,38	
13,63	
13,28	
13,69	
13,29
VRSBP	
ТНСэнВор-п
61	
535 450	
45,5	
46	
45	
46,5	
45,5
RTSB	
ТНСэнРст
78	
534 750	
0,615	
0,595	
0,575	
0,665	
0,585
EELT	
ЕвроЭлтех
59	
525 371	
7,62	
7,64	
7,6	
7,8	
7,6
VLHZ	
ВХЗ-ао
120	
519 470	
53,55	
54	
52,05	
54,7	
53,45
KZOSP	
ОргСинт ап
368	
516 515	
11,29	
11,59	
11,2	
11,59	
11,22
TTLK	
Таттел. ао
87	
513 075	
0,3245	
0,3265	
0,323	
0,328	
0,323
VZRZP	
Возрожд-п
56	
511 126	
308	
316	
304,2	
316,4	
307
RAVN	
Raven
24	
505 255	
30,45	
30,7	
30,1	
30,75	
30,75
DVEC	
ДЭК ао
59	
499 612	
0,91	
0,914	
0,908	
0,915	
0,91
NKSH	
Нижкамшина
36	
475 626	
22,22	
22,56	
22	
22,56	
22,2
CHMK	
ЧМК ао
42	
452 260	
2 645	
2 680	
2 605	
2 680	
2 625
TGKBP	
ТГК-2 ап
129	
450 097	
0,00698	
0,00715	
0,00681	
0,00716	
0,00686
HALS	
Галс-Девел
63	
445 470	
1 204	
1 218	
1 190	
1 224	
1 203
KROT	
КрасОкт-ао
80	
441 560	
374	
379	
363	
382	
377
PRMB	
Приморье
13	
415 200	
27 600	
27 800	
27 200	
28 200	
27 600
RTSBP	
ТНСэнРст-п
64	
413 120	
0,544	
0,532	
0,512	
0,575	
0,519
IRGZ	
ИркЭнерго
80	
405 482	
12,1	
12,2	
12,04	
12,2	
12,14
KUBE	
Кубанэнр
57	
404 961	
71,8	
72,6	
71,1	
73,5	
73
BLNG	
Белон ао
169	
403 080	
4,146	
4,238	
4,054	
4,296	
4,13
OMZZP	
ОМЗ-ап
56	
398 810	
3 560	
3 580	
3 470	
3 695	
3 470
MAGE	
МагадЭн ао
43	
387 230	
5,96	
6,06	
5,74	
6,1	
5,99
PAZA	
ПавлАвт ао
39	
385 340	
8 200	
8 390	
8 050	
8 390	
8 170
RUSP	
Русполимет
79	
384 240	
0,632	
0,637	
0,6275	
0,638	
0,6335
GAZA	
ГАЗ ао
31	
380 925	
401	
408,5	
399	
408,5	
399
GTRK	
ГТМ ао
127	
371 358	
42,7	
42,9	
42,3	
43,35	
42,4
KAZTP	
Куйбазот-п
61	
352 398	
154,6	
155	
150	
157	
150
NAUK	
iНПОНаука
70	
326 848	
198	
203,4	
196	
203,4	
196,4
SARE	
СаратЭн-ао
93	
293 694	
0,1372	
0,1396	
0,1262	
0,141	
0,1348
KAZT	
Куйбазот
46	
292 320	
159,8	
159,2	
159	
162,6	
159
ROST	
РОСИНТЕРао
83	
281 296	
62,8	
62,2	
61,6	
64,4	
62,2
CHGZ	
РН-ЗапСиб
31	
276 060	
52	
51,8	
51	
54,2	
52,6
KCHE	
КамчатЭ ао
51	
274 820	
0,218	
0,224	
0,2155	
0,224	
0,216
ALBK	
БестЭфБ ао
69	
272 650	
60	
60,5	
59	
60,5	
59
MRKY	
РоссЮг ао
87	
272 340	
0,0482	
0,04815	
0,048	
0,0487	
0,048
ARSA	
Арсагера
34	
253 840	
4,16	
4,19	
4,07	
4,21	
4,16
ZVEZ	
ЗВЕЗДА ао
36	
248 965	
4,61	
4,59	
4,565	
4,695	
4,575
STSB	
СтаврЭнСб
78	
243 490	
0,577	
0,6085	
0,5685	
0,6085	
0,574
RTGZ	
ГазпРнД ао
1	
238 050	
26 450	
26 450	
26 450	
26 450	
26 450
TORSP	
ТРК ап
22	
236 860	
0,282	
0,282	
0,2795	
0,284	
0,284
KMEZ	
КМЗ
62	
235 692	
504,5	
508	
495,5	
511	
497
KBSB	
ТНСэКубань
66	
233 875	
137	
139,5	
135	
139,5	
136,5
USBN	
УралСиб ао
33	
214 250	
0,068	
0,0681	
0,0679	
0,0683	
0,068
ELTZ	
Электрцинк
105	
214 024	
169,5	
172	
168,5	
175,5	
170
ASSB	
АстрЭнСб
109	
208 557	
0,764	
0,759	
0,747	
0,785	
0,7495
RZSB	
РязЭнСб
50	
200 928	
9,18	
9,28	
9,06	
9,32	
9,2
RUSI	
ИКРУСС-ИНВ
36	
193 600	
38	
38,2	
37,6	
38,3	
37,8
TNSE	
ТНСэнрг ао
20	
180 740	
995	
1 000	
990	
1 000	
990
TUZA	
ТЗА ао
38	
175 580	
106	
104	
104	
107	
106
PMSB	
ПермьЭнСб
58	
172 740	
133,9	
133	
132,4	
134,8	
133,9
KCHEP	
КамчатЭ ап
29	
167 250	
0,398	
0,406	
0,39	
0,41	
0,392
SLEN	
Сахэнер ао
39	
156 630	
6,665	
6,62	
6,515	
6,86	
6,86
ZILL	
ЗИЛ ао
9	
153 395	
2 475	
2 455	
2 450	
2 500	
2 500
SAREP	
СаратЭн-ап
22	
150 178	
0,1192	
0,1198	
0,1186	
0,1208	
0,1206
KOGK	
КоршГОК ао
3	
137 800	
46 000	
46 000	
45 800	
46 000	
45 800
KRKOP	
ТКЗКК ап
80	
137 690	
8,295	
8,21	
8,11	
8,46	
8,395
KBTK	
КузбТК ао
25	
129 412	
148,8	
150,8	
148	
151	
148,4
KRKN	
СаратНПЗ
10	
126 250	
12 650	
12 550	
12 500	
12 700	
12 700
VJGZ	
Варьеган
54	
121 763	
628	
638	
612	
638	
629
UKUZ	
ЮжКузб. ао
32	
111 798	
512	
520	
510	
526	
510
IGSTP	
Ижсталь ап
24	
108 932	
871	
876	
870	
876	
870
DZRD	
iДонскЗР
23	
97 970	
2 130	
2 125	
2 110	
2 160	
2 110
URKZ	
УрКузница
6	
95 100	
15 860	
15 860	
15 780	
15 900	
15 780
SAGOP	
СамарЭн-ап
20	
94 750	
0,451	
0,467	
0,441	
0,467	
0,447
WTCM	
ЦМТ ао
37	
90 454	
9,24	
9,48	
9,08	
9,56	
9,22
RLMN	
Роллман
36	
88 941	
17,95	
18,05	
17,95	
18,1	
17,95
KRSB	
Красэсб ао
22	
88 055	
7,1	
7,14	
7,01	
7,27	
7,09
ROSB	
Росбанк ао
37	
87 580	
78,2	
78,2	
77,4	
80	
77,6
NNSBP	
ТНСэнНН ап
35	
84 732	
667	
664	
654	
680	
657
MGNZ	
СМЗ-ао
13	
80 150	
4 710	
4 680	
4 680	
4 740	
4 730
KROTP	
КрасОкт-1п
8	
80 145	
267	
269	
267	
269	
267
MRKK	
Россети СК
33	
78 611	
25,36	
25,38	
25,12	
25,74	
25,12
KTSBP	
КСБ ап
22	
77 435	
0,287	
0,2875	
0,279	
0,292	
0,285
LPSB	
ЛЭСК ао
22	
76 960	
8,1	
8,2	
8,05	
8,2	
8,15
KRSBP	
Красэсб ап
28	
75 046	
7,08	
7,14	
7,02	
7,28	
7,04
JNOSP	
Слав-ЯНОСп
33	
73 216	
14,08	
14,44	
13,78	
14,44	
14,06
TASB	
ТамбЭнСб
14	
67 990	
0,4	
0,404	
0,3965	
0,404	
0,398
YKENP	
Якутскэн-п
7	
66 070	
0,3885	
0,381	
0,381	
0,39	
0,389
NNSB	
ТНСэнНН ао
12	
61 315	
1 805	
1 850	
1 765	
1 850	
1 795
VSYDP	
ВыбСудЗ ап
11	
59 120	
3 940	
4 040	
3 920	
4 040	
3 920
GAZAP	
ГАЗ ап
13	
59 005	
310,5	
314	
309	
314	
309
IGST	
Ижсталь2ао
20	
54 463	
973	
995	
964	
995	
971
MISB	
ТНСэнМарЭл
30	
49 450	
12,4	
12,7	
12,1	
12,7	
12,6
JNOS	
Славн-ЯНОС
10	
46 160	
18,45	
18,4	
18,35	
18,6	
18,4
KTSB	
КСБ ао
42	
45 876	
0,638	
0,636	
0,622	
0,66	
0,64
VJGZP	
Варьеган-п
11	
45 310	
349	
351	
345	
352	
345
UCSS	
ОКС ао
11	
43 730	
1 460	
1 460	
1 450	
1 480	
1 450
CHKZ	
ЧКПЗ ао
7	
42 780	
5 340	
5 360	
5 340	
5 360	
5 340
WTCMP	
ЦМТ ап
29	
38 642	
8,22	
8,32	
8,12	
8,32	
8,12
RLMNP	
Роллман-п
20	
36 872	
19	
19	
19	
19,1	
19
MFGS	
Мегион-ао
6	
35 530	
355,5	
358	
353,5	
360	
354,5
VSYD	
ВыбСудЗ ао
6	
32 215	
4 025	
4 050	
3 970	
4 050	
3 975
KGKC	
КурганГКао
12	
27 300	
55,5	
56,5	
55,5	
56,5	
56,5
MFGSP	
Мегион-ап
7	
25 335	
316,5	
319,5	
313	
319,5	
313
MISBP	
ТНСэМаЭл-п
12	
24 450	
12,2	
12,6	
12,1	
12,6	
12,4
TASBP	
ТамбЭнСб-п
6	
24 045	
0,3005	
0,2985	
0,2985	
0,3015	
0,3015
KGKCP	
КурганГКап
7	
18 600	
54,5	
55	
54,5	
55,5	
55,5
TORS	
ТРК ао
4	
16 820	
0,421	
0,425	
0,414	
0,425	
0,417
YRSB	
ТНСэнЯр
6	
11 800	
168	
170	
166	
170	
170
KUNF	
КУЗОЦМ ао
0	
0	
-	
-	
-	
-	
-
PRTK	
ПРОТЕК ао
0	
0	
-	
-	
-	
-	
99,6
GAZC	
ГАЗКОН-ао
0	
0	
-	
-	
-	
-	
295
GTSS	
ГЕОТЕК ао
0	
0	
-	
-	
-	
-	
-
NPOF	
Физика ао
0	
0	
-	
-	
-	
-	
11 850
TRCN	
ТрансК ао
0	
0	
-	
-	
-	
-	
8 595
KMTZ	
КосогМЗ ао
0	
0	
-	
-	
-	
-	
-
KZMS	
КЗМС ао
0	
0	
-	
-	
-	
-	
226
MSTT	
Мостотрест
0	
0	
-	
-	
-	
-	
161
TRFM	
ТрансФ ао
0	
0	
-	
-	
-	
-	
-
GAZS	
ГАЗ-сервис
0	
0	
-	
-	
-	
-	
293
HIMC	
Химпром ао
0	
0	
-	
-	
-	
-	
0,99
GAZT	
ГАЗ-Тек ао
0	
0	
-	
-	
-	
-	
85
KSGR	
Кокс ао
0	
0	
-	
-	
-	
-	
-
MOBB	
МосОблБанк
0	
0	
-	
-	
-	
-	
0,698
URKA	
Уркалий-ао
0	
0	
-	
-	
-	
-	
119,04
VZRZ	
Возрожд-ао
0	
0	
-	
-	
-	
-	
480
BISV	
БашИнСв ао
0	
0	
-	
-	
-	
-	
8,7
MFON	
МегаФон ао
0	
0	
-	
-	
-	
-	
650,6
YRSBP	
ТНСэнЯр-п
0	
0	
-	
-	
-	
-	
87
KRKO	
ТКЗКК ао
0	
0	
-	
-	
-	
-	
11,8
MORI	
Морион ао
0	
0	
-	
-	
-	
-	
4,31