SBER	
Сбербанк
197 307	
32 170 258 945	
231,59	
233,3	
227,35	
236,5	
230,7
YNDX	
Yandex clA
101 566	
12 067 881 492	
4 777	
4 725	
4 717,6	
4 823,8	
4 749,2
GAZP	
ГАЗПРОМ ао
75 289	
6 263 085 253	
185,05	
187,25	
183,5	
187,79	
183,75
GMKN	
ГМКНорНик
29 760	
6 159 133 726	
19 864	
20 048	
19 570	
20 134	
19 950
LKOH	
ЛУКОЙЛ
31 441	
5 294 345 375	
5 088,5	
5 150,5	
5 027	
5 158	
5 081,5
SBERP	
Сбербанк-п
84 813	
4 528 354 170	
216,97	
216,3	
213,2	
220,9	
217,87
PLZL	
Полюс
20 633	
2 861 733 454	
17 682,5	
17 755	
17 420	
17 917	
17 715
TATN	
Татнфт 3ао
27 683	
2 034 507 698	
563,9	
574,9	
555,1	
577,3	
563
MOEX	
МосБиржа
29 888	
1 871 028 753	
144,66	
146	
142,02	
146,9	
146,05
POLY	
Polymetal
18 690	
1 798 663 890	
1 903,3	
1 931,1	
1 866	
1 932	
1 922,9
IRAO	
ИнтерРАОао
23 576	
1 745 866 216	
5,3435	
5,409	
5,2605	
5,4785	
5,29
MGNT	
Магнит ао
19 683	
1 664 800 146	
4 511,5	
4 557,5	
4 438	
4 585	
4 517
ROSN	
Роснефть
16 053	
1 568 330 612	
382,5	
382,05	
377,6	
386,2	
382,15
NVTK	
Новатэк ао
12 330	
1 274 249 482	
1 126,8	
1 129,6	
1 115,8	
1 137,8	
1 120
VTBR	
ВТБ ао
38 096	
1 265 693 416	
0,03652	
0,03701	
0,036075	
0,0371	
0,036275
MTSS	
МТС-ао
14 142	
1 203 632 226	
339,8	
342,85	
336,6	
342,85	
340,3
MAIL	
MAIL-гдр
24 410	
1 170 202 011	
2 172,2	
2 149	
2 120,2	
2 224	
2 150
SNGSP	
Сургнфгз-п
22 219	
1 066 203 298	
37,62	
37,33	
37,33	
37,92	
37,81
SNGS	
Сургнфгз
18 855	
954 356 541	
36,915	
37,255	
36,525	
37,44	
36,915
ALRS	
АЛРОСА ао
13 099	
752 772 447	
66,39	
66,41	
65,84	
66,82	
66,25
CHMF	
СевСт-ао
13 758	
731 933 088	
957	
959	
946,6	
963,8	
961,2
NLMK	
НЛМК ао
11 614	
691 308 529	
159,7	
161,18	
158,08	
161,34	
159,86
POGR	
Petropavl
13 637	
543 793 337	
31,07	
32,22	
30,215	
32,4	
31,1
HYDR	
РусГидро
15 366	
543 714 223	
0,7211	
0,7298	
0,7117	
0,7328	
0,7187
TCSG	
TCS-гдр
14 025	
497 245 711	
1 878,2	
1 827,6	
1 824,6	
1 900	
1 893,8
AFKS	
Система ао
12 155	
492 001 440	
20,625	
20,541	
20,4	
20,794	
20,699
FEES	
ФСК ЕЭС ао
10 610	
487 589 947	
0,19644	
0,19876	
0,1946	
0,19926	
0,1973
SIBN	
Газпрнефть
7 511	
461 808 700	
320,5	
321,5	
317,75	
323,15	
319,1
MAGN	
ММК
5 745	
387 251 841	
39,715	
40,02	
39,305	
40,195	
39,8
AFLT	
Аэрофлот
10 769	
368 681 502	
83,24	
83,22	
82,6	
83,88	
83,16
FIVE	
FIVE-гдр
5 385	
360 010 961	
2 798	
2 829,5	
2 772,5	
2 834	
2 788
RTKM	
Ростел -ао
11 840	
356 097 100	
97,11	
98	
95,29	
98,8	
97
TRNFP	
Транснф ап
1 586	
340 312 800	
142 050	
143 000	
140 200	
144 150	
142 100
RUAL	
РУСАЛ ао
10 802	
313 545 158	
30,885	
30,96	
30,435	
31,7	
31
TATNP	
Татнфт 3ап
10 888	
305 380 900	
548,6	
558,1	
541	
561,2	
545,1
CBOM	
МКБ ао
6 530	
305 149 381	
5,893	
5,896	
5,87	
5,915	
5,893
RSTI	
Россети ао
5 238	
280 505 179	
1,5243	
1,5463	
1,5053	
1,5489	
1,5199
DSKY	
ДетскийМир
8 061	
202 981 003	
119,88	
119,98	
118,8	
121,3	
120,64
MVID	
М.видео
4 022	
184 786 061	
495,7	
486,3	
486,3	
502,8	
502,6
PHOR	
ФосАгро ао
3 272	
144 772 068	
2 774	
2 793	
2 752	
2 815	
2 786
UPRO	
Юнипро ао
3 559	
133 574 006	
2,719	
2,721	
2,708	
2,739	
2,718
MTLR	
Мечел ао
8 406	
95 233 557	
64,55	
64,92	
63,6	
65,43	
65,08
QIWI	
iQIWI
3 024	
94 516 201	
1 420,5	
1 435	
1 404,5	
1 463	
1 409,5
MTLRP	
Мечел ап
3 791	
88 234 348	
74,7	
75,4	
73,65	
76	
74,15
RTKMP	
Ростел -ап
5 261	
84 030 548	
91,15	
92,3	
90	
92,3	
91,2
LNTA	
Лента др
6 159	
83 205 566	
200,3	
202	
197	
203,8	
200,5
OGKB	
ОГК-2 ао
4 842	
78 485 541	
0,7495	
0,7577	
0,7381	
0,7655	
0,7408
ETLN	
ETLN-гдр
2 933	
77 974 563	
111,88	
112,2	
110,52	
113,5	
113,14
SELG	
Селигдар
4 592	
75 756 878	
47,64	
48,57	
46,55	
49,84	
47,16
NMTP	
НМТП ао
6 706	
63 217 725	
8,91	
9,005	
8,825	
9,07	
8,87
BANEP	
Башнефт ап
3 204	
61 185 418	
1 345	
1 350	
1 337,5	
1 354	
1 343
RASP	
Распадская
1 279	
60 389 215	
113,64	
114,56	
112,74	
114,68	
113,36
PIKK	
ПИК ао
1 632	
52 065 564	
495,8	
499,3	
492	
499,3	
497,9
LSRG	
ЛСР ао
4 021	
50 998 761	
771,4	
767,2	
762,2	
780,6	
770
TGKN	
ТГК-14
2 940	
44 835 010	
0,00354	
0,0033	
0,0033	
0,00384	
0,00336
AGRO	
AGRO-гдр
2 819	
42 521 268	
744,4	
756,8	
735,2	
756,8	
738,6
TGKA	
ТГК-1
2 771	
40 126 648	
0,011826	
0,011944	
0,011728	
0,011948	
0,011764
SFIN	
САФМАР ао
129	
28 597 584	
527,8	
527,4	
527	
528,8	
528,6
ENRU	
ЭнелРос ао
1 607	
27 330 068	
0,9325	
0,9315	
0,929	
0,94	
0,933
OBUV	
ОР ао
2 507	
25 985 883	
34,1	
34,9	
33,5	
34,95	
34,1
MRKP	
МРСК ЦП
1 062	
25 612 314	
0,2187	
0,2181	
0,2149	
0,2215	
0,2187
MSNG	
+МосЭнерго
1 145	
24 309 607	
2,109	
2,08	
2,078	
2,126	
2,107
SELGP	
Селигдар-п
918	
21 249 920	
36,2	
36,4	
35,2	
37,1	
35,8
AKRN	
Акрон
748	
19 409 806	
5 822	
5 858	
5 736	
5 884	
5 858
TGKB	
ТГК-2
1 090	
17 640 555	
0,00457	
0,004455	
0,004445	
0,00473	
0,004475
CNTLP	
Телеграф-п
1 889	
17 434 540	
16,18	
16,62	
15,98	
16,68	
16,04
AQUA	
РусАква ао
745	
17 265 420	
212	
212,5	
207,5	
214,5	
214
BSPB	
БСП ао
1 362	
17 105 475	
43,97	
44,12	
43,5	
44,53	
43,97
DIOD	
ЗаводДИОД
1 375	
15 520 674	
8,76	
8,77	
8,3	
9,1	
8,58
ENPG	
ЭН+ГРУП ао
641	
15 472 243	
675	
665,5	
665,5	
682	
672
LIFE	
iФармсинтз
871	
14 262 672	
7,595	
7,51	
7,49	
7,75	
7,75
VSMO	
ВСМПО-АВСМ
332	
13 996 300	
17 700	
17 760	
17 580	
17 800	
17 700
TRMK	
ТМК ао
289	
13 456 008	
58,48	
58,6	
58,26	
58,6	
58,52
LSNGP	
РСетиЛЭ-п
919	
13 102 294	
152,7	
152,6	
151,35	
154,05	
152
NKNCP	
НКНХ ап
1 672	
12 315 606	
80,22	
80,22	
79,82	
80,86	
80,08
STSBP	
СтаврЭнСбп
1 798	
11 578 937	
0,45	
0,472	
0,4275	
0,48	
0,433
LNZL	
Лензолото
209	
11 377 260	
18 290	
18 330	
18 220	
18 380	
18 290
BANE	
Башнефт ао
683	
11 287 018	
1 742	
1 736,5	
1 736	
1 750	
1 743
RSTIP	
Россети ап
872	
10 400 371	
2,062	
2,069	
2,04	
2,098	
2,054
BISVP	
БашИнСв ап
1 547	
9 777 849	
11,31	
12,72	
10,38	
12,76	
10,73
FESH	
ДВМП ао
530	
8 620 126	
7,65	
7,59	
7,5	
7,8	
7,56
NKHP	
НКХП ао
1 042	
8 363 510	
285	
287	
256,5	
304,5	
296
AMEZ	
АшинскийМЗ
1 867	
8 159 866	
4,975	
5,065	
4,855	
5,13	
4,86
GCHE	
ЧеркизГ-ао
841	
8 103 228	
1 882	
1 890	
1 858	
1 906	
1 863
SVAV	
СОЛЛЕРС
136	
7 256 850	
282	
282,5	
279	
283	
281
LVHK	
Левенгук
1 436	
7 200 488	
8,92	
8,5	
8,38	
9,6	
8,53
KLSB	
КалужскСК
842	
6 849 736	
13,29	
13,6	
12,67	
13,99	
13
MRKC	
МРСК Центр
957	
6 207 649	
0,2906	
0,29	
0,287	
0,2946	
0,2894
TTLK	
Таттел. ао
406	
5 974 785	
0,33	
0,336	
0,319	
0,341	
0,321
CNTL	
Телеграф
709	
5 857 210	
18,3	
18,75	
18,1	
18,75	
18,2
RTSB	
ТНСэнРст
455	
5 805 550	
0,805	
0,725	
0,72	
0,86	
0,8
KRKNP	
СаратНПЗ-п
230	
5 511 420	
15 700	
15 800	
15 600	
15 840	
15 700
ABRD	
АбрауДюрсо
724	
5 459 150	
206,5	
212	
198	
217	
204
MGTSP	
МГТС-4ап
277	
5 092 208	
2 014	
2 020	
2 002	
2 034	
2 004
RTSBP	
ТНСэнРст-п
525	
5 085 130	
0,663	
0,613	
0,612	
0,708	
0,627
UNAC	
iАвиастКао
576	
4 880 652	
0,499	
0,5065	
0,4925	
0,507	
0,4925
MSRS	
РСетиМР ао
226	
4 777 776	
1,181	
1,2	
1,176	
1,2	
1,184
LNZLP	
Лензол. ап
386	
4 742 255	
4 910	
4 960	
4 860	
5 050	
4 905
APTK	
Аптеки36и6
1 416	
4 694 493	
13,458	
13,402	
13,4	
13,518	
13,412
ROLO	
Русолово
410	
4 604 016	
6,998	
6,994	
6,8	
7,224	
6,896
KTSBP	
КСБ ап
89	
4 268 275	
0,326	
0,315	
0,315	
0,335	
0,3245
RNFT	
РуссНфт ао
632	
4 025 044	
492,6	
487,2	
486,8	
504,8	
494,8
NKNC	
НКНХ ао
408	
3 326 060	
93,1	
94	
92,8	
94,25	
93,1
MRKV	
РсетВол ао
446	
3 160 343	
0,0734	
0,0732	
0,07295	
0,07395	
0,0731
HALS	
Галс-Девел
647	
3 122 744	
1 340	
1 383	
1 301	
1 400	
1 326
BRZL	
БурЗолото
407	
3 045 691	
1 149	
1 170	
1 140	
1 173	
1 162
KMAZ	
КАМАЗ
510	
3 001 314	
64,8	
65,3	
64,2	
65,7	
64,4
RUGR	
Русгрэйн
1 835	
2 737 511	
9,908	
9,726	
9,61	
10,068	
9,85
ISKJ	
iИСКЧ ао
255	
2 575 447	
23,1	
22,83	
22,83	
23,35	
23,11
VZRZP	
Возрожд-п
116	
2 340 922	
323,4	
325	
315,2	
338,8	
316
TGKBP	
ТГК-2 ап
143	
2 153 200	
0,0075	
0,00757	
0,00726	
0,00779	
0,00729
ZILL	
ЗИЛ ао
84	
2 109 400	
2 600	
2 685	
2 565	
2 685	
2 615
VRSB	
ТНСэнВорон
168	
2 096 140	
93,6	
99	
90	
100	
90,2
UNKL	
ЮУНК ао
135	
1 988 820	
7 920	
7 960	
7 850	
8 190	
7 880
KROT	
КрасОкт-ао
93	
1 568 765	
388,5	
395	
382,5	
395	
386
RBCM	
РБК ао
280	
1 553 823	
3,442	
3,472	
3,4	
3,494	
3,416
RAVN	
Raven
77	
1 538 585	
30	
30,3	
29,9	
30,3	
29,95
PMSBP	
ПермьЭнС-п
92	
1 532 358	
132,2	
132,4	
131	
132,4	
132,4
MRSB	
МордЭнСб
126	
1 413 210	
0,446	
0,442	
0,432	
0,466	
0,434
TGKD	
Квадра
180	
1 383 976	
0,00356	
0,003535	
0,003505	
0,00361	
0,003505
KZOS	
ОргСинт ао
331	
1 326 295	
86,3	
86,3	
86	
87	
86,4
MGTS	
МГТС-5ао
99	
1 316 335	
2 260	
2 330	
2 240	
2 340	
2 290
NSVZ	
НаукаСвяз
240	
1 240 050	
244,5	
248,5	
240	
249	
245
CHEP	
ЧТПЗ ао
201	
1 201 450	
213	
214	
211,5	
215	
213,5
IRKT	
ИРКУТ-3
114	
1 195 712	
35,6	
35,88	
35,28	
36,06	
35,74
MGNZ	
СМЗ-ао
86	
1 181 270	
4 740	
4 920	
4 660	
4 990	
4 760
KZOSP	
ОргСинт ап
323	
1 039 394	
11,85	
11,86	
11,67	
12,02	
11,95
IRGZ	
ИркЭнерго
151	
1 038 440	
12,02	
12	
11,84	
12,18	
11,92
USBN	
УралСиб ао
96	
1 035 538	
0,0689	
0,0698	
0,0683	
0,0698	
0,0691
MRKU	
МРСК Ур
114	
1 007 972	
0,151	
0,1524	
0,15	
0,1524	
0,15
TNSE	
ТНСэнрг ао
92	
962 785	
1 065	
1 105	
1 020	
1 120	
1 070
RKKE	
ЭнергияРКК
91	
953 350	
8 150	
8 400	
8 070	
8 400	
8 110
CHGZ	
РН-ЗапСиб
101	
951 400	
55,6	
57,2	
53,8	
58	
56,2
ALNU	
АЛРОСА-Нюр
15	
894 600	
56 000	
55 800	
55 200	
56 600	
55 400
SARE	
СаратЭн-ао
227	
872 234	
0,1596	
0,1656	
0,154	
0,1658	
0,1626
STSB	
СтаврЭнСб
286	
871 780	
0,559	
0,5805	
0,5235	
0,5945	
0,5395
KOGK	
КоршГОК ао
10	
866 800	
48 200	
48 200	
48 000	
48 200	
48 200
MSTT	
Мостотрест
63	
793 608	
159,35	
160,45	
159	
160,5	
159,85
KBSB	
ТНСэКубань
103	
759 240	
149	
154,5	
144	
155	
146,5
RGSS	
РГС СК ао
134	
758 540	
0,15	
0,1502	
0,1494	
0,1506	
0,1498
LSNG	
РСетиЛЭ
212	
744 000	
6,03	
6,03	
6	
6,06	
6,03
BELU	
Белуга ао
176	
644 992	
1 311	
1 319	
1 306	
1 320	
1 311
URKZ	
УрКузница
31	
609 620	
17 940	
18 000	
17 600	
18 160	
17 700
KUZB	
КузнецкийБ
342	
608 792	
0,01537	
0,01553	
0,0152	
0,01575	
0,01527
CHKZ	
ЧКПЗ ао
67	
601 880	
5 680	
5 880	
5 600	
5 960	
5 660
RUSP	
Русполимет
33	
526 860	
0,635	
0,6295	
0,6295	
0,639	
0,6335
NNSB	
ТНСэнНН ао
127	
508 655	
1 865	
1 765	
1 765	
1 990	
1 785
PMSB	
ПермьЭнСб
152	
505 157	
135,1	
133,5	
132	
137,5	
135,2
KRKOP	
ТКЗКК ап
247	
493 334	
8,14	
8,29	
7,945	
8,44	
8,15
GEMA	
iММЦБ ао
119	
492 366	
597	
597,5	
595,5	
599,5	
596,5
ARSA	
Арсагера
45	
488 150	
4,14	
4,2	
4,08	
4,2	
4,1
CHMK	
ЧМК ао
79	
473 970	
2 695	
2 700	
2 670	
2 715	
2 705
VGSB	
ВолгЭнСб
77	
464 590	
4,6	
4,73	
4,505	
4,73	
4,51
SLEN	
Сахэнер ао
90	
442 961	
6,555	
6,62	
6,255	
6,685	
6,415
UWGN	
ОВК ао
134	
423 057	
232,4	
231,6	
230	
233,8	
232
INGR	
ИНГРАД ао
98	
422 101	
812	
805	
804	
820	
806
HIMCP	
Химпром ап
99	
418 932	
6,13	
6,2	
6,1	
6,2	
6,12
NNSBP	
ТНСэнНН ап
85	
418 380	
718	
708	
691	
741	
696
MAGE	
МагадЭн ао
44	
414 540	
6,28	
6,35	
6,2	
6,35	
6,29
UTAR	
ЮТэйр ао
85	
401 189	
7,16	
7,18	
7,13	
7,22	
7,16
UKUZ	
ЮжКузб. ао
120	
393 108	
562	
552	
544	
590	
544
ROST	
РОСИНТЕРао
103	
386 882	
62,8	
62	
61,6	
63,8	
62,2
VJGZP	
Варьеган-п
68	
377 370	
370	
370	
363	
379	
373
TGKDP	
Квадра-п
65	
374 636	
0,00427	
0,00427	
0,004215	
0,0043	
0,004275
PAZA	
ПавлАвт ао
27	
370 900	
9 050	
8 920	
8 920	
9 150	
9 070
KAZTP	
Куйбазот-п
55	
348 460	
146,4	
147,8	
145	
148,6	
146,6
MRKZ	
МРСК СЗ
108	
347 674	
0,05145	
0,05225	
0,05075	
0,05225	
0,05115
VLHZ	
ВХЗ-ао
58	
340 396	
56,45	
56,15	
55,55	
57,5	
55,6
DVEC	
ДЭК ао
90	
338 685	
0,93	
0,935	
0,925	
0,938	
0,93
PRMB	
Приморье
13	
334 000	
25 600	
25 200	
25 200	
26 200	
25 600
ALBK	
БестЭфБ ао
62	
323 000	
56,5	
57,5	
55,5	
57,5	
56,5
NKSH	
Нижкамшина
53	
310 892	
22,54	
22,9	
22,22	
23,1	
22,68
MRKY	
РоссЮг ао
169	
297 820	
0,05015	
0,05045	
0,0498	
0,0506	
0,05025
KAZT	
Куйбазот
17	
284 740	
149,2	
147,8	
147,8	
150,8	
148,4
VRSBP	
ТНСэнВор-п
31	
273 950	
50,5	
51	
50,5	
51	
51
KGKC	
КурганГКао
75	
259 730	
58	
56	
56	
60	
56,5
KGKCP	
КурганГКап
40	
257 815	
55,5	
55,5	
54,5	
56	
55,5
YKENP	
Якутскэн-п
19	
252 865	
0,408	
0,413	
0,405	
0,4185	
0,4185
RTGZ	
ГазпРнД ао
9	
246 600	
27 400	
27 150	
26 900	
27 600	
26 950
VGSBP	
ВолгЭнСб-п
66	
244 550	
2,09	
2,105	
2,03	
2,13	
2,105
TORS	
ТРК ао
49	
242 560	
0,476	
0,488	
0,459	
0,488	
0,461
VSYDP	
ВыбСудЗ ап
29	
235 720	
4 060	
4 080	
4 020	
4 100	
4 060
YAKG	
ЯТЭК ао
28	
227 905	
42,2	
42,3	
41,95	
42,4	
42,4
NAUK	
iНПОНаука
37	
225 848	
203,6	
203,2	
202,2	
204,6	
204,6
ZVEZ	
ЗВЕЗДА ао
33	
222 710	
4,74	
4,73	
4,675	
4,83	
4,705
DZRDP	
iДонскЗР п
37	
214 910	
1 870	
1 860	
1 850	
1 890	
1 860
YKEN	
Якутскэнрг
36	
207 370	
0,4145	
0,411	
0,405	
0,4245	
0,411
OMZZP	
ОМЗ-ап
41	
206 265	
3 750	
3 700	
3 680	
3 900	
3 725
SAREP	
СаратЭн-ап
56	
205 690	
0,1254	
0,1274	
0,123	
0,1274	
0,1254
GTRK	
ГТМ ао
155	
202 233	
43,6	
43,95	
43,4	
43,95	
43,4
ASSB	
АстрЭнСб
115	
196 981	
0,788	
0,795	
0,7795	
0,81	
0,792
MISB	
ТНСэнМарЭл
54	
183 480	
12,3	
12,5	
12,1	
12,7	
12,4
RLMN	
Роллман
72	
176 087	
18,95	
19,1	
18,8	
19,15	
18,9
RDRB	
РДБанк ао
12	
163 550	
230	
235	
230	
235	
230
RUSI	
ИКРУСС-ИНВ
21	
160 050	
40	
38,6	
38,3	
41	
40,9
GAZA	
ГАЗ ао
18	
153 005	
413,5	
410,5	
410	
414,5	
413,5
VJGZ	
Варьеган
39	
151 430	
656	
653	
634	
667	
658
MRKS	
РсетСиб ао
17	
151 185	
0,24	
0,2425	
0,2395	
0,2425	
0,2395
TASBP	
ТамбЭнСб-п
21	
148 495	
0,362	
0,368	
0,355	
0,374	
0,3595
MISBP	
ТНСэМаЭл-п
38	
143 450	
12,2	
12	
12	
12,5	
12,3
KRSB	
Красэсб ао
12	
136 640	
7,19	
7,34	
7,06	
7,34	
7,13
ELTZ	
Электрцинк
58	
135 387	
189,5	
193	
188	
193	
190
UCSS	
ОКС ао
35	
127 390	
1 450	
1 470	
1 440	
1 470	
1 440
RZSB	
РязЭнСб
12	
125 140	
9,64	
9,76	
9,5	
9,76	
9,5
SAGO	
СамарЭн-ао
13	
124 200	
0,46	
0,462	
0,456	
0,462	
0,462
KBTK	
КузбТК ао
38	
119 564	
151,4	
151	
150,6	
153,6	
151,4
JNOSP	
Слав-ЯНОСп
30	
119 410	
14,22	
14,26	
13,6	
14,54	
14,3
MAGEP	
МагадЭн ап
12	
117 810	
7,35	
7,39	
7,23	
7,4	
7,4
TUZA	
ТЗА ао
21	
116 970	
102	
102	
101	
103	
101
KMEZ	
КМЗ
40	
116 446	
531,5	
537,5	
525	
537,5	
529
LPSB	
ЛЭСК ао
43	
113 610	
8,55	
8,55	
8,45	
8,6	
8,6
KROTP	
КрасОкт-1п
15	
111 855	
273	
271,5	
270,5	
278	
270,5
JNOS	
Славн-ЯНОС
11	
108 535	
19,05	
19,05	
19	
19,15	
19,15
MRKK	
Россети СК
39	
106 902	
25,64	
26,06	
25,32	
26,06	
25,94
KCHE	
КамчатЭ ао
34	
102 030	
0,217	
0,219	
0,21	
0,2195	
0,219
ROSB	
Росбанк ао
46	
100 630	
77,4	
79	
76	
79	
76,8
WTCM	
ЦМТ ао
13	
97 566	
9,38	
9,38	
9,36	
9,46	
9,44
TASB	
ТамбЭнСб
13	
94 560	
0,473	
0,4745	
0,469	
0,4885	
0,469
EELT	
ЕвроЭлтех
73	
94 507	
8,1	
8,06	
8,04	
8,16	
8,12
AVAN	
Авангрд-ао
29	
93 375	
855	
860	
850	
865	
850
BLNG	
Белон ао
50	
93 015	
4,286	
4,34	
4,252	
4,34	
4,298
IGSTP	
Ижсталь ап
33	
92 714	
909	
911	
905	
917	
906
KUBE	
Кубанэнр
49	
89 285	
75,7	
75,5	
75	
76	
76
WTCMP	
ЦМТ ап
14	
82 322	
8,5	
8,26	
8,26	
8,56	
8,4
IGST	
Ижсталь2ао
22	
82 011	
1 025	
1 016	
1 016	
1 038	
1 032
VSYD	
ВыбСудЗ ао
9	
79 305	
4 175	
4 125	
4 125	
4 220	
4 190
RLMNP	
Роллман-п
121	
76 120	
19,04	
19,02	
18,8	
19,56	
19,04
YRSB	
ТНСэнЯр
7	
67 540	
184	
182	
180	
184	
180
KRKN	
СаратНПЗ
5	
64 450	
12 900	
12 900	
12 850	
12 950	
12 900
NFAZ	
Нефтекамск
10	
55 506	
168,2	
168	
167,4	
168,8	
168,8
DZRD	
iДонскЗР
19	
55 230	
2 300	
2 280	
2 270	
2 330	
2 330
KRSBP	
Красэсб ап
5	
43 860	
7,32	
7,36	
7,28	
7,36	
7,28
TORSP	
ТРК ап
11	
42 405	
0,2825	
0,282	
0,2805	
0,284	
0,284
GAZAP	
ГАЗ ап
8	
40 290	
310	
307	
307	
312	
311,5
KTSB	
КСБ ао
29	
35 834	
0,748	
0,758	
0,736	
0,758	
0,748
MFGS	
Мегион-ао
3	
30 960	
388	
387	
387	
387	
387
KCHEP	
КамчатЭ ап
7	
27 610	
0,394	
0,397	
0,388	
0,399	
0,39
YRSBP	
ТНСэнЯр-п
12	
25 680	
95	
95	
94	
97	
96,5
SAGOP	
СамарЭн-ап
3	
20 200	
0,404	
0,404	
0,404	
0,404	
0,404
MFGSP	
Мегион-ап
4	
19 585	
326,5	
331	
325,5	
331	
325,5
KUNF	
КУЗОЦМ ао
0	
0	
-	
-	
-	
-	
-
PRTK	
ПРОТЕК ао
0	
0	
-	
-	
-	
-	
99,6
GAZC	
ГАЗКОН-ао
0	
0	
-	
-	
-	
-	
295
GTSS	
ГЕОТЕК ао
0	
0	
-	
-	
-	
-	
-
NPOF	
Физика ао
0	
0	
-	
-	
-	
-	
11 850
TRCN	
ТрансК ао
0	
0	
-	
-	
-	
-	
8 595
KMTZ	
КосогМЗ ао
0	
0	
-	
-	
-	
-	
-
KZMS	
КЗМС ао
0	
0	
-	
-	
-	
-	
226
TRFM	
ТрансФ ао
0	
0	
-	
-	
-	
-	
-
GAZS	
ГАЗ-сервис
0	
0	
-	
-	
-	
-	
293
HIMC	
Химпром ао
0	
0	
-	
-	
-	
-	
0,99
GAZT	
ГАЗ-Тек ао
0	
0	
-	
-	
-	
-	
85
KSGR	
Кокс ао
0	
0	
-	
-	
-	
-	
-
MOBB	
МосОблБанк
0	
0	
-	
-	
-	
-	
0,698
URKA	
Уркалий-ао
0	
0	
-	
-	
-	
-	
119,04
VZRZ	
Возрожд-ао
0	
0	
-	
-	
-	
-	
480
BISV	
БашИнСв ао
0	
0	
-	
-	
-	
-	
8,7
MFON	
МегаФон ао
0	
0	
-	
-	
-	
-	
650,6
KRKO	
ТКЗКК ао
0	
0	
-	
-	
-	
-	
11,8
MORI	
Морион ао
0	
0	
-	
-	
-	
-	
4,31