SBER	
Сбербанк
109 891	
17 405 263 503	
210,95	
210,04	
208,9	
213,25	
210,07
YNDX	
Yandex clA
77 449	
8 104 296 525	
4 361,2	
4 352,8	
4 263,6	
4 440	
4 397
GAZP	
ГАЗПРОМ ао
76 047	
6 058 290 170	
165,14	
166,8	
163,87	
167,3	
163,96
GMKN	
ГМКНорНик
25 832	
5 796 977 444	
19 994	
20 200	
19 754	
20 368	
19 754
LKOH	
ЛУКОЙЛ
24 522	
3 705 958 265	
4 235	
4 297	
4 202	
4 297	
4 204
VTBR	
ВТБ ао
78 771	
3 130 467 467	
0,034055	
0,03396	
0,033325	
0,03467	
0,033385
TATN	
Татнфт 3ао
43 998	
2 168 798 570	
420,3	
421,7	
416,1	
428,6	
418
PLZL	
Полюс
14 412	
2 116 623 397	
16 856	
17 153	
16 667,5	
17 218	
16 701
SBERP	
Сбербанк-п
35 160	
1 909 286 770	
197,7	
197,85	
195,97	
199,97	
197,65
POLY	
Polymetal
19 467	
1 601 133 890	
1 757,3	
1 779,3	
1 732	
1 784	
1 774,9
MOEX	
МосБиржа
17 274	
1 321 878 623	
147,35	
146,52	
146	
148,6	
146,77
MGNT	
Магнит ао
17 356	
1 301 598 065	
4 873	
4 911,5	
4 829	
4 934	
4 857
NVTK	
Новатэк ао
19 144	
1 265 428 579	
1 049,6	
1 064,8	
1 037	
1 066,4	
1 038
AFKS	
Система ао
16 420	
954 038 775	
25,435	
25,948	
25,106	
25,948	
25,625
ROSN	
Роснефть
8 321	
909 764 405	
383,25	
384,6	
381,35	
385,3	
384,95
IRAO	
ИнтерРАОао
9 610	
808 405 500	
5,2415	
5,1915	
5,1915	
5,2845	
5,2595
MAGN	
ММК
12 292	
788 652 990	
36,085	
35,65	
35,65	
36,415	
36,195
MTSS	
МТС-ао
12 111	
774 171 459	
319,65	
321,95	
316,65	
321,95	
320,5
TATNP	
Татнфт 3ап
21 023	
771 966 556	
403,9	
402,6	
398,6	
410,5	
399,8
NLMK	
НЛМК ао
11 432	
761 985 966	
172,04	
172,86	
170,4	
173,34	
170,4
SNGSP	
Сургнфгз-п
8 296	
727 314 881	
37,41	
37,53	
37,29	
37,57	
37,465
AFLT	
Аэрофлот
27 141	
683 914 878	
58,42	
58,14	
58	
58,86	
58,44
CHMF	
СевСт-ао
13 601	
665 881 734	
1 009,8	
1 007,8	
1 002	
1 017,6	
1 008,2
ALRS	
АЛРОСА ао
20 926	
655 973 429	
74,74	
75,1	
73,87	
75,62	
74,56
TCSG	
TCS-гдр
15 505	
646 166 032	
1 732,2	
1 686	
1 680,4	
1 757	
1 733
MAIL	
MAIL-гдр
13 062	
618 429 531	
2 251,8	
2 270	
2 241,8	
2 273,6	
2 256,6
SNGS	
Сургнфгз
8 127	
573 719 110	
33,825	
34,15	
33,57	
34,17	
33,645
FIVE	
FIVE-гдр
9 773	
550 618 695	
2 980,5	
3 030	
2 944	
3 030	
2 962,5
SIBN	
Газпрнефть
6 032	
402 477 793	
278,8	
277,1	
275,4	
281,2	
278,9
LNTA	
Лента др
24 932	
367 909 793	
225,5	
228,4	
218,6	
233,7	
220,1
TRNFP	
Транснф ап
1 382	
312 660 900	
135 400	
137 150	
134 300	
137 400	
135 850
RTKM	
Ростел -ао
10 615	
299 723 233	
94,71	
95,15	
93,52	
96,34	
94,1
CBOM	
МКБ ао
7 208	
298 896 975	
5,559	
5,559	
5,526	
5,585	
5,536
FLOT	
Совкомфлот
13 056	
275 314 341	
99,4	
100,14	
98,4	
100,48	
98,59
HYDR	
РусГидро
8 556	
265 123 267	
0,72	
0,7245	
0,7157	
0,7245	
0,7205
RUAL	
РУСАЛ ао
19 386	
257 103 531	
32,89	
33,6	
32,5	
33,6	
32,74
POGR	
Petropavl
6 741	
232 959 440	
29,83	
30,495	
29,5	
30,615	
29,795
DSKY	
ДетскийМир
7 720	
191 752 238	
114,36	
116,3	
113,7	
116,46	
114,02
PHOR	
ФосАгро ао
4 362	
186 567 019	
2 778	
2 815	
2 755	
2 815	
2 773
FEES	
ФСК ЕЭС ао
4 673	
173 685 606	
0,1875	
0,1874	
0,18604	
0,18856	
0,188
LSRG	
ЛСР ао
13 551	
165 492 755	
910,8	
920	
902,6	
927	
907,2
RSTI	
Россети ао
3 987	
137 337 869	
1,3818	
1,389	
1,3666	
1,404	
1,3832
MVID	
М.видео
2 328	
104 635 156	
671,1	
668,2	
662	
680	
668,9
PIKK	
ПИК ао
3 930	
101 637 685	
602,7	
609	
596	
609	
602,1
AGRO	
AGRO-гдр
2 928	
73 822 883	
752,6	
754,8	
745,8	
780	
751,8
UPRO	
Юнипро ао
2 283	
59 250 272	
2,691	
2,705	
2,68	
2,708	
2,681
MSTT	
Мостотрест
6 933	
58 872 177	
116,05	
102,95	
102	
125	
108,05
BSPB	
БСП ао
5 429	
56 051 575	
43,34	
42	
41,81	
44,4	
43,87
OGKB	
ОГК-2 ао
2 421	
54 849 800	
0,7329	
0,724	
0,724	
0,74	
0,7311
ENRU	
ЭнелРос ао
2 606	
47 048 595	
0,91	
0,918	
0,899	
0,9195	
0,912
BANEP	
Башнефт ап
2 382	
44 162 327	
1 194	
1 195	
1 180,5	
1 210	
1 183
MTLR	
Мечел ао
6 043	
42 451 478	
58,34	
58,1	
57,68	
59,34	
58,29
RASP	
Распадская
962	
36 065 354	
115,1	
114,12	
113,28	
117,26	
113,44
ETLN	
ETLN-гдр
8 307	
32 545 204	
127,9	
128,7	
126,5	
128,94	
126,98
QIWI	
iQIWI
2 774	
32 255 886	
1 219	
1 233	
1 202	
1 233	
1 214,5
NMTP	
НМТП ао
2 948	
26 996 039	
8,06	
8,125	
8,02	
8,125	
8,02
TGKA	
ТГК-1
1 347	
20 724 759	
0,010526	
0,010558	
0,010434	
0,010668	
0,010498
OBUV	
ОР ао
3 729	
19 615 888	
30,05	
31,1	
28,65	
31,15	
30,25
ENPG	
ЭН+ГРУП ао
1 546	
18 455 739	
713,5	
719,5	
708	
723	
708,5
VSMO	
ВСМПО-АВСМ
229	
18 312 420	
16 220	
16 220	
16 160	
16 320	
16 300
RTKMP	
Ростел -ап
1 159	
17 274 608	
85,85	
85,6	
85,1	
86,35	
85,7
AKRN	
Акрон
621	
15 912 742	
6 092	
6 152	
6 066	
6 152	
6 084
SVAV	
СОЛЛЕРС
294	
15 805 610	
292,5	
294,5	
290	
297,5	
290
APTK	
Аптеки36и6
4 861	
15 427 095	
14,008	
14,004	
13,92	
14,184	
13,966
LNZLP	
Лензол. ап
758	
11 952 675	
4 055	
3 970	
3 945	
4 130	
4 005
BANE	
Башнефт ао
881	
10 970 548	
1 579,5	
1 571,5	
1 559,5	
1 623	
1 564
EELT	
ЕвроЭлтех
200	
10 628 410	
8	
8,34	
7,96	
8,34	
8,16
LSNGP	
РСетиЛЭ-п
814	
10 065 401	
152,1	
152,8	
151,25	
153,5	
152,6
TRMK	
ТМК ао
661	
9 509 985	
58,62	
57,9	
57,4	
59,78	
59,3
MTLRP	
Мечел ап
823	
9 182 485	
66,65	
66,2	
66	
67,15	
66,4
SELG	
Селигдар
552	
8 389 440	
45,08	
45,47	
44,69	
45,49	
45,14
HHRU	
iHHRU-адр
240	
7 827 811	
1 771	
1 813,8	
1 749,4	
1 813,8	
1 769,8
MSNG	
+МосЭнерго
454	
7 732 409	
2,045	
2,054	
2,0365	
2,0555	
2,045
GCHE	
ЧеркизГ-ао
603	
7 639 961	
1 854	
1 846,5	
1 836,5	
1 867	
1 846,5
LNZL	
Лензолото
121	
6 505 870	
19 350	
19 380	
18 840	
19 470	
19 370
RSTIP	
Россети ап
434	
6 148 041	
1,924	
1,917	
1,91	
1,933	
1,92
INGR	
ИНГРАД ао
332	
5 544 759	
950	
950	
945	
955	
955
LIFE	
iФармсинтз
615	
5 303 015	
6,61	
6,66	
6,5	
6,67	
6,595
AQUA	
РусАква ао
330	
5 054 470	
238	
237	
236,5	
239,5	
236,5
NKNCP	
НКНХ ап
726	
4 876 558	
75,62	
75,18	
75,18	
75,96	
75,64
ISKJ	
iИСКЧ ао
309	
4 311 868	
29,47	
29,2	
29,09	
29,78	
29,25
MRKP	
МРСК ЦП
347	
4 229 559	
0,2193	
0,2189	
0,2172	
0,22	
0,2189
TGKD	
Квадра
1 619	
3 519 699	
0,003825	
0,00379	
0,003775	
0,00387	
0,003825
SELGP	
Селигдар-п
199	
3 373 630	
38,8	
39	
38,35	
39,25	
38,85
NKNC	
НКНХ ао
503	
3 326 659	
83	
84	
82,1	
84	
83,3
RNFT	
РуссНфт ао
1 014	
3 311 922	
307,6	
310	
301	
312	
303,2
CNTLP	
Телеграф-п
451	
3 106 660	
13,36	
13,1	
13,08	
13,6	
13,3
KGKCP	
КурганГКап
526	
3 020 995	
60,5	
60	
57,5	
62	
59,5
FESH	
ДВМП ао
342	
3 001 382	
10,16	
10,2	
10,05	
10,32	
10,12
KZOS	
ОргСинт ао
442	
2 653 004	
75,5	
74,9	
74,9	
77,7	
75,3
STSBP	
СтаврЭнСбп
307	
2 616 123	
0,3195	
0,331	
0,317	
0,3415	
0,3265
KMEZ	
КМЗ
806	
2 513 999	
558	
522	
515	
588	
535
KRKNP	
СаратНПЗ-п
93	
2 349 360	
14 860	
14 940	
14 800	
14 940	
14 880
UNAC	
iАвиастКао
527	
2 258 998	
0,4005	
0,4005	
0,3975	
0,4035	
0,4
TGKB	
ТГК-2
161	
2 249 965	
0,003885	
0,00396	
0,003855	
0,003965	
0,00388
MRKV	
РсетВол ао
381	
2 096 414	
0,0691	
0,0688	
0,0687	
0,0697	
0,06905
BELU	
Белуга ао
389	
2 090 790	
1 245	
1 248	
1 240	
1 258	
1 245
UWGN	
ОВК ао
1 414	
1 999 907	
183,4	
184	
182,1	
186,8	
183,1
ABRD	
АбрауДюрсо
255	
1 913 680	
194,5	
200	
186,5	
200	
196,5
ROLO	
Русолово
146	
1 781 942	
6,552	
6,5	
6,45	
6,694	
6,502
KGKC	
КурганГКао
93	
1 750 615	
54,5	
54,5	
53,5	
55,5	
55
HALS	
Галс-Девел
374	
1 686 028	
1 069	
1 020	
1 020	
1 140	
1 047
MGTSP	
МГТС-4ап
182	
1 628 768	
1 818	
1 810	
1 810	
1 826	
1 812
SFIN	
САФМАР ао
35	
1 292 012	
478,6	
484,2	
466,6	
484,2	
480,2
MSRS	
РСетиМР ао
151	
1 283 929	
1,1845	
1,18	
1,1745	
1,1905	
1,189
MRSB	
МордЭнСб
95	
1 279 100	
0,441	
0,444	
0,437	
0,445	
0,442
MRKS	
РсетСиб ао
139	
1 210 000	
0,2805	
0,2645	
0,2645	
0,294	
0,288
MRKC	
МРСК Центр
777	
1 198 163	
0,2962	
0,2962	
0,2946	
0,2978	
0,2958
MAGE	
МагадЭн ао
94	
1 060 680	
5,93	
5,95	
5,76	
6,17	
5,84
NSVZ	
НаукаСвяз
224	
1 043 940	
195	
199	
190	
201,5	
198,5
IRKT	
ИРКУТ-3
98	
990 392	
30,38	
30,4	
30,02	
30,8	
30,58
CHEP	
ЧТПЗ ао
186	
855 400	
211,5	
212	
209,5	
213,5	
212
AMEZ	
АшинскийМЗ
1 007	
809 530	
4,55	
4,51	
4,51	
4,61	
4,575
ZILL	
ЗИЛ ао
40	
776 695	
2 625	
2 550	
2 525	
2 700	
2 620
IGST	
Ижсталь2ао
148	
773 232	
804	
776	
776	
823	
804
KMAZ	
КАМАЗ
542	
766 157	
61,7	
61,9	
61,5	
62,1	
61,8
RUGR	
Русгрэйн
2 154	
696 196	
9,012	
9,014	
8,95	
9,086	
8,988
SLEN	
Сахэнер ао
48	
692 419	
6,19	
6,45	
6,035	
6,45	
6,37
UNKL	
ЮУНК ао
61	
691 010	
6 400	
6 470	
6 370	
6 470	
6 370
HIMCP	
Химпром ап
146	
685 694	
6,93	
6,95	
6,86	
6,99	
6,97
CNTL	
Телеграф
128	
666 135	
15,8	
15,75	
15,75	
15,9	
15,8
RGSS	
РГС СК ао
145	
606 038	
0,1414	
0,1408	
0,1402	
0,143	
0,1408
KZOSP	
ОргСинт ап
1 333	
539 474	
10,74	
10,86	
10,62	
10,9	
10,73
TTLK	
Таттел. ао
26	
488 260	
0,3465	
0,3445	
0,3445	
0,347	
0,346
MRKZ	
МРСК СЗ
234	
484 382	
0,049	
0,04895	
0,04875	
0,04915	
0,0489
RLMN	
Роллман
322	
482 115	
14,8	
14,75	
14,55	
15	
14,95
LSNG	
РСетиЛЭ
379	
476 994	
5,11	
5,1	
5,04	
5,14	
5,13
MAGEP	
МагадЭн ап
28	
470 600	
5,88	
5,96	
5,79	
6,02	
5,88
YAKG	
ЯТЭК ао
46	
467 315	
50,25	
50,8	
49,75	
51,45	
50
VZRZP	
Возрожд-п
43	
463 546	
289,8	
290	
287,6	
291,8	
287,6
MGTS	
МГТС-5ао
61	
458 130	
2 065	
2 160	
2 005	
2 160	
2 100
ZVEZ	
ЗВЕЗДА ао
48	
433 670	
3,94	
3,905	
3,8	
3,985	
3,965
RDRB	
РДБанк ао
113	
394 000	
210	
210	
210	
215	
215
IGSTP	
Ижсталь ап
132	
392 674	
767	
766	
755	
780	
769
BRZL	
БурЗолото
97	
391 932	
987	
1 002	
975	
1 002	
984
MRKU	
МРСК Ур
82	
385 374	
0,1334	
0,1368	
0,1324	
0,1368	
0,133
GTRK	
ГТМ ао
708	
375 130	
42,1	
41,4	
41,4	
42,4	
42,15
ROST	
РОСИНТЕРао
104	
372 622	
62,8	
64,8	
61,8	
65	
63
NKHP	
НКХП ао
70	
358 930	
256,5	
258	
253,5	
262,5	
256,5
BLNG	
Белон ао
24	
357 517	
4,22	
4,22	
4,2	
4,224	
4,2
RBCM	
РБК ао
188	
354 710	
3,216	
3,248	
3,19	
3,3	
3,198
MRKY	
РоссЮг ао
427	
352 942	
0,04695	
0,0472	
0,04665	
0,04725	
0,0469
IRGZ	
ИркЭнерго
85	
324 172	
10,92	
11,06	
10,8	
11,06	
10,86
TORSP	
ТРК ап
11	
314 180	
0,2805	
0,2785	
0,278	
0,284	
0,283
VRSBP	
ТНСэнВор-п
49	
309 200	
42,5	
43	
41,5	
43,5	
43
TGKN	
ТГК-14
43	
300 220	
0,00306	
0,00306	
0,00302	
0,00308	
0,00304
VRSB	
ТНСэнВорон
23	
289 220	
67,2	
69,6	
66,8	
69,6	
67,8
RAVN	
Raven
42	
280 630	
26	
26,1	
25,7	
26,25	
25,7
GEMA	
iММЦБ ао
74	
267 607	
580,5	
582	
575,5	
586	
580,5
KUZB	
КузнецкийБ
206	
262 365	
0,01307	
0,01315	
0,01297	
0,01318	
0,01318
DVEC	
ДЭК ао
162	
250 061	
0,884	
0,881	
0,871	
0,903	
0,871
BISVP	
БашИнСв ап
110	
248 042	
9,05	
9,05	
8,84	
9,21	
8,98
ALNU	
АЛРОСА-Нюр
4	
226 600	
56 600	
56 800	
56 400	
56 800	
56 400
KOGK	
КоршГОК ао
4	
223 400	
44 600	
44 600	
44 600	
44 800	
44 600
KLSB	
КалужскСК
56	
210 306	
12,98	
13,07	
12,9	
13,09	
12,98
URKZ	
УрКузница
6	
202 740	
15 600	
15 500	
15 420	
15 820	
15 820
NFAZ	
Нефтекамск
21	
195 474	
208	
210	
206,4	
210	
208,8
KRKOP	
ТКЗКК ап
60	
191 429	
9,25	
9,24	
9,115	
9,43	
9,265
ELTZ	
Электрцинк
71	
189 498	
154,5	
155,5	
153,5	
156,5	
154,5
RKKE	
ЭнергияРКК
16	
177 860	
6 130	
6 150	
6 110	
6 150	
6 120
MGNZ	
СМЗ-ао
22	
169 180	
4 980	
4 840	
4 840	
5 040	
4 890
PMSBP	
ПермьЭнС-п
54	
168 820	
128,8	
129,4	
128,6	
129,4	
128,8
NNSBP	
ТНСэнНН ап
46	
167 481	
692	
736	
677	
736	
701
YRSB	
ТНСэнЯр
7	
164 660	
164	
166	
162	
166	
164
KTSB	
КСБ ао
32	
153 336	
0,61	
0,604	
0,604	
0,618	
0,608
YKEN	
Якутскэнрг
21	
149 610	
0,365	
0,363	
0,36	
0,369	
0,365
UCSS	
ОКС ао
9	
142 680	
1 440	
1 460	
1 430	
1 460	
1 450
DIOD	
ЗаводДИОД
51	
129 114	
7,02	
6,99	
6,97	
7,09	
7,01
KAZT	
Куйбазот
29	
127 972	
147	
148,2	
146	
149,4	
147,2
KBSB	
ТНСэКубань
47	
121 390	
126,5	
131	
122	
131,5	
129
STSB	
СтаврЭнСб
86	
121 086	
0,536	
0,54	
0,53	
0,548	
0,537
VJGZ	
Варьеган
60	
120 448	
602	
604	
599	
618	
606
USBN	
УралСиб ао
23	
119 081	
0,0654	
0,0663	
0,0649	
0,0663	
0,0658
RUSP	
Русполимет
101	
118 548	
0,634	
0,6445	
0,63	
0,6445	
0,634
YKENP	
Якутскэн-п
7	
116 160	
0,352	
0,3515	
0,3515	
0,359	
0,357
PAZA	
ПавлАвт ао
14	
111 000	
7 930	
8 150	
7 840	
8 150	
7 880
VJGZP	
Варьеган-п
15	
110 760	
326	
333	
318	
333	
323
KROT	
КрасОкт-ао
25	
108 600	
362	
360	
351,5	
368,5	
360
TGKBP	
ТГК-2 ап
131	
105 806	
0,00645	
0,00633	
0,00628	
0,00654	
0,00648
MISBP	
ТНСэМаЭл-п
17	
104 450	
11,6	
11,6	
11,5	
11,8	
11,8
NNSB	
ТНСэнНН ао
31	
103 445	
2 070	
2 165	
2 030	
2 165	
2 060
KBTK	
КузбТК ао
41	
97 712	
139,6	
143,2	
138,6	
143,2	
138,8
KRSB	
Красэсб ао
20	
96 199	
7,07	
7,1	
7,05	
7,11	
7,11
LVHK	
Левенгук
36	
93 258	
8,11	
8,16	
8	
8,17	
8,12
RTSB	
ТНСэнРст
11	
90 400	
0,53	
0,53	
0,525	
0,54	
0,54
KRSBP	
Красэсб ап
30	
86 314	
7,14	
7	
7	
7,26	
7,12
WTCMP	
ЦМТ ап
40	
84 242	
8,1	
8,06	
8,04	
8,14	
8,12
RTSBP	
ТНСэнРст-п
16	
81 930	
0,482	
0,463	
0,463	
0,499	
0,495
GAZA	
ГАЗ ао
17	
78 550	
393	
395	
390	
395	
393,5
PRMB	
Приморье
2	
76 200	
25 400	
25 400	
25 400	
25 400	
25 400
CHMK	
ЧМК ао
22	
71 375	
2 460	
2 455	
2 450	
2 485	
2 455
KRKN	
СаратНПЗ
5	
70 950	
11 850	
11 800	
11 750	
11 900	
11 750
TGKDP	
Квадра-п
32	
68 447	
0,004855	
0,00488	
0,004755	
0,00496	
0,00493
LPSB	
ЛЭСК ао
21	
66 155	
7,9	
8	
7,8	
8,05	
7,9
MRKK	
Россети СК
19	
65 964	
24,16	
24,32	
24,12	
24,58	
24,14
NAUK	
iНПОНаука
16	
63 562	
192,6	
193,2	
191,8	
193,2	
192,2
KTSBP	
КСБ ап
4	
63 070	
0,2865	
0,2935	
0,279	
0,2935	
0,2865
KCHE	
КамчатЭ ао
23	
62 855	
0,2095	
0,202	
0,202	
0,212	
0,2105
MISB	
ТНСэнМарЭл
19	
57 780	
12	
12	
11,9	
12,2	
12,1
PMSB	
ПермьЭнСб
34	
57 581	
130,9	
131	
129,9	
132,2	
130,9
UTAR	
ЮТэйр ао
25	
56 911	
6,62	
6,6	
6,58	
6,64	
6,63
SAREP	
СаратЭн-ап
31	
56 220	
0,1042	
0,106	
0,1026	
0,106	
0,1046
TUZA	
ТЗА ао
30	
52 080	
102	
103	
101	
103	
102
KAZTP	
Куйбазот-п
18	
52 014	
148,6	
147,6	
147	
149,6	
149,4
MFGS	
Мегион-ао
10	
51 455	
302,5	
306	
301,5	
306	
302
NKSH	
Нижкамшина
11	
51 042	
22,2	
22,42	
21,78	
22,42	
22,08
KCHEP	
КамчатЭ ап
8	
50 930	
0,392	
0,393	
0,386	
0,395	
0,386
SARE	
СаратЭн-ао
22	
50 210	
0,1224	
0,121	
0,1208	
0,1244	
0,121
VGSBP	
ВолгЭнСб-п
15	
48 280	
1,79	
1,835	
1,765	
1,835	
1,765
DZRDP	
iДонскЗР п
18	
46 000	
1 440	
1 420	
1 420	
1 440	
1 440
SAGOP	
СамарЭн-ап
10	
44 340	
0,443	
0,446	
0,441	
0,446	
0,444
ASSB	
АстрЭнСб
28	
43 300	
0,773	
0,7605	
0,76	
0,782	
0,7725
TORS	
ТРК ао
9	
42 970	
0,391	
0,375	
0,375	
0,393	
0,393
AVAN	
Авангрд-ао
23	
42 495	
815	
815	
810	
825	
820
CHGZ	
РН-ЗапСиб
8	
41 760	
52,2	
51,8	
51,8	
53	
52,2
DZRD	
iДонскЗР
13	
36 575	
2 030	
2 020	
1 995	
2 050	
2 010
UKUZ	
ЮжКузб. ао
19	
35 698	
496	
498	
494	
498	
496
TASBP	
ТамбЭнСб-п
11	
35 075	
0,27	
0,267	
0,267	
0,272	
0,272
OMZZP	
ОМЗ-ап
6	
30 310	
3 370	
3 370	
3 360	
3 370	
3 365
ARSA	
Арсагера
7	
29 250	
3,66	
3,7	
3,62	
3,7	
3,62
ALBK	
БестЭфБ ао
13	
27 995	
57	
57,5	
56,5	
57,5	
57
RTGZ	
ГазпРнД ао
1	
26 650	
26 650	
26 650	
26 650	
26 650	
26 650
TNSE	
ТНСэнрг ао
14	
24 815	
955	
955	
950	
955	
955
SAGO	
СамарЭн-ао
4	
22 680	
0,568	
0,568	
0,566	
0,568	
0,568
KUBE	
Кубанэнр
14	
20 693	
69	
69,7	
68,5	
69,7	
69,1
VLHZ	
ВХЗ-ао
8	
19 834	
53,6	
54,3	
53,55	
54,3	
53,8
VSYD	
ВыбСудЗ ао
5	
19 130	
3 825	
3 805	
3 805	
3 860	
3 860
GAZAP	
ГАЗ ап
4	
18 410	
307	
308	
304,5	
308	
304,5
JNOSP	
Слав-ЯНОСп
5	
18 364	
14,12	
13,9	
13,8	
14,2	
13,8
VSYDP	
ВыбСудЗ ап
4	
15 260	
3 820	
3 800	
3 800	
3 840	
3 820
WTCM	
ЦМТ ао
12	
14 866	
8,74	
8,78	
8,72	
8,82	
8,82
JNOS	
Славн-ЯНОС
4	
14 470	
18,1	
18,1	
18	
18,15	
18
RZSB	
РязЭнСб
9	
13 324	
8,88	
8,76	
8,76	
9,02	
9
KROTP	
КрасОкт-1п
3	
10 500	
262,5	
265	
260	
265	
260
CHKZ	
ЧКПЗ ао
2	
10 360	
5 180	
5 180	
5 180	
5 180	
5 180
VGSB	
ВолгЭнСб
1	
7 580	
3,79	
3,79	
3,79	
3,79	
3,79
ROSB	
Росбанк ао
6	
7 472	
74,8	
74,8	
74,2	
75	
74,6
RLMNP	
Роллман-п
10	
5 286	
17,06	
17,18	
17	
17,18	
17
YRSBP	
ТНСэнЯр-п
3	
2 720	
90,5	
91	
90	
91	
91
BISV	
БашИнСв ао
0	
0	
-	
-	
-	
-	
8,7
KRKO	
ТКЗКК ао
0	
0	
-	
-	
-	
-	
11,8
MORI	
Морион ао
0	
0	
-	
-	
-	
-	
4,31
DERZP	
Держава ап
0	
0	
-	
-	
-	
-	
-
GAZC	
ГАЗКОН-ао
0	
0	
-	
-	
-	
-	
295
GTSS	
ГЕОТЕК ао
0	
0	
-	
-	
-	
-	
-
KUNF	
КУЗОЦМ ао
0	
0	
-	
-	
-	
-	
-
PRTK	
ПРОТЕК ао
0	
0	
-	
-	
-	
-	
99,6
RUSI	
ИКРУСС-ИНВ
0	
0	
-	
-	
-	
-	
37,7
NPOF	
Физика ао
0	
0	
-	
-	
-	
-	
11 850
TRCN	
ТрансК ао
0	
0	
-	
-	
-	
-	
8 595
BISV	
БашИнСв ао
0	
0	
-	
-	
-	
-	
8,7
GAZS	
ГАЗ-сервис
0	
0	
-	
-	
-	
-	
293
KMTZ	
КосогМЗ ао
0	
0	
-	
-	
-	
-	
-
KZMS	
КЗМС ао
0	
0	
-	
-	
-	
-	
226
TRFM	
ТрансФ ао
0	
0	
-	
-	
-	
-	
-
GAZT	
ГАЗ-Тек ао
0	
0	
-	
-	
-	
-	
85
HIMC	
Химпром ао
0	
0	
-	
-	
-	
-	
0,99
TASB	
ТамбЭнСб
0	
0	
-	
-	
-	
-	
0,392
KSGR	
Кокс ао
0	
0	
-	
-	
-	
-	
-
MFGSP	
Мегион-ап
0	
0	
-	
-	
-	
-	
280
TRFM	
ТрансФ ао
0	
0	
-	
-	
-	
-	
-
URKA	
Уркалий-ао
0	
0	
-	
-	
-	
-	
119,04
VZRZ	
Возрожд-ао
0	
0	
-	
-	
-	
-	
480