SBER	
Сбербанк
87 288	
15 206 482 114	
228,25	
226	
225,46	
230,28	
227,03
YNDX	
Yandex clA
142 254	
14 477 851 335	
4 671,4	
4 534	
4 490	
4 900	
4 528
LKOH	
ЛУКОЙЛ
44 751	
6 549 543 327	
4 518,5	
4 504	
4 458	
4 560	
4 491
GAZP	
ГАЗПРОМ ао
58 909	
6 525 427 167	
179,2	
176,51	
176,42	
180,9	
178,5
GMKN	
ГМКНорНик
27 731	
5 437 315 530	
18 662	
18 690	
18 490	
18 868	
18 582
POLY	
Polymetal
41 925	
3 502 791 107	
1 652,7	
1 700	
1 633,9	
1 701	
1 659,6
TATN	
Татнфт 3ао
53 114	
3 375 008 770	
476,2	
478,8	
469,2	
482,8	
474,3
PLZL	
Полюс
19 915	
3 279 361 583	
16 365	
16 255	
16 126	
16 676,5	
16 283,5
MGNT	
Магнит ао
33 472	
3 182 538 560	
4 863	
4 758,5	
4 717	
4 965	
4 930
MOEX	
МосБиржа
34 443	
2 395 555 181	
145,64	
140,8	
140,8	
148,7	
144,24
SBERP	
Сбербанк-п
31 403	
2 103 359 036	
221,03	
218,97	
218,55	
223	
220,35
MAIL	
MAIL-гдр
40 453	
1 974 052 840	
2 253	
2 202,2	
2 188	
2 357,6	
2 244
VTBR	
ВТБ ао
52 142	
1 766 978 837	
0,0346	
0,034835	
0,0343	
0,035115	
0,0343
TCSG	
TCS-гдр
40 025	
1 764 923 570	
2 074,8	
1 937,4	
1 937,4	
2 195	
1 997
ROSN	
Роснефть
13 549	
1 550 966 998	
372,45	
367,7	
366,75	
375,7	
372,55
MAGN	
ММК
13 212	
1 272 293 352	
38,76	
38,745	
38,065	
39,145	
38,76
ALRS	
АЛРОСА ао
23 900	
1 235 343 985	
74,44	
75,1	
73,69	
75,24	
74,7
MTSS	
МТС-ао
11 681	
1 120 267 007	
339,25	
337,05	
335,8	
341,95	
339,2
IRAO	
ИнтерРАОао
11 613	
1 092 014 030	
5,6885	
5,714	
5,608	
5,7675	
5,635
TATNP	
Татнфт 3ап
28 641	
958 625 733	
464,6	
470,4	
457,8	
475,9	
462,4NVTK	
Новатэк ао
9 638	
930 178 228	
1 094	
1 086	
1 078	
1 106,8	
1 082
HYDR	
РусГидро
20 002	
879 155 575	
0,7603	
0,7548	
0,7469	
0,7685	
0,7632
AFKS	
Система ао
13 181	
862 373 174	
20,579	
20,055	
19,989	
20,9	
20,416
CHMF	
СевСт-ао
12 158	
857 808 693	
974,8	
967,4	
966,6	
981,6	
972
NLMK	
НЛМК ао
10 057	
831 641 659	
166,78	
165,62	
165,4	
168,1	
166,1
SNGS	
Сургнфгз
9 431	
799 666 877	
35,45	
35,235	
35,175	
35,75	
35,295
SNGSP	
Сургнфгз-п
14 406	
749 531 830	
37,275	
37,53	
37,1	
37,64	
37,16
FIVE	
FIVE-гдр
10 666	
683 198 670	
2 897	
2 824	
2 824	
2 960	
2 884,5
AFLT	
Аэрофлот
21 293	
676 163 650	
77,84	
79,12	
76,86	
79,3	
77,36
SIBN	
Газпрнефть
10 112	
473 825 690	
296,8	
296	
295,15	
299,7	
295,4
POGR	
Petropavl
8 300	
350 155 524	
33,88	
34	
33,47	
34,495	
33,655
RTKM	
Ростел -ао
6 694	
324 849 562	
97,67	
96,75	
96,69	
98,47	
97
CBOM	
МКБ ао
8 613	
322 539 870	
5,693	
5,683	
5,668	
5,735	
5,676
MVID	
М.видео
7 319	
309 666 897	
607	
589,5	
587,6	
626	
603,3
RSTI	
Россети ао
5 177	
301 686 688	
1,5018	
1,484	
1,482	
1,516	
1,4898
FEES	
ФСК ЕЭС ао
5 387	
279 962 226	
0,20122	
0,20188	
0,19952	
0,20304	
0,2
DSKY	
ДетскийМир
8 789	
265 972 987	
113,8	
113,16	
112,86	
114,5	
114,2
TRNFP	
Транснф ап
980	
240 232 300	
143 150	
142 900	
142 550	
144 550	
144 050
PHOR	
ФосАгро ао
5 209	
230 015 433	
2 697	
2 719	
2 671	
2 725	
2 671
UPRO	
Юнипро ао
3 169	
157 587 198	
2,772	
2,785	
2,751	
2,795	
LNTA	
Лента др
8 527	
144 599 592	
212,3	
213,2	
209	
215	
211,2
OGKB	
ОГК-2 ао
4 153	
89 519 207	
0,7787	
0,7681	
0,7681	
0,7892	
0,7753
LSRG	
ЛСР ао
3 727	
74 826 371	
865,6	
869	
860,4	
877,8	
867
BANEP	
Башнефт ап
4 157	
72 370 077	
1 257,5	
1 271,5	
1 250,5	
1 271,5	
1 251
LNZL	
Лензолото
750	
66 044 000	
18 610	
18 130	
18 130	
18 960	
18 590
ENRU	
ЭнелРос ао
2 572	
57 083 643	
0,937	
0,9295	
0,922	
0,9425	
0,9395
QIWI	
iQIWI
2 129	
56 254 742	
1 231,5	
1 231	
1 204	
1 245	
1 225
ETLN	
ETLN-гдр
2 802	
51 973 624	
123,7	
123,5	
122,3	
124,98	
122,66
PIKK	
ПИК ао
1 702	
51 181 118	
554,1	
552	
547,1	
559	
552
ENPG	
ЭН+ГРУП ао
898	
43 738 835	
674,5	
650,5	
650	
689	
687
MTLRP	
Мечел ап
2 240	
40 443 278	
67,85	
67,2	
67,15	
69,35	
67,7
ISKJ	
iИСКЧ ао
2 812	
40 226 763	
27,14	
24,79	
24,29	
29	
29
MTLR	
Мечел ао
3 844	
38 205 100	
61,95	
61,21	
61,21	
62,45	
61,97
RASP	
Распадская
977	
37 611 548	
118,3	
117,86	
116,88	
119,6	
118,9
NMTP	
НМТП ао
2 945	
35 100 842	
8,76	
8,895	
8,7	
8,895	
8,7
TRMK	
ТМК ао
621	
33 238 689	
60,92	
60,88	
60,86	
60,98	
60,92
TGKA	
ТГК-1
1 478	
24 583 273	
0,01133	
0,011172	
0,011172	
0,011428	
0,011358
RTKMP	
Ростел -ап
1 380	
24 552 079	
87,8	
86,6	
86,3	
88,4	
87,65
APTK	
Аптеки36и6
5 409	
23 994 531	
13,844	
13,93	
13,64	
14,072	
13,718
FESH	
ДВМП ао
1 427	
23 468 922	
9,29	
9,01	
9,01	
9,46	
AGRO	
AGRO-гдр
1 827	
22 090 091	
729,4	
734,6	
721	
735,6	
731,8
SELG	
Селигдар
1 270	
18 056 399	
41,55	
42,3	
40,51	
42,7	
41,2
RSTIP	
Россети ап
603	
17 696 066	
2,056	
2,021	
2,021	
2,09	
2,047
NFAZ	
Нефтекамск
875	
17 536 948	
203,4	
196,4	
185,6	
220	
205
MSNG	
+МосЭнерго
690	
15 992 639	
2,0505	
2,0395	
2,0395	
2,0595	
2,054
AKRN	
Акрон
358	
14 152 074	
6 000	
5 986	
5 948	
6 032	
6 030
BANE	
Башнефт ао
1 147	
14 131 171	
1 663,5	
1 674,5	
1 651,5	
1 742,5	
1 656,5
LSNGP	
РСетиЛЭ-п
848	
13 390 210	
153,65	
152	
151,45	
155	
154,05
MRKP	
МРСК ЦП
686	
12 305 763	
0,2162	
0,2157	
0,21	
0,219	
0,2183
NKNCP	
НКНХ ап
1 061	
8 882 445	
78,04	
78,06	
77,42	
78,68	
78,04
BSPB	
БСП ао
1 038	
8 642 378	
42,96	
42,48	
42,48	
43,33	
42,64
LIFE	
iФармсинтз
755	
8 187 451	
7,09	
7,01	
6,965	
7,23	
7,05
SELGP	
Селигдар-п
420	
6 177 100	
35,7	
35,8	
34,85	
36,2	
35,85
MRKC	
МРСК Центр
932	
5 795 261	
0,296	
0,2968	
0,292	
0,2998	
0,296
OBUV	
ОР ао
1 164	
5 355 716	
32,55	
32,35	
32,25	
32,8	
32,5
RNFT	
РуссНфт ао
838	
5 166 589	
366,8	
362,6	
362,4	
373	
366,4
VSMO	
ВСМПО-АВСМ
143	
4 623 180	
17 260	
17 160	
17 120	
17 420	
17 160
LNZLP	
Лензол. ап
402	
4 476 715	
4 035	
3 995	
3 960	
4 150	
4 030
AQUA	
РусАква ао
412	
4 450 535	
218,5	
216,5	
216,5	
221,5	
219
MRKV	
РсетВол ао
339	
4 391 196	
0,06885	
0,0684	
0,0679	
0,069	
KRKNP	
СаратНПЗ-п
140	
4 298 380	
15 460	
15 480	
15 400	
15 540	
15 500
GCHE	
ЧеркизГ-ао
559	
4 292 638	
1 870,5	
1 864	
1 860	
1 882,5	
1 860
LVHK	
Левенгук
1 197	
3 821 791	
8,65	
8,49	
8,2	
9,19	
8,4
ROLO	
Русолово
248	
3 504 662	
6,478	
6,59	
5,358	
6,776	
6,602
MSRS	
РСетиМР ао
165	
3 262 618	
1,177	
1,1845	
1,163	
1,1845	
1,1715
SFIN	
САФМАР ао
243	
3 133 608	
514,6	
503,8	
503,8	
520,4	
512,8
ALNU	
АЛРОСА-Нюр
35	
3 113 600	
56 600	
56 800	
56 000	
57 200	
56 600
TGKB	
ТГК-2
182	
3 000 070	
0,00413	
0,004195	
0,0041	
0,004195	
0,00414
TTLK	
Таттел. ао
186	
2 867 370	
0,3325	
0,326	
0,325	
0,3375	
0,333
BISVP	
БашИнСв ап
205	
2 472 478	
10,53	
10,22	
10,15	
10,76	
10,37
CNTLP	
Телеграф-п
349	
2 447 990	
14,66	
14,56	
14,4	
14,9	
14,6
HIMCP	
Химпром ап
661	
2 434 057	
7,98	
7,9	
7,88	
8,16	
8,05
NKNC	
НКНХ ао
379	
2 386 214	
90,4	
90,55	
89,7	
91,4	
90,4
SVAV	
СОЛЛЕРС
120	
2 130 475	
288,5	
283	
283	
291,5	
289
KZOS	
ОргСинт ао
400	
1 953 583	
84,1	
84,5	
83,7	
84,5	
83,9
MRSB	
МордЭнСб
125	
1 872 820	
0,431	
0,429	
0,423	
0,437	
0,432
RKKE	
ЭнергияРКК
180	
1 785 300	
7 350	
7 130	
7 100	
7 700	
7 150
YAKG	
ЯТЭК ао
61	
1 716 060	
43,55	
43,5	
43,1	
43,95	
43,6
LSNG	
РСетиЛЭ
420	
1 624 309	
5,63	
5,88	
5,41	
5,88	
5,76
PAZA	
ПавлАвт ао
112	
1 533 620	
7 780	
8 280	
7 150	
8 290	
RLMNP	
Роллман-п
361	
1 393 242	
20,5	
18,96	
18,8	
26,58	
19,5
IRKT	
ИРКУТ-3
141	
1 392 308	
33,72	
33,82	
33,54	
33,88	
33,76
AVAN	
Авангрд-ао
298	
1 345 495	
815	
840	
790	
840	
815
UNKL	
ЮУНК ао
87	
1 323 300	
6 680	
6 650	
6 630	
6 790	
6 640
CHEP	
ЧТПЗ ао
160	
1 287 340	
211,5	
212,5	
209	
213,5	
213
YKEN	
Якутскэнрг
91	
1 260 490	
0,4025	
0,4	
0,39	
0,41	
0,4015
NSVZ	
НаукаСвяз
176	
1 225 200	
211	
211	
209,5	
213,5	
210,5
MRKU	
МРСК Ур
178	
1 186 142	
0,1408	
0,141	
0,14	
0,1428	
0,1412
CNTL	
Телеграф
189	
1 082 955	
16,85	
16,8	
16,6	
17,05	
16,9
BELU	
Белуга ао
133	
1 043 902	
1 273	
1 303	
1 264	
1 304	
1 280
UWGN	
ОВК ао
173	
1 041 686	
211,7	
217,9	
210,4	
217,9	
210,7
UNAC	
iАвиастКао
142	
1 001 936	
0,4495	
0,446	
0,444	
0,4515	
0,4485
IRGZ	
ИркЭнерго
73	
961 624	
12,06	
11,94	
11,94	
12,2	
12,14
KMAZ	
КАМАЗ
472	
923 102	
62,3	
61,8	
61,8	
62,8	
62,1
MGTSP	
МГТС-4ап
134	
918 730	
1 968	
1 966	
1 958	
1 978	
1 966
KTSBP	
КСБ ап
22	
884 220	
0,2845	
0,28	
0,28	
0,288	
0,282
RUGR	
Русгрэйн
636	
818 511	
9,136	
9,16	
9,02	
9,228	
9,16
RGSS	
РГС СК ао
173	
734 631	
0,1482	
0,1464	
0,1464	
0,15	
0,148
DZRDP	
iДонскЗР п
86	
728 070	
1 880	
1 930	
1 840	
1 930	
1 840
RLMN	
Роллман
270	
712 378	
18,45	
17,95	
17,9	
19,1	
VRSB	
ТНСэнВорон
65	
662 980	
76,2	
74,6	
72	
79,4	
76
DVEC	
ДЭК ао
55	
627 403	
0,912	
0,911	
0,91	
0,917	
0,917
VLHZ	
ВХЗ-ао
147	
609 038	
52,75	
53,05	
52,3	
53,9	
53,3
RTGZ	
ГазпРнД ао
2	
578 600	
26 300	
26 300	
26 300	
26 300	
26 300
ABRD	
АбрауДюрсо
124	
550 410	
203	
204	
202	
204	
203
CHMK	
ЧМК ао
51	
539 665	
2 605	
2 630	
2 585	
2 640	
2 595
GEMA	
iММЦБ ао
61	
526 541	
597	
598,5	
586	
602,5	
597,5
UTAR	
ЮТэйр ао
76	
525 410	
7,07	
6,9	
6,87	
7,18	
7,06
TGKD	
Квадра
89	
495 043	
0,003585	
0,003585	
0,003555	
0,00362	
0,0036
NAUK	
iНПОНаука
83	
466 430	
200,2	
197,2	
197	
203,4	
199,6
RBCM	
РБК ао
190	
454 729	
3,31	
3,36	
3,252	
3,366	
3,252
KUZB	
КузнецкийБ
234	
434 723	
0,01505	
0,01509	
0,01495	
0,01517	
0,01502
VRSBP	
ТНСэнВор-п
41	
426 350	
45	
45,5	
44	
46	
45,5
BLNG	
Белон ао
148	
422 488	
4,102	
4,1	
4,05	
4,16	
4,14
PMSB	
ПермьЭнСб
41	
417 499	
133,8	
131,9	
131,9	
134,6	
132,1
KRKN	
СаратНПЗ
25	
415 300	
12 600	
12 600	
12 300	
12 850	
12 500
AMEZ	
АшинскийМЗ
282	
391 593	
4,665	
4,585	
4,58	
4,74	
4,7
VGSBP	
ВолгЭнСб-п
66	
377 575	
2,02	
2,075	
2	
2,075	
2,035
MAGE	
МагадЭн ао
39	
367 040	
5,83	
5,96	
5,73	
5,98	
5,74
MGTS	
МГТС-5ао
47	
364 325	
2 220	
2 185	
2 180	
2 280	
BRZL	
БурЗолото
109	
356 877	
1 075	
1 075	
1 071	
1 080	
1 079
KZOSP	
ОргСинт ап
285	
352 133	
11,38	
11,21	
11,21	
11,5	
11,33
MAGEP	
МагадЭн ап
29	
341 140	
5,98	
6,2	
5,85	
6,3	
5,86
DIOD	
ЗаводДИОД
92	
333 960	
6,84	
6,81	
6,78	
6,9	
6,82
HALS	
Галс-Девел
72	
328 909	
1 179	
1 199	
1 163	
1 200	
1 168
MRKZ	
МРСК СЗ
63	
328 324	
0,0502	
0,05	
0,04995	
0,0506	
0,04995
SAGO	
СамарЭн-ао
32	
319 140	
0,58	
0,578	
0,572	
0,586	
0,586
VGSB	
ВолгЭнСб
42	
298 675	
4,09	
4,07	
4,02	
4,195	
4,07
TGKN	
ТГК-14
57	
282 480	
0,00314	
0,00312	
0,00309	
0,00317	
0,00316
ZILL	
ЗИЛ ао
17	
273 605	
2 535	
2 455	
2 455	
2 555	
2 540
GTRK	
ГТМ ао
135	
270 706	
42,3	
42,3	
42,15	
42,55	
42,4
VJGZP	
Варьеган-п
25	
248 770	
341	
347	
337	
347	
341
VSYD	
ВыбСудЗ ао
36	
235 345	
3 795	
3 920	
3 005	
3 965	
3 915
RUSP	
Русполимет
66	
232 766	
0,6395	
0,6385	
0,6315	
0,649	
0,634
RTSB	
ТНСэнРст
10	
230 700	
0,575	
0,575	
0,57	
0,595	
0,58
PMSBP	
ПермьЭнС-п
42	
227 204	
130,6	
130,6	
130,2	
131,6	
130,6
NKHP	
НКХП ао
49	
225 785	
262,5	
264,5	
260,5	
265	
262
MRKS	
РсетСиб ао
20	
219 380	
0,2335	
0,2355	
0,233	
0,2355	
0,233
MRKY	
РоссЮг ао
87	
214 341	
0,0485	
0,048	
0,048	
0,04935	
0,0483
ARSA	
Арсагера
22	
191 790	
4,17	
4,19	
4,15	
4,25	
PRMB	
Приморье
7	
191 200	
27 400	
27 400	
27 200	
27 600	
27 600
KLSB	
КалужскСК
42	
186 351	
13,4	
13,32	
13,3	
13,58	
13,53
ROST	
РОСИНТЕРао
45	
182 308	
61,4	
62,2	
61,2	
62,2	
61,4
UCSS	
ОКС ао
8	
174 450	
1 470	
1 460	
1 460	
1 480	
1 480
SARE	
СаратЭн-ао
37	
172 876	
0,135	
0,1346	
0,134	
0,137	
0,1354
RDRB	
РДБанк ао
33	
171 900	
220	
220	
215	
220	
215
URKZ	
УрКузница
10	
170 580	
15 500	
15 460	
15 380	
15 700	
15 700
KBSB	
ТНСэКубань
45	
164 025	
138	
135,5	
135	
140	
138,5
SLEN	
Сахэнер ао
62	
163 037	
6,735	
6,7	
6,565	
6,95	
6,605
TGKBP	
ТГК-2 ап
82	
154 813	
0,00707	
0,00694	
0,00691	
0,00714	
0,00704
KAZTP	
Куйбазот-п
25	
147 652	
152,2	
151,2	
150,8	
154,4	
152,8
TGKDP	
Квадра-п
39	
146 221	
0,004365	
0,00435	
0,00432	
0,004435	
0,004415
WTCM	
ЦМТ ао
40	
145 812	
9,06	
9,14	
9	
9,26	
9,08
TUZA	
ТЗА ао
25	
143 320	
105	
105	
104	
107	
105
ZVEZ	
ЗВЕЗДА ао
21	
142 940	
4,61	
4,62	
4,575	
4,64	
4,625
KRSB	
Красэсб ао
29	
142 232	
7,37	
7,16	
7,1	
7,55	
7,12
KAZT	
Куйбазот
19	
137 142	
157,6	
157,6	
156,6	
159,8	
158
STSBP	
СтаврЭнСбп
56	
136 862	
0,3955	
0,402	
0,3905	
0,402	
0,3955
DZRD	
iДонскЗР
21	
134 430	
2 135	
2 135	
2 105	
2 140	
2 105
CHGZ	
РН-ЗапСиб
15	
132 360	
53	
52,8	
52,4	
54,8	
TORSP	
ТРК ап
13	
119 635	
0,285	
0,2845	
0,2795	
0,286	
0,28
SAREP	
СаратЭн-ап
49	
112 256	
0,1208	
0,1184	
0,1136	
0,1248	
0,1194
MGNZ	
СМЗ-ао
22	
106 190	
4 620	
4 670	
4 540	
4 670	
4 590
YKENP	
Якутскэн-п
14	
105 855	
0,392	
0,389	
0,3875	
0,3995	
0,3995
GAZA	
ГАЗ ао
10	
104 025	
400	
402,5	
399	
404	
400
SAGOP	
СамарЭн-ап
18	
103 230	
0,449	
0,448	
0,443	
0,458	
0,452
NKSH	
Нижкамшина
16	
101 228	
22,5	
22,52	
22,4	
22,58	
22,5
TASBP	
ТамбЭнСб-п
16	
99 190	
0,2915	
0,3005	
0,288	
0,301	
0,2995
KUBE	
Кубанэнр
30	
91 499	
73,8	
72,9	
72,9	
74,3	
74
ALBK	
БестЭфБ ао
33	
88 935	
59,5	
59,5	
59	
60,5	
60
KBTK	
КузбТК ао
21	
88 360	
149,8	
148	
148	
151	
151
IGSTP	
Ижсталь ап
25	
86 050	
869	
868	
864	
872	
864
ELTZ	
Электрцинк
55	
81 094	
169,5	
173	
167	
173,5	
167
CHKZ	
ЧКПЗ ао
11	
79 840	
5 320	
5 340	
5 260	
5 340	
5 340
NNSB	
ТНСэнНН ао
19	
74 765	
1 780	
1 820	
1 745	
1 830	
1 750
STSB	
СтаврЭнСб
30	
68 283	
0,569	
0,582	
0,5505	
0,582	
0,5755
INGR	
ИНГРАД ао
21	
68 146	
802	
799	
798	
807	
799
LPSB	
ЛЭСК ао
50	
63 915	
8,1	
8,15	
8,05	
8,15	
8,15
IGST	
Ижсталь2ао
25	
59 566	
976	
976	
973	
980	
973
VJGZ	
Варьеган
18	
52 364	
623	
630	
618	
633	
OMZZP	
ОМЗ-ап
7	
52 195	
3 480	
3 495	
3 465	
3 500	
3 485
NNSBP	
ТНСэнНН ап
10	
50 744	
659	
658	
657	
672	
672
KRSBP	
Красэсб ап
21	
49 690	
7,3	
7,2	
7,1	
7,56	
7,26
ASSB	
АстрЭнСб
23	
49 085	
0,755	
0,7695	
0,7525	
0,7695	
0,7555
VZRZP	
Возрожд-п
12	
43 070	
307,6	
307	
306,6	
309,2	
308,2
VSYDP	
ВыбСудЗ ап
8	
42 840	
3 900	
3 880	
3 860	
3 980	
3 940
ROSB	
Росбанк ао
17	
41 784	
78,8	
78	
78	
79	
79
KROT	
КрасОкт-ао
8	
41 720	
379,5	
381,5	
377,5	
381,5	
377,5
KCHE	
КамчатЭ ао
7	
41 025	
0,216	
0,216	
0,2155	
0,216	
0,2155
KMEZ	
КМЗ
23	
39 014	
500	
502,5	
498	
503	
500
RZSB	
РязЭнСб
8	
38 580	
9,18	
9,16	
9,14	
9,28	
9,28
MISBP	
ТНСэМаЭл-п
17	
37 940	
12,2	
12,5	
12	
12,5	
12,3
KTSB	
КСБ ао
23	
36 758	
0,644	
0,656	
0,626	
0,656	
0,65
TASB	
ТамбЭнСб
8	
36 410	
0,4045	
0,3995	
0,399	
0,412	
0,406
EELT	
ЕвроЭлтех
55	
35 073	
7,5	
7,5	
7,06	
7,64	
7,6
MISB	
ТНСэнМарЭл
12	
34 700	
12,4	
12,6	
12,1	
12,6	
12,2
RTSBP	
ТНСэнРст-п
6	
31 300	
0,522	
0,511	
0,511	
0,535	
0,535
YRSBP	
ТНСэнЯр-п
8	
30 890	
88,5	
89	
87	
89	
87
KRKOP	
ТКЗКК ап
16	
30 625	
8,275	
8,38	
8,24	
8,38	
8,24
TNSE	
ТНСэнрг ао
6	
28 815	
995	
1 005	
990	
1 005	
WTCMP	
ЦМТ ап
19	
26 474	
8,28	
8,22	
8,22	
8,32	
8,26
KGKCP	
КурганГКап
7	
23 990	
54,5	
54,5	
54	
55,5	
55,5
KCHEP	
КамчатЭ ап
6	
23 640	
0,394	
0,392	
0,392	
0,398	
0,393
RAVN	
Raven
7	
20 965	
29,95	
29,1	
29,1	
30,2	
30
USBN	
УралСиб ао
13	
18 400	
0,0682	
0,0682	
0,068	
0,0683	
0,0683
JNOSP	
Слав-ЯНОСп
7	
17 106	
14,26	
14,2	
14,2	
14,3	
14,3
TORS	
ТРК ао
4	
16 700	
0,418	
0,418	
0,417	
0,418	
0,417
MRKK	
Россети СК
15	
15 912	
25,26	
25,68	
25,12	
25,68	
25,38
MFGSP	
Мегион-ап
5	
15 625	
312,5	
313,5	
312	
313,5	
312,5
RUSI	
ИКРУСС-ИНВ
4	
15 160	
37,9	
38,1	
37,7	
38,1	
37,7
UKUZ	
ЮжКузб. ао
7	
10 234	
512	
514	
508	
514	
512
YRSB	
ТНСэнЯр
4	
8 440	
168	
170	
168	
170	
168
KROTP	
КрасОкт-1п
3	
7 965	
265,5	
266	
265	
266	
265,5
MFGS	
Мегион-ао
2	
7 130	
356,5	
359,5	
353,5	
359,5	
356,5
GAZAP	
ГАЗ ап
2	
6 200	
310	
310	
310	
310	
310
KGKC	
КурганГКао
6	
6 140	
56	
55,5	
55,5	
56,5	
56,5
JNOS	
Славн-ЯНОС
3	
5 475	
18,25	
18,35	
18,2	
18,35	
18,2
BISV	
БашИнСв ао
0	
0	
-	
-	
-	
-	
8,7
GAZC	
ГАЗКОН-ао
0	
0	
-	
-	
-	
-	
295
GAZS	
ГАЗ-сервис
0	
0	
-	
-	
-	
-	
TRCN	
ТрансК ао
0	
0	
-	
-	
-	
-	
8 595
GAZC	
ГАЗКОН-ао
0	
0	
-	
-	
-	
-	
295
GTSS	
ГЕОТЕК ао
0	
0	
-	
-	
-	
-	
-
MSTT	
Мостотрест
0	
0	
-	
-	
-	
-	
161
TRFM	
ТрансФ ао
0	
0	
-	
-	
-	
-	
-
KMTZ	
КосогМЗ ао
0	
0	
-	
-	
-	
-	
-
KZMS	
КЗМС ао
0	
0	
-	
-	
-	
-	
226
GAZS	
ГАЗ-сервис
0	
0	
-	
-	
-	
-	
293
HIMC	
Химпром ао
0	
0	
-	
-	
-	
-	
0,99
KOGK	
КоршГОК ао
0	
0	
-	
-	
-	
-	
45 800
MOBB	
МосОблБанк
0	
0	
-	
-	
-	
-	
0,698
URKA	
Уркалий-ао
0	
0	
-	
-	
-	
-	
119,04
VZRZ	
Возрожд-ао
0	
0	
-	
-	
-	
-	
480
GAZT	
ГАЗ-Тек ао
0	
0	
-	
-	
-	
-	
85
KSGR	
Кокс ао
0	
0	
-	
-	
-	
-	
-
BISV	
БашИнСв ао
0	
0	
-	
-	
-	
-	
8,7
MFON	
МегаФон ао
0	
0	
-	
-	
-	
-	
650,6
MORI	
Морион ао
0	
0	
-	
-	
-	
-	
4,31
RUAL	
РУСАЛ ао
0	
0	
33,3	
-	
-	
-	
32,69
KRKO	
ТКЗКК ао
0	
0	
-	
-	
-	
-	