LKOH	
ЛУКОЙЛ
94 275	
16 029 316 043	
4 657	
4 416,5	
4 385,5	
4 810,5	
4 810,5
SBER	
Сбербанк
94 715	
14 242 707 866	
189,01	
185,01	
184,5	
191,94	
190,2
GAZP	
ГАЗПРОМ ао
73 261	
8 974 811 947	
185,93	
181,08	
180,33	
188,55	
188,36
ROSN	
Роснефть
69 706	
7 947 658 289	
317,75	
299,1	
299,1	
329,1	
321,95
TATN	
Татнфт 3ао
71 465	
6 333 468 310	
503,1	
465	
465	
521	
514,4
GMKN	
ГМКНорНик
29 783	
6 115 952 104	
19 538	
19 000	
18 938	
19 790	
19 614
PLZL	
Полюс
36 905	
4 312 803 354	
12 207,5	
11 828,5	
11 812	
12 500	
12 209
MOEX	
МосБиржа
57 015	
3 076 525 052	
116,35	
111	
110,25	
118,84	
116,04
SNGS	
Сургнфгз
28 091	
2 974 831 239	
34,875	
33,25	
33,2	
35,78	
35,67
YNDX	
Yandex clA
27 771	
2 096 704 613	
2 667,8	
2 651,6	
2 631,2	
2 706,8	
2 655
MTLR	
Мечел ао
144 250	
2 048 437 614	
70,48	
65,75	
63,8	
77,82	
65,07
NVTK	
Новатэк ао
19 391	
2 047 486 761	
974,8	
953,2	
951,8	
988	
981,4
VTBR	
ВТБ ао
45 867	
1 874 960 489	
0,033625	
0,03295	
0,03271	
0,03417	
0,034
POLY	
Polymetal
26 101	
1 809 299 917	
1 508	
1 460	
1 460	
1 530,2	
1 524,8
SBERP	
Сбербанк-п
35 177	
1 779 488 619	
170,22	
167,7	
166,4	
172,75	
171,9
TATNP	
Татнфт 3ап
32 359	
1 730 215 875	
465	
434,5	
433	
480,4	
474
MTSS	
МТС-ао
19 549	
1 478 544 824	
307,65	
300,1	
299,45	
312,55	
309,7
ALRS	
АЛРОСА ао
26 745	
1 362 676 327	
61,37	
59,74	
59,74	
62,5	
61,71
MGNT	
Магнит ао
20 758	
1 326 102 483	
3 216	
3 140	
3 120	
3 263	
3 205
AKRN	
Акрон
5 626	
1 274 180 766	
5 910	
5 968	
5 714	
6 000	
5 998
CHMF	
СевСт-ао
21 075	
1 265 825 727	
869,6	
865,8	
861,2	
879	
868,6
IRAO	
ИнтерРАОао
19 053	
1 252 282 512	
5,0125	
4,85	
4,803	
5,185	
4,987
AFLT	
Аэрофлот
23 781	
1 129 001 478	
74,86	
73,9	
73,36	
75,96	
75,12
NLMK	
НЛМК ао
18 267	
1 101 202 873	
126	
124,44	
124,44	
127,48	
125,5
SIBN	
Газпрнефть
13 891	
972 407 482	
311,75	
297	
296,95	
317,5	
316
SNGSP	
Сургнфгз-п
13 724	
933 400 796	
37,24	
37,01	
36,95	
37,65	
37,115
FIVE	
FIVE-гдр
14 068	
932 307 540	
2 204,5	
2 131	
2 130,5	
2 232	
2 218
HYDR	
РусГидро
19 172	
789 236 505	
0,6289	
0,6156	
0,6125	
0,638	
0,6252
TRNFP	
Транснф ап
3 350	
716 221 100	
140 150	
139 050	
137 100	
141 950	
139 350
AFKS	
Система ао
17 251	
635 410 239	
13,704	
13,38	
13,253	
13,915	
13,652
CBOM	
МКБ ао
20 967	
553 284 585	
5,266	
5,194	
5,19	
5,325	
5,273
RSTI	
Россети ао
18 540	
547 186 225	
1,2347	
1,21	
1,2013	
1,261	
1,2286
MTLRP	
Мечел ап
14 922	
475 479 570	
68,5	
61	
61	
73,85	
69,5
FEES	
ФСК ЕЭС ао
12 405	
435 731 825	
0,17504	
0,17164	
0,1705	
0,17832	
0,1772
MAGN	
ММК
7 841	
421 003 987	
39,79	
39	
38,93	
40,35	
39,795
TCSG	
TCS-гдр
11 986	
418 423 316	
850,6	
836,2	
833,2	
860,6	
858
RUAL	
RUSAL plc
15 150	
393 464 194	
25,65	
25,45	
25,065	
25,975	
25,79
DSKY	
ДетскийМир
20 054	
364 582 677	
88,78	
87,18	
87,06	
90,3	
87,12
TRMK	
ТМК ао
5 357	
347 526 951	
56,5	
55,72	
55,5	
56,92	
56,88
PHOR	
ФосАгро ао
6 799	
322 794 812	
2 734	
2 708	
2 698	
2 765	
2 765
RASP	
Распадская
5 250	
305 013 899	
104,52	
101	
101	
106,78	
105,82
RTKM	
Ростел -ао
11 858	
273 473 872	
78,08	
76,9	
76,53	
79,1	
77,23
UPRO	
Юнипро ао
5 649	
201 758 881	
2,706	
2,67	
2,668	
2,738	
2,702
BANEP	
Башнефт ап
7 582	
192 861 043	
1 354	
1 300	
1 300	
1 384,5	
1 357,5
TGKA	
ТГК-1
7 509	
172 761 303	
0,010818	
0,0107	
0,010686	
0,010968	
0,01091
OGKB	
ОГК-2 ао
8 008	
159 527 184	
0,5964	
0,5962	
0,535	
0,6091	
0,598
LSRG	
ЛСР ао
6 897	
102 260 387	
568	
557,8	
557,8	
576	
569
NKNCP	
НКНХ ап
5 699	
95 625 749	
81,14	
79,86	
79	
82	
81,7
MVID	
М.видео
2 510	
77 846 469	
359,7	
349	
345,3	
367	
361,1
KRKOP	
ТКЗКК ап
10 246	
68 221 661	
8,345	
8,045	
5,8	
10	
5,885
RTKMP	
Ростел -ап
3 058	
65 457 706	
67,65	
65,9	
65,35	
68,95	
67,4
MSNG	
+МосЭнерго
2 325	
64 889 443	
1,891	
1,85	
1,846	
1,9105	
1,902
ENRU	
ЭнелРос ао
3 849	
63 693 105	
0,8745	
0,8645	
0,8605	
0,8845	
0,8815
ISKJ	
iИСКЧ ао
6 860	
62 620 782	
24,67	
27,3	
21,71	
28,49	
22,62
LNTA	
Лента др
4 475	
42 771 034	
148,4	
146,4	
146,4	
149,5	
148,6
BANE	
Башнефт ао
2 486	
39 874 196	
1 672,5	
1 564,5	
1 564,5	
1 723	
1 689
PIKK	
ПИК ао
2 889	
38 273 973	
392	
382	
379	
393,8	
390,9
LIFE	
iФармсинтз
2 248	
35 368 809	
8,71	
8,9	
8,445	
9,09	
8,6
APTK	
Аптеки36и6
6 725	
31 936 932	
13,258	
12,97	
12,82	
13,5	
13,35
QIWI	
iQIWI
1 845	
31 837 185	
892	
880	
870	
905,5	
897
AGRO	
AGRO-гдр
2 651	
29 898 896	
597,8	
588	
585,2	
604,4	
598,4
BSPB	
БСП ао
2 914	
24 094 231	
40,96	
40,94	
40,35	
41,85	
41,01
AMEZ	
АшинскийМЗ
2 824	
21 149 477	
4,015	
3,81	
3,735	
4,3	
4,03
SELG	
Селигдар
1 624	
19 848 973	
23,47	
24,3	
23,06	
24,48	
23,5
LNZL	
Лензолото
736	
15 524 270	
8 850	
8 870	
8 550	
9 000	
8 850
VSMO	
ВСМПО-АВСМ
274	
13 756 300	
18 740	
18 620	
18 500	
18 780	
18 760
ENPG	
ЭН+ГРУП ао
252	
12 354 355	
567,3	
556	
554,1	
579,2	
577
NMTP	
НМТП ао
1 012	
12 231 597	
8,655	
8,585	
8,51	
8,72	
8,72
ETLN	
ETLN-гдр
824	
11 944 316	
81,44	
80	
80	
82,12	
81,4
BELU	
Белуга ао
657	
11 886 677	
1 494	
1 555	
1 398	
1 559	
1 495
MRKP	
МРСК ЦП
733	
11 000 303	
0,1752	
0,1712	
0,171	
0,1776	
0,1754
FESH	
ДВМП ао
844	
10 777 125	
6,17	
6,18	
6,08	
6,25	
6,16
RSTIP	
Россети ап
703	
10 589 138	
1,464	
1,452	
1,418	
1,48	
1,46
MGTSP	
МГТС-4ап
639	
10 414 250	
2 126	
2 120	
2 098	
2 166	
2 156
MRKC	
МРСК Центр
641	
9 386 986	
0,2382	
0,2358	
0,2354	
0,2414	
0,2384
NKNC	
НКНХ ао
731	
8 652 303	
100,4	
100	
99	
100,7	
100,6
TGKB	
ТГК-2
403	
8 262 975	
0,00363	
0,003665	
0,00353	
0,003765	
0,00359
GEMA	
iММЦБ ао
1 167	
7 930 938	
742	
752,5	
733	
764	
736
DIOD	
ЗаводДИОД
1 100	
7 453 640	
6,3	
6,47	
6,19	
6,56	
6,23
GCHE	
ЧеркизГ-ао
699	
6 978 777	
1 727,5	
1 725,5	
1 711	
1 740	
1 725
YAKG	
ЯТЭК ао
555	
6 830 962	
49,86	
50,02	
47,12	
52	
47,12
RNFT	
РуссНфт ао
1 415	
6 622 481	
414,2	
410,2	
404,2	
419,2	
415,2
AQUA	
РусАква ао
527	
6 234 525	
190	
188	
187	
192,5	
191,5
RBCM	
РБК ао
881	
5 803 790	
3,144	
3,002	
3	
3,194	
3,148
USBN	
УралСиб ао
476	
5 361 262	
0,0695	
0,0682	
0,0662	
0,0715	
0,0707
OBUV	
ОР ао
818	
5 252 118	
29,9	
29,55	
29,1	
30	
29,95
SFIN	
САФМАР ао
469	
5 186 276	
439,2	
433	
433	
443,6	
438
KRKNP	
СаратНПЗ-п
151	
4 891 880	
15 200	
14 920	
14 880	
15 300	
15 200
MSTT	
Мостотрест
497	
4 822 525	
152	
154,7	
148,5	
154,95	
153,3
DASB	
ДагСб ао
720	
4 590 577	
0,0981	
0,0892	
0,089	
0,104	
0,0939
GTRK	
ГТМ ао
569	
4 303 275	
42,8	
42,8	
41,8	
44,2	
43,45
KGKCP	
КурганГКап
810	
4 192 020	
59	
58	
51,5	
76	
56
CNTLP	
Телеграф-п
492	
4 188 010	
17,82	
17,7	
17,12	
18,02	
18
RUGR	
Русгрэйн
2 683	
3 474 173	
7,964	
7,902	
7,704	
8,2	
7,894
MRKV	
МРСКВол
389	
3 400 409	
0,0692	
0,0693	
0,06765	
0,06985	
0,0693
SVAV	
СОЛЛЕРС
245	
3 157 465	
257,5	
257	
251	
260	
259,5
KZOS	
ОргСинт ао
412	
2 997 565	
94	
92,1	
91,1	
94,9	
93,9
TGKN	
ТГК-14
191	
2 815 770	
0,00306	
0,00302	
0,003	
0,00315	
0,00314
MSRS	
МОЭСК
239	
2 762 240	
0,9985	
0,9815	
0,9815	
1,006	
1,0055
KMAZ	
КАМАЗ
402	
2 635 221	
52,4	
51,6	
51,4	
53	
52,9
KZOSP	
ОргСинт ап
846	
2 521 584	
12,79	
12,86	
12,63	
13,09	
12,94
VRSBP	
ТНСэнВор-п
276	
2 430 450	
33,5	
29,5	
29,5	
38,5	
32
BRZL	
БурЗолото
169	
2 411 058	
829	
824	
823	
835	
828
LNZLP	
Лензол. ап
206	
2 367 990	
3 935	
3 900	
3 845	
3 970	
3 940
AVAN	
Авангрд-ао
242	
2 279 700	
890	
920	
870	
930	
875
PAZA	
ПавлАвт ао
204	
2 198 860	
7 880	
7 740	
7 500	
8 200	
7 780
UNAC	
iАвиастКао
277	
2 046 364	
0,481	
0,467	
0,454	
0,4935	
0,4875
UNKL	
ЮУНК ао
236	
1 938 900	
3 550	
3 320	
3 320	
3 990	
3 460
IRKT	
ИРКУТ-3
217	
1 876 044	
29,18	
28,7	
28	
29,88	
29,42
TTLK	
Таттел. ао
227	
1 843 565	
0,2955	
0,2955	
0,293	
0,298	
0,296
MRKZ	
МРСК СЗ
263	
1 800 483	
0,0486	
0,04595	
0,04595	
0,05	
0,049
PRTK	
ПРОТЕК ао
222	
1 786 155	
98,7	
98,9	
97,2	
100	
98,5
RGSS	
РГС СК ао
353	
1 700 163	
0,1422	
0,144	
0,1398	
0,1442	
0,1438
KGKC	
КурганГКао
244	
1 679 720	
55	
55	
52	
61	
54
TRCN	
ТрансК ао
57	
1 639 730	
8 200	
8 110	
8 110	
8 290	
8 195
VLHZ	
ВХЗ-ао
220	
1 575 319	
49,1	
47,65	
47,65	
50	
49,75
SELGP	
Селигдар-п
150	
1 446 895	
27,5	
27,45	
27,15	
27,7	
27,7
HIMCP	
Химпром ап
153	
1 443 958	
6,16	
6	
6	
6,24	
6,16
CHEP	
ЧТПЗ ао
136	
1 387 630	
192,5	
196	
189	
196	
191,5
KOGK	
КоршГОК ао
28	
1 376 000	
45 800	
44 200	
44 200	
47 200	
45 400
TGKD	
Квадра
180	
1 288 658	
0,00284	
0,002815	
0,0028	
0,0029	
0,002865
RUSP	
Русполимет
112	
1 280 625	
0,59	
0,5735	
0,573	
0,61	
0,592
WTCM	
ЦМТ ао
150	
1 229 960	
9,3	
8,86	
7,78	
9,5	
9,46
ALNU	
АЛРОСА-Нюр
15	
1 168 000	
46 800	
46 400	
46 400	
46 800	
46 600
WTCMP	
ЦМТ ап
108	
1 151 812	
9,04	
9,1	
8,9	
9,1	
9,02
UWGN	
ОВК ао
189	
1 033 930	
241,6	
237	
235,2	
247	
242,1
CHMK	
ЧМК ао
97	
981 845	
2 400	
2 280	
2 280	
2 450	
2 380
VZRZP	
Возрожд-п
84	
978 142	
287,8	
289	
280	
294,8	
287,4
MAGE	
МагадЭн ао
45	
946 050	
4,75	
4,79	
4,7	
4,97	
4,84
MOBB	
МосОблБанк
181	
877 024	
2,346	
2,31	
2,266	
2,408	
2,36
PMSBP	
ПермьЭнС-п
131	
859 932	
132,6	
128,2	
128,2	
134,8	
131,8
VRSB	
ТНСэнВорон
85	
859 140	
49,2	
47,6	
47,6	
50,4	
48,6
IRGZ	
ИркЭнерго
96	
758 792	
11,28	
11,14	
11,1	
11,52	
11,3
RLMN	
Роллман
171	
757 982	
17,3	
17,35	
17	
17,8	
17,05
CNTL	
Телеграф
108	
727 230	
21,7	
21,75	
21,05	
22,2	
21,85
TGKDP	
Квадра-п
67	
685 949	
0,003715	
0,003715	
0,00366	
0,003745	
0,003735
NSVZ	
НаукаСвяз
114	
654 605	
222	
214	
212,5	
231	
219
ZVEZ	
ЗВЕЗДА ао
64	
641 135	
4,275	
4,4	
4,095	
4,49	
4,255
CHKZ	
ЧКПЗ ао
77	
619 600	
5 000	
4 800	
4 720	
5 300	
5 020
NFAZ	
Нефтекамск
51	
570 264	
129,6	
129,6	
127,8	
132,6	
132,2
MAGEP	
МагадЭн ап
52	
554 260	
4,045	
4,185	
3,9	
4,25	
4,15
ZILL	
ЗИЛ ао
21	
554 058	
1 310	
1 300	
1 300	
1 334	
1 330
MRKK	
Россети СК
135	
506 659	
26,32	
26,54	
26	
27,24	
26,08
ROLO	
Русолово
100	
503 450	
3,758	
3,6	
3,6	
3,838	
3,72
MRKS	
МРСКСиб
26	
478 585	
0,2175	
0,2175	
0,211	
0,219	
0,217
TGKBP	
ТГК-2 ап
55	
461 530	
0,00641	
0,00641	
0,00632	
0,00645	
0,00641
KAZT	
Куйбазот
53	
455 212	
140,2	
138,2	
138,2	
141,2	
141,2
KLSB	
КалужскСК
114	
443 811	
10,23	
10,17	
10,02	
10,33	
10,29
MRKY	
РоссЮг ао
127	
426 340	
0,05055	
0,0509	
0,0499	
0,05165	
0,05085
SLEN	
Сахэнер ао
105	
397 662	
4,175	
3,995	
3,945	
4,44	
4,075
HALS	
Галс-Девел
77	
395 306	
708	
702	
695	
725	
723
TORSP	
ТРК ап
40	
393 330	
0,252	
0,253	
0,248	
0,2585	
0,2505
VJGZP	
Варьеган-п
52	
388 110	
308	
291	
291	
320	
307
MRKU	
МРСК Ур
68	
383 658	
0,147	
0,146	
0,1438	
0,1494	
0,1472
UCSS	
ОКС ао
51	
363 750	
1 460	
1 460	
1 440	
1 480	
1 460
ELTZ	
Электрцинк
135	
361 220	
165,5	
171	
160	
172	
169
TORS	
ТРК ао
30	
357 500	
0,358	
0,372	
0,35	
0,372	
0,359
URKZ	
УрКузница
20	
338 500	
10 260	
10 000	
10 000	
10 500	
10 220
CHGZ	
РН-ЗапСиб
78	
338 200	
33,6	
30,8	
30,6	
35,8	
35,8
NNSB	
ТНСэнНН ао
29	
328 280	
1 205	
1 225	
1 190	
1 265	
1 260
BLNG	
Белон ао
72	
322 442	
4,006	
4	
3,998	
4,05	
4
KCHEP	
КамчатЭ ап
41	
319 330	
0,347	
0,356	
0,338	
0,36	
0,34
RDRB	
РДБанк ао
36	
318 650	
255	
265	
255	
265	
255
DVEC	
ДЭК ао
101	
295 475	
0,786	
0,779	
0,771	
0,798	
0,786
KUZB	
КузнецкийБ
226	
280 134	
0,01673	
0,01691	
0,01602	
0,01691	
0,01665
RZSB	
РязЭнСб
19	
279 900	
6,36	
6,47	
6,13	
6,47	
6,37
NKHP	
НКХП ао
55	
260 445	
228,5	
229,5	
224,5	
230	
229
PMSB	
ПермьЭнСб
69	
245 754	
134,3	
131	
130,1	
136	
133,4
VGSBP	
ВолгЭнСб-п
38	
229 535	
0,975	
0,97	
0,96	
1	
0,995
GAZA	
ГАЗ ао
18	
227 590	
379,5	
380	
375,5	
380,5	
380,5
MRSB	
МордЭнСб
25	
224 770	
0,351	
0,339	
0,339	
0,382	
0,349
MGTS	
МГТС-5ао
44	
222 280	
2 615	
2 625	
2 595	
2 675	
2 640
NAUK	
iНПОНаука
67	
214 194	
166	
162	
161,4	
169,6	
168,8
LVHK	
Левенгук
102	
211 823	
8,02	
8,01	
7,81	
8,3	
8,02
UKUZ	
ЮжКузб. ао
52	
209 068	
500	
488	
480	
522	
498
KUBE	
Кубанэнр
50	
201 513	
59,4	
58,6	
58,3	
60,8	
59,8
KMEZ	
КМЗ
115	
196 488	
411	
405,5	
400,5	
418	
414,5
BISVP	
БашИнСв ап
53	
190 552	
6,64	
6,72	
6,51	
6,74	
6,59
ASSB	
АстрЭнСб
106	
188 900	
0,583	
0,56	
0,5595	
0,605	
0,5635
RKKE	
ЭнергияРКК
30	
176 070	
4 890	
4 900	
4 780	
5 030	
4 900
KROT	
КрасОкт-ао
30	
175 975	
320	
315,5	
315	
322	
322
ABRD	
АбрауДюрсо
43	
173 845	
133,5	
133,5	
133,5	
134,5	
133,5
MISB	
ТНСэнМарЭл
14	
167 320	
10,9	
11,1	
10,2	
11,1	
10,8
KAZTP	
Куйбазот-п
53	
162 560	
137,8	
137,8	
135,4	
139,8	
138,2
YKEN	
Якутскэнрг
40	
160 075	
0,3125	
0,3145	
0,308	
0,328	
0,3125
NKSH	
Нижкамшина
28	
157 494	
21,88	
21,82	
21,72	
22,24	
22,12
RAVN	
Raven
21	
143 620	
33,4	
34,1	
33,2	
34,1	
33,2
JNOS	
Славн-ЯНОС
37	
143 480	
17,3	
17,1	
17,05	
17,5	
17,35
YKENP	
Якутскэн-п
16	
142 125	
0,29	
0,282	
0,282	
0,294	
0,2895
UTAR	
ЮТэйр ао
38	
139 543	
6,29	
6,22	
6,22	
6,33	
6,28
KRKN	
СаратНПЗ
11	
138 300	
11 550	
11 400	
11 250	
12 000	
11 350
IGSTP	
Ижсталь ап
43	
124 734	
738	
711	
711	
750	
720
MISBP	
ТНСэМаЭл-п
33	
110 180	
9,6	
9,6	
9,2	
9,8	
9,4
KRSB	
Красэсб ао
13	
108 630	
5,72	
5,78	
5,67	
5,79	
5,78
VSYD	
ВыбСудЗ ао
28	
102 800	
2 705	
2 800	
2 500	
2 825	
2 700
VGSB	
ВолгЭнСб
26	
96 525	
1,4	
1,385	
1,385	
1,475	
1,39
MFGS	
Мегион-ао
13	
96 490	
344,5	
341	
340	
356,5	
350
OMZZP	
ОМЗ-ап
9	
93 225	
3 455	
3 400	
3 400	
3 470	
3 450
IGST	
Ижсталь2ао
21	
91 704	
841	
814	
814	
872	
850
STSBP	
СтаврЭнСбп
30	
85 303	
0,2854	
0,2884	
0,28	
0,2884	
0,2876
JNOSP	
Слав-ЯНОСп
13	
85 148	
13,74	
13,36	
13,36	
13,88	
13,52
ALBK	
БестЭфБ ао
32	
83 745	
51	
52	
50,5	
52,5	
52,5
PRMB	
Приморье
4	
69 600	
17 400	
17 600	
17 200	
17 600	
17 200
INGR	
ИНГРАД ао
20	
66 760	
759	
761	
752	
787	
777
VJGZ	
Варьеган
23	
64 704	
594	
624	
587	
624	
588
MGNZ	
СМЗ-ао
6	
64 230	
4 010	
4 030	
3 930	
4 060	
3 930
KBTK	
КузбТК ао
16	
63 498	
158,8	
159	
156,4	
159,8	
157,4
ROST	
РОСИНТЕРао
18	
53 096	
58,4	
58	
57,4	
59	
58,4
KROTP	
КрасОкт-1п
15	
53 030	
221	
220	
218,5	
224,5	
222
KRSBP	
Красэсб ап
7	
47 040	
5,88	
5,86	
5,86	
5,9	
5,9
RLMNP	
Роллман-п
36	
44 900	
18,04	
18,48	
17,08	
18,48	
18,46
RUSI	
ИКРУСС-ИНВ
4	
43 480	
36,2	
36,1	
35,8	
36,3	
36,2
DZRD	
iДонскЗР
17	
43 182	
2 160	
2 152	
2 114	
2 230	
2 168
VSYDP	
ВыбСудЗ ап
8	
42 200	
2 820	
2 780	
2 780	
2 820	
2 800
SZPR	
СЗПароход
24	
41 250	
738	
740	
726	
750	
744
ROSB	
Росбанк ао
29	
39 704	
69,8	
70	
68,4	
71,4	
71,2
STSB	
СтаврЭнСб
33	
35 075	
0,334	
0,3285	
0,32	
0,3435	
0,338
TASB	
ТамбЭнСб
10	
34 605	
0,266	
0,2665	
0,264	
0,2685	
0,264
RTSB	
ТНСэнРст
9	
33 900	
0,31	
0,3	
0,3	
0,31	
0,305
MFGSP	
Мегион-ап
6	
31 600	
316	
319	
313	
319	
313
LPSB	
ЛЭСК ао
20	
29 945	
7,3	
7,3	
7,2	
7,4	
7,25
KTSB	
КСБ ао
13	
24 964	
0,49	
0,504	
0,476	
0,504	
0,49
GAZAP	
ГАЗ ап
5	
22 430	
320,5	
317	
317	
324,5	
317
TASBP	
ТамбЭнСб-п
4	
19 905	
0,199	
0,1995	
0,1985	
0,1995	
0,1985
SARE	
СаратЭн-ао
11	
18 702	
0,11	
0,111	
0,1094	
0,111	
0,1096
DZRDP	
iДонскЗР п
9	
15 780	
1 580	
1 570	
1 560	
1 590	
1 590
ARSA	
Арсагера
3	
15 690	
3,14	
3,09	
3,09	
3,32	
3,21
SAGOP	
СамарЭн-ап
3	
11 050	
0,368	
0,369	
0,367	
0,369	
0,369
KCHE	
КамчатЭ ао
4	
8 705	
0,174	
0,1735	
0,173	
0,175	
0,175
NNSBP	
ТНСэнНН ап
9	
8 167	
510	
513	
504	
516	
516
YRSB	
ТНСэнЯр
4	
6 400	
160	
158	
158	
162	
162
SAREP	
СаратЭн-ап
4	
5 078	
0,0846	
0,0854	
0,0842	
0,0856	
0,0856
SAGO	
СамарЭн-ао
1	
3 740	
0,374	
0,374	
0,374	
0,374	
0,374
TUZA	
ТЗА ао
4	
3 130	
78	
77	
77	
79	
79
TNSE	
ТНСэнрг ао
2	
1 965	
985	
970	
970	
995	
995
YRSBP	
ТНСэнЯр-п
1	
790	
79	
79	
79	
79	
79
BISV	
БашИнСв ао
0	
0	
-	
-	
-	
-	
8,7
GAZC	
ГАЗКОН-ао
0	
0	
-	
-	
-	
-	
295
GAZS	
ГАЗ-сервис
0	
0	
-	
-	
-	
-	
293
GAZT	
ГАЗ-Тек ао
0	
0	
-	
-	
-	
-	
85
GTSS	
ГЕОТЕК ао
0	
0	
-	
-	
-	
-	
-
HIMC	
Химпром ао
0	
0	
-	
-	
-	
-	
0,99
KBSB	
ТНСэКубань
0	
0	
-	
-	
-	
-	
132
KMTZ	
КосогМЗ ао
0	
0	
-	
-	
-	
-	
-
KRKO	
ТКЗКК ао
0	
0	
-	
-	
-	
-	
11,8
KSGR	
Кокс ао
0	
0	
-	
-	
-	
-	
-
KTSBP	
КСБ ап
0	
0	
-	
-	
-	
-	
0,2265
KUNF	
КУЗОЦМ ао
0	
0	
-	
-	
-	
-	
-
KZMS	
КЗМС ао
0	
0	
-	
-	
-	
-	
226
LSNG	
Ленэнерго
0	
0	
-	
-	
-	
-	
5,66
LSNGP	
Ленэнерг-п
0	
0	
-	
-	
-	
-	
119,95
MFON	
МегаФон ао
0	
0	
-	
-	
-	
-	
650,6
MORI	
Морион ао
0	
0	
-	
-	
-	
-	
4,31
NPOF	
Физика ао
0	
0	
-	
-	
-	
-	
11 850
RTGZ	
ГазпРнД ао
0	
0	
-	
-	
-	
-	
21 300
RTSBP	
ТНСэнРст-п
0	
0	
-	
-	
-	
-	
0,237
TRFM	
ТрансФ ао
0	
0	
-	
-	
-	
-	
-
URKA	
Уркалий-ао
0	
0	
-	
-	
-	
-	
119,04
VZRZ	
Возрожд-ао
0	
0	
-	
-	
-	
-	
480
RU000A0JVT35	
ИСУ ЕФГ-3
0	
0	
-	
-	
-	
-	
400