SBER	
Сбербанк
53 895	
10 453 875 885	
215,79	
215,98	
213,56	
217,65	
216,8
LKOH	
ЛУКОЙЛ
36 613	
6 535 734 814	
5 021	
4 964,5	
4 953	
5 063	
5 011
GMKN	
ГМКНорНик
27 889	
5 176 504 040	
18 236	
18 400	
18 078	
18 400	
18 198
GAZP	
ГАЗПРОМ ао
46 987	
4 262 080 705	
187,14	
187,03	
186,07	
188,59	
186,41
MGNT	
Магнит ао
41 922	
4 029 125 082	
4 684,5	
4 645,5	
4 610,5	
4 756	
4 665,5
YNDX	
Yandex clA
33 904	
2 797 343 080	
3 970,4	
3 965	
3 910,6	
4 026,6	
3 991,2
PLZL	
Полюс
20 800	
2 583 878 313	
13 722	
13 558,5	
13 503,5	
13 944	
13 821,5
IRAO	
ИнтерРАОао
25 395	
2 110 130 594	
5,7245	
5,67	
5,574	
5,864	
5,784
VTBR	
ВТБ ао
40 297	
1 909 088 797	
0,03792	
0,037985	
0,03752	
0,03835	
0,03772
POLY	
Polymetal
24 651	
1 825 721 262	
1 544,9	
1 520,3	
1 519	
1 575	
1 550,3
AFLT	
Аэрофлот
29 376	
1 669 003 057	
86,3	
88	
85,2	
88,78	
85,9
ROSN	
Роснефть
11 289	
1 234 579 133	
364,6	
364	
362,2	
366,8	
362,85
TATN	
Татнфт 3ао
11 537	
1 079 248 189	
560,4	
561,8	
556,6	
564,3	
558,4
NVTK	
Новатэк ао
9 228	
1 002 539 543	
1 099,4	
1 100	
1 075,2	
1 105,2	
1 099,4
SNGS	
Сургнфгз
8 746	
956 358 833	
37,65	
37,455	
37,35	
37,975	
37,7
SBERP	
Сбербанк-п
15 734	
931 286 767	
198,45	
198,95	
196,75	
199,97	
199,1
CHMF	
СевСт-ао
17 085	
792 005 296	
893,4	
895	
886,6	
899,6	
893,4
RSTI	
Россети ао
13 113	
759 246 607	
1,6155	
1,6388	
1,5961	
1,6549	
1,61
NLMK	
НЛМК ао
10 114	
715 171 851	
140,94	
139,96	
139,18	
142,08	
141,06
ALRS	
АЛРОСА ао
17 654	
706 517 640	
64,76	
65,05	
64,33	
65,16	
64,7
HYDR	
РусГидро
16 019	
695 075 696	
0,7707	
0,7711	
0,7625	
0,7786	
0,764
FIVE	
FIVE-гдр
9 919	
693 235 461	
2 697,5	
2 661	
2 640,5	
2 739,5	
2 709
MOEX	
МосБиржа
14 148	
673 910 812	
125,68	
124,8	
124,37	
126,63	
126,63
MTSS	
МТС-ао
9 567	
631 607 615	
323,3	
322,6	
322,05	
324,5	
324
MAGN	
ММК
8 442	
603 403 165	
38,645	
39,235	
38,4	
39,235	
38,79
POGR	
Petropavl
10 702	
560 239 257	
27,965	
26,955	
26,75	
29,22	
29,22
SNGSP	
Сургнфгз-п
6 747	
497 302 505	
36,085	
36,115	
36,01	
36,255	
36,015
FEES	
ФСК ЕЭС ао
9 206	
457 140 461	
0,19428	
0,19638	
0,1925	
0,19694	
0,19382
SIBN	
Газпрнефть
6 926	
425 670 024	
320,9	
319	
318,5	
322,95	
321,8
QIWI	
iQIWI
12 006	
389 973 822	
1 309	
1 232,5	
1 232,5	
1 365	
1 338
AFKS	
Система ао
7 984	
380 291 179	
19,202	
18,9	
18,85	
19,37	
19,272
MAIL	
MAIL-гдр
10 207	
336 472 123	
1 856,6	
1 869	
1 835,6	
1 874,2	
1 863
TRNFP	
Транснф ап
1 289	
323 319 200	
133 600	
133 400	
133 000	
134 100	
133 900
TCSG	
TCS-гдр
11 962	
319 649 365	
1 761,6	
1 729,8	
1 724,4	
1 785	
1 770
CBOM	
МКБ ао
10 054	
317 903 652	
5,728	
5,736	
5,68	
5,777	
5,765
RTKM	
Ростел -ао
6 678	
283 497 729	
90,05	
88,5	
88,41	
90,77	
89,87
RUAL	
РУСАЛ ао
10 303	
235 641 427	
26,285	
26,245	
26,025	
26,49	
26,235
TATNP	
Татнфт 3ап
5 796	
226 581 159	
537,8	
540,9	
534	
541,7	
537,6
DSKY	
ДетскийМир
9 932	
223 686 968	
116,62	
115,88	
115,46	
117,98	
116,4
OGKB	
ОГК-2 ао
8 023	
220 670 504	
0,7563	
0,7562	
0,745	
0,7725	
0,7454
MVID	
М.видео
6 622	
218 035 965	
425,7	
417,7	
416,5	
430	
428,5
NMTP	
НМТП ао
7 966	
183 111 812	
10,88	
10,86	
10,825	
10,92	
10,88
UPRO	
Юнипро ао
2 582	
153 551 829	
2,9	
2,92	
2,884	
2,92	
2,888
PHOR	
ФосАгро ао
4 153	
137 067 379	
2 579	
2 599	
2 566	
2 601	
2 577
ENRU	
ЭнелРос ао
4 052	
110 705 903	
0,941	
0,958	
0,93	
0,958	
0,9365
PIKK	
ПИК ао
3 931	
88 084 655	
458,2	
455	
453,1	
461	
456
MTLR	
Мечел ао
6 306	
73 091 936	
66,47	
67,5	
65,95	
67,59	
66,5
LNTA	
Лента др
5 155	
67 766 794	
181,8	
180,6	
177,8	
185	
183
SFIN	
САФМАР ао
162	
62 116 560	
514,4	
514,6	
513	
515,8	
513
ENPG	
ЭН+ГРУП ао
1 801	
58 254 134	
610,5	
594,5	
594,5	
633	
632
CNTL	
Телеграф
1 495	
47 205 925	
27	
27,05	
26,85	
27,25	
26,95
LSRG	
ЛСР ао
2 843	
43 971 412	
737,6	
739,6	
728,6	
740	
739
MSNG	
+МосЭнерго
1 658	
42 794 300	
2,166	
2,1975	
2,147	
2,1975	
2,172
BANEP	
Башнефт ап
2 454	
41 212 593	
1 356,5	
1 358,5	
1 350	
1 365	
1 350
RTKMP	
Ростел -ап
3 380	
41 086 242	
83,15	
82,65	
82,5	
83,8	
83
PAZA	
ПавлАвт ао
2 076	
37 901 850	
9 440	
7 680	
7 680	
10 690	
10 690
TRMK	
ТМК ао
840	
37 628 537	
59,24	
59,26	
58,5	
59,6	
59,22
KRKOP	
ТКЗКК ап
7 277	
35 987 911	
8,59	
9,495	
7,51	
10,705	
7,625
TGKA	
ТГК-1
2 209	
28 698 633	
0,012282	
0,01239	
0,012168	
0,01239	
0,01229
RUGR	
Русгрэйн
11 669	
26 597 542	
9,036	
8,644	
8,452	
9,648	
8,74
ETLN	
ETLN-гдр
2 618	
23 628 232	
109,74	
110	
109	
110,78	
109,64
LIFE	
iФармсинтз
1 973	
22 800 527	
7,665	
7,8	
7,5	
7,98	
7,795
UNKL	
ЮУНК ао
1 651	
21 447 810	
6 550	
7 090	
6 150	
7 290	
6 210
SLEN	
Сахэнер ао
2 834	
20 423 564	
5,94	
5,45	
5,27	
6,45	
5,79
BSPB	
БСП ао
2 030	
19 998 997	
43,23	
43,36	
42,38	
43,7	
43,5
AGRO	
AGRO-гдр
1 830	
19 699 534	
689	
688,6	
683,4	
696	
686,4
RASP	
Распадская
460	
19 624 274	
107	
107,5	
106,5	
107,78	
107,22
CNTLP	
Телеграф-п
1 406	
19 267 880	
27,06	
27,1	
26,92	
27,24	
27,02
LSNGP	
РСетиЛЭ-п
1 278	
18 366 577	
154	
153,75	
153,45	
155,6	
154,1
NKNCP	
НКНХ ап
2 367	
17 823 782	
80	
80,64	
79,62	
80,64	
79,8
MTLRP	
Мечел ап
922	
14 184 226	
81,4	
82,2	
80,8	
82,2	
81,7
BANE	
Башнефт ао
865	
13 946 133	
1 747,5	
1 753,5	
1 737	
1 763,5	
1 743
SELG	
Селигдар
900	
13 690 871	
27,27	
26,93	
26,68	
28,89	
27,81
AQUA	
РусАква ао
636	
11 757 105	
192,5	
193,5	
191,5	
195	
192,5
MRKP	
МРСК ЦП
884	
11 580 554	
0,2054	
0,206	
0,2006	
0,2071	
0,2063
HALS	
Галс-Девел
1 697	
10 592 917	
1 150	
1 078	
1 010	
1 264	
1 183
LNZL	
Лензолото
297	
10 418 490	
12 020	
12 000	
11 860	
12 150	
12 000
TGKB	
ТГК-2
350	
9 299 955	
0,00423	
0,004205	
0,0042	
0,00427	
0,00423
MSRS	
РСетиМР ао
495	
8 777 871	
1,1545	
1,146	
1,1425	
1,163	
1,157
VSMO	
ВСМПО-АВСМ
198	
8 772 060	
18 280	
18 240	
18 140	
18 340	
18 280
RSTIP	
Россети ап
570	
8 230 318	
2,135	
2,146	
2,12	
2,149	
2,121
AKRN	
Акрон
374	
7 305 028	
5 650	
5 652	
5 614	
5 692	
5 632
BLNG	
Белон ао
1 623	
7 265 220	
4,674	
4,36	
4,36	
4,95	
4,466
CHEP	
ЧТПЗ ао
637	
6 982 135	
209,5	
204	
201,5	
220	
207
RGSS	
РГС СК ао
741	
6 749 301	
0,1536	
0,15	
0,1478	
0,1598	
0,1518
KRKNP	
СаратНПЗ-п
208	
6 158 140	
16 120	
16 160	
16 020	
16 400	
16 120
OBUV	
ОР ао
744	
5 605 480	
33,2	
33,35	
33,05	
33,5	
33,2
GEMA	
iММЦБ ао
402	
4 691 839	
609,5	
609,5	
607	
615,5	
608,5
MRKS	
РсетСиб ао
298	
4 538 725	
0,2475	
0,254	
0,2445	
0,262	
0,248
RNFT	
РуссНфт ао
1 529	
4 515 946	
510	
513,4	
506,2	
519,8	
510,6
ISKJ	
iИСКЧ ао
397	
4 194 902	
26,12	
26,54	
25,85	
26,88	
26,05
NKNC	
НКНХ ао
658	
4 012 577	
93,75	
94,65	
93,35	
95	
93,65
YRSBP	
ТНСэнЯр-п
135	
4 008 410	
88	
90,5	
85,5	
92	
87
BELU	
Белуга ао
274	
3 193 969	
1 340	
1 349	
1 330	
1 350	
1 340
RTSB	
ТНСэнРст
107	
3 098 200	
0,39	
0,37	
0,365	
0,405	
0,39
RZSB	
РязЭнСб
227	
3 080 560	
9,42	
9,06	
8,94	
9,9	
9,36
GTRK	
ГТМ ао
507	
2 962 085	
43	
42,75	
41,9	
44,5	
42,5
MGTSP	
МГТС-4ап
232	
2 882 406	
1 986	
1 982	
1 980	
2 002	
1 990
SVAV	
СОЛЛЕРС
143	
2 780 995	
267	
266,5	
262,5	
270	
268
KZOSP	
ОргСинт ап
499	
2 645 753	
11,99	
11,93	
11,54	
12,19	
11,93
DIOD	
ЗаводДИОД
362	
2 639 373	
6,38	
6,47	
6,32	
6,47	
6,4
CHMK	
ЧМК ао
254	
2 538 500	
2 565	
2 580	
2 530	
2 585	
2 565
LSNG	
РСетиЛЭ
270	
2 241 234	
6,09	
6,1	
6,06	
6,12	
6,08
APTK	
Аптеки36и6
1 477	
2 221 250	
13,576	
13,552	
13,5	
13,648	
13,554
TTLK	
Таттел. ао
222	
2 034 110	
0,2875	
0,2825	
0,282	
0,298	
0,2875
MRKV	
РсетВол ао
334	
1 916 366	
0,0761	
0,07685	
0,0755	
0,07695	
0,0759
FESH	
ДВМП ао
244	
1 775 635	
7,82	
7,82	
7,77	
7,91	
7,83
KMAZ	
КАМАЗ
350	
1 701 537	
58,3	
58,1	
57,9	
58,8	
58
UCSS	
ОКС ао
286	
1 681 460	
1 540	
1 500	
1 450	
1 710	
1 510
GCHE	
ЧеркизГ-ао
285	
1 680 954	
1 758,5	
1 754,5	
1 754	
1 764	
1 758
LNZLP	
Лензол. ап
106	
1 606 720	
4 100	
4 140	
4 015	
4 155	
4 065
UNAC	
iАвиастКао
201	
1 581 140	
0,476	
0,472	
0,471	
0,48	
0,477
TGKBP	
ТГК-2 ап
83	
1 578 890	
0,00705	
0,0071	
0,00693	
0,00718	
0,00706
KLSB	
КалужскСК
208	
1 476 404	
11,64	
11,68	
11,55	
11,79	
11,75
MRKC	
МРСК Центр
369	
1 461 175	
0,2876	
0,29	
0,2862	
0,2904	
0,2882
KZOS	
ОргСинт ао
285	
1 433 010	
87	
87,2	
86,8	
87,4	
86,9
NAUK	
iНПОНаука
210	
1 381 280	
179,2	
184,8	
174,2	
190	
181,2
AMEZ	
АшинскийМЗ
176	
1 305 905	
4,145	
4,15	
4,125	
4,175	
4,155
YAKG	
ЯТЭК ао
14	
1 294 370	
41,5	
41,5	
41,45	
41,5	
41,5
MGNZ	
СМЗ-ао
186	
1 274 940	
4 650	
4 860	
4 500	
4 870	
4 650
SELGP	
Селигдар-п
119	
1 271 570	
27,05	
26,9	
26,85	
27,25	
27,1
RBCM	
РБК ао
319	
1 191 098	
3,35	
3,388	
3,3	
3,4	
3,356
IRKT	
ИРКУТ-3
96	
1 183 608	
33,92	
33,9	
33,36	
34,3	
33,96
RUSP	
Русполимет
84	
1 036 450	
0,6095	
0,603	
0,6	
0,617	
0,6165
OMZZP	
ОМЗ-ап
168	
1 016 340	
3 590	
3 510	
3 475	
3 765	
3 480
MSTT	
Мостотрест
90	
917 772	
156,35	
155,05	
155,05	
157	
155,75
STSBP	
СтаврЭнСбп
187	
866 619	
0,355	
0,35	
0,3495	
0,3585	
0,356
ROLO	
Русолово
64	
823 166	
4,016	
4,038	
4	
4,05	
4,02
ALNU	
АЛРОСА-Нюр
11	
821 000	
54 800	
54 000	
54 000	
55 000	
54 600
KMEZ	
КМЗ
156	
800 593	
507	
511	
497,5	
517	
503,5
TGKN	
ТГК-14
58	
759 850	
0,00309	
0,00312	
0,00308	
0,00312	
0,0031
INGR	
ИНГРАД ао
115	
755 387	
733	
734	
727	
737	
734
IRGZ	
ИркЭнерго
133	
750 566	
11,8	
11,66	
11,66	
11,96	
11,78
MISB	
ТНСэнМарЭл
31	
730 940	
13,1	
13,1	
12,9	
13,2	
13
KBSB	
ТНСэКубань
73	
724 845	
139,5	
138	
137	
143	
139
MRKU	
МРСК Ур
81	
667 852	
0,1564	
0,1578	
0,1552	
0,1578	
0,1562
MRKK	
Россети СК
48	
651 993	
26	
25,94	
25,86	
26,1	
26
URKZ	
УрКузница
30	
600 440	
17 160	
17 020	
16 860	
17 460	
17 020
MAGE	
МагадЭн ао
41	
596 290	
7,45	
7,65	
7,23	
7,84	
7,3
IGST	
Ижсталь2ао
195	
581 483	
991	
954	
954	
1 018	
1 001
RLMNP	
Роллман-п
94	
573 873	
20,86	
20,3	
20,3	
21,48	
20,96
PMSBP	
ПермьЭнС-п
127	
552 950	
129,2	
130,4	
128	
131,8	
129,6
YKEN	
Якутскэнрг
22	
543 120	
0,355	
0,3545	
0,352	
0,358	
0,357
VRSBP	
ТНСэнВор-п
40	
472 950	
45,5	
45	
45	
46,5	
46
TGKD	
Квадра
77	
451 688	
0,00308	
0,00307	
0,00307	
0,003125	
0,0031
MRKZ	
МРСК СЗ
120	
447 866	
0,05085	
0,0513	
0,0503	
0,0515	
0,0507
NKHP	
НКХП ао
83	
446 030	
232,5	
230	
230	
233	
232,5
RLMN	
Роллман
131	
374 338	
19,85	
20,35	
19,5	
20,35	
20,15
KRKN	
СаратНПЗ
23	
367 900	
12 700	
12 800	
12 500	
12 800	
12 600
ELTZ	
Электрцинк
96	
356 513	
164	
164	
162	
166	
166
YKENP	
Якутскэн-п
30	
337 520	
0,341	
0,3345	
0,3345	
0,345	
0,336
ABRD	
АбрауДюрсо
58	
320 795	
129,5	
129,5	
129	
130	
129,5
USBN	
УралСиб ао
50	
318 446	
0,0678	
0,0675	
0,0673	
0,0682	
0,0679
IGSTP	
Ижсталь ап
111	
316 863	
804	
812	
795	
825	
804
NFAZ	
Нефтекамск
27	
315 786	
166,2	
170,8	
165	
170,8	
168,8
KAZT	
Куйбазот
28	
305 146	
148,2	
148,8	
147,6	
149	
148
DVEC	
ДЭК ао
51	
287 180	
1,029	
1,027	
1,023	
1,039	
1,031
KBTK	
КузбТК ао
70	
286 816	
156,8	
151,2	
151,2	
161,2	
154,8
KUZB	
КузнецкийБ
310	
283 691	
0,01503	
0,01502	
0,015	
0,01525	
0,01519
VJGZP	
Варьеган-п
31	
278 660	
348	
348	
340	
353	
352
GAZA	
ГАЗ ао
17	
269 505	
390,5	
388,5	
388,5	
395	
388,5
MISBP	
ТНСэМаЭл-п
22	
265 540	
12,6	
12,6	
12,4	
12,8	
12,6
UTAR	
ЮТэйр ао
76	
260 834	
7,15	
7,19	
7,12	
7,19	
7,14
VZRZP	
Возрожд-п
47	
257 110	
342,8	
333,6	
333,6	
354,4	
340,6
UWGN	
ОВК ао
65	
255 422	
232	
232,2	
231,1	
232,8	
232,1
ZILL	
ЗИЛ ао
41	
250 830	
2 585	
2 600	
2 580	
2 610	
2 590
MRKY	
РоссЮг ао
77	
246 022	
0,0501	
0,05045	
0,04975	
0,05045	
0,04995
MRSB	
МордЭнСб
50	
236 330	
0,343	
0,341	
0,336	
0,348	
0,348
VJGZ	
Варьеган
54	
233 280	
583	
594	
580	
594	
588
UKUZ	
ЮжКузб. ао
33	
226 834	
540	
536	
536	
546	
542
SAGO	
СамарЭн-ао
10	
200 560	
0,478	
0,464	
0,464	
0,48	
0,468
KRSBP	
Красэсб ап
24	
187 720	
6,48	
6,38	
6,38	
6,56	
6,48
KGKCP	
КурганГКап
35	
178 940	
53	
53,5	
52,5	
53,5	
52,5
HIMCP	
Химпром ап
48	
176 775	
6,03	
6,07	
6	
6,07	
6,07
LPSB	
ЛЭСК ао
76	
174 625	
7,7	
7,85	
7,6	
7,85	
7,75
SAGOP	
СамарЭн-ап
18	
166 930	
0,407	
0,41	
0,404	
0,41	
0,405
WTCM	
ЦМТ ао
32	
163 486	
8,98	
8,92	
8,84	
9,12	
8,88
PMSB	
ПермьЭнСб
46	
158 745	
131,2	
131,3	
130,3	
131,5	
131,4
BRZL	
БурЗолото
56	
150 260	
839	
830	
830	
844	
843
MAGEP	
МагадЭн ап
11	
145 080	
6,045	
6,06	
6	
6,2	
6,165
WTCMP	
ЦМТ ап
31	
137 292	
8,08	
8,04	
8	
8,16	
8,04
RKKE	
ЭнергияРКК
11	
122 130	
5 090	
5 070	
5 070	
5 120	
5 070
TORSP	
ТРК ап
13	
120 415	
0,262	
0,2615	
0,2615	
0,262	
0,2615
RDRB	
РДБанк ао
25	
119 600	
250	
255	
245	
255	
250
KUBE	
Кубанэнр
45	
113 922	
70,3	
70,4	
69,4	
71,4	
70,3
TUZA	
ТЗА ао
19	
113 610	
94	
94	
93	
94	
94
NSVZ	
НаукаСвяз
22	
113 220	
222	
224	
221	
224	
222,5
VLHZ	
ВХЗ-ао
38	
100 512	
49,75	
50,05	
49,55	
50,2	
49,75
RAVN	
Raven
13	
85 240	
29,4	
28,4	
27,8	
29,65	
29,3
AVAN	
Авангрд-ао
32	
84 575	
700	
695	
680	
740	
705
TASBP	
ТамбЭнСб-п
19	
79 750	
0,3325	
0,3335	
0,33	
0,3355	
0,3305
KROT	
КрасОкт-ао
10	
79 625	
346	
347	
346	
347	
346
KRSB	
Красэсб ао
8	
78 650	
6,55	
6,67	
6,48	
6,67	
6,48
MFGS	
Мегион-ао
17	
76 990	
369	
366	
364,5	
373	
369
DZRDP	
iДонскЗР п
16	
72 490	
1 580	
1 570	
1 570	
1 590	
1 590
CHGZ	
РН-ЗапСиб
15	
72 240	
32,8	
32	
32	
35	
35
BISVP	
БашИнСв ап
21	
71 881	
8,36	
8,39	
8,31	
8,39	
8,35
JNOS	
Славн-ЯНОС
10	
70 490	
18,55	
18,6	
18,5	
18,6	
18,5
LVHK	
Левенгук
34	
70 017	
7,96	
8	
7,9	
8,05	
8,01
VSYD	
ВыбСудЗ ао
15	
66 935	
3 935	
3 970	
3 895	
3 970	
3 900
KTSB	
КСБ ао
14	
60 120	
0,602	
0,608	
0,6	
0,612	
0,602
STSB	
СтаврЭнСб
48	
58 795	
0,392	
0,3925	
0,3845	
0,3975	
0,39
VGSB	
ВолгЭнСб
23	
56 170	
1,605	
1,595	
1,595	
1,615	
1,6
KROTP	
КрасОкт-1п
14	
53 820	
256,5	
256,5	
255	
261	
255,5
GAZAP	
ГАЗ ап
17	
53 120	
312,5	
310	
310	
314	
313,5
CHKZ	
ЧКПЗ ао
8	
53 020	
5 300	
5 260	
5 240	
5 440	
5 400
MFGSP	
Мегион-ап
11	
51 145	
319	
321	
318	
321	
319
KAZTP	
Куйбазот-п
19	
48 682	
147,6	
148	
146	
148,8	
146,6
RUSI	
ИКРУСС-ИНВ
11	
46 130	
38,4	
38,3	
38	
38,7	
38
RTSBP	
ТНСэнРст-п
9	
45 150	
0,301	
0,298	
0,298	
0,304	
0,304
MGTS	
МГТС-5ао
8	
43 460	
2 285	
2 285	
2 285	
2 300	
2 285
VRSB	
ТНСэнВорон
6	
42 120	
52,8	
52,2	
52,2	
53	
53
DZRD	
iДонскЗР
6	
37 380	
1 965	
1 965	
1 965	
1 980	
1 980
TASB	
ТамбЭнСб
6	
34 400	
0,43	
0,43	
0,43	
0,43	
0,43
SAREP	
СаратЭн-ап
5	
32 562	
0,093	
0,0932	
0,093	
0,094	
0,094
TGKDP	
Квадра-п
21	
31 807	
0,00383	
0,003925	
0,00379	
0,00393	
0,003855
TORS	
ТРК ао
3	
29 970	
0,375	
0,373	
0,373	
0,376	
0,375
ARSA	
Арсагера
7	
26 740	
3,34	
3,3	
3,3	
3,37	
3,37
ALBK	
БестЭфБ ао
13	
25 660	
52,5	
52	
52	
52,5	
52
ZVEZ	
ЗВЕЗДА ао
4	
22 610	
4,52	
4,515	
4,515	
4,535	
4,535
ROST	
РОСИНТЕРао
8	
22 284	
60,2	
60,2	
60,2	
60,4	
60,2
PRMB	
Приморье
1	
22 200	
22 200	
22 200	
22 200	
22 200	
22 200
ASSB	
АстрЭнСб
20	
21 774	
0,751	
0,7555	
0,748	
0,7555	
0,75
TNSE	
ТНСэнрг ао
7	
20 535	
980	
970	
970	
980	
975
YRSB	
ТНСэнЯр
4	
20 320	
170	
170	
168	
170	
168
ROSB	
Росбанк ао
11	
19 110	
70,8	
70,6	
70,4	
71,4	
70,8
NNSBP	
ТНСэнНН ап
8	
18 398	
593	
594	
587	
599	
587
VSYDP	
ВыбСудЗ ап
4	
16 460	
4 120	
4 040	
4 040	
4 140	
4 140
JNOSP	
Слав-ЯНОСп
4	
13 972	
13,98	
14	
13,86	
14	
14
NKSH	
Нижкамшина
3	
11 226	
22,46	
22,5	
22,26	
22,5	
22,26
VGSBP	
ВолгЭнСб-п
5	
7 945	
1,135	
1,13	
1,12	
1,15	
1,145
KCHEP	
КамчатЭ ап
2	
7 050	
0,353	
0,353	
0,352	
0,353	
0,353
KCHE	
КамчатЭ ао
3	
6 045	
0,2015	
0,2015	
0,2015	
0,2015	
0,2015
KGKC	
КурганГКао
7	
4 790	
53	
54	
53	
54	
53
KTSBP	
КСБ ап
1	
2 645	
0,2645	
0,2645	
0,2645	
0,2645	
0,2645
NNSB	
ТНСэнНН ао
2	
2 620	
1 310	
1 310	
1 310	
1 310	
1 310
BISV	
БашИнСв ао
0	
0	
-	
-	
-	
-	
8,7
GAZC	
ГАЗКОН-ао
0	
0	
-	
-	
-	
-	
295
GAZS	
ГАЗ-сервис
0	
0	
-	
-	
-	
-	
293
GAZT	
ГАЗ-Тек ао
0	
0	
-	
-	
-	
-	
85
GTSS	
ГЕОТЕК ао
0	
0	
-	
-	
-	
-	
-
HIMC	
Химпром ао
0	
0	
-	
-	
-	
-	
0,99
KMTZ	
КосогМЗ ао
0	
0	
-	
-	
-	
-	
-
KOGK	
КоршГОК ао
0	
0	
-	
-	
-	
-	
50 400
KRKO	
ТКЗКК ао
0	
0	
-	
-	
-	
-	
11,8
KSGR	
Кокс ао
0	
0	
-	
-	
-	
-	
-
KUNF	
КУЗОЦМ ао
0	
0	
-	
-	
-	
-	
-
KZMS	
КЗМС ао
0	
0	
-	
-	
-	
-	
226
MFON	
МегаФон ао
0	
0	
-	
-	
-	
-	
650,6
MOBB	
МосОблБанк
0	
0	
-	
-	
-	
-	
0,698
MORI	
Морион ао
0	
0	
-	
-	
-	
-	
4,31
NPOF	
Физика ао
0	
0	
-	
-	
-	
-	
11 850
PRTK	
ПРОТЕК ао
0	
0	
-	
-	
-	
-	
99,6
RTGZ	
ГазпРнД ао
0	
0	
-	
-	
-	
-	
23 550
SARE	
СаратЭн-ао
0	
0	
-	
-	
-	
-	
0,1196
TRCN	
ТрансК ао
0	
0	
-	
-	
-	
-	
8 595
TRFM	
ТрансФ ао
0	
0	
-	
-	
-	
-	
-
URKA	
Уркалий-ао
0	
0	
-	
-	
-	
-	
119,04
VZRZ	
Возрожд-ао
0	
0	
-	
-	
-	
-	
480