SBER	
Сбербанк
70 588	
12 074 076 980	
205,82	
206,7	
204,28	
207,95	
205,12
GAZP	
ГАЗПРОМ ао
61 898	
7 131 004 509	
193,78	
195,35	
192,62	
195,35	
193,9
LKOH	
ЛУКОЙЛ
24 849	
5 200 983 860	
5 452,5	
5 436,5	
5 392	
5 504,5	
5 461
GMKN	
ГМКНорНик
26 885	
4 656 618 770	
18 958	
18 980	
18 644	
19 150	
19 100
PLZL	
Полюс
25 487	
2 911 792 786	
11 293	
11 177,5	
11 095,5	
11 478	
11 330,5
MGNT	
Магнит ао
26 727	
2 625 891 667	
4 003,5	
3 958,5	
3 907	
4 086	
4 078
YNDX	
Yandex clA
31 981	
2 435 025 325	
3 201,8	
3 170,2	
3 115	
3 270,8	
3 243
ROSN	
Роснефть
14 630	
2 186 896 518	
373,15	
374,55	
370,5	
379	
374,25
TATN	
Татнфт 3ао
22 619	
2 034 561 003	
585,3	
582	
574,8	
592,5	
589
MTSS	
МТС-ао
19 919	
1 838 402 265	
325,3	
327,5	
322,7	
327,65	
325,35
POLY	
Polymetal
19 045	
1 702 519 983	
1 326,4	
1 323,1	
1 305,7	
1 340	
1 323,9
AFLT	
Аэрофлот
33 121	
1 497 446 808	
80,94	
81,72	
80,26	
83,98	
81,14
NVTK	
Новатэк ао
13 108	
1 374 259 383	
1 069,6	
1 073,6	
1 057,6	
1 082,8	
1 079
VTBR	
ВТБ ао
38 404	
1 299 660 297	
0,035455	
0,0354	
0,03523	
0,03575	
0,035435
SNGS	
Сургнфгз
10 383	
1 051 764 357	
38,955	
39	
38,5	
39,4	
39,33
SBERP	
Сбербанк-п
19 851	
1 014 151 700	
190,68	
190,89	
189,2	
192,97	
190,25
CHMF	
СевСт-ао
31 158	
1 007 565 001	
867	
873,2	
862,2	
874	
866,2
IRAO	
ИнтерРАОао
13 391	
1 007 197 355	
4,9555	
4,9545	
4,8705	
5,0125	
4,953
ALRS	
АЛРОСА ао
24 672	
967 720 789	
63,69	
64,38	
63,15	
64,47	
64,2
SNGSP	
Сургнфгз-п
14 978	
894 344 855	
34,81	
34,925	
34,56	
34,995	
34,97
MOEX	
МосБиржа
17 474	
879 761 918	
115,38	
115,95	
114,66	
116,45	
116
SIBN	
Газпрнефть
9 965	
815 448 179	
355,55	
356,45	
353,2	
357,75	
354,9
TRNFP	
Транснф ап
2 815	
780 285 400	
135 100	
133 700	
132 750	
138 400	
137 950
FIVE	
FIVE-гдр
12 323	
772 481 549	
2 302,5	
2 276,5	
2 222	
2 362,5	
2 351
HYDR	
РусГидро
14 034	
667 529 883	
0,8145	
0,81	
0,8036	
0,8216	
0,82
NLMK	
НЛМК ао
9 806	
630 011 354	
137,8	
138,6	
136,34	
138,86	
137,8
FEES	
ФСК ЕЭС ао
11 573	
522 013 816	
0,18704	
0,18602	
0,1844	
0,1896	
0,1859
MAGN	
ММК
9 061	
447 763 975	
39,22	
39,645	
38,9	
39,655	
39,375
TATNP	
Татнфт 3ап
10 122	
417 210 670	
562,9	
562,7	
545,7	
569,8	
566,2
DSKY	
ДетскийМир
16 162	
385 886 563	
102,94	
103,48	
101,98	
103,84	
102,6
TCSG	
TCS-гдр
10 985	
353 982 132	
1 342,4	
1 336	
1 250	
1 378,4	
1 371,8
RSTI	
Россети ао
8 430	
343 780 705	
1,5233	
1,5153	
1,4949	
1,5448	
1,5316
OGKB	
ОГК-2 ао
13 725	
330 913 362	
0,7658	
0,746	
0,7333	
0,7886	
0,7665
AFKS	
Система ао
6 662	
279 120 344	
16,896	
16,78	
16,61	
17,1	
17,1
CBOM	
МКБ ао
12 760	
239 299 610	
5,527	
5,505	
5,481	
5,587	
5,567
RTKM	
Ростел -ао
8 498	
232 038 239	
85,68	
86,1	
85,05	
86,6	
86
RASP	
Распадская
2 768	
175 945 841	
113,06	
111,02	
110,3	
114,78	
111,86
PHOR	
ФосАгро ао
4 767	
171 508 312	
2 667	
2 688	
2 646	
2 688	
2 677
MVID	
М.видео
4 169	
167 242 618	
402,7	
391,9	
391,9	
409	
406,2
RUAL	
РУСАЛ ао
11 850	
162 624 578	
26,58	
26,705	
26,325	
26,89	
26,5
LSRG	
ЛСР ао
7 237	
147 413 654	
692	
693	
683,8	
703	
690,8
BANEP	
Башнефт ап
4 568	
144 095 296	
1 454	
1 450	
1 442,5	
1 464,5	
1 455,5
NMTP	
НМТП ао
6 648	
139 659 812	
10,86	
10,95	
10,655	
11,11	
10,755
TRMK	
ТМК ао
771	
137 106 145	
59,72	
59,7	
59,58	
59,78	
59,68
TGKA	
ТГК-1
7 465	
113 433 689	
0,013074	
0,01314	
0,013002	
0,013238	
0,013088
UPRO	
Юнипро ао
4 519	
113 363 859	
2,728	
2,75	
2,715	
2,755	
2,74
QIWI	
iQIWI
4 611	
89 590 960	
1 173	
1 200	
1 143,5	
1 200	
1 186
ENRU	
ЭнелРос ао
4 403	
71 627 983	
1,011	
1,0195	
1	
1,02	
1,0165
MTLR	
Мечел ао
7 254	
71 170 388	
66,87	
67,19	
66,2	
67,5	
67,5
ETLN	
ETLN-гдр
3 804	
66 679 793	
98,06	
94,92	
94,6	
101,36	
96,18
LNTA	
Лента др
4 200	
58 114 633	
170,4	
169,5	
168,5	
172	
171
BANE	
Башнефт ао
2 383	
49 650 382	
1 849	
1 826	
1 826	
1 864	
1 850
NKNCP	
НКНХ ап
2 291	
47 723 031	
89,4	
88,58	
88	
89,94	
89,56
PIKK	
ПИК ао
1 801	
43 816 157	
415,9	
415,5	
411,2	
420	
419,9
APTK	
Аптеки36и6
11 101	
36 189 383	
13,812	
13,85	
13,746	
13,93	
13,752
SELG	
Селигдар
2 953	
35 543 352	
26,53	
26	
26	
26,9	
26,42
MSNG	
+МосЭнерго
1 392	
33 583 171	
2,136	
2,167	
2,112	
2,167	
2,146
MTLRP	
Мечел ап
1 374	
28 032 368	
85,55	
86,35	
84,6	
86,95	
85,7
RSTIP	
Россети ап
1 427	
19 884 493	
2,05	
2,065	
2,011	
2,084	
2,04
SFIN	
САФМАР ао
370	
18 920 326	
452,4	
465,8	
450	
466	
452,6
MRKP	
МРСК ЦП
840	
16 126 069	
0,1923	
0,195	
0,1908	
0,1958	
0,1913
LSNGP	
РСетиЛЭ-п
1 263	
15 303 861	
160,1	
162,95	
159,05	
162,95	
159,85
ENPG	
ЭН+ГРУП ао
214	
14 259 823	
600	
602	
596,5	
604	
598
AKRN	
Акрон
488	
13 208 992	
5 492	
5 510	
5 466	
5 520	
5 500
LIFE	
iФармсинтз
1 363	
12 974 428	
6,76	
6,875	
6,67	
6,985	
6,69
AGRO	
AGRO-гдр
1 226	
10 918 721	
661	
665,2	
657,4	
665,2	
659,2
KRKNP	
СаратНПЗ-п
482	
10 479 840	
16 080	
16 320	
15 820	
16 380	
16 080
RTKMP	
Ростел -ап
1 068	
10 426 567	
75,85	
75,75	
75,25	
76,2	
76
OBUV	
ОР ао
1 042	
8 078 017	
32,85	
33,65	
32,65	
33,65	
32,95
VSMO	
ВСМПО-АВСМ
193	
7 352 200	
19 400	
19 320	
19 240	
19 560	
19 380
MRKV	
РсетВол ао
800	
7 249 014	
0,07175	
0,0735	
0,071	
0,07395	
0,07205
NKNC	
НКНХ ао
668	
6 918 319	
98,8	
99,2	
97,75	
99,9	
98,95
BSPB	
БСП ао
1 119	
6 385 577	
41,97	
41,9	
41,76	
42,29	
41,82
KZOS	
ОргСинт ао
480	
6 381 110	
89,7	
89,2	
89	
91,1	
89,8
RNFT	
РуссНфт ао
790	
5 642 801	
498,6	
482,2	
478,8	
519,8	
519,8
SVAV	
СОЛЛЕРС
88	
4 214 955	
259,5	
258	
255,5	
261	
259
GCHE	
ЧеркизГ-ао
437	
4 141 614	
1 766	
1 776	
1 762	
1 784,5	
1 764,5
UNAC	
iАвиастКао
324	
3 882 008	
0,4785	
0,489	
0,4745	
0,4895	
0,478
MRKC	
МРСК Центр
639	
3 694 062	
0,2776	
0,2778	
0,2708	
0,28	
0,2768
MGTSP	
МГТС-4ап
206	
3 600 582	
2 046	
2 052	
2 020	
2 054	
2 028
TGKB	
ТГК-2
251	
3 184 495	
0,00412	
0,004225	
0,004	
0,004235	
0,0041
TGKBP	
ТГК-2 ап
112	
3 023 890	
0,00722	
0,00743	
0,00705	
0,00743	
0,00732
MSTT	
Мостотрест
341	
2 824 311	
155,6	
156,95	
154,4	
157,65	
157,05
INGR	
ИНГРАД ао
575	
2 687 590	
730	
740	
723	
740	
727
MSRS	
РСетиМР ао
282	
2 650 044	
1,1105	
1,12	
1,1035	
1,1265	
1,1075
ISKJ	
iИСКЧ ао
350	
2 624 192	
27,14	
27,52	
26,9	
27,85	
26,96
PRTK	
ПРОТЕК ао
157	
2 596 169	
99,5	
99	
98,8	
99,6	
99,4
MOBB	
МосОблБанк
968	
2 336 587	
1,07	
1,092	
1,044	
1,14	
1,07
KMAZ	
КАМАЗ
410	
1 873 141	
58,1	
58,5	
57,6	
58,6	
58,5
LNZL	
Лензолото
102	
1 717 410	
8 540	
8 630	
8 520	
8 680	
8 550
ALNU	
АЛРОСА-Нюр
25	
1 654 200	
53 400	
54 000	
53 000	
54 000	
53 800
MRKS	
РсетСиб ао
70	
1 536 210	
0,246	
0,2515	
0,2425	
0,2515	
0,2445
PMSBP	
ПермьЭнС-п
240	
1 489 586	
135,6	
135	
134,4	
137	
134,8
IRKT	
ИРКУТ-3
111	
1 420 654	
34,16	
35,02	
33,76	
35,02	
34,24
MFGSP	
Мегион-ап
25	
1 413 720	
340	
331,5	
331,5	
340,5	
340
CHEP	
ЧТПЗ ао
73	
1 401 990	
200	
200,5	
198,5	
200,5	
199,5
BELU	
Белуга ао
88	
1 389 186	
1 355	
1 370	
1 347	
1 376	
1 349
FESH	
ДВМП ао
213	
1 361 292	
7,24	
7,38	
7,16	
7,38	
7,27
SELGP	
Селигдар-п
150	
1 320 785	
26,25	
26,1	
26,1	
26,5	
26,15
YRSBP	
ТНСэнЯр-п
89	
1 234 135	
87	
85	
82	
89	
83
LNZLP	
Лензол. ап
87	
668 070	
3 610	
3 630	
3 565	
3 635	
3 630
LSNG	
РСетиЛЭ
180	
658 009	
6,08	
6,08	
6,04	
6,09	
6,06
MRKY	
РоссЮг ао
145	
642 076	
0,0501	
0,05075	
0,05	
0,0521	
0,05005
RZSB	
РязЭнСб
45	
590 920	
10,02	
9,92	
9,92	
10,18	
9,96
KCHEP	
КамчатЭ ап
118	
588 080	
0,37	
0,374	
0,353	
0,388	
0,375
RTSB	
ТНСэнРст
95	
585 200	
0,44	
0,44	
0,415	
0,475	
0,43
MRKZ	
МРСК СЗ
149	
560 260	
0,0491	
0,0491	
0,0484	
0,0496	
0,04935
AMEZ	
АшинскийМЗ
164	
552 820	
4,105	
4,15	
4,085	
4,155	
4,1
TRCN	
ТрансК ао
28	
522 280	
8 560	
8 600	
8 515	
8 615	
8 555
YKEN	
Якутскэнрг
61	
504 935	
0,3685	
0,3575	
0,356	
0,38	
0,366
MAGEP	
МагадЭн ап
23	
497 770	
7,11	
7,35	
7,095	
7,35	
7,11
RTSBP	
ТНСэнРст-п
84	
494 660	
0,313	
0,317	
0,3	
0,328	
0,305
PMSB	
ПермьЭнСб
143	
488 884	
139,7	
138,4	
138,4	
143,9	
139,3
KMEZ	
КМЗ
169	
481 691	
465	
476	
460	
478,5	
466,5
MRKU	
МРСК Ур
92	
481 214	
0,1578	
0,1592	
0,1556	
0,1592	
0,1572
ZILL	
ЗИЛ ао
67	
480 680	
2 860	
2 980	
2 820	
2 980	
2 890
KRSBP	
Красэсб ап
28	
451 080	
7,28	
7,06	
7,02	
7,48	
7,34
YKENP	
Якутскэн-п
66	
447 200	
0,3415	
0,34	
0,3245	
0,3525	
0,3455
KBTK	
КузбТК ао
92	
445 838	
158,8	
153,2	
152,4	
164,6	
158,2
KZOSP	
ОргСинт ап
357	
441 759	
12,01	
12,1	
11,92	
12,1	
12
BLNG	
Белон ао
97	
440 964	
4,02	
4,12	
4	
4,12	
4,034
GAZA	
ГАЗ ао
62	
427 345	
395,5	
390,5	
387	
404	
387,5
KAZTP	
Куйбазот-п
20	
405 372	
142,8	
142	
141,8	
143,6	
143,6
NKHP	
НКХП ао
61	
386 910	
231,5	
230,5	
230	
234,5	
232
TUZA	
ТЗА ао
64	
368 420	
96	
97	
95	
97	
96
STSBP	
СтаврЭнСбп
46	
348 499	
0,3385	
0,3335	
0,333	
0,3425	
0,334
HIMCP	
Химпром ап
69	
329 287	
5,88	
5,88	
5,86	
5,91	
5,89
KAZT	
Куйбазот
56	
318 990	
141,2	
141,8	
140,6	
142	
142
VJGZP	
Варьеган-п
21	
318 380	
350	
351	
340	
356	
355
UCSS	
ОКС ао
39	
317 120	
1 440	
1 450	
1 430	
1 460	
1 450
KRKN	
СаратНПЗ
20	
311 150	
13 550	
13 400	
13 350	
13 600	
13 600
KCHE	
КамчатЭ ао
44	
306 530	
0,213	
0,207	
0,2065	
0,215	
0,214
DIOD	
ЗаводДИОД
68	
306 387	
5,74	
5,73	
5,72	
5,76	
5,75
PAZA	
ПавлАвт ао
32	
302 710	
7 970	
7 830	
7 830	
8 170	
7 850
UTAR	
ЮТэйр ао
89	
299 396	
7,16	
7,25	
7,14	
7,25	
7,19
TASB	
ТамбЭнСб
42	
269 945	
0,482	
0,49	
0,475	
0,493	
0,4775
DVEC	
ДЭК ао
67	
263 889	
0,929	
0,942	
0,92	
0,947	
0,932
VLHZ	
ВХЗ-ао
53	
229 228	
49,85	
49,95	
49,55	
50,65	
49,85
RLMN	
Роллман
44	
227 868	
19	
18,95	
18,95	
19,2	
19,05
KRSB	
Красэсб ао
16	
224 920	
7,26	
7,11	
7,11	
7,3	
7,26
ROSB	
Росбанк ао
51	
219 688	
71,2	
70	
69,8	
72	
71,8
PRMB	
Приморье
9	
218 800	
24 400	
23 800	
23 800	
24 800	
24 800
ROLO	
Русолово
37	
217 428	
3,816	
3,762	
3,76	
3,868	
3,78
RBCM	
РБК ао
68	
212 799	
3,29	
3,3	
3,28	
3,324	
3,28
VSYDP	
ВыбСудЗ ап
23	
202 880	
4 220	
4 200	
4 200	
4 340	
4 280
ELTZ	
Электрцинк
155	
202 735	
162,5	
167,5	
160	
167,5	
163,5
YAKG	
ЯТЭК ао
35	
202 120	
39,65	
39,4	
39,35	
39,95	
39,9
TGKD	
Квадра
44	
184 889	
0,0031	
0,00314	
0,003065	
0,00314	
0,00311
SLEN	
Сахэнер ао
11	
179 921	
4,1	
4,09	
4,09	
4,12	
4,095
MGTS	
МГТС-5ао
29	
178 220	
2 475	
2 520	
2 440	
2 520	
2 460
MFGS	
Мегион-ао
12	
177 425	
369,5	
363,5	
363	
376	
370
KUBE	
Кубанэнр
112	
170 236	
70,1	
69,5	
68,6	
71,5	
69,9
CNTL	
Телеграф
46	
170 115	
20,5	
20,55	
20,35	
20,55	
20,4
VRSBP	
ТНСэнВор-п
23	
168 000	
33,5	
33,5	
33	
34,5	
34,5
RUSP	
Русполимет
19	
167 630	
0,5985	
0,602	
0,5925	
0,603	
0,603
VSYD	
ВыбСудЗ ао
28	
165 480	
4 245	
4 050	
4 050	
4 300	
4 260
ABRD	
АбрауДюрсо
54	
152 235	
130	
130	
129,5	
131	
130
KROT	
КрасОкт-ао
22	
150 960	
351	
346	
346	
357	
353,5
KOGK	
КоршГОК ао
3	
137 200	
45 800	
46 000	
45 200	
46 000	
46 000
RLMNP	
Роллман-п
48	
133 755	
20,28	
20,38	
19,68	
20,4	
20,26
CHKZ	
ЧКПЗ ао
19	
126 420	
5 260	
5 300	
5 220	
5 300	
5 300
WTCM	
ЦМТ ао
41	
125 004	
9	
9	
8,88	
9,12	
9
OMZZP	
ОМЗ-ап
27	
124 395	
3 360	
3 310	
3 310	
3 390	
3 345
BISVP	
БашИнСв ап
28	
118 575	
8,23	
8,29	
8,2	
8,3	
8,27
USBN	
УралСиб ао
25	
114 665	
0,0708	
0,0714	
0,0704	
0,0714	
0,0706
TGKDP	
Квадра-п
62	
107 848	
0,00404	
0,004	
0,003925	
0,00418	
0,00404
VJGZ	
Варьеган
17	
107 815	
602	
608	
599	
608	
600
IGST	
Ижсталь2ао
19	
100 642	
868	
868	
846	
875	
862
KUZB	
КузнецкийБ
91	
100 289	
0,01671	
0,01671	
0,01651	
0,01687	
0,01658
NAUK	
iНПОНаука
38	
94 966	
179,2	
180	
178	
180,2	
180,2
SAREP	
СаратЭн-ап
26	
89 610	
0,0924	
0,0912	
0,0912	
0,0928	
0,0916
NSVZ	
НаукаСвяз
35	
88 205	
226	
228	
225	
228	
226
LVHK	
Левенгук
44	
81 069	
8,36	
8,15	
7,98	
8,97	
8,07
KGKC	
КурганГКао
29	
79 150	
55	
53	
53	
55	
54
IGSTP	
Ижсталь ап
36	
78 551	
666	
666	
656	
679	
665
GAZAP	
ГАЗ ап
15	
74 160	
322,5	
317	
317	
324,5	
322
ROST	
РОСИНТЕРао
20	
71 788	
63,6	
62,4	
62,4	
64	
63,6
NKSH	
Нижкамшина
13	
66 750	
23,02	
23	
22,94	
23,2	
23,08
TORSP	
ТРК ап
9	
64 890	
0,2705	
0,2705	
0,2695	
0,2705	
0,27
UKUZ	
ЮжКузб. ао
18	
62 664	
540	
544	
534	
544	
536
VGSB	
ВолгЭнСб
11	
62 135	
1,635	
1,635	
1,63	
1,645	
1,635
MAGE	
МагадЭн ао
7	
59 760	
8,54	
8,51	
8,5	
8,6	
8,53
RKKE	
ЭнергияРКК
9	
59 650	
4 970	
5 000	
4 940	
5 010	
4 960
LPSB	
ЛЭСК ао
17	
56 575	
7,95	
8	
7,9	
8	
7,9
RDRB	
РДБанк ао
8	
55 950	
255	
245	
245	
255	
255
DZRD	
iДонскЗР
24	
55 855	
1 925	
1 920	
1 905	
1 950	
1 925
KRKOP	
ТКЗКК ап
42	
54 523	
5,74	
5,79	
5,715	
5,805	
5,77
MRSB	
МордЭнСб
7	
51 420	
0,343	
0,346	
0,341	
0,346	
0,344
VGSBP	
ВолгЭнСб-п
19	
50 400	
1,12	
1,115	
1,1	
1,14	
1,12
TORS	
ТРК ао
8	
47 030	
0,392	
0,398	
0,385	
0,398	
0,386
NFAZ	
Нефтекамск
10	
43 476	
167,2	
165,4	
165,4	
169,8	
167,6
DZRDP	
iДонскЗР п
12	
40 030	
1 600	
1 600	
1 590	
1 610	
1 600
SARE	
СаратЭн-ао
9	
39 950	
0,1176	
0,119	
0,1174	
0,119	
0,1174
HALS	
Галс-Девел
8	
36 263	
772	
776	
752	
776	
764
JNOS	
Славн-ЯНОС
10	
31 270	
18,4	
18,5	
18,3	
18,65	
18,45
KROTP	
КрасОкт-1п
6	
30 955	
258	
255	
250,5	
259	
259
SAGO	
СамарЭн-ао
7	
29 480	
0,422	
0,418	
0,418	
0,428	
0,418
JNOSP	
Слав-ЯНОСп
4	
25 744	
14,3	
14,3	
14,3	
14,32	
14,3
AVAN	
Авангрд-ао
19	
25 270	
700	
700	
695	
705	
705
RAVN	
Raven
3	
24 825	
31,05	
31,2	
30,8	
31,2	
31
MISB	
ТНСэнМарЭл
10	
24 730	
11,2	
11,2	
11	
11,3	
11
KTSBP	
КСБ ап
6	
22 400	
0,249	
0,2485	
0,247	
0,253	
0,247
ARSA	
Арсагера
5	
19 780	
3,3	
3,25	
3,25	
3,32	
3,29
RUSI	
ИКРУСС-ИНВ
5	
19 070	
38,1	
38,6	
37,9	
38,6	
38
MRKK	
Россети СК
24	
18 836	
26,54	
26,7	
26,32	
26,72	
26,56
ZVEZ	
ЗВЕЗДА ао
4	
18 080	
4,52	
4,485	
4,485	
4,545	
4,545
YRSB	
ТНСэнЯр
5	
16 980	
170	
170	
168	
170	
168
MGNZ	
СМЗ-ао
3	
16 430	
4 110	
4 140	
4 090	
4 140	
4 100
MISBP	
ТНСэМаЭл-п
6	
15 240	
10,2	
10,2	
10	
10,2	
10
ALBK	
БестЭфБ ао
6	
12 850	
53,5	
54	
53,5	
54	
54
STSB	
СтаврЭнСб
21	
11 839	
0,408	
0,42	
0,403	
0,4205	
0,406
TNSE	
ТНСэнрг ао
4	
11 760	
980	
980	
980	
980	
980
WTCMP	
ЦМТ ап
8	
9 772	
8,14	
8,06	
8,06	
8,22	
8,18
KGKCP	
КурганГКап
8	
5 260	
58,5	
59	
58	
59	
59
NNSB	
ТНСэнНН ао
2	
4 130	
1 375	
1 350	
1 350	
1 390	
1 390
KTSB	
КСБ ао
3	
2 354	
0,59	
0,59	
0,584	
0,59	
0,59
GAZC	
ГАЗКОН-ао
0	
0	
-	
-	
-	
-	
295
GTSS	
ГЕОТЕК ао
0	
0	
-	
-	
-	
-	
-
SZPR	
СЗПароход
0	
0	
-	
-	
-	
-	
782
TRFM	
ТрансФ ао
0	
0	
-	
-	
-	
-	
-
GAZT	
ГАЗ-Тек ао
0	
0	
-	
-	
-	
-	
85
GTSS	
ГЕОТЕК ао
0	
0	
-	
-	
-	
-	
-
HIMC	
Химпром ао
0	
0	
-	
-	
-	
-	
0,99
KMTZ	
КосогМЗ ао
0	
0	
-	
-	
-	
-	
-
KRKO	
ТКЗКК ао
0	
0	
-	
-	
-	
-	
11,8
KSGR	
Кокс ао
0	
0	
-	
-	
-	
-	
-
KUNF	
КУЗОЦМ ао
0	
0	
-	
-	
-	
-	
-
KZMS	
КЗМС ао
0	
0	
-	
-	
-	
-	
226
MFON	
МегаФон ао
0	
0	
-	
-	
-	
-	
650,6
MORI	
Морион ао
0	
0	
-	
-	
-	
-	
4,31
NNSBP	
ТНСэнНН ап
0	
0	
-	
-	
-	
-	
558
NPOF	
Физика ао
0	
0	
-	
-	
-	
-	
11 850
SAGOP	
СамарЭн-ап
0	
0	
0,389	
-	
-	
-	
0,404
SZPR	
СЗПароход
0	
0	
-	
-	
-	
-	
782
TRFM	
ТрансФ ао
0	
0	
-	
-	
-	
-	
-
URKA	
Уркалий-ао
0	
0	
-	
-	
-	
-	
119,04
VRSB	
ТНСэнВорон
0	
0	
-	
-	
-	
-	
47,6
VZRZ	
Возрожд-ао
0	
0	
-	
-	
-	
-	
480
EELT	
ЕвроЭлтех
0	
0	
7,7	
-	
-	
-	
7,5