SBER	
Сбербанк
66 558	
10 819 219 615	
189,78	
190,97	
188,6	
191,25	
188,9
LKOH	
ЛУКОЙЛ
42 330	
8 404 528 584	
5 280,5	
5 190,5	
5 166	
5 348	
5 317
GAZP	
ГАЗПРОМ ао
56 927	
8 229 909 320	
194,04	
194	
192,21	
195,76	
194,35
GMKN	
ГМКНорНик
36 346	
7 569 105 196	
21 996	
21 800	
21 524	
22 388	
22 002
ROSN	
Роснефть
36 350	
5 000 674 289	
362,3	
359,7	
358,1	
365,9	
364,5
SNGS	
Сургнфгз
20 702	
2 513 750 162	
39,215	
38,72	
37,745	
39,96	
39,8
TATN	
Татнфт 3ао
24 409	
2 042 348 937	
539,6	
530	
529,2	
548,1	
544
NVTK	
Новатэк ао
17 406	
1 642 613 733	
1 077,2	
1 076,2	
1 063,6	
1 089	
1 078,4
PLZL	
Полюс
15 371	
1 621 002 479	
11 890,5	
12 000	
11 755	
12 088,5	
11 814,5
IRAO	
ИнтерРАОао
18 176	
1 369 606 772	
4,9355	
4,85	
4,842	
4,985	
4,9695
ALRS	
АЛРОСА ао
20 496	
1 251 688 151	
64,01	
63,06	
63,06	
64,55	
63,81
CHMF	
СевСт-ао
19 333	
1 026 402 249	
868,6	
857,2	
854,2	
875	
872
POLY	
Polymetal
15 218	
1 011 520 931	
1 479,7	
1 487,9	
1 462,6	
1 497	
1 480,5
YNDX	
Yandex clA
13 765	
980 472 382	
2 908,6	
2 887,6	
2 880,6	
2 938,8	
2 905
SBERP	
Сбербанк-п
18 668	
950 644 863	
176,17	
175,6	
175,22	
176,94	
176,66
MTSS	
МТС-ао
11 240	
926 892 225	
328,45	
327,85	
325,1	
330,95	
327,1
NLMK	
НЛМК ао
13 606	
909 386 526	
127,2	
125,02	
124,32	
128,36	
128,28
SNGSP	
Сургнфгз-п
12 786	
889 780 110	
35,84	
36,265	
35,605	
36,265	
35,605
AFLT	
Аэрофлот
22 671	
862 235 491	
72,06	
72,18	
70,9	
73,1	
73
MGNT	
Магнит ао
11 287	
750 425 450	
3 598,5	
3 585,5	
3 566	
3 621	
3 616
VTBR	
ВТБ ао
22 650	
736 947 772	
0,0347	
0,0347	
0,03453	
0,03488	
0,03467
MOEX	
МосБиржа
14 888	
704 699 438	
114,3	
114,51	
113,3	
114,94	
114,47
FEES	
ФСК ЕЭС ао
12 201	
658 395 884	
0,19436	
0,19	
0,18956	
0,1972	
0,19578
HYDR	
РусГидро
13 796	
541 732 540	
0,6517	
0,646	
0,6435	
0,6615	
0,6562
RSTI	
Россети ао
12 688	
516 959 710	
1,4183	
1,373	
1,373	
1,449	
1,4485
FIVE	
FIVE-гдр
7 531	
496 210 611	
2 193,5	
2 186	
2 182	
2 209	
2 192,5
TRNFP	
Транснф ап
2 196	
481 201 250	
132 200	
131 500	
130 350	
133 150	
131 550
SIBN	
Газпрнефть
8 976	
479 141 132	
326,5	
325,2	
321,05	
329	
327,45
TCSG	
TCS-гдр
8 050	
414 613 724	
1 162,8	
1 154,2	
1 137	
1 186,4	
1 184,6
TATNP	
Татнфт 3ап
9 501	
380 536 262	
510,1	
504,9	
501,6	
517	
510,9
AFKS	
Система ао
9 557	
292 895 114	
14,457	
14,42	
14,274	
14,595	
14,488
TRMK	
ТМК ао
1 678	
273 097 038	
59,3	
59,38	
59,1	
59,38	
59,3
DSKY	
ДетскийМир
12 956	
254 313 998	
95,06	
94,8	
92,9	
96,7	
96,12
MAGN	
ММК
4 389	
248 021 477	
38,065	
37,8	
37,62	
38,435	
38,165
RUAL	
РУСАЛ ао
12 765	
229 508 738	
26,07	
26,18	
25,82	
26,3	
26,2
CBOM	
МКБ ао
17 447	
213 153 135	
5,329	
5,34	
5,29	
5,364	
5,342
MVID	
М.видео
8 771	
193 186 613	
344,5	
354,9	
340	
354,9	
343,4
RTKM	
Ростел -ао
6 010	
164 668 708	
81,15	
81,2	
80,74	
81,75	
81,62
UPRO	
Юнипро ао
3 155	
158 584 320	
2,629	
2,629	
2,622	
2,646	
2,627
PHOR	
ФосАгро ао
2 779	
122 680 535	
2 778	
2 750	
2 738	
2 796	
2 789
BANEP	
Башнефт ап
3 637	
101 240 050	
1 399,5	
1 394	
1 384,5	
1 404,5	
1 403,5
MTLR	
Мечел ао
5 855	
85 767 245	
64,15	
64,19	
63,53	
64,68	
64,61
TGKA	
ТГК-1
5 029	
81 803 103	
0,011878	
0,01178	
0,011662	
0,01218	
0,01207
LSNGP	
РСетиЛЭ-п
3 272	
69 736 360	
160,1	
160,45	
156	
163,35	
163
LSRG	
ЛСР ао
5 623	
66 719 471	
581,2	
584,4	
578	
585	
580,4
KRKNP	
СаратНПЗ-п
1 029	
59 989 080	
17 640	
17 680	
17 500	
17 800	
17 700
QIWI	
iQIWI
3 747	
54 465 897	
989,5	
990	
972	
1 006,5	
996,5
OGKB	
ОГК-2 ао
2 743	
43 736 758	
0,6309	
0,6242	
0,6242	
0,6356	
0,634
RSTIP	
Россети ап
1 957	
42 279 333	
2,2	
2,18	
2,116	
2,237	
2,236
ETLN	
ETLN-гдр
4 328	
40 903 304	
88,94	
87,98	
86,1	
90,84	
89,38
RASP	
Распадская
1 195	
40 525 407	
109,06	
107,6	
107,6	
109,86	
109
LNTA	
Лента др
3 333	
37 691 187	
149,3	
150,1	
146,9	
151,1	
150,4
AKRN	
Акрон
1 454	
35 046 426	
6 010	
5 966	
5 946	
6 050	
6 050
ENRU	
ЭнелРос ао
1 583	
33 998 787	
0,9265	
0,933	
0,92	
0,9335	
0,93
ENPG	
ЭН+ГРУП ао
322	
31 923 032	
594,5	
598	
587	
600,5	
594
NKNCP	
НКНХ ап
1 712	
31 691 862	
77,28	
77,46	
76	
79,98	
77,3
PIKK	
ПИК ао
958	
30 754 091	
368	
368,8	
367,1	
369,3	
368,3
AGRO	
AGRO-гдр
2 170	
28 910 598	
647	
643	
635	
655	
652,6
APTK	
Аптеки36и6
6 693	
21 063 855	
13,928	
13,752	
13,72	
14,2	
13,868
BANE	
Башнефт ао
804	
16 171 960	
1 777,5	
1 788	
1 766,5	
1 795	
1 781
MTLRP	
Мечел ап
1 188	
15 537 403	
74	
73,4	
73	
74,75	
74,1
NMTP	
НМТП ао
1 199	
15 001 834	
8,98	
8,915	
8,815	
9,09	
8,98
RTKMP	
Ростел -ап
1 404	
14 245 753	
73,65	
73,65	
73,25	
73,9	
73,9
CHMK	
ЧМК ао
1 320	
13 984 985	
2 890	
3 050	
2 725	
3 060	
2 880
MSTT	
Мостотрест
1 229	
13 776 501	
164,35	
161,3	
160,75	
167,6	
165
BSPB	
БСП ао
1 633	
11 058 402	
39,95	
40,03	
39,87	
40,03	
39,96
KRKOP	
ТКЗКК ап
2 327	
10 925 174	
6,29	
5,875	
5,71	
6,81	
5,995
MSNG	
+МосЭнерго
589	
9 203 930	
1,954	
1,947	
1,9325	
1,966	
1,9565
RZSB	
РязЭнСб
401	
8 319 360	
8,84	
8,34	
8,24	
9,98	
8,86
SFIN	
САФМАР ао
523	
8 081 458	
408	
408,6	
404	
419	
406,8
RUGR	
Русгрэйн
2 943	
6 737 294	
7,74	
7,49	
7,356	
7,996	
7,512
MRKP	
МРСК ЦП
352	
6 661 430	
0,1708	
0,1707	
0,1699	
0,1715	
0,1715
KRKN	
СаратНПЗ
220	
6 337 700	
14 600	
13 550	
13 550	
15 100	
14 700
MSRS	
РСетиМР ао
531	
6 032 625	
1,131	
1,115	
1,115	
1,144	
1,1285
LIFE	
iФармсинтз
633	
5 959 719	
7,785	
7,885	
7,72	
7,915	
7,765
OBUV	
ОР ао
959	
5 895 242	
29,9	
30	
29,65	
30,1	
29,85
VSMO	
ВСМПО-АВСМ
156	
5 773 880	
18 380	
18 260	
18 000	
18 500	
18 500
CHKZ	
ЧКПЗ ао
508	
5 485 860	
5 740	
5 220	
5 220	
6 200	
5 540
LSNG	
РСетиЛЭ
776	
5 104 681	
6,13	
6,14	
6,02	
6,24	
6,09
LNZL	
Лензолото
253	
4 815 860	
8 550	
8 760	
8 470	
8 760	
8 530
MGTSP	
МГТС-4ап
490	
4 803 298	
2 150	
2 170	
2 100	
2 180	
2 166
RNFT	
РуссНфт ао
1 195	
4 342 977	
422,6	
425,4	
420,2	
425,4	
421,8
SELG	
Селигдар
416	
4 341 868	
23,78	
23,47	
23,47	
23,9	
23,76
ISKJ	
iИСКЧ ао
530	
4 326 956	
29,28	
28,22	
28,22	
29,55	
29,29
BELU	
Белуга ао
371	
4 269 531	
1 436	
1 460	
1 380	
1 477	
1 432
MRKC	
МРСК Центр
399	
4 249 727	
0,2404	
0,2418	
0,2386	
0,242	
0,24
FESH	
ДВМП ао
347	
3 852 987	
6,73	
6,61	
6,6	
6,8	
6,79
URKZ	
УрКузница
187	
3 812 380	
12 220	
10 760	
10 760	
12 920	
12 240
GEMA	
iММЦБ ао
371	
3 809 054	
626,5	
629	
623	
633,5	
627
GCHE	
ЧеркизГ-ао
405	
3 581 322	
1 705,5	
1 705	
1 701	
1 715	
1 710
MRKV	
РсетВол ао
465	
3 347 198	
0,0648	
0,06445	
0,06415	
0,06525	
0,06515
YAKG	
ЯТЭК ао
200	
3 096 480	
41,15	
41,95	
40,35	
41,95	
41,3
MRKU	
МРСК Ур
256	
3 093 730	
0,1562	
0,153	
0,153	
0,1596	
0,1596
SELGP	
Селигдар-п
175	
2 683 960	
28	
27,85	
27,7	
28,25	
27,9
RBCM	
РБК ао
621	
2 472 089	
3,198	
3,202	
3,142	
3,23	
3,196
TGKB	
ТГК-2
167	
2 221 115	
0,004365	
0,00435	
0,004335	
0,004395	
0,00436
NKNC	
НКНХ ао
261	
2 215 547	
91,5	
91,55	
90,85	
91,75	
91,35
TRCN	
ТрансК ао
63	
2 193 715	
8 280	
8 330	
8 190	
8 400	
8 260
YKEN	
Якутскэнрг
173	
1 981 975	
0,361	
0,345	
0,3405	
0,38	
0,3575
CNTLP	
Телеграф-п
231	
1 929 764	
17,68	
17,84	
17,6	
17,94	
17,66
KZOS	
ОргСинт ао
382	
1 757 842	
87,9	
88,5	
87,1	
88,6	
88,2
OMZZP	
ОМЗ-ап
222	
1 732 685	
3 500	
3 455	
3 435	
3 645	
3 445
PMSBP	
ПермьЭнС-п
247	
1 563 726	
140,2	
138,4	
138,4	
142	
141,4
AMEZ	
АшинскийМЗ
299	
1 530 347	
4,095	
4,16	
4,075	
4,17	
4,12
IRKT	
ИРКУТ-3
88	
1 469 602	
30,62	
30,2	
30,2	
30,76	
30,72
SAGO	
СамарЭн-ао
27	
1 437 460	
0,392	
0,404	
0,388	
0,41	
0,39
UWGN	
ОВК ао
289	
1 374 371	
240,3	
242,4	
239	
243,6	
241,9
TGKN	
ТГК-14
81	
1 294 420	
0,00336	
0,00333	
0,00332	
0,0034	
0,00335
AQUA	
РусАква ао
93	
1 280 000	
195,5	
197	
194	
197	
196
LNZLP	
Лензол. ап
115	
1 013 180	
3 670	
3 685	
3 620	
3 740	
3 675
RGSS	
РГС СК ао
137	
1 013 082	
0,1512	
0,1506	
0,1478	
0,1518	
0,1514
SVAV	
СОЛЛЕРС
118	
994 005	
257	
257	
255,5	
259	
258,5
UNAC	
iАвиастКао
173	
991 736	
0,4745	
0,4735	
0,4685	
0,476	
0,4755
TGKBP	
ТГК-2 ап
89	
973 370	
0,00705	
0,00702	
0,007	
0,00725	
0,00703
VSYDP	
ВыбСудЗ ап
111	
955 860	
4 020	
4 240	
3 560	
4 380	
4 140
ROLO	
Русолово
110	
915 050	
3,782	
3,732	
3,65	
3,86	
3,75
TTLK	
Таттел. ао
162	
890 130	
0,2945	
0,296	
0,293	
0,299	
0,2955
ASSB	
АстрЭнСб
251	
862 660	
0,639	
0,623	
0,622	
0,6685	
0,6645
MOBB	
МосОблБанк
164	
824 627	
2,48	
2,41	
2,41	
2,55	
2,478
RUSP	
Русполимет
73	
797 130	
0,618	
0,627	
0,605	
0,6305	
0,618
TGKD	
Квадра
113	
771 167	
0,003065	
0,00311	
0,003055	
0,003115	
0,0031
USBN	
УралСиб ао
57	
743 211	
0,0684	
0,0688	
0,0681	
0,0698	
0,069
GTRK	
ГТМ ао
246	
735 074	
42,8	
42,75	
42,55	
43,3	
42,95
KRSBP	
Красэсб ап
62	
729 600	
6,82	
6,52	
6,52	
6,98	
6,98
PMSB	
ПермьЭнСб
101	
700 420	
140,4	
141	
138,6	
141,3	
140,9
PRTK	
ПРОТЕК ао
78	
697 577	
98,4	
98,5	
97,9	
98,6	
98
KRSB	
Красэсб ао
51	
688 440	
6,82	
6,74	
6,7	
6,95	
6,83
ALNU	
АЛРОСА-Нюр
14	
682 000	
48 800	
48 600	
48 400	
49 200	
48 800
CHEP	
ЧТПЗ ао
52	
659 220	
201	
199	
199	
201,5	
201
NFAZ	
Нефтекамск
64	
658 432	
153,8	
155,2	
145	
157,6	
155
KOGK	
КоршГОК ао
14	
649 000	
46 400	
47 000	
46 000	
47 000	
46 000
YKENP	
Якутскэн-п
83	
631 550	
0,336	
0,315	
0,309	
0,358	
0,337
VZRZP	
Возрожд-п
29	
562 468	
290	
290,2	
289	
291,4	
290,2
KAZT	
Куйбазот
57	
559 966	
137	
137,2	
136	
138,6	
137,6
DIOD	
ЗаводДИОД
85	
556 281	
5,92	
5,97	
5,89	
5,98	
5,96
NKSH	
Нижкамшина
23	
553 014	
23,04	
23,54	
22,52	
23,54	
23,28
KMAZ	
КАМАЗ
246	
547 377	
55,1	
55,4	
54,2	
55,5	
54,9
KZOSP	
ОргСинт ап
370	
511 837	
12,04	
12,14	
11,82	
12,2	
12,03
KROT	
КрасОкт-ао
62	
508 920	
351	
356	
349,5	
358,5	
353,5
TGKDP	
Квадра-п
135	
507 801	
0,0041	
0,004005	
0,003905	
0,00426	
0,004105
PAZA	
ПавлАвт ао
55	
489 630	
7 770	
7 910	
7 710	
7 910	
7 760
DVEC	
ДЭК ао
102	
487 998	
0,801	
0,812	
0,795	
0,812	
0,799
MRKY	
РоссЮг ао
94	
483 079	
0,05025	
0,0504	
0,05005	
0,0508	
0,05015
CNTL	
Телеграф
67	
404 245	
21,3	
21,5	
21,1	
21,5	
21,25
ARSA	
Арсагера
35	
400 890	
3,23	
3,21	
3,2	
3,33	
3,27
EELT	
ЕвроЭлтех
122	
388 403	
7,56	
7,72	
7,46	
7,72	
7,58
IRGZ	
ИркЭнерго
67	
385 574	
12,52	
12,46	
12,46	
12,62	
12,5
UCSS	
ОКС ао
93	
371 810	
1 450	
1 440	
1 430	
1 510	
1 450
MRKZ	
МРСК СЗ
133	
340 308	
0,04925	
0,04915	
0,04905	
0,04975	
0,04935
UKUZ	
ЮжКузб. ао
33	
317 400	
550	
530	
530	
562	
560
KAZTP	
Куйбазот-п
85	
310 790	
137,6	
137,2	
136	
139,8	
139
SLEN	
Сахэнер ао
55	
292 058	
3,97	
3,99	
3,955	
3,99	
3,96
RUSI	
ИКРУСС-ИНВ
47	
284 390	
38,4	
37,1	
37,1	
39,4	
39,2
GAZAP	
ГАЗ ап
42	
273 905	
330	
337,5	
323	
343,5	
335
AVAN	
Авангрд-ао
54	
272 045	
750	
770	
745	
770	
745
ZILL	
ЗИЛ ао
80	
253 595	
1 440	
1 405	
1 390	
1 490	
1 410
INGR	
ИНГРАД ао
99	
252 656	
773	
776	
770	
778	
774
SARE	
СаратЭн-ао
15	
245 496	
0,1158	
0,1174	
0,1156	
0,118	
0,1178
BRZL	
БурЗолото
66	
243 934	
830	
834	
828	
834	
829
KMEZ	
КМЗ
84	
239 961	
451	
459	
446	
459	
451,5
HIMCP	
Химпром ап
63	
238 883	
5,76	
5,73	
5,73	
5,79	
5,79
NAUK	
iНПОНаука
76	
232 638	
175	
175,2	
173,2	
176,4	
174
IGST	
Ижсталь2ао
35	
231 566	
877	
875	
870	
883	
873
RLMN	
Роллман
95	
217 866	
20,55	
20,8	
20,3	
20,8	
20,7
IGSTP	
Ижсталь ап
46	
216 749	
713	
727	
706	
728	
715
ELTZ	
Электрцинк
69	
215 181	
173	
175	
172	
175	
173
BISVP	
БашИнСв ап
107	
208 805	
7,03	
7,02	
7	
7,15	
7
TUZA	
ТЗА ао
35	
207 850	
96	
97	
94	
97	
97
KUZB	
КузнецкийБ
107	
202 448	
0,01641	
0,01655	
0,01626	
0,01668	
0,01635
UNKL	
ЮУНК ао
17	
188 280	
3 490	
3 380	
3 380	
3 590	
3 460
UTAR	
ЮТэйр ао
45	
185 680	
6,54	
6,43	
6,43	
6,66	
6,53
MAGE	
МагадЭн ао
20	
169 590	
4,99	
5,09	
4,95	
5,09	
5
RDRB	
РДБанк ао
11	
167 000	
265	
265	
260	
270	
260
MGTS	
МГТС-5ао
19	
162 320	
2 660	
2 630	
2 630	
2 720	
2 655
KTSB	
КСБ ао
22	
158 406	
0,55	
0,55	
0,55	
0,552	
0,55
TASBP	
ТамбЭнСб-п
26	
154 110	
0,237	
0,239	
0,2315	
0,2445	
0,2375
KUBE	
Кубанэнр
24	
153 079	
64,9	
64,1	
63,6	
65	
65
RTGZ	
ГазпРнД ао
7	
146 050	
20 850	
20 900	
20 600	
21 000	
20 700
SZPR	
СЗПароход
63	
137 836	
726	
732	
714	
740	
730
ABRD	
АбрауДюрсо
64	
136 835	
131,5	
131	
131	
132	
132
VSYD	
ВыбСудЗ ао
22	
132 840	
4 150	
4 150	
4 070	
4 205	
4 190
JNOS	
Славн-ЯНОС
20	
130 880	
18,45	
18,4	
18,1	
18,5	
18,1
VGSB	
ВолгЭнСб
44	
127 835	
1,6	
1,565	
1,51	
1,73	
1,56
NSVZ	
НаукаСвяз
28	
126 085	
221	
221,5	
220,5	
223,5	
221
VLHZ	
ВХЗ-ао
73	
121 282	
48,3	
48,5	
48,05	
48,5	
48,4
GAZA	
ГАЗ ао
16	
120 140	
387,5	
376	
376	
389,5	
387
HALS	
Галс-Девел
9	
115 714	
751	
753	
750	
753	
751
WTCM	
ЦМТ ао
30	
111 184	
8,9	
9	
8,86	
9	
8,92
MRKS	
РсетСиб ао
23	
104 680	
0,2135	
0,2125	
0,2125	
0,2145	
0,2145
STSB	
СтаврЭнСб
16	
91 952	
0,342	
0,3475	
0,3395	
0,3475	
0,341
KLSB	
КалужскСК
49	
91 390	
11,28	
11,37	
11,22	
11,44	
11,34
VJGZP	
Варьеган-п
16	
82 440	
317	
320	
316	
320	
320
TORSP	
ТРК ап
12	
80 960	
0,27	
0,267	
0,263	
0,274	
0,274
LVHK	
Левенгук
37	
79 360	
8,18	
8,15	
8,09	
8,22	
8,2
NNSB	
ТНСэнНН ао
5	
78 655	
1 290	
1 270	
1 270	
1 290	
1 280
RAVN	
Raven
10	
68 420	
29,75	
29,6	
29,55	
29,8	
29,8
VRSB	
ТНСэнВорон
10	
66 100	
47,2	
47,2	
47	
47,8	
47,6
KBTK	
КузбТК ао
22	
61 278	
157,2	
157,6	
156	
158,4	
157,6
PRMB	
Приморье
3	
59 600	
19 800	
20 000	
19 600	
20 000	
20 000
RTSB	
ТНСэнРст
14	
59 550	
0,35	
0,345	
0,345	
0,36	
0,35
TASB	
ТамбЭнСб
12	
57 485	
0,3025	
0,2875	
0,2875	
0,3095	
0,3035
DZRDP	
iДонскЗР п
29	
57 420	
1 600	
1 610	
1 580	
1 620	
1 590
VGSBP	
ВолгЭнСб-п
18	
55 840	
1,055	
1,05	
1,045	
1,07	
1,065
WTCMP	
ЦМТ ап
29	
53 056	
8,16	
8,28	
8,12	
8,28	
8,24
VRSBP	
ТНСэнВор-п
10	
50 450	
31,5	
32	
31	
32	
31,5
TNSE	
ТНСэнрг ао
29	
49 175	
965	
965	
950	
985	
955
JNOSP	
Слав-ЯНОСп
9	
47 776	
14,06	
14,14	
13,94	
14,16	
14,12
NKHP	
НКХП ао
16	
44 595	
234,5	
235	
234	
235	
235
LPSB	
ЛЭСК ао
27	
44 070	
7,85	
7,75	
7,75	
7,95	
7,95
STSBP	
СтаврЭнСбп
30	
41 418	
0,2855	
0,2875	
0,2815	
0,289	
0,2885
ROSB	
Росбанк ао
14	
41 300	
70	
70,4	
69,2	
70,6	
70,2
ZVEZ	
ЗВЕЗДА ао
6	
40 725	
4,525	
4,51	
4,51	
4,56	
4,555
SAGOP	
СамарЭн-ап
7	
39 390	
0,394	
0,386	
0,386	
0,398	
0,393
MAGEP	
МагадЭн ап
5	
35 705	
7,14	
6,99	
6,99	
7,255	
7,105
ALBK	
БестЭфБ ао
27	
34 810	
54,5	
54	
53,5	
55	
55
RKKE	
ЭнергияРКК
7	
34 760	
4 970	
4 930	
4 910	
5 000	
4 980
ROST	
РОСИНТЕРао
9	
32 450	
60,2	
60,2	
59,4	
60,4	
60,2
MRKK	
Россети СК
30	
28 786	
26,18	
26,5	
26,08	
26,5	
26,1
KROTP	
КрасОкт-1п
7	
27 120	
246,5	
245	
241,5	
249,5	
248
KCHE	
КамчатЭ ао
13	
24 760	
0,1905	
0,1895	
0,1885	
0,193	
0,189
KCHEP	
КамчатЭ ап
5	
24 050	
0,344	
0,342	
0,341	
0,352	
0,352
SAREP	
СаратЭн-ап
12	
23 932	
0,092	
0,092	
0,0904	
0,0926	
0,0904
KTSBP	
КСБ ап
7	
20 760	
0,2595	
0,254	
0,254	
0,262	
0,262
VJGZ	
Варьеган
10	
17 370	
599	
594	
594	
602	
597
DZRD	
iДонскЗР
7	
15 280	
1 910	
1 925	
1 900	
1 925	
1 900
MRSB	
МордЭнСб
4	
14 200	
0,355	
0,356	
0,354	
0,356	
0,354
BLNG	
Белон ао
10	
12 406	
4,002	
4,002	
4	
4,03	
4
RLMNP	
Роллман-п
16	
11 612	
20,38	
20,4	
20,22	
20,42	
20,32
MISB	
ТНСэнМарЭл
3	
11 290	
11,3	
11,3	
11,2	
11,3	
11,3
NNSBP	
ТНСэнНН ап
16	
10 999	
550	
550	
536	
558	
541
MFGSP	
Мегион-ап
3	
9 655	
322	
321,5	
321,5	
322	
322
YRSBP	
ТНСэнЯр-п
5	
8 120	
90	
90	
88	
91	
89,5
RTSBP	
ТНСэнРст-п
2	
5 870	
0,294	
0,287	
0,287	
0,3	
0,3
MGNZ	
СМЗ-ао
1	
4 100	
4 100	
4 100	
4 100	
4 100	
4 100
MISBP	
ТНСэМаЭл-п
4	
3 960	
10	
9,8	
9,8	
10	
9,8
TORS	
ТРК ао
1	
3 670	
0,367	
0,367	
0,367	
0,367	
0,367
KGKC	
КурганГКао
4	
3 620	
52	
51	
51	
52	
52
KGKCP	
КурганГКап
2	
1 070	
53,5	
53	
53	
54	
54
GAZC	
ГАЗКОН-ао
0	
0	
-	
-	
-	
-	
295
GTSS	
ГЕОТЕК ао
0	
0	
-	
-	
-	
-	
-
GAZC	
ГАЗКОН-ао
0	
0	
-	
-	
-	
-	
295
GAZS	
ГАЗ-сервис
0	
0	
-	
-	
-	
-	
293
GAZT	
ГАЗ-Тек ао
0	
0	
-	
-	
-	
-	
85
GTSS	
ГЕОТЕК ао
0	
0	
-	
-	
-	
-	
-
HIMC	
Химпром ао
0	
0	
-	
-	
-	
-	
0,99
KBSB	
ТНСэКубань
0	
0	
-	
-	
-	
-	
130
KMTZ	
КосогМЗ ао
0	
0	
-	
-	
-	
-	
-
KRKO	
ТКЗКК ао
0	
0	
-	
-	
-	
-	
11,8
KSGR	
Кокс ао
0	
0	
-	
-	
-	
-	
-
KUNF	
КУЗОЦМ ао
0	
0	
-	
-	
-	
-	
-
KZMS	
КЗМС ао
0	
0	
-	
-	
-	
-	
226
MFGS	
Мегион-ао
0	
0	
-	
-	
-	
-	
349,5
MFON	
МегаФон ао
0	
0	
-	
-	
-	
-	
650,6
MORI	
Морион ао
0	
0	
-	
-	
-	
-	
4,31
NPOF	
Физика ао
0	
0	
-	
-	
-	
-	
11 850
TRFM	
ТрансФ ао
0	
0	
-	
-	
-	
-	
-
URKA	
Уркалий-ао
0	
0	
-	
-	
-	
-	
119,04
VZRZ	
Возрожд-ао
0	
0	
-	
-	
-	
-	
480
YRSB	
ТНСэнЯр
0	
0	
-	
-	
-	
-	
172