SBER	
Сбербанк
71 771	
9 827 794 477	
209,73	
209,58	
207,84	
211,53	
209,1
YNDX	
Yandex clA
65 662	
6 620 270 605	
4 440,4	
4 400	
4 373	
4 508,6	
4 411
GAZP	
ГАЗПРОМ ао
61 552	
6 599 254 291	
165,16	
163,87	
163,66	
166,53	
165,07
GMKN	
ГМКНорНик
23 737	
4 942 884 348	
19 640	
19 788	
19 504	
19 850	
19 690
LKOH	
ЛУКОЙЛ
30 925	
4 641 978 350	
4 270	
4 190	
4 182	
4 318	
4 299
PLZL	
Полюс
15 067	
2 624 299 024	
16 846	
16 839	
16 620	
17 049	
16 833
POLY	
Polymetal
28 451	
2 537 014 069	
1 799	
1 784,9	
1 772,5	
1 819,8	
1 794,9
NLMK	
НЛМК ао
32 418	
2 367 959 930	
178,12	
170,7	
170,7	
182,22	
179,48
CHMF	
СевСт-ао
36 315	
2 303 741 493	
1 040,6	
1 015,4	
1 014,8	
1 062,6	
1 061,8
VTBR	
ВТБ ао
66 726	
2 247 237 088	
0,03423	
0,0334	
0,03325	
0,03478	
0,034725
TATN	
Татнфт 3ао
30 914	
1 773 352 192	
421,5	
416	
413,9	
425,9	
423,9
MAGN	
ММК
24 814	
1 720 901 749	
37,095	
36,375	
36,27	
37,6	
37,495
SBERP	
Сбербанк-п
32 664	
1 534 666 972	
196,77	
196,81	
195,78	
198,53	
196,56
AFLT	
Аэрофлот
40 777	
1 421 725 928	
59,04	
58,4	
58,26	
59,62	
59,24
MOEX	
МосБиржа
18 610	
1 327 826 521	
145,6	
146,77	
144,23	
147,15	
145,2
ROSN	
Роснефть
10 742	
1 110 030 182	
381,6	
382,9	
380	
384,85	
382,1
MGNT	
Магнит ао
9 886	
1 041 878 712	
4 893,5	
4 849	
4 831	
4 925	
4 895,5
NVTK	
Новатэк ао
15 505	
1 030 039 312	
1 038,6	
1 039,8	
1 028,8	
1 048	
1 038,2
MTSS	
МТС-ао
11 278	
802 678 707	
320,7	
320,9	
318	
322,8	
320,8
MAIL	
MAIL-гдр
15 395	
786 014 080	
2 252,4	
2 255	
2 228,4	
2 274,2	
2 238,8
POGR	
Petropavl
20 121	
783 454 101	
28,445	
29,65	
27,7	
29,675	
28,205
AFKS	
Система ао
15 369	
734 204 932	
25,646	
25,45	
25,28	
25,89	
25,526
TATNP	
Татнфт 3ап
17 269	
709 955 075	
401,6	
399,7	
395,6	
405,7	
403
SNGS	
Сургнфгз
6 923	
684 128 743	
33,72	
33,6	
33,505	
33,91	
33,835
IRAO	
ИнтерРАОао
8 377	
673 253 127	
5,287	
5,26	
5,216	
5,562	
5,3105
TCSG	
TCS-гдр
13 841	
593 675 042	
1 787	
1 739,8	
1 710,4	
1 812	
1 790
ALRS	
АЛРОСА ао
12 869	
569 284 625	
75,08	
74,3	
74,3	
75,58	
75,27
SNGSP	
Сургнфгз-п
6 824	
558 016 431	
37,465	
37,515	
37,345	
37,69	
37,495
LSRG	
ЛСР ао
28 401	
498 366 958	
950,4	
915,4	
908,4	
1 000	
950
FIVE	
FIVE-гдр
8 640	
470 420 388	
2 953,5	
2 964	
2 926	
2 989	
2 982
HYDR	
РусГидро
12 761	
415 293 378	
0,731	
0,723	
0,721	
0,7383	
0,733
FLOT	
Совкомфлот
19 110	
386 826 580	
96,57	
98,5	
95,5	
98,5	
96,5
CBOM	
МКБ ао
6 845	
286 065 269	
5,561	
5,547	
5,538	
5,579	
5,56
FEES	
ФСК ЕЭС ао
5 484	
229 703 673	
0,18916	
0,18838	
0,1873	
0,1907	
0,18926
SIBN	
Газпрнефть
3 750	
210 685 336	
281,45	
277,7	
277	
283,6	
283,2
RTKM	
Ростел -ао
6 880	
176 365 434	
94,72	
94,39	
93,88	
95,5	
95,1
RSTI	
Россети ао
4 499	
159 737 862	
1,406	
1,384	
1,3741	
1,4289	
1,4248
PHOR	
ФосАгро ао
3 892	
157 179 113	
2 758	
2 775	
2 733	
2 788	
2 750
DSKY	
ДетскийМир
6 201	
146 745 828	
115,08	
114,84	
114,26	
115,9	
115,1
LNTA	
Лента др
12 745	
133 826 035	
218,9	
220	
217,9	
220	
218
PIKK	
ПИК ао
5 524	
132 871 551	
602,2	
600,1	
596,6	
609	
597,1
RUAL	
РУСАЛ ао
12 325	
131 016 940	
32,765	
32,74	
32,05	
33	
32,93
MRKP	
МРСК ЦП
3 638	
112 949 349	
0,2283	
0,2188	
0,2175	
0,2323	
0,2311
BSPB	
БСП ао
9 640	
106 327 882	
44,48	
43,9	
43,9	
45,2	
44,29
UPRO	
Юнипро ао
2 588	
104 127 846	
2,686	
2,691	
2,651	
2,7	
2,682
TRNFP	
Транснф ап
507	
90 794 050	
135 700	
135 700	
135 250	
136 250	
135 500
MVID	
М.видео
2 020	
87 118 228	
673,4	
668,6	
667,8	
677,8	
672,8
ETLN	
ETLN-гдр
7 829	
86 185 199	
128,16	
128,52	
127,04	
128,82	
128,7
RASP	
Распадская
1 806	
65 597 416	
116,54	
113,96	
113,12	
118	
117,36
QIWI	
iQIWI
4 187	
53 293 235	
1 216	
1 214,5	
1 196,5	
1 236,5	
1 213
OGKB	
ОГК-2 ао
2 121	
47 658 291	
0,7377	
0,7255	
0,7255	
0,7531	
0,7394
ENPG	
ЭН+ГРУП ао
1 188	
36 753 818	
703,5	
714,5	
690,5	
714,5	
699,5
TGKA	
ТГК-1
1 673	
29 386 444	
0,010668	
0,0105	
0,010356	
0,01079	
0,010656
TRMK	
ТМК ао
1 746	
27 589 520	
60,9	
60	
59,52	
61,4	
60,72
ENRU	
ЭнелРос ао
1 351	
27 507 667	
0,912	
0,9135	
0,905	
0,915	
0,914
MTLR	
Мечел ао
5 203	
24 082 100	
58,52	
58	
57,97	
58,95	
58,59
BANEP	
Башнефт ап
1 588	
22 239 428	
1 194,5	
1 183	
1 182	
1 203	
1 196,5
AKRN	
Акрон
652	
20 861 842	
6 076	
6 100	
6 042	
6 104	
6 100
SVAV	
СОЛЛЕРС
403	
19 034 610	
298	
289,5	
289	
303	
298,5
AGRO	
AGRO-гдр
1 598	
18 660 914	
749,6	
750,8	
745	
757	
751,4
NMTP	
НМТП ао
2 720	
18 438 079	
8,06	
8,03	
8,02	
8,105	
8,045
MSTT	
Мостотрест
2 511	
18 418 658	
113	
109	
108,9	
118,3	
110,65
FESH	
ДВМП ао
968	
13 120 229	
9,88	
10,18	
9,63	
10,18	
9,91
BANE	
Башнефт ао
814	
12 301 389	
1 598	
1 569,5	
1 567,5	
1 613,5	
1 607
LIFE	
iФармсинтз
1 132	
11 781 559	
6,54	
6,595	
6,45	
6,64	
6,635
SELG	
Селигдар
719	
10 874 164	
45,12	
44,82	
44,07	
45,9	
44,91
UNAC	
iАвиастКао
574	
10 804 735	
0,397	
0,4	
0,395	
0,408	
0,4005
HHRU	
iHHRU-адр
204	
10 463 413	
1 766,2	
1 765,2	
1 759	
1 778,6	
1 776
LNZL	
Лензолото
84	
10 020 230	
19 380	
19 370	
19 350	
19 400	
19 380
AQUA	
РусАква ао
649	
9 760 465	
234	
236,5	
232	
237,5	
235
RTKMP	
Ростел -ап
911	
9 709 967	
85,75	
86,1	
85,4	
86,15	
85,75
MTLRP	
Мечел ап
898	
9 142 330	
66,15	
66,4	
65,25	
66,55	
66,1
HALS	
Галс-Девел
1 234	
8 285 804	
1 181	
1 030	
1 020	
1 240	
1 206
LSNGP	
РСетиЛЭ-п
682	
7 200 765	
153,05	
152,55	
152	
153,85	
153,55
OBUV	
ОР ао
2 922	
6 690 240	
30,55	
30,25	
30,2	
30,8	
30,4
MRKV	
РсетВол ао
745	
6 611 034	
0,0702	
0,0692	
0,06855	
0,07115	
0,0703
RSTIP	
Россети ап
455	
6 251 275	
1,918	
1,92	
1,901	
1,93	
1,924
INGR	
ИНГРАД ао
321	
6 078 491	
958	
954	
954	
961	
957
KMEZ	
КМЗ
1 682	
5 883 026	
589	
547,5	
542,5	
615	
586,5
BELU	
Белуга ао
419	
5 570 243	
1 246	
1 250	
1 241	
1 256	
1 246
VSMO	
ВСМПО-АВСМ
178	
4 964 900	
16 280	
16 400	
16 180	
16 420	
16 220
NKNCP	
НКНХ ап
760	
4 875 655	
75,52	
75,64	
75,38	
75,88	
75,5
MRKC	
МРСК Центр
1 064	
4 846 936	
0,3004	
0,2976	
0,294	
0,304	
0,3014
UNKL	
ЮУНК ао
391	
4 821 130	
6 650	
6 400	
6 400	
6 880	
6 510
LNZLP	
Лензол. ап
260	
4 479 165	
3 995	
4 065	
3 950	
4 085	
3 980
GCHE	
ЧеркизГ-ао
532	
4 410 121	
1 852	
1 847	
1 841,5	
1 860	
1 849,5
TGKD	
Квадра
1 144	
3 986 629	
0,003875	
0,003825	
0,00379	
0,003945	
0,00391
MSNG	
+МосЭнерго
307	
3 778 999	
2,046	
2,0395	
2,0335	
2,052	
2,05
UWGN	
ОВК ао
1 467	
3 684 776	
180	
184,8	
173,6	
185,5	
179,8
KRKNP	
СаратНПЗ-п
137	
3 151 140	
15 000	
14 840	
14 840	
15 240	
15 020
NKNC	
НКНХ ао
560	
3 021 888	
83,05	
83,05	
82,4	
83,8	
82,95
RLMN	
Роллман
940	
2 889 148	
14,45	
15	
14,15	
15,05	
14,55
ZILL	
ЗИЛ ао
49	
2 743 830	
2 610	
2 585	
2 585	
2 700	
2 600
SELGP	
Селигдар-п
183	
2 600 490	
38,85	
38,65	
38,45	
39,25	
38,8
APTK	
Аптеки36и6
5 500	
2 592 359	
13,96	
13,952	
13,902	
14	
13,936
CNTLP	
Телеграф-п
406	
2 367 896	
13,22	
13,36	
13,12	
13,36	
13,12
LSNG	
РСетиЛЭ
411	
2 189 423	
5,16	
5,09	
5,07	
5,23	
5,23
MRSB	
МордЭнСб
91	
2 123 420	
0,441	
0,437	
0,437	
0,447	
0,441
MGTSP	
МГТС-4ап
200	
2 063 346	
1 826	
1 814	
1 810	
1 830	
1 826
TGKB	
ТГК-2
171	
1 898 100	
0,003875	
0,00389	
0,00385	
0,003895	
0,003875
ALNU	
АЛРОСА-Нюр
15	
1 869 200	
56 600	
56 400	
56 400	
57 200	
56 400
RDRB	
РДБанк ао
151	
1 838 200	
220	
210	
210	
230	
220
KZOS	
ОргСинт ао
447	
1 750 930	
76	
76,4	
75,3	
76,8	
76,3
MRKY	
РоссЮг ао
584	
1 737 432	
0,0467	
0,0472	
0,0464	
0,0472	
0,04645
YAKG	
ЯТЭК ао
129	
1 691 685	
50,65	
49,8	
49,2	
52	
50,85
ISKJ	
iИСКЧ ао
233	
1 623 224	
29,19	
29,15	
28,74	
29,57	
29,33
AMEZ	
АшинскийМЗ
1 120	
1 498 132	
4,63	
4,56	
4,56	
4,665	
4,645
SFIN	
САФМАР ао
44	
1 450 860	
480,4	
484,2	
476	
484,2	
476
MRKZ	
МРСК СЗ
268	
1 406 626	
0,0492	
0,04915	
0,04855	
0,04955	
0,04935
IRKT	
ИРКУТ-3
123	
1 245 132	
30,36	
30,64	
30,08	
30,7	
30,62
GTRK	
ГТМ ао
896	
1 205 369	
41,9	
42,2	
41,5	
42,4	
42,05
BRZL	
БурЗолото
235	
1 170 277	
969	
976	
926	
994	
986
MRKS	
РсетСиб ао
87	
1 124 860	
0,2885	
0,293	
0,282	
0,2955	
0,288
IRGZ	
ИркЭнерго
138	
1 027 670	
11,2	
10,72	
10,72	
11,36	
11,18
YKEN	
Якутскэнрг
138	
982 190	
0,379	
0,365	
0,365	
0,398	
0,3755
RNFT	
РуссНфт ао
733	
977 227	
303,8	
306,6	
302	
317	
305,2
RUGR	
Русгрэйн
2 154	
937 797	
9,004	
8,954	
8,914	
9,042	
8,99
CHEP	
ЧТПЗ ао
137	
877 035	
212	
212,5	
210	
213	
213
MSRS	
РСетиМР ао
106	
843 115	
1,1875	
1,166	
1,164	
1,193	
1,187
CNTL	
Телеграф
142	
802 125	
15,8	
15,8	
15,7	
15,9	
15,8
KGKCP	
КурганГКап
204	
800 455	
60,5	
60,5	
58,5	
61,5	
61,5
KGKC	
КурганГКао
71	
791 750	
54,5	
55	
54	
55	
54,5
TTLK	
Таттел. ао
78	
769 590	
0,345	
0,347	
0,342	
0,348	
0,346
KMAZ	
КАМАЗ
525	
758 194	
61,5	
61,6	
61,2	
62,1	
61,7
RKKE	
ЭнергияРКК
61	
683 840	
6 220	
6 110	
6 080	
6 350	
6 160
ROLO	
Русолово
67	
678 042	
6,396	
6,444	
6,304	
6,444	
6,392
NFAZ	
Нефтекамск
83	
670 032	
205,6	
207,8	
202,2	
210	
207,4
TGKDP	
Квадра-п
196	
647 943	
0,005055	
0,00498	
0,004935	
0,00529	
0,005145
MRKU	
МРСК Ур
105	
579 758	
0,1332	
0,1346	
0,1328	
0,1346	
0,1336
ABRD	
АбрауДюрсо
148	
579 035	
194,5	
194	
193,5	
196,5	
194
RBCM	
РБК ао
164	
503 952	
3,22	
3,21	
3,19	
3,248	
3,238
YKENP	
Якутскэн-п
54	
494 210	
0,366	
0,355	
0,355	
0,379	
0,359
KOGK	
КоршГОК ао
8	
487 200	
44 200	
44 600	
44 000	
44 600	
44 200
KZOSP	
ОргСинт ап
1 121	
486 917	
10,77	
10,9	
10,68	
10,9	
10,72
NSVZ	
НаукаСвяз
133	
473 725	
196	
198	
194	
198	
197
SLEN	
Сахэнер ао
61	
442 803	
6,4	
6,44	
6,27	
6,5	
6,28
SAGO	
СамарЭн-ао
52	
418 060	
0,564	
0,564	
0,552	
0,572	
0,56
NKHP	
НКХП ао
69	
407 105	
256	
254	
252,5	
258,5	
258
KRKN	
СаратНПЗ
23	
402 450	
12 200	
11 850	
11 800	
12 800	
12 350
STSBP	
СтаврЭнСбп
196	
355 057	
0,334	
0,339	
0,317	
0,34	
0,333
KLSB	
КалужскСК
65	
352 189	
12,85	
13	
12,8	
13,01	
12,9
STSB	
СтаврЭнСб
252	
336 630	
0,531	
0,5305	
0,52	
0,547	
0,5425
DVEC	
ДЭК ао
130	
312 112	
0,889	
0,871	
0,871	
0,909	
0,889
MAGEP	
МагадЭн ап
32	
299 240	
5,75	
5,95	
5,67	
5,95	
5,74
SAGOP	
СамарЭн-ап
46	
279 410	
0,444	
0,456	
0,434	
0,458	
0,446
KRKOP	
ТКЗКК ап
82	
279 157	
9,185	
9,245	
9,015	
9,34	
9,2
PMSBP	
ПермьЭнС-п
80	
271 780	
129,4	
129,4	
129	
129,8	
129,8
HIMCP	
Химпром ап
108	
268 440	
6,94	
6,96	
6,9	
6,99	
6,95
TASBP	
ТамбЭнСб-п
62	
258 440	
0,269	
0,2725	
0,2605	
0,294	
0,268
GEMA	
iММЦБ ао
66	
257 703	
583	
576,5	
576,5	
587	
584
USBN	
УралСиб ао
63	
257 007	
0,0649	
0,0654	
0,0641	
0,0658	
0,0653
YRSBP	
ТНСэнЯр-п
16	
239 140	
93	
91,5	
88,5	
93,5	
88,5
NAUK	
iНПОНаука
35	
233 654	
191,6	
191,4	
191	
193,2	
193,2
DIOD	
ЗаводДИОД
75	
226 009	
7,02	
6,97	
6,96	
7,07	
6,99
BLNG	
Белон ао
20	
224 266	
4,208	
4,114	
4,114	
4,256	
4,256
VZRZP	
Возрожд-п
32	
215 704	
287,6	
287	
286,4	
289,8	
288,4
BISVP	
БашИнСв ап
85	
212 697	
9,05	
9,12	
8,94	
9,12	
9,1
MFGS	
Мегион-ао
33	
206 870	
300	
300,5	
295	
307	
307
VGSBP	
ВолгЭнСб-п
59	
191 875	
1,7	
1,76	
1,645	
1,76	
1,71
KBSB	
ТНСэКубань
71	
188 605	
127,5	
129	
124,5	
129,5	
128
KAZT	
Куйбазот
22	
177 806	
147	
146,2	
146	
147,2	
147
RTSB	
ТНСэнРст
15	
174 150	
0,53	
0,54	
0,52	
0,54	
0,525
GAZA	
ГАЗ ао
19	
170 170	
395,5	
396	
394	
397	
397
ELTZ	
Электрцинк
76	
168 590	
153,5	
154,5	
152	
156	
153
ZVEZ	
ЗВЕЗДА ао
21	
167 570	
3,99	
3,97	
3,96	
4,02	
4
RAVN	
Raven
24	
161 935	
25,7	
26	
25,3	
26,1	
25,35
ROST	
РОСИНТЕРао
69	
159 464	
62,8	
62,8	
61,8	
64	
63
TGKN	
ТГК-14
26	
137 540	
0,00306	
0,00304	
0,00303	
0,00308	
0,00307
SARE	
СаратЭн-ао
63	
136 764	
0,1244	
0,1258	
0,1198	
0,1276	
0,1238
EELT	
ЕвроЭлтех
145	
129 587	
8,14	
8,3	
8,06	
8,3	
8,1
VRSB	
ТНСэнВорон
12	
127 820	
67,2	
67,6	
66,8	
68,4	
68,4
VJGZ	
Варьеган
41	
126 589	
603	
596	
596	
608	
604
VGSB	
ВолгЭнСб
17	
126 425	
3,72	
3,755	
3,7	
3,795	
3,795
IGST	
Ижсталь2ао
48	
124 075	
827	
816	
802	
844	
824
RGSS	
РГС СК ао
88	
120 065	
0,1406	
0,143	
0,14	
0,143	
0,1408
NKSH	
Нижкамшина
16	
118 558	
21,96	
21,76	
21,76	
22,08	
22,08
PMSB	
ПермьЭнСб
47	
117 691	
130,8	
131,6	
129,9	
131,9	
130,8
DZRD	
iДонскЗР
23	
113 845	
1 995	
2 015	
1 985	
2 030	
1 990
TGKBP	
ТГК-2 ап
137	
109 081	
0,00649	
0,00644	
0,00643	
0,00655	
0,00646
TNSE	
ТНСэнрг ао
19	
104 235	
955	
955	
950	
960	
960
MGNZ	
СМЗ-ао
10	
103 590	
4 930	
5 050	
4 840	
5 050	
4 870
CHMK	
ЧМК ао
23	
95 765	
2 455	
2 450	
2 450	
2 475	
2 465
RUSP	
Русполимет
90	
91 640	
0,6365	
0,6395	
0,6345	
0,645	
0,6365
DZRDP	
iДонскЗР п
48	
90 920	
1 470	
1 430	
1 430	
1 500	
1 480
KRSBP	
Красэсб ап
24	
86 698	
7,1	
7,14	
7,04	
7,2	
7,14
TORSP	
ТРК ап
17	
84 625	
0,282	
0,276	
0,276	
0,2845	
0,2835
KUZB	
КузнецкийБ
107	
84 240	
0,01318	
0,013	
0,013	
0,01324	
0,01316
NNSBP	
ТНСэнНН ап
23	
82 275	
697	
694	
693	
701	
693
KCHEP	
КамчатЭ ап
20	
79 610	
0,379	
0,381	
0,375	
0,391	
0,378
RZSB	
РязЭнСб
23	
76 784	
8,82	
8,84	
8,8	
8,9	
8,9
MAGE	
МагадЭн ао
11	
76 710	
5,9	
5,95	
5,8	
5,95	
5,84
MGTS	
МГТС-5ао
22	
72 030	
2 120	
2 105	
2 100	
2 150	
2 120
KUBE	
Кубанэнр
27	
71 587	
68,8	
68,4	
68,3	
69,1	
69
KBTK	
КузбТК ао
33	
69 962	
140	
138,6	
138,6	
141,6	
139,6
NNSB	
ТНСэнНН ао
21	
68 355	
2 070	
2 145	
2 045	
2 155	
2 050
YRSB	
ТНСэнЯр
6	
66 040	
166	
164	
164	
166	
166
UTAR	
ЮТэйр ао
22	
65 511	
6,62	
6,61	
6,6	
6,68	
6,63
KROT	
КрасОкт-ао
16	
64 640	
359	
354	
354	
361	
361
URKZ	
УрКузница
4	
63 320	
15 840	
15 600	
15 600	
15 980	
15 900
RUSI	
ИКРУСС-ИНВ
14	
63 200	
37,2	
37,4	
37	
37,4	
37,2
PAZA	
ПавлАвт ао
6	
56 050	
8 010	
8 050	
7 980	
8 060	
7 980
VLHZ	
ВХЗ-ао
21	
55 141	
53,55	
53,85	
53,25	
53,85	
53,35
AVAN	
Авангрд-ао
24	
53 745	
815	
810	
810	
820	
815
WTCM	
ЦМТ ао
22	
53 202	
8,72	
8,8	
8,7	
8,82	
8,8
LVHK	
Левенгук
21	
52 653	
8,1	
8,16	
8,04	
8,18	
8,06
RLMNP	
Роллман-п
34	
50 662	
16,84	
16,82	
16,64	
17,06	
16,78
OMZZP	
ОМЗ-ап
4	
46 965	
3 355	
3 355	
3 350	
3 355	
3 350
KTSB	
КСБ ао
26	
45 892	
0,604	
0,602	
0,596	
0,614	
0,612
TUZA	
ТЗА ао
17	
45 690	
102	
101	
101	
103	
102
ARSA	
Арсагера
10	
44 140	
3,68	
3,68	
3,61	
3,87	
3,65
UCSS	
ОКС ао
12	
35 860	
1 430	
1 450	
1 430	
1 450	
1 450
KRSB	
Красэсб ао
15	
34 337	
7,15	
7,55	
7,12	
7,55	
7,16
ASSB	
АстрЭнСб
31	
34 292	
0,7795	
0,773	
0,772	
0,7895	
0,7765
IGSTP	
Ижсталь ап
28	
28 083	
780	
778	
778	
791	
779
ALBK	
БестЭфБ ао
9	
27 895	
57	
56,5	
56,5	
57,5	
57,5
RTGZ	
ГазпРнД ао
1	
27 300	
27 300	
27 300	
27 300	
27 300	
27 300
GAZAP	
ГАЗ ап
5	
24 525	
306,5	
306	
306	
307	
307
MRKK	
Россети СК
27	
21 717	
24,4	
24,12	
24,12	
24,48	
24,38
KAZTP	
Куйбазот-п
8	
20 950	
149,6	
149,4	
149,4	
150	
150
MFGSP	
Мегион-ап
3	
19 600	
280	
280	
280	
280	
280
WTCMP	
ЦМТ ап
3	
17 084	
8,1	
8,12	
8,1	
8,14	
8,1
UKUZ	
ЮжКузб. ао
11	
16 306	
494	
496	
492	
496	
492
SAREP	
СаратЭн-ап
9	
15 860	
0,1058	
0,1054	
0,1038	
0,1064	
0,1058
TASB	
ТамбЭнСб
3	
15 615	
0,3875	
0,3915	
0,39	
0,3915	
0,3905
VSYD	
ВыбСудЗ ао
4	
15 600	
3 900	
3 900	
3 900	
3 900	
3 900
CHKZ	
ЧКПЗ ао
3	
15 480	
5 160	
5 160	
5 140	
5 180	
5 140
VSYDP	
ВыбСудЗ ап
4	
15 220	
3 800	
3 900	
3 740	
3 900	
3 820
KROTP	
КрасОкт-1п
5	
13 010	
260	
256,5	
256,5	
263	
263
VJGZP	
Варьеган-п
4	
13 000	
325	
327	
323	
327	
323
KCHE	
КамчатЭ ао
6	
12 605	
0,21	
0,211	
0,209	
0,211	
0,209
MISBP	
ТНСэМаЭл-п
5	
11 620	
11,6	
11,5	
11,5	
11,8	
11,6
JNOSP	
Слав-ЯНОСп
3	
8 386	
13,98	
13,96	
13,96	
13,98	
13,98
TORS	
ТРК ао
2	
7 600	
0,38	
0,38	
0,38	
0,38	
0,38
MISB	
ТНСэнМарЭл
3	
6 010	
12	
12	
12	
12,1	
12
LPSB	
ЛЭСК ао
5	
5 525	
7,9	
7,85	
7,85	
7,95	
7,85
ROSB	
Росбанк ао
6	
5 232	
74,6	
74,2	
74,2	
75	
74,8
CHGZ	
РН-ЗапСиб
1	
5 200	
52	
52	
52	
52	
52
VRSBP	
ТНСэнВор-п
1	
4 300	
43	
43	
43	
43	
43
BISV	
БашИнСв ао
0	
0	
-	
-	
-	
-	
8,7
DERZP	
Держава ап
0	
0	
-	
-	
-	
-	
-
JNOS	
Славн-ЯНОС
0	
0	
-	
-	
-	
-	
18
MORI	
Морион ао
0	
0	
-	
-	
-	
-	
4,31
KRKO	
ТКЗКК ао
0	
0	
-	
-	
-	
-	
11,8
KTSBP	
КСБ ап
0	
0	
-	
-	
-	
-	
0,2865
PRMB	
Приморье
0	
0	
-	
-	
-	
-	
25 400
DERZP	
Держава ап
0	
0	
-	
-	
-	
-	
-
PRTK	
ПРОТЕК ао
0	
0	
-	
-	
-	
-	
99,6
GAZC	
ГАЗКОН-ао
0	
0	
-	
-	
-	
-	
295
GTSS	
ГЕОТЕК ао
0	
0	
-	
-	
-	
-	
-
KUNF	
КУЗОЦМ ао
0	
0	
-	
-	
-	
-	
-
NPOF	
Физика ао
0	
0	
-	
-	
-	
-	
11 850
TRCN	
ТрансК ао
0	
0	
-	
-	
-	
-	
8 595
TRFM	
ТрансФ ао
0	
0	
-	
-	
-	
-	
-
BISV	
БашИнСв ао
0	
0	
-	
-	
-	
-	
8,7
GAZS	
ГАЗ-сервис
0	
0	
-	
-	
-	
-	
293
KMTZ	
КосогМЗ ао
0	
0	
-	
-	
-	
-	
-
KZMS	
КЗМС ао
0	
0	
-	
-	
-	
-	
226
GAZT	
ГАЗ-Тек ао
0	
0	
-	
-	
-	
-	
85
HIMC	
Химпром ао
0	
0	
-	
-	
-	
-	
0,99
MOBB	
МосОблБанк
0	
0	
-	
-	
-	
-	
0,698
MOBB	
МосОблБанк
0	
0	
-	
-	
-	
-	
0,698
URKA	
Уркалий-ао
0	
0	
-	
-	
-	
-	
119,04
VZRZ	
Возрожд-ао
0	
0	
-	
-	
-	
-	
480