YNDX	
Yandex clA
505 764	
68 430 664 481	
5 238,4	
4 980,8	
4 941,6	
5 653,2	
5 017
SBER	
Сбербанк
99 001	
16 403 578 895	
230,07	
230,02	
227,61	
232,1	
227,61
GMKN	
ГМКНорНик
30 926	
6 243 998 482	
18 994	
18 750	
18 682	
19 286	
18 950
LKOH	
ЛУКОЙЛ
46 986	
6 022 292 425	
4 496	
4 525	
4 443,5	
4 542	
4 478
GAZP	
ГАЗПРОМ ао
53 887	
5 693 680 605	
178,38	
179,82	
176,81	
180,37	
177,55
MAIL	
MAIL-гдр
75 139	
4 360 712 234	
2 356,8	
2 350	
2 206,2	
2 439,8	
2 351
MGNT	
Магнит ао
33 156	
3 851 978 884	
5 048,5	
4 952,5	
4 918	
5 138,5	
5 033
AFKS	
Система ао
55 074	
3 529 687 267	
21,977	
20,933	
20,926	
22,758	
21,595
PLZL	
Полюс
23 226	
3 443 459 842	
16 295	
16 097	
15 800	
16 531	
16 420
POLY	
Polymetal
43 527	
3 289 893 017	
1 630,5	
1 631,9	
1 603,9	
1 657	
1 637,5
TATN	
Татнфт 3ао
61 923	
3 018 335 810	
468,6	
479,9	
460	
480,1	
462,8
TCSG	
TCS-гдр
50 498	
2 908 296 594	
2 114,2	
2 163,4	
2 058,4	
2 165	
2 106,4
NVTK	
Новатэк ао
25 340	
2 719 195 819	
1 066,8	
1 090	
1 051,6	
1 090	
1 053
SBERP	
Сбербанк-п
33 522	
2 440 877 326	
222,05	
222,2	
220,57	
223,37	
221,2
ALRS	
АЛРОСА ао
27 210	
1 839 501 959	
74,34	
74,75	
72,66	
76,11	
72,66
MOEX	
МосБиржа
25 790	
1 749 979 376	
145,18	
145	
143,26	
147,15	
144,17
ROSN	
Роснефть
13 448	
1 432 703 229	
375,75	
375,8	
370,15	
379,55	
373,2
MAGN	
ММК
16 081	
1 303 150 890	
39,525	
38,905	
38,63	
40,045	
39,465
CHMF	
СевСт-ао
15 486	
1 228 030 529	
973	
976,8	
967,2	
983,6	
974,8
IRAO	
ИнтерРАОао
14 970	
1 174 695 856	
5,6115	
5,668	
5,564	
5,702	
5,58
NLMK	
НЛМК ао
13 178	
1 164 946 240	
167,36	
167	
165	
168,86	
165,52
FIVE	
FIVE-гдр
13 883	
1 136 544 962	
2 996	
2 901	
2 870	
3 050	
2 980
MTSS	
МТС-ао
14 032	
1 110 346 412	
342,4	
340,75	
339	
344,5	
340,7
SNGS	
Сургнфгз
12 075	
1 083 207 274	
35,09	
35,41	
34,825	
35,57	
35
SNGSP	
Сургнфгз-п
12 138	
986 044 624	
37,325	
37,145	
37,105	
37,64	
37,215
VTBR	
ВТБ ао
34 956	
946 317 061	
0,034585	
0,0346	
0,0343	
0,034875	
0,03434
TATNP	
Татнфт 3ап
28 055	
753 203 853	
455,9	
465	
451,2	
466,3	
453
TRNFP	
Транснф ап
1 999	
634 180 850	
143 050	
142 850	
141 200	
144 950	
144 950
RTKM	
Ростел -ао
11 456	
572 779 159	
99,19	
97,36	
97,01	
100,35	
98,91
AFLT	
Аэрофлот
15 677	
539 996 181	
77,24	
77,66	
76,48	
77,88	
77,42
DSKY	
ДетскийМир
11 725	
534 562 349	
113,94	
114,2	
113,2	
114,7	
114
SIBN	
Газпрнефть
12 773	
521 247 279	
295,25	
296,75	
291	
299,5	
292,35
HYDR	
РусГидро
14 161	
478 698 425	
0,7619	
0,7636	
0,7519	
0,7675	
0,7574
FEES	
ФСК ЕЭС ао
8 292	
405 143 322	
0,2016	
0,20054	
0,1993	
0,20366	
0,20134
LNTA	
Лента др
15 502	
325 254 498	
213,9	
211,6	
207,3	
218,6	
216,4
POGR	
Petropavl
8 178	
325 068 330	
33,29	
33,5	
32,86	
34	
33,16
RSTI	
Россети ао
6 263	
301 696 388	
1,4889	
1,5	
1,457	
1,505	
1,476
PHOR	
ФосАгро ао
5 445	
275 664 968	
2 715	
2 698	
2 679	
2 745	
2 695
CBOM	
МКБ ао
6 094	
267 689 646	
5,739	
5,689	
5,686	
5,781	
5,725
MVID	
М.видео
4 166	
175 550 530	
604,3	
609,3	
591	
613,6	
603,7
UPRO	
Юнипро ао
2 981	
145 004 905	
2,769	
2,774	
2,752	
2,795	
2,758
QIWI	
iQIWI
4 859	
136 647 847	
1 273	
1 232	
1 232	
1 309	
1 288,5
RASP	
Распадская
3 159	
105 133 712	
120,92	
119,12	
118,08	
122,66	
120,7
BANEP	
Башнефт ап
5 137	
95 977 074	
1 244	
1 252	
1 239	
1 258	
1 240
LSRG	
ЛСР ао
3 755	
87 964 896	
861,2	
860	
854,2	
875,2	
864
PIKK	
ПИК ао
1 676	
70 981 046	
559,3	
553	
550	
565	
561,2
RTKMP	
Ростел -ап
3 442	
69 654 558	
89,25	
87,8	
87,15	
90,25	
89,6
OGKB	
ОГК-2 ао
2 627	
65 927 227	
0,7764	
0,7753	
0,7659	
0,7845	
0,775
ETLN	
ETLN-гдр
2 845	
54 494 347	
123,08	
124	
122,2	
124,86	
122,64
MTLR	
Мечел ао
4 224	
43 441 158	
62,14	
62,01	
61,8	
62,44	
61,87
NMTP	
НМТП ао
4 296	
34 814 834	
8,64	
8,79	
8,58	
8,79	
8,6
AGRO	
AGRO-гдр
1 810	
27 875 074	
732	
727,2	
725,4	
739	
738,2
ISKJ	
iИСКЧ ао
2 114	
27 811 494	
28,39	
29,4	
27,38	
29,6	
28,12
ENRU	
ЭнелРос ао
1 325	
27 300 959	
0,941	
0,9405	
0,9325	
0,945	
0,9405
BANE	
Башнефт ао
1 425	
25 730 171	
1 649,5	
1 650	
1 601	
1 797	
1 653
MTLRP	
Мечел ап
1 663	
22 610 820	
67,8	
67,35	
67,35	
68,55	
68,05
LNZL	
Лензолото
219	
21 150 210	
18 600	
18 600	
18 440	
18 720	
18 500
AKRN	
Акрон
654	
20 371 582	
6 006	
6 032	
5 944	
6 098	
6 034
ENPG	
ЭН+ГРУП ао
589	
19 464 554	
687	
688,5	
671	
692,5	
690
FESH	
ДВМП ао
1 421	
17 841 930	
9,09	
9,33	
9	
9,35	
9,05
MSNG	
+МосЭнерго
667	
16 612 787	
2,0495	
2,0625	
2,0435	
2,0675	
2,048
TRMK	
ТМК ао
426	
15 042 019	
60,96	
60,9	
60,9	
61,1	
60,96
TGKA	
ТГК-1
1 253	
13 424 599	
0,011308	
0,011366	
0,011256	
0,011448	
0,011256
SELG	
Селигдар
1 071	
12 898 691	
40,52	
41	
39,7	
41,48	
41,01
OBUV	
ОР ао
1 775	
11 632 097	
32,2	
32,6	
31,8	
32,95	
32,35
LSNGP	
РСетиЛЭ-п
679	
9 903 060	
153,2	
154,9	
152	
154,9	
152,6
NKNCP	
НКНХ ап
1 060	
8 717 213	
77,84	
78,26	
77,52	
78,26	
77,64
BSPB	
БСП ао
958	
7 981 283	
42,91	
42,6	
42,6	
43,26	
42,92
AQUA	
РусАква ао
494	
7 685 100	
216,5	
219,5	
213,5	
222,5	
218
APTK	
Аптеки36и6
2 667	
7 362 866	
13,656	
13,668	
13,45	
13,85	
13,572
MRKP	
МРСК ЦП
448	
7 250 742	
0,219	
0,2187	
0,2171	
0,2199	
0,2189
RDRB	
РДБанк ао
547	
6 985 650	
235	
220	
215	
250	
220
VSMO	
ВСМПО-АВСМ
163	
6 773 500	
17 200	
17 280	
17 000	
17 280	
17 180
GCHE	
ЧеркизГ-ао
560	
5 971 502	
1 872	
1 857	
1 841,5	
1 894,5	
1 868
CNTLP	
Телеграф-п
639	
5 868 902	
14,34	
14,6	
14,08	
14,66	
14,42
LIFE	
iФармсинтз
608	
5 830 771	
7,02	
7,045	
6,975	
7,085	
6,995
RSTIP	
Россети ап
381	
5 554 493	
2,042	
2,036	
2,033	
2,057	
2,04
BELU	
Белуга ао
380	
5 102 944	
1 300	
1 283	
1 281	
1 309	
1 300
NFAZ	
Нефтекамск
385	
4 561 952	
215	
202,2	
190	
220	
212,4
MRKC	
МРСК Центр
473	
4 095 172	
0,2984	
0,296	
0,2958	
0,301	
0,2982
SELGP	
Селигдар-п
295	
3 840 305	
35,85	
34,65	
34,55	
36,85	
36,55
TGKB	
ТГК-2
187	
3 728 955	
0,0041	
0,004115	
0,00408	
0,004145	
0,0041
SFIN	
САФМАР ао
238	
3 412 716	
517,8	
530,8	
502	
530,8	
515
RNFT	
РуссНфт ао
1 133	
3 244 373	
364,2	
366,4	
359,6	
375,6	
360,8
TTLK	
Таттел. ао
113	
3 120 285	
0,3345	
0,3345	
0,328	
0,3375	
0,33
HIMCP	
Химпром ап
349	
3 053 430	
7,98	
8,06	
7,9	
8,06	
8,01
KMAZ	
КАМАЗ
545	
3 044 296	
61,5	
62,2	
60,7	
62,4	
61,7
NKNC	
НКНХ ао
372	
3 025 892	
90,1	
91	
89,8	
91	
90,3
ROLO	
Русолово
221	
2 983 986	
6,544	
6,514	
6,5	
6,686	
6,524
UNAC	
iАвиастКао
391	
2 842 026	
0,4445	
0,448	
0,44	
0,4495	
0,442
AVAN	
Авангрд-ао
570	
2 813 820	
865	
820	
820	
930	
845
MAGEP	
МагадЭн ап
49	
2 754 450	
5,94	
5,85	
5,83	
6,12	
5,87
MRKV	
РсетВол ао
405	
2 594 411	
0,06865	
0,06845	
0,06815	
0,0695	
0,06825
NSVZ	
НаукаСвяз
271	
2 487 780	
210	
211	
208	
212	
209
KAZT	
Куйбазот
227	
2 368 796	
164,8	
159,2	
156,8	
219,8	
159,8
YAKG	
ЯТЭК ао
66	
2 312 810	
44,2	
43,8	
43,4	
44,4	
44,4
UNKL	
ЮУНК ао
166	
2 294 670	
6 590	
6 650	
6 500	
6 740	
6 600
DVEC	
ДЭК ао
103	
2 291 691	
0,908	
0,912	
0,905	
0,918	
0,908
CHEP	
ЧТПЗ ао
260	
2 200 510	
209	
213	
205,5	
213,5	
210
KTSBP	
КСБ ап
100	
2 191 380	
0,283	
0,2815	
0,277	
0,3	
0,2825
LNZLP	
Лензол. ап
159	
2 082 415	
4 020	
4 025	
4 000	
4 050	
4 015
VZRZP	
Возрожд-п
141	
2 002 016	
322,4	
308,4	
306,6	
327,4	
322,2
KRKNP	
СаратНПЗ-п
79	
1 918 880	
15 480	
15 440	
15 420	
15 520	
15 460
CNTL	
Телеграф
257	
1 910 280	
16,95	
16,9	
16,8	
17,1	
16,95
MGTSP	
МГТС-4ап
181	
1 835 772	
1 966	
1 962	
1 958	
1 984	
1 966
UWGN	
ОВК ао
597	
1 806 067	
208,1	
216,1	
205,3	
216,1	
206,2
MSRS	
РСетиМР ао
149	
1 669 603	
1,18	
1,173	
1,173	
1,187	
1,178
KZOS	
ОргСинт ао
376	
1 638 270	
83,7	
83,7	
83,4	
84	
83,6
RLMNP	
Роллман-п
533	
1 569 490	
18,64	
20,06	
17,6	
20,7	
18,98
LVHK	
Левенгук
339	
1 554 050	
8,31	
8,47	
8,15	
8,69	
8,22
MRSB	
МордЭнСб
99	
1 486 690	
0,432	
0,435	
0,427	
0,437	
0,433
RUGR	
Русгрэйн
1 145	
1 408 245	
9,174	
9,108	
9	
9,298	
9,18
TGKD	
Квадра
149	
1 385 416	
0,003605	
0,003575	
0,003575	
0,003625	
0,0036
KAZTP	
Куйбазот-п
168	
1 303 746	
154	
152,4	
147,4	
158	
150
SAGOP	
СамарЭн-ап
112	
1 265 480	
0,462	
0,452	
0,449	
0,49	
0,451
MRKU	
МРСК Ур
179	
1 223 078	
0,1402	
0,1408	
0,1396	
0,1408	
0,1398
MRKZ	
МРСК СЗ
130	
1 170 962	
0,04955	
0,0497	
0,049	
0,05075	
0,04995
BRZL	
БурЗолото
271	
1 166 664	
1 048	
1 070	
982	
1 070	
1 052
TGKN	
ТГК-14
114	
1 141 200	
0,00311	
0,00315	
0,0031	
0,00317	
0,0031
KZOSP	
ОргСинт ап
551	
956 916	
11,2	
11,24	
11	
11,45	
11,16
RTSB	
ТНСэнРст
76	
934 450	
0,58	
0,58	
0,55	
0,61	
0,575
SVAV	
СОЛЛЕРС
79	
911 400	
289,5	
289	
286,5	
291,5	
287
ABRD	
АбрауДюрсо
195	
899 970	
203	
202,5	
202,5	
204,5	
202,5
IRKT	
ИРКУТ-3
113	
897 576	
33,86	
33,66	
33,52	
34,36	
34,08
DIOD	
ЗаводДИОД
214	
888 051	
6,85	
6,79	
6,75	
6,95	
6,82
LSNG	
РСетиЛЭ
280	
869 765	
5,73	
5,75	
5,7	
5,78	
5,75
BISVP	
БашИнСв ап
169	
812 092	
10,2	
10,55	
10	
10,55	
10,48
VRSB	
ТНСэнВорон
68	
789 280	
75,2	
74,2	
73,8	
79	
74,6
GEMA	
iММЦБ ао
133	
774 888	
595	
600,5	
593	
601	
596
IRGZ	
ИркЭнерго
78	
741 154	
12,18	
12,24	
12,06	
12,24	
12,14
VRSBP	
ТНСэнВор-п
79	
736 250	
44,5	
45	
43,5	
45,5	
45,5
KTSB	
КСБ ао
203	
704 446	
0,672	
0,622	
0,622	
0,734	
0,644
MISBP	
ТНСэМаЭл-п
175	
696 510	
12	
12,2	
11,6	
12,5	
12,1
VGSB	
ВолгЭнСб
88	
680 130	
4,025	
4,16	
4	
4,16	
4,035
ALNU	
АЛРОСА-Нюр
11	
676 200	
56 400	
56 400	
56 000	
57 000	
56 400
RKKE	
ЭнергияРКК
68	
652 860	
7 250	
7 220	
6 980	
7 580	
7 180
DZRDP	
iДонскЗР п
126	
631 900	
1 820	
1 830	
1 790	
1 850	
1 820
SAGO	
СамарЭн-ао
41	
586 760	
0,598	
0,578	
0,574	
0,61	
0,596
VLHZ	
ВХЗ-ао
107	
585 376	
53,6	
52,95	
52,95	
54,85	
54
ELTZ	
Электрцинк
192	
537 708	
162,5	
167,5	
155	
167,5	
161
MAGE	
МагадЭн ао
39	
528 320	
5,81	
5,73	
5,68	
5,95	
5,68
PMSB	
ПермьЭнСб
80	
513 474	
131,7	
134,7	
130,8	
134,7	
131
ALBK	
БестЭфБ ао
108	
490 885	
61,5	
60	
59,5	
69	
60,5
AMEZ	
АшинскийМЗ
210	
490 081	
4,66	
4,71	
4,63	
4,73	
4,685
INGR	
ИНГРАД ао
46	
456 469	
809	
807	
807	
811	
810
YKENP	
Якутскэн-п
44	
451 950	
0,3895	
0,3815	
0,378	
0,4085	
0,3995
RBCM	
РБК ао
173	
447 852	
3,334	
3,354	
3,31	
3,354	
3,316
RUSI	
ИКРУСС-ИНВ
56	
414 420	
38,7	
37,8	
37,8	
39,7	
38,4
KUBE	
Кубанэнр
70	
406 681	
71,2	
73,2	
70	
73,5	
72,9
ZVEZ	
ЗВЕЗДА ао
50	
384 350	
4,575	
4,63	
4,55	
4,63	
4,575
VJGZP	
Варьеган-п
43	
371 290	
338	
339	
332	
343	
335
PMSBP	
ПермьЭнС-п
61	
357 482	
130,4	
130,2	
130	
132,4	
130,2
STSBP	
СтаврЭнСбп
90	
326 463	
0,388	
0,389	
0,386	
0,3975	
0,3885
GTRK	
ГТМ ао
185	
324 010	
42,4	
42,45	
42,1	
42,5	
42,5
RLMN	
Роллман
199	
306 496	
18,2	
18,4	
17,9	
19,1	
18,05
KUZB	
КузнецкийБ
166	
304 730	
0,01506	
0,01514	
0,01495	
0,01514	
0,01504
MRKY	
РоссЮг ао
136	
296 758	
0,0482	
0,04855	
0,0479	
0,04855	
0,04825
RAVN	
Raven
17	
284 830	
30	
30,15	
29,8	
30,5	
30,5
KMEZ	
КМЗ
61	
280 251	
498,5	
498,5	
495	
500	
500
RGSS	
РГС СК ао
73	
270 359	
0,1478	
0,148	
0,147	
0,1484	
0,1474
YKEN	
Якутскэнрг
35	
263 375	
0,405	
0,397	
0,397	
0,4085	
0,4075
NNSB	
ТНСэнНН ао
35	
262 750	
1 740	
1 830	
1 720	
1 830	
1 735
ASSB	
АстрЭнСб
36	
262 434	
0,752	
0,7555	
0,749	
0,7585	
0,7525
VJGZ	
Варьеган
92	
259 724	
607	
628	
600	
628	
623
KBTK	
КузбТК ао
56	
257 640	
148	
150	
146,6	
150,6	
148,2
NAUK	
iНПОНаука
80	
257 588	
198,2	
199	
196	
200,4	
200,4
TASBP	
ТамбЭнСб-п
35	
252 725	
0,2905	
0,3075	
0,285	
0,3075	
0,2865
TGKBP	
ТГК-2 ап
97	
246 472	
0,00698	
0,00701	
0,00693	
0,0071	
0,00699
KGKCP	
КурганГКап
34	
239 900	
54	
55	
53	
55,5	
54
CHMK	
ЧМК ао
36	
224 040	
2 605	
2 600	
2 585	
2 615	
2 610
NKHP	
НКХП ао
50	
221 910	
264	
265	
261,5	
265,5	
265
KRKOP	
ТКЗКК ап
67	
217 762	
8,25	
8,27	
8,105	
8,37	
8,295
UTAR	
ЮТэйр ао
46	
208 331	
7,01	
6,97	
6,97	
7,13	
6,99
VGSBP	
ВолгЭнСб-п
43	
204 355	
2,025	
2,01	
2	
2,055	
2,045
MFGS	
Мегион-ао
30	
200 240	
351,5	
350,5	
349	
355,5	
350
PAZA	
ПавлАвт ао
19	
194 960	
8 120	
8 160	
8 040	
8 180	
8 150
GAZA	
ГАЗ ао
23	
193 625	
403,5	
405	
400,5	
406	
400,5
EELT	
ЕвроЭлтех
86	
188 116	
7,42	
7,78	
7,38	
7,78	
7,46
TUZA	
ТЗА ао
33	
173 970	
104	
105	
104	
105	
105
PRMB	
Приморье
6	
166 200	
27 800	
27 400	
27 400	
27 800	
27 600
DZRD	
iДонскЗР
11	
153 780	
2 105	
2 115	
2 100	
2 115	
2 110
KLSB	
КалужскСК
41	
151 130	
13,37	
13,49	
13,28	
13,56	
13,39
KRKN	
СаратНПЗ
12	
148 700	
12 400	
12 500	
12 250	
12 500	
12 250
KOGK	
КоршГОК ао
3	
139 400	
46 400	
46 200	
46 200	
46 600	
46 600
URKZ	
УрКузница
8	
138 640	
15 400	
15 360	
15 320	
15 520	
15 400
ARSA	
Арсагера
19	
133 350	
4,17	
4,18	
4,15	
4,19	
4,16
MGTS	
МГТС-5ао
38	
128 675	
2 220	
2 185	
2 185	
2 270	
2 230
RUSP	
Русполимет
72	
128 292	
0,632	
0,639	
0,627	
0,639	
0,6325
TGKDP	
Квадра-п
46	
126 174	
0,00438	
0,004365	
0,00436	
0,004425	
0,0044
HALS	
Галс-Девел
29	
120 780	
1 173	
1 178	
1 158	
1 180	
1 166
KROT	
КрасОкт-ао
24	
117 840	
380	
377,5	
376,5	
382	
379,5
IGSTP	
Ижсталь ап
28	
115 150	
866	
868	
864	
868	
866
KBSB	
ТНСэКубань
35	
111 820	
138	
138,5	
137,5	
139	
139
KRSBP	
Красэсб ап
29	
110 620	
7,18	
7,46	
7,06	
7,46	
7,22
NKSH	
Нижкамшина
8	
102 988	
22,38	
22,24	
22,24	
22,46	
22,38
STSB	
СтаврЭнСб
44	
102 979	
0,566	
0,5605	
0,5605	
0,577	
0,5615
CHGZ	
РН-ЗапСиб
7	
99 580	
52,4	
52,4	
52,4	
52,6	
52,4
WTCM	
ЦМТ ао
43	
94 744	
9,28	
9,12	
9,1	
9,52	
9,46
VSYD	
ВыбСудЗ ао
12	
93 965	
3 915	
3 925	
3 895	
3 925	
3 915
TORSP	
ТРК ап
6	
92 410	
0,28	
0,28	
0,28	
0,2805	
0,2805
ZILL	
ЗИЛ ао
9	
92 390	
2 565	
2 575	
2 525	
2 575	
2 555
USBN	
УралСиб ао
25	
91 700	
0,0679	
0,068	
0,0678	
0,068	
0,0678
BLNG	
Белон ао
63	
90 993	
4,136	
4,14	
4,11	
4,17	
4,156
SLEN	
Сахэнер ао
21	
84 755	
6,62	
6,69	
6,53	
6,78	
6,645
SARE	
СаратЭн-ао
29	
75 834	
0,133	
0,134	
0,1326	
0,134	
0,133
MISB	
ТНСэнМарЭл
11	
70 680	
12,4	
12,6	
12,1	
12,6	
12,5
KROTP	
КрасОкт-1п
16	
64 130	
267	
263,5	
263	
270	
270
MFGSP	
Мегион-ап
13	
59 085	
311	
316,5	
310	
316,5	
311,5
VSYDP	
ВыбСудЗ ап
6	
54 500	
3 900	
3 880	
3 880	
3 960	
3 960
TNSE	
ТНСэнрг ао
15	
53 395	
990	
990	
980	
995	
995
CHKZ	
ЧКПЗ ао
9	
53 160	
5 320	
5 360	
5 280	
5 360	
5 300
RZSB	
РязЭнСб
12	
48 962	
9,24	
9,22	
9,2	
9,28	
9,2
RTSBP	
ТНСэнРст-п
8	
47 340	
0,526	
0,527	
0,52	
0,536	
0,529
NNSBP	
ТНСэнНН ап
21	
43 237	
665	
673	
655	
674	
665
ROSB	
Росбанк ао
13	
41 090	
79	
79,2	
79	
79,2	
79
MRKK	
Россети СК
29	
41 014	
25	
25,16	
24,84	
25,16	
25,16
IGST	
Ижсталь2ао
26	
40 840	
972	
982	
961	
984	
971
LPSB	
ЛЭСК ао
18	
40 655	
8,15	
8,1	
8,05	
8,2	
8,2
MRKS	
РсетСиб ао
9	
37 290	
0,233	
0,235	
0,2325	
0,235	
0,233
KCHEP	
КамчатЭ ап
7	
35 010	
0,389	
0,389	
0,389	
0,389	
0,389
GAZAP	
ГАЗ ап
4	
33 990	
309	
309	
309	
309	
309
TASB	
ТамбЭнСб
6	
32 050	
0,4005	
0,4025	
0,396	
0,4025	
0,3975
KCHE	
КамчатЭ ао
8	
30 385	
0,217	
0,224	
0,2145	
0,224	
0,218
JNOS	
Славн-ЯНОС
10	
29 160	
18,25	
18,25	
18,1	
18,4	
18,1
ROST	
РОСИНТЕРао
16	
24 674	
61,6	
61,6	
61,4	
62,2	
61,8
YRSBP	
ТНСэнЯр-п
5	
21 145	
88	
88	
88	
88,5	
88
OMZZP	
ОМЗ-ап
6	
20 795	
3 465	
3 460	
3 455	
3 475	
3 455
WTCMP	
ЦМТ ап
11	
20 654	
8,26	
8,26	
8,16	
8,28	
8,26
MGNZ	
СМЗ-ао
4	
18 220	
4 560	
4 540	
4 540	
4 560	
4 560
KRSB	
Красэсб ао
13	
17 856	
7,14	
7,19	
7,11	
7,21	
7,12
UCSS	
ОКС ао
5	
11 710	
1 460	
1 460	
1 460	
1 480	
1 480
JNOSP	
Слав-ЯНОСп
4	
7 088	
14,18	
14,3	
14,04	
14,3	
14,14
YRSB	
ТНСэнЯр
4	
6 720	
168	
166	
166	
170	
168
SAREP	
СаратЭн-ап
5	
5 926	
0,1186	
0,1182	
0,1182	
0,1196	
0,1196
UKUZ	
ЮжКузб. ао
6	
5 628	
512	
514	
510	
514	
512
KGKC	
КурганГКао
4	
5 015	
55,5	
55,5	
55,5	
56,5	
55,5
TORS	
ТРК ао
1	
4 190	
0,419	
0,419	
0,419	
0,419	
0,419
KUNF	
КУЗОЦМ ао
0	
0	
-	
-	
-	
-	
-
PRTK	
ПРОТЕК ао
0	
0	
-	
-	
-	
-	
99,6
GAZC	
ГАЗКОН-ао
0	
0	
-	
-	
-	
-	
295
GTSS	
ГЕОТЕК ао
0	
0	
-	
-	
-	
-	
-
NPOF	
Физика ао
0	
0	
-	
-	
-	
-	
11 850
RTGZ	
ГазпРнД ао
0	
0	
-	
-	
-	
-	
26 300
TRCN	
ТрансК ао
0	
0	
-	
-	
-	
-	
8 595
KMTZ	
КосогМЗ ао
0	
0	
-	
-	
-	
-	
-
KZMS	
КЗМС ао
0	
0	
-	
-	
-	
-	
226
MSTT	
Мостотрест
0	
0	
-	
-	
-	
-	
161
TRFM	
ТрансФ ао
0	
0	
-	
-	
-	
-	
-
GAZS	
ГАЗ-сервис
0	
0	
-	
-	
-	
-	
293
HIMC	
Химпром ао
0	
0	
-	
-	
-	
-	
0,99
GAZT	
ГАЗ-Тек ао
0	
0	
-	
-	
-	
-	
85
KSGR	
Кокс ао
0	
0	
-	
-	
-	
-	
-
MOBB	
МосОблБанк
0	
0	
-	
-	
-	
-	
0,698
URKA	
Уркалий-ао
0	
0	
-	
-	
-	
-	
119,04
VZRZ	
Возрожд-ао
0	
0	
-	
-	
-	
-	
480
BISV	
БашИнСв ао
0	
0	
-	
-	
-	
-	
8,7
MFON	
МегаФон ао
0	
0	
-	
-	
-	
-	
650,6
KRKO	
ТКЗКК ао
0	
0	
-	
-	
-	
-	
11,8
MORI	
Морион ао
0	
0	
-	
-	
-	
-	
4,31
RUAL	
РУСАЛ ао
0	
0	
-	
-	
-	
-	
32,69