LKOH	
ЛУКОЙЛ
76 529	
12 463 858 062	
4 859,5	
4 894,5	
4 730	
4 979,5	
4 902,5
SBER	
Сбербанк
70 216	
11 973 068 616	
190,77	
191,99	
188,68	
192,5	
190,94
ROSN	
Роснефть
60 353	
7 611 427 302	
331,1	
329,6	
324,1	
336,8	
335
GAZP	
ГАЗПРОМ ао
61 133	
7 575 942 234	
189,53	
189,98	
187,5	
191,59	
188,73
GMKN	
ГМКНорНик
36 517	
6 359 149 612	
20 030	
19 900	
19 516	
20 486	
20 216
PLZL	
Полюс
42 838	
4 973 719 801	
12 175,5	
12 298	
11 910,5	
12 488,5	
11 951
TATN	
Татнфт 3ао
53 036	
4 527 212 407	
525,8	
524,6	
510,8	
539,4	
532,2
SNGS	
Сургнфгз
26 044	
2 578 948 136	
35,82	
36,38	
35,115	
36,475	
35,885
POLY	
Polymetal
29 481	
1 955 620 320	
1 556,4	
1 531,8	
1 502	
1 594,4	
1 558,2
NVTK	
Новатэк ао
18 662	
1 732 252 556	
980,8	
986,4	
967	
994,6	
976,4
MOEX	
МосБиржа
32 320	
1 695 047 808	
117,96	
119,9	
116,8	
119,9	
117,5
ALRS	
АЛРОСА ао
37 517	
1 562 016 952	
62,89	
62,11	
61,65	
63,68	
62,87
VTBR	
ВТБ ао
42 851	
1 491 680 051	
0,034185	
0,03425	
0,03382	
0,034455	
0,03427
SBERP	
Сбербанк-п
23 546	
1 373 832 779	
172,53	
173,66	
171,26	
173,66	
172,64
YNDX	
Yandex clA
22 235	
1 342 558 602	
2 647,6	
2 666	
2 621,4	
2 677	
2 640,6
MGNT	
Магнит ао
19 534	
1 209 985 453	
3 265,5	
3 240	
3 187,5	
3 320,5	
3 287
MTLR	
Мечел ао
78 701	
1 193 573 377	
68,03	
66,22	
65,82	
70,9	
68,81
AFLT	
Аэрофлот
24 441	
1 074 040 272	
75,36	
75,5	
74,34	
76,52	
75
MTSS	
МТС-ао
13 930	
1 023 913 602	
311,3	
312,05	
306,65	
314,25	
314,25
TATNP	
Татнфт 3ап
25 739	
1 007 518 581	
488,2	
486	
475,8	
495	
493
TRMK	
ТМК ао
19 547	
998 139 143	
55,28	
56,6	
53,5	
57,12	
56,5
IRAO	
ИнтерРАОао
17 017	
981 082 755	
4,993	
5,04	
4,8755	
5,0835	
4,9985
CHMF	
СевСт-ао
17 559	
864 463 544	
867,6	
874	
860	
874,6	
870
NLMK	
НЛМК ао
13 269	
767 407 627	
126,58	
126,3	
125,4	
128,34	
127,46
SNGSP	
Сургнфгз-п
10 572	
716 172 764	
37,225	
37,5	
36,995	
37,5	
37,1
SIBN	
Газпрнефть
10 255	
686 047 380	
319,65	
319	
313,45	
322,5	
319,2
TCSG	
TCS-гдр
12 122	
675 618 248	
868,2	
869	
851,2	
882,2	
875
MTLRP	
Мечел ап
18 886	
568 339 595	
76,7	
70,2	
70	
83,45	
80,8
FIVE	
FIVE-гдр
10 019	
487 862 972	
2 212,5	
2 225	
2 175	
2 237	
2 205
HYDR	
РусГидро
12 310	
483 149 954	
0,6305	
0,6326	
0,6245	
0,6347	
0,6294
DSKY	
ДетскийМир
21 647	
462 689 914	
87,62	
87,62	
87	
88,96	
88,1
FEES	
ФСК ЕЭС ао
14 395	
451 346 114	
0,18036	
0,17888	
0,17686	
0,184	
0,1821
MAGN	
ММК
10 416	
451 049 509	
40,045	
40,235	
39,63	
40,425	
40,01
TRNFP	
Транснф ап
1 979	
416 663 450	
140 000	
140 950	
138 650	
141 050	
140 000
RSTI	
Россети ао
13 563	
413 225 766	
1,2453	
1,2505	
1,227	
1,2572	
1,243
CBOM	
МКБ ао
17 737	
408 324 932	
5,264	
5,285	
5,185	
5,346	
5,31
RUAL	
RUSAL plc
13 299	
381 915 374	
25,795	
25,89	
25,465	
26,315	
26,195
AFKS	
Система ао
12 474	
360 389 415	
13,8	
13,899	
13,605	
13,97	
13,82
PHOR	
ФосАгро ао
7 457	
295 325 946	
2 727	
2 765	
2 702	
2 765	
2 705
UPRO	
Юнипро ао
8 311	
242 287 272	
2,696	
2,738	
2,663	
2,738	
2,69
RTKM	
Ростел -ао
10 722	
199 071 356	
78,17	
78,4	
77,23	
79,05	
78
RASP	
Распадская
3 155	
179 278 434	
105,02	
105,84	
103,16	
106,22	
104,92
OGKB	
ОГК-2 ао
6 655	
129 853 410	
0,608	
0,6006	
0,5991	
0,6159	
0,6117
ENRU	
ЭнелРос ао
7 993	
124 603 633	
0,9175	
0,9005	
0,9	
0,933	
0,909
TGKA	
ТГК-1
4 055	
103 687 781	
0,01101	
0,010998	
0,010862	
0,011194	
0,01108
BANEP	
Башнефт ап
3 833	
101 746 457	
1 375	
1 372	
1 359	
1 385,5	
1 382
LSRG	
ЛСР ао
8 808	
99 362 093	
575	
570	
564,2	
580	
578,2
NKNCP	
НКНХ ап
4 220	
85 748 367	
81,96	
81,86	
81	
82,5	
82,4
ISKJ	
iИСКЧ ао
8 525	
80 236 722	
22,48	
23,22	
20,38	
24,87	
24,87
LIFE	
iФармсинтз
3 662	
54 199 860	
8,24	
8,655	
7,95	
8,655	
8,52
AKRN	
Акрон
1 277	
42 337 250	
5 908	
6 036	
5 860	
6 036	
5 896
LNTA	
Лента др
5 185	
37 908 346	
150,4	
149,2	
147	
151,6	
150,5
KRKNP	
СаратНПЗ-п
498	
33 393 600	
15 600	
15 400	
15 280	
15 880	
15 720
PIKK	
ПИК ао
1 886	
33 222 116	
390,7	
389,2	
386,5	
392,7	
391
QIWI	
iQIWI
1 853	
33 044 818	
910	
905,5	
894,5	
920	
915
MVID	
М.видео
1 547	
30 845 291	
360,4	
363	
353,7	
369	
357,6
APTK	
Аптеки36и6
7 188	
30 479 153	
13,438	
13,448	
13,09	
13,7	
13,62
AGRO	
AGRO-гдр
2 112	
29 952 799	
602,4	
598,6	
595	
607,8	
601,4
BANE	
Башнефт ао
1 658	
26 213 107	
1 721,5	
1 725	
1 695	
1 740,5	
1 726
RTKMP	
Ростел -ап
2 010	
25 905 795	
68,15	
67,9	
67,05	
68,9	
68,55
MSNG	
+МосЭнерго
1 216	
25 618 171	
1,9225	
1,9055	
1,896	
1,95	
1,9255
NMTP	
НМТП ао
1 791	
24 014 600	
8,645	
8,73	
8,52	
8,785	
8,615
ENPG	
ЭН+ГРУП ао
395	
22 964 447	
588,8	
578	
576,8	
599	
597,1
NFAZ	
Нефтекамск
2 666	
21 367 874	
160,4	
135	
129	
175,8	
152
RSTIP	
Россети ап
1 335	
21 129 201	
1,489	
1,494	
1,46	
1,52	
1,485
KRKOP	
ТКЗКК ап
3 867	
20 535 350	
6,725	
6	
6	
8,305	
6,7
VSMO	
ВСМПО-АВСМ
384	
18 452 660	
18 760	
18 980	
18 500	
19 000	
18 680
DIOD	
ЗаводДИОД
2 148	
17 809 211	
5,95	
6,28	
5,64	
6,31	
6,07
BSPB	
БСП ао
2 013	
15 300 322	
41,31	
41,83	
41,1	
41,83	
41,23
ETLN	
ETLN-гдр
1 141	
15 296 297	
80,56	
82,12	
79,76	
82,12	
81
NKNC	
НКНХ ао
896	
15 026 842	
100,5	
100,7	
100,05	
100,75	
100,5
MRKP	
МРСК ЦП
785	
14 654 905	
0,1785	
0,1757	
0,1757	
0,18	
0,1785
GEMA	
iММЦБ ао
2 230	
14 188 210	
748	
745,5	
720,5	
783,5	
762
MRKC	
МРСК Центр
719	
12 219 788	
0,2424	
0,24	
0,238	
0,247	
0,243
SELG	
Селигдар
929	
11 381 906	
23,25	
23,7	
22,71	
23,84	
23,31
LNZL	
Лензолото
487	
10 926 160	
8 920	
8 900	
8 860	
9 090	
8 940
AQUA	
РусАква ао
585	
9 526 555	
196,5	
192	
190,5	
202,5	
196
TUZA	
ТЗА ао
1 213	
9 395 120	
105	
80	
79	
110	
110
YAKG	
ЯТЭК ао
465	
7 361 386	
47,04	
47,5	
44	
49,74	
44
KZOS	
ОргСинт ао
295	
6 555 775	
94	
94,5	
93,7	
94,6	
94,2
RNFT	
РуссНфт ао
1 432	
6 498 864	
420,2	
416	
413	
428,2	
413
TGKB	
ТГК-2
330	
6 254 465	
0,00362	
0,003635	
0,00359	
0,003655	
0,003615
OBUV	
ОР ао
1 142	
6 226 995	
30,15	
30	
29,85	
30,55	
29,95
TTLK	
Таттел. ао
256	
5 865 475	
0,3005	
0,3	
0,297	
0,303	
0,3025
AMEZ	
АшинскийМЗ
770	
5 003 179	
4,04	
3,985	
3,955	
4,12	
4,045
SFIN	
САФМАР ао
522	
4 961 604	
435,6	
437,2	
433	
438	
434
MGTSP	
МГТС-4ап
265	
4 785 460	
2 176	
2 166	
2 150	
2 198	
2 184
GCHE	
ЧеркизГ-ао
605	
4 437 890	
1 722	
1 730	
1 715,5	
1 740	
1 725
BRZL	
БурЗолото
100	
3 870 052	
826	
827	
826	
833	
828
FESH	
ДВМП ао
457	
3 866 790	
6,19	
6,28	
6,12	
6,3	
6,22
UNAC	
iАвиастКао
229	
3 678 482	
0,495	
0,497	
0,485	
0,504	
0,494
KMAZ	
КАМАЗ
412	
3 592 346	
53,5	
53	
53	
54	
54
BELU	
Белуга ао
181	
3 591 292	
1 500	
1 525	
1 482	
1 549	
1 496
TGKN	
ТГК-14
216	
3 237 900	
0,00325	
0,00317	
0,00316	
0,00332	
0,00322
RUGR	
Русгрэйн
2 442	
3 013 965	
7,968	
7,894	
7,856	
8,16	
7,96
USBN	
УралСиб ао
322	
2 850 519	
0,0721	
0,071	
0,07	
0,0749	
0,0716
CHEP	
ЧТПЗ ао
104	
2 748 530	
194,5	
191,5	
190	
197	
197
GTRK	
ГТМ ао
556	
2 727 725	
43,8	
42,35	
42,35	
45	
43,95
MRKV	
МРСКВол
350	
2 649 684	
0,07	
0,06925	
0,06925	
0,0708	
0,0703
PRTK	
ПРОТЕК ао
106	
2 636 048	
98,1	
98,5	
98	
98,9	
98,4
MRKZ	
МРСК СЗ
152	
2 568 132	
0,04975	
0,05	
0,04905	
0,05015	
0,0494
CNTLP	
Телеграф-п
359	
2 398 828	
18,14	
17,8	
17,68	
18,44	
18,3
IGSTP	
Ижсталь ап
274	
2 152 429	
686	
723	
674	
724	
698
CHGZ	
РН-ЗапСиб
186	
2 062 100	
39,2	
36,8	
36,4	
43	
36,6
KZOSP	
ОргСинт ап
737	
1 877 285	
13,1	
12,99	
12,8	
13,49	
13,16
RUSP	
Русполимет
146	
1 801 330	
0,5985	
0,617	
0,58	
0,627	
0,594
AVAN	
Авангрд-ао
165	
1 714 960	
905	
905	
890	
920	
895
MSRS	
МОЭСК
214	
1 602 143	
1,0145	
1,0065	
1,0065	
1,028	
1,017
LNZLP	
Лензол. ап
185	
1 508 485	
3 890	
3 950	
3 855	
3 950	
3 880
SVAV	
СОЛЛЕРС
165	
1 486 210	
258,5	
257,5	
255	
261	
256
MSTT	
Мостотрест
256	
1 475 600	
153,05	
153,35	
151,7	
154,85	
153,95
SELGP	
Селигдар-п
190	
1 469 165	
27,45	
27,6	
26,95	
27,8	
27,5
IRGZ	
ИркЭнерго
128	
1 375 200	
11,18	
11,38	
11,08	
11,48	
11,34
RGSS	
РГС СК ао
293	
1 358 843	
0,1446	
0,1444	
0,1416	
0,146	
0,145
ROLO	
Русолово
120	
1 297 234	
3,838	
3,94	
3,736	
3,944	
3,808
KRSB	
Красэсб ао
100	
1 259 110	
5,75	
5,64	
5,51	
6,1	
5,7
RAVN	
Raven
15	
1 151 445	
33	
33,1	
32,45	
33,6	
32,75
IRKT	
ИРКУТ-3
113	
1 093 668	
29,1	
29,78	
28,52	
29,86	
29,22
WTCMP	
ЦМТ ап
129	
1 056 834	
9,26	
8,84	
8,32	
9,4	
9,3
WTCM	
ЦМТ ао
131	
1 047 142	
9,7	
9,48	
9,46	
9,9	
9,68
KLSB	
КалужскСК
104	
981 932	
10,41	
10,21	
10,2	
10,64	
10,46
TRCN	
ТрансК ао
37	
976 620	
8 205	
8 305	
8 170	
8 305	
8 190
MRKS	
МРСКСиб
34	
937 940	
0,2145	
0,218	
0,2135	
0,218	
0,215
KOGK	
КоршГОК ао
16	
829 600	
46 000	
45 400	
45 400	
47 000	
45 600
HIMCP	
Химпром ап
120	
660 548	
6,12	
6,22	
6,07	
6,22	
6,08
YRSBP	
ТНСэнЯр-п
150	
651 685	
72	
76	
69,5	
76	
76
ZILL	
ЗИЛ ао
23	
626 628	
1 356	
1 376	
1 336	
1 380	
1 340
RBCM	
РБК ао
256	
605 992	
3,164	
3,158	
3,138	
3,2	
3,164
VZRZP	
Возрожд-п
99	
599 094	
286,6	
289,6	
283	
292	
287,6
VGSBP	
ВолгЭнСб-п
160	
593 490	
1,085	
1	
1	
1,165	
1,055
PAZA	
ПавлАвт ао
64	
588 550	
7 850	
7 870	
7 750	
8 000	
7 860
CNTL	
Телеграф
93	
582 680	
22	
21,8	
21,05	
22,5	
21,75
KRSBP	
Красэсб ап
55	
569 540	
5,82	
5,94	
5,56	
6,1	
5,82
RUSI	
ИКРУСС-ИНВ
99	
567 610	
37,6	
36,3	
35,9	
41	
38
DASB	
ДагСб ао
126	
545 738	
0,0961	
0,0958	
0,0936	
0,0987	
0,0964
KGKC	
КурганГКао
107	
534 300	
52	
53	
52	
54	
54
PMSBP	
ПермьЭнС-п
85	
533 282	
132,8	
132,4	
130,8	
134,8	
132,4
MRKU	
МРСК Ур
65	
526 348	
0,148	
0,1478	
0,146	
0,1496	
0,1494
KAZTP	
Куйбазот-п
50	
520 136	
139,4	
137	
137	
144,2	
141,8
DVEC	
ДЭК ао
84	
491 260	
0,786	
0,788	
0,779	
0,794	
0,787
UWGN	
ОВК ао
122	
487 509	
241,8	
244	
238,8	
245	
244,9
MAGEP	
МагадЭн ап
54	
444 160	
3,965	
3,94	
3,83	
4,165	
4,06
TGKD	
Квадра
127	
441 863	
0,002875	
0,00288	
0,00286	
0,00289	
0,00288
ALNU	
АЛРОСА-Нюр
9	
424 600	
47 200	
47 200	
47 000	
47 400	
47 000
NKHP	
НКХП ао
63	
417 945	
235	
232,5	
231,5	
239,5	
233
MOBB	
МосОблБанк
118	
417 609	
2,366	
2,408	
2,328	
2,408	
2,36
VLHZ	
ВХЗ-ао
102	
416 944	
49,4	
49,75	
49,05	
50,7	
49,4
TGKBP	
ТГК-2 ап
40	
378 800	
0,00642	
0,00646	
0,0064	
0,00647	
0,00644
ZVEZ	
ЗВЕЗДА ао
51	
364 800	
4,29	
4,39	
4,2	
4,39	
4,205
RZSB	
РязЭнСб
26	
362 160	
6,35	
6,4	
6,14	
6,4	
6,39
KAZT	
Куйбазот
65	
358 056	
142,2	
141,8	
134,4	
144,8	
142,2
TASB	
ТамбЭнСб
46	
346 395	
0,284	
0,2645	
0,2645	
0,292	
0,281
URKZ	
УрКузница
20	
345 140	
10 460	
10 300	
10 300	
10 880	
10 400
UTAR	
ЮТэйр ао
86	
343 910	
6,29	
6,23	
6,22	
6,43	
6,3
JNOS	
Славн-ЯНОС
40	
332 300	
17,85	
17,45	
17,4	
18,4	
18
KGKCP	
КурганГКап
93	
328 875	
55,5	
57	
54,5	
57	
56
MRKY	
РоссЮг ао
60	
321 663	
0,0513	
0,0517	
0,05055	
0,0517	
0,05155
YKENP	
Якутскэн-п
15	
317 200	
0,2935	
0,2875	
0,2875	
0,295	
0,295
JNOSP	
Слав-ЯНОСп
18	
315 832	
13,98	
13,58	
13,54	
14	
14
CHMK	
ЧМК ао
38	
297 550	
2 420	
2 465	
2 400	
2 495	
2 410
UNKL	
ЮУНК ао
43	
293 810	
3 460	
3 590	
3 220	
3 680	
3 470
VJGZP	
Варьеган-п
29	
286 480	
322	
315	
315	
325	
323
UCSS	
ОКС ао
50	
278 960	
1 460	
1 460	
1 440	
1 480	
1 460
NKSH	
Нижкамшина
30	
278 538	
22,46	
22,2	
22,02	
23	
22,82
TGKDP	
Квадра-п
64	
271 810	
0,00367	
0,003705	
0,00361	
0,00374	
0,003695
ABRD	
АбрауДюрсо
88	
269 910	
133	
133	
132	
134	
133
KROT	
КрасОкт-ао
18	
257 355	
317,5	
322,5	
316	
322,5	
317
MGNZ	
СМЗ-ао
17	
253 140	
4 220	
3 940	
3 940	
4 310	
4 090
VRSBP	
ТНСэнВор-п
38	
226 550	
33,5	
32,5	
31,5	
35	
31,5
BLNG	
Белон ао
30	
224 208	
3,998	
4	
3,98	
4,002	
3,998
KRKN	
СаратНПЗ
18	
222 850	
11 750	
11 400	
11 400	
11 950	
11 950
LVHK	
Левенгук
63	
220 267	
7,92	
7,93	
7,8	
8,08	
7,99
KUZB	
КузнецкийБ
95	
211 945	
0,01678	
0,01688	
0,01661	
0,01698	
0,01698
VRSB	
ТНСэнВорон
22	
200 520	
47,8	
48,8	
47,2	
48,8	
47,8
NAUK	
iНПОНаука
50	
199 836	
165,2	
162,4	
162,4	
167,4	
167
RKKE	
ЭнергияРКК
29	
193 660	
4 840	
4 900	
4 790	
4 950	
4 900
NSVZ	
НаукаСвяз
45	
193 005	
222	
222,5	
217,5	
226,5	
223,5
RLMN	
Роллман
88	
189 132	
17,4	
17,4	
17,15	
17,55	
17,3
STSBP	
СтаврЭнСбп
81	
186 128	
0,2824	
0,28	
0,28	
0,2876	
0,2836
MRKK	
Россети СК
125	
177 306	
26,58	
26,48	
26,34	
27,46	
26,86
RTGZ	
ГазпРнД ао
5	
173 200	
21 650	
21 300	
21 300	
22 300	
22 250
KMEZ	
КМЗ
137	
162 734	
422,5	
416,5	
415,5	
434	
422,5
HALS	
Галс-Девел
60	
159 233	
717	
737	
711	
737	
721
VGSB	
ВолгЭнСб
50	
154 250	
1,455	
1,415	
1,415	
1,525	
1,43
GAZAP	
ГАЗ ап
19	
153 470	
333,5	
326,5	
315,5	
339	
335,5
SLEN	
Сахэнер ао
47	
148 565	
4,115	
4,125	
4,02	
4,3	
4,105
PMSB	
ПермьЭнСб
32	
147 244	
133,9	
134,2	
132,7	
134,7	
133
ALBK	
БестЭфБ ао
31	
131 695	
51,5	
51,5	
51	
53,5	
53,5
ELTZ	
Электрцинк
68	
124 671	
168,5	
169,5	
166,5	
169,5	
168,5
TORS	
ТРК ао
24	
121 780	
0,358	
0,367	
0,352	
0,376	
0,357
ARSA	
Арсагера
26	
115 620	
3,3	
3,29	
3,23	
3,39	
3,29
GAZA	
ГАЗ ао
8	
110 320	
380,5	
379,5	
377,5	
386,5	
383
YRSB	
ТНСэнЯр
22	
91 040	
154	
158	
148	
162	
162
IGST	
Ижсталь2ао
13	
90 068	
858	
838	
830	
862	
831
ROST	
РОСИНТЕРао
25	
86 992	
58	
59	
57,4	
59	
57,8
STSB	
СтаврЭнСб
37	
85 184	
0,3365	
0,333	
0,3285	
0,3465	
0,339
INGR	
ИНГРАД ао
16	
81 017	
764	
770	
757	
776	
776
CHKZ	
ЧКПЗ ао
13	
80 300	
5 020	
5 120	
4 860	
5 120	
5 020
VJGZ	
Варьеган
42	
74 837	
585	
599	
571	
599	
593
KBTK	
КузбТК ао
31	
73 758	
160,4	
160,2	
157,6	
161,4	
161
OMZZP	
ОМЗ-ап
19	
71 965	
3 425	
3 435	
3 405	
3 475	
3 435
SAGOP	
СамарЭн-ап
6	
69 950	
0,367	
0,37	
0,367	
0,37	
0,37
KROTP	
КрасОкт-1п
13	
68 990	
222,5	
220	
220	
226	
220,5
MGTS	
МГТС-5ао
18	
68 570	
2 635	
2 595	
2 595	
2 660	
2 615
RDRB	
РДБанк ао
19	
63 750	
255	
250	
250	
260	
250
MAGE	
МагадЭн ао
10	
63 230	
4,86	
4,88	
4,79	
4,92	
4,8
SARE	
СаратЭн-ао
17	
60 346	
0,1118	
0,1094	
0,1092	
0,1136	
0,1114
VSYD	
ВыбСудЗ ао
8	
51 990	
2 735	
2 760	
2 715	
2 830	
2 730
KTSB	
КСБ ао
16	
51 174	
0,484	
0,472	
0,472	
0,492	
0,49
ASSB	
АстрЭнСб
45	
48 517	
0,5775	
0,562	
0,562	
0,588	
0,5685
MFGS	
Мегион-ао
11	
48 480	
346,5	
358,5	
341	
358,5	
345,5
KCHEP	
КамчатЭ ап
8	
45 430	
0,349	
0,35	
0,345	
0,35	
0,347
MFGSP	
Мегион-ап
9	
45 045	
322	
319,5	
319,5	
325,5	
325
MISB	
ТНСэнМарЭл
12	
45 010	
10,5	
11,2	
10,3	
11,2	
10,8
DZRD	
iДонскЗР
15	
39 432	
2 192	
2 276	
2 162	
2 276	
2 176
ROSB	
Росбанк ао
28	
35 938	
70,6	
71	
69,4	
71	
70,8
UKUZ	
ЮжКузб. ао
22	
35 876	
514	
510	
504	
516	
504
RTSB	
ТНСэнРст
6	
33 400	
0,305	
0,3	
0,3	
0,305	
0,305
NNSBP	
ТНСэнНН ап
21	
33 333	
546	
541	
537	
556	
556
MISBP	
ТНСэМаЭл-п
15	
31 040	
9,4	
9,4	
9,4	
9,6	
9,4
SAGO	
СамарЭн-ао
8	
30 420	
0,38	
0,384	
0,374	
0,386	
0,382
BISVP	
БашИнСв ап
23	
28 451	
6,62	
6,52	
6,52	
6,68	
6,68
TORSP	
ТРК ап
6	
25 105	
0,251	
0,2505	
0,2505	
0,2535	
0,2505
DZRDP	
iДонскЗР п
15	
23 830	
1 590	
1 590	
1 570	
1 610	
1 590
KTSBP	
КСБ ап
10	
22 345	
0,2235	
0,2205	
0,2205	
0,2285	
0,222
KCHE	
КамчатЭ ао
6	
19 615	
0,1785	
0,179	
0,1755	
0,179	
0,1755
SAREP	
СаратЭн-ап
13	
19 582	
0,0848	
0,0862	
0,0842	
0,0864	
0,0846
MRSB	
МордЭнСб
5	
17 420	
0,348	
0,346	
0,345	
0,354	
0,352
TASBP	
ТамбЭнСб-п
7	
15 885	
0,1985	
0,197	
0,1915	
0,201	
0,2005
YKEN	
Якутскэнрг
5	
15 570	
0,3115	
0,3115	
0,311	
0,3115	
0,3115
SZPR	
СЗПароход
10	
9 574	
736	
720	
720	
744	
744
VSYDP	
ВыбСудЗ ап
2	
8 380	
2 800	
2 800	
2 780	
2 800	
2 780
KUBE	
Кубанэнр
6	
7 270	
60,4	
60,7	
59,7	
60,8	
60,5
RTSBP	
ТНСэнРст-п
3	
7 200	
0,24	
0,237	
0,237	
0,246	
0,242
KBSB	
ТНСэКубань
4	
5 345	
133,5	
134	
132	
134,5	
134,5
RLMNP	
Роллман-п
20	
5 333	
18,4	
18,1	
18,1	
18,7	
18,58
NNSB	
ТНСэнНН ао
4	
4 995	
1 250	
1 220	
1 220	
1 275	
1 275
LPSB	
ЛЭСК ао
2	
1 480	
7,4	
7,4	
7,4	
7,4	
7,4
BISV	
БашИнСв ао
0	
0	
-	
-	
-	
-	
8,7
GAZC	
ГАЗКОН-ао
0	
0	
-	
-	
-	
-	
295
GAZS	
ГАЗ-сервис
0	
0	
-	
-	
-	
-	
293
GAZT	
ГАЗ-Тек ао
0	
0	
-	
-	
-	
-	
85
GTSS	
ГЕОТЕК ао
0	
0	
-	
-	
-	
-	
-
HIMC	
Химпром ао
0	
0	
-	
-	
-	
-	
0,99
KMTZ	
КосогМЗ ао
0	
0	
-	
-	
-	
-	
-
KRKO	
ТКЗКК ао
0	
0	
-	
-	
-	
-	
11,8
KSGR	
Кокс ао
0	
0	
-	
-	
-	
-	
-
KUNF	
КУЗОЦМ ао
0	
0	
-	
-	
-	
-	
-
KZMS	
КЗМС ао
0	
0	
-	
-	
-	
-	
226
LSNG	
Ленэнерго
0	
0	
-	
-	
-	
-	
5,66
LSNGP	
Ленэнерг-п
0	
0	
-	
-	
-	
-	
119,95
MFON	
МегаФон ао
0	
0	
-	
-	
-	
-	
650,6
MORI	
Морион ао
0	
0	
-	
-	
-	
-	
4,31
NPOF	
Физика ао
0	
0	
-	
-	
-	
-	
11 850
PRMB	
Приморье
0	
0	
-	
-	
-	
-	
17 200
TNSE	
ТНСэнрг ао
0	
0	
-	
-	
-	
-	
995
TRFM	
ТрансФ ао
0	
0	
-	
-	
-	
-	
-
URKA	
Уркалий-ао
0	
0	
-	
-	
-	
-	
119,04
VZRZ	
Возрожд-ао
0	
0	
-	
-	
-	
-	
480