SBER	
Сбербанк
65 289	
11 137 767 480	
208,23	
207,7	
206,43	
209,74	
207,84
GMKN	
ГМКНорНик
34 961	
7 202 229 050	
19 516	
19 012	
19 012	
19 750	
19 702
GAZP	
ГАЗПРОМ ао
50 917	
6 608 677 964	
195,33	
194,8	
194	
196,32	
195,3
YNDX	
Yandex clA
64 692	
5 728 725 699	
3 323,8	
3 240,4	
3 240,4	
3 444,8	
3 331,2
LKOH	
ЛУКОЙЛ
29 162	
5 221 015 230	
5 462,5	
5 480	
5 437,5	
5 507	
5 474
MGNT	
Магнит ао
27 542	
2 970 988 423	
4 150,5	
4 080,5	
4 080,5	
4 204,5	
4 125
PLZL	
Полюс
19 176	
2 292 241 519	
11 465,5	
11 303,5	
11 234	
11 640,5	
11 533,5
TATN	
Татнфт 3ао
21 594	
1 950 133 522	
591,2	
593,2	
586,1	
594,5	
592,4
MTSS	
МТС-ао
16 898	
1 693 450 731	
325,4	
325,55	
323,4	
326,3	
326,2
ROSN	
Роснефть
13 136	
1 598 884 768	
375,5	
376,9	
372,5	
377,75	
375,95
SIBN	
Газпрнефть
15 053	
1 560 672 386	
355,1	
355	
353,55	
356,45	
354,1
SNGS	
Сургнфгз
13 572	
1 380 988 054	
39,76	
39,3	
39,085	
40,16	
39,89
AFLT	
Аэрофлот
26 577	
1 372 778 520	
81,48	
82,04	
80,4	
82,48	
81,34
SBERP	
Сбербанк-п
21 859	
1 179 985 676	
191,46	
191,5	
190,2	
193	
190,5
NVTK	
Новатэк ао
12 975	
1 015 455 289	
1 079,6	
1 081	
1 073,8	
1 090	
1 083,2
POLY	
Polymetal
15 113	
981 420 859	
1 336,2	
1 325	
1 314,7	
1 359	
1 355,6
HYDR	
РусГидро
26 865	
957 690 754	
0,8127	
0,823	
0,803	
0,8264	
0,8083
MOEX	
МосБиржа
17 461	
927 912 633	
115,68	
116,42	
115,02	
116,42	
115,8
SNGSP	
Сургнфгз-п
12 749	
922 880 525	
35,13	
34,93	
34,825	
35,3	
35,085
IRAO	
ИнтерРАОао
13 641	
904 744 913	
4,9505	
4,98	
4,9095	
4,9985	
4,947
TRNFP	
Транснф ап
3 059	
771 389 350	
137 350	
137 450	
135 600	
138 600	
138 500
VTBR	
ВТБ ао
24 284	
732 281 368	
0,0357	
0,035545	
0,03543	
0,03588	
0,03549
ALRS	
АЛРОСА ао
17 093	
682 927 021	
64,31	
64,36	
63,87	
64,83	
64,56
RSTI	
Россети ао
12 498	
670 077 345	
1,5637	
1,5373	
1,53	
1,5883	
1,5543
CHMF	
СевСт-ао
17 996	
657 596 813	
872,8	
870,4	
868	
878	
871
FEES	
ФСК ЕЭС ао
12 884	
632 495 194	
0,19024	
0,18776	
0,18726	
0,1918	
0,19054
TCSG	
TCS-гдр
22 286	
565 467 897	
1 434,8	
1 380	
1 374	
1 456,8	
1 436,2
NLMK	
НЛМК ао
8 709	
509 014 522	
139,34	
138,4	
138,02	
140,14	
139,3
FIVE	
FIVE-гдр
8 964	
446 260 878	
2 354,5	
2 341,5	
2 325	
2 375	
2 369
AFKS	
Система ао
9 652	
439 141 594	
17,042	
17,1	
16,931	
17,163	
17,074
MAGN	
ММК
7 661	
414 971 816	
39,175	
39,57	
38,92	
39,725	
39,01
DSKY	
ДетскийМир
14 501	
399 374 188	
101,92	
103	
101,08	
103,26	
101,84
TRMK	
ТМК ао
964	
354 655 362	
59,8	
59,8	
59,58	
59,86	
59,8
OGKB	
ОГК-2 ао
12 156	
340 733 306	
0,7842	
0,7699	
0,764	
0,7944	
0,7809
TATNP	
Татнфт 3ап
7 568	
307 040 583	
566,3	
568	
561,1	
570,5	
564,6
CBOM	
МКБ ао
11 118	
282 126 110	
5,595	
5,569	
5,556	
5,619	
5,599
RTKM	
Ростел -ао
8 606	
268 616 594	
85,74	
86,39	
85,01	
86,43	
85,26
PHOR	
ФосАгро ао
6 147	
230 366 186	
2 651	
2 682	
2 631	
2 687	
2 662
LSRG	
ЛСР ао
7 362	
161 778 341	
707,2	
695	
691,4	
723	
713
BANEP	
Башнефт ап
3 541	
161 046 330	
1 457,5	
1 464,5	
1 451,5	
1 464,5	
1 451,5
RUAL	
РУСАЛ ао
9 174	
153 002 462	
26,62	
26,655	
26,405	
26,75	
26,55
UPRO	
Юнипро ао
3 579	
146 494 489	
2,734	
2,749	
2,725	
2,75	
2,726
NMTP	
НМТП ао
5 143	
124 901 369	
10,81	
10,84	
10,725	
10,9	
10,75
TGKA	
ТГК-1
3 516	
86 142 140	
0,013134	
0,0131	
0,01306	
0,0132	
0,01315
MVID	
М.видео
2 779	
77 779 306	
404,3	
405,4	
401,1	
411,9	
401,1
RASP	
Распадская
2 023	
73 020 368	
111,96	
111,74	
110,54	
113,28	
112,22
QIWI	
iQIWI
2 709	
70 413 590	
1 192,5	
1 185	
1 171	
1 214,5	
1 199
MTLR	
Мечел ао
6 737	
66 239 348	
67,41	
67,67	
66,87	
68,26	
67,18
ENRU	
ЭнелРос ао
3 539	
62 896 980	
1,02	
1,007	
1,005	
1,0265	
1,0195
MRKV	
РсетВол ао
4 943	
61 961 691	
0,0769	
0,07315	
0,0727	
0,08095	
0,078
LNTA	
Лента др
4 149	
54 797 009	
171,8	
172	
171	
172,8	
171
ETLN	
ETLN-гдр
2 018	
53 518 552	
96,38	
96,62	
95,82	
97,18	
97,02
NKNCP	
НКНХ ап
2 134	
41 198 995	
89,88	
89,9	
89,04	
90	
89,88
BANE	
Башнефт ао
1 697	
34 581 838	
1 866,5	
1 887	
1 840	
1 887	
1 860
PIKK	
ПИК ао
1 165	
29 144 501	
424,4	
420	
419,9	
426	
425,1
AGRO	
AGRO-гдр
2 125	
28 454 236	
656,6	
663,8	
647	
663,8	
658,4
SELG	
Селигдар
2 215	
28 108 455	
26,7	
26,61	
26,51	
27,28	
26,65
MRKP	
МРСК ЦП
2 993	
26 937 392	
0,1924	
0,193	
0,1912	
0,1974	
0,1922
AKRN	
Акрон
1 111	
24 698 162	
5 456	
5 502	
5 408	
5 514	
5 440
MSNG	
+МосЭнерго
979	
24 514 317	
2,142	
2,146	
2,128	
2,1635	
2,1395
RSTIP	
Россети ап
1 194	
22 208 115	
2,083	
2,045	
2,041	
2,111	
2,071
NKNC	
НКНХ ао
938	
20 307 658	
99,45	
97,05	
97,05	
100,5	
99,75
BSPB	
БСП ао
1 343	
13 497 967	
42,17	
41,67	
41,67	
42,5	
42,18
LIFE	
iФармсинтз
1 313	
13 162 442	
6,58	
6,71	
6,49	
6,73	
6,55
APTK	
Аптеки36и6
2 807	
11 288 875	
13,862	
13,718	
13,718	
13,994	
13,794
LSNGP	
РСетиЛЭ-п
745	
11 047 201	
159,75	
161,2	
159,2	
161,2	
159,5
OBUV	
ОР ао
795	
10 882 790	
33,3	
33,05	
32,85	
33,7	
33,4
RTKMP	
Ростел -ап
951	
9 429 316	
76,3	
76,45	
75,9	
76,65	
76,35
KRKNP	
СаратНПЗ-п
344	
8 907 160	
16 020	
16 120	
15 980	
16 140	
16 040
MTLRP	
Мечел ап
643	
8 238 585	
85,9	
86,5	
85,5	
86,55	
85,85
MSTT	
Мостотрест
557	
6 476 737	
161,4	
155,15	
155,15	
162,6	
162,6
ENPG	
ЭН+ГРУП ао
248	
5 520 189	
597	
599,5	
591,5	
601	
599,5
MRKC	
МРСК Центр
867	
5 497 685	
0,2798	
0,276	
0,276	
0,283	
0,2814
VRSBP	
ТНСэнВор-п
460	
5 487 000	
39,5	
35,5	
35,5	
45	
40
RNFT	
РуссНфт ао
945	
5 457 203	
520,8	
513,4	
501,4	
530	
530
FESH	
ДВМП ао
320	
5 173 810	
7,31	
7,3	
7,19	
7,35	
7,33
MGTSP	
МГТС-4ап
393	
4 795 168	
2 014	
2 052	
2 000	
2 052	
2 016
SFIN	
САФМАР ао
299	
4 732 356	
454,6	
465,2	
453	
465,2	
454
VRSB	
ТНСэнВорон
471	
4 607 660	
51	
48	
45,6	
53	
49
ISKJ	
iИСКЧ ао
699	
4 601 365	
26,49	
26,99	
26,12	
27,16	
26,69
VSMO	
ВСМПО-АВСМ
142	
4 423 860	
19 320	
19 500	
19 240	
19 500	
19 280
GCHE	
ЧеркизГ-ао
536	
4 242 826	
1 766,5	
1 760	
1 756	
1 777,5	
1 761
MRKS	
РсетСиб ао
105	
3 540 075	
0,2495	
0,243	
0,243	
0,2595	
0,251
RTSB	
ТНСэнРст
186	
3 113 800	
0,415	
0,45	
0,39	
0,45	
0,43
MSRS	
РСетиМР ао
280	
2 761 447	
1,114	
1,123	
1,1	
1,123	
1,1195
MOBB	
МосОблБанк
1 244	
2 685 715	
1,072	
1,08	
1,052	
1,118	
1,06
INGR	
ИНГРАД ао
380	
2 615 164	
733	
764	
727	
764	
734
KZOS	
ОргСинт ао
277	
2 571 037	
90,4	
90,3	
89,9	
91	
90,3
UTAR	
ЮТэйр ао
397	
2 539 584	
7,37	
7,18	
7,05	
7,77	
7,17
YRSBP	
ТНСэнЯр-п
92	
2 530 220	
88	
85	
85	
91,5	
88
GEMA	
iММЦБ ао
225	
2 496 979	
608,5	
610	
605	
614	
608
TGKB	
ТГК-2
188	
2 454 470	
0,004165	
0,00415	
0,0041	
0,0042	
0,00417
TGKN	
ТГК-14
90	
2 331 580	
0,00317	
0,00322	
0,00316	
0,00322	
0,00318
TASBP	
ТамбЭнСб-п
258	
2 275 930	
0,389	
0,4215	
0,375	
0,429	
0,38
LNZL	
Лензолото
116	
2 150 620	
8 530	
8 660	
8 470	
8 660	
8 540
KAZT	
Куйбазот
69	
2 010 396	
141,4	
141,6	
139,8	
141,8	
141,8
GAZAP	
ГАЗ ап
137	
1 963 685	
339	
320	
320	
349	
328,5
KUBE	
Кубанэнр
508	
1 958 315	
72,1	
69,4	
69,4	
74,3	
71
PRTK	
ПРОТЕК ао
159	
1 868 219	
99,3	
99,1	
98,8	
99,6	
99,3
IRKT	
ИРКУТ-3
123	
1 806 746	
34,22	
34,24	
33,6	
34,48	
34,14
AMEZ	
АшинскийМЗ
260	
1 717 485	
4,095	
4,09	
4,06	
4,135	
4,06
MRKU	
МРСК Ур
187	
1 641 368	
0,159	
0,1588	
0,1556	
0,1616	
0,1594
KMAZ	
КАМАЗ
284	
1 452 787	
57,9	
58,6	
57,3	
58,6	
57,4
AQUA	
РусАква ао
153	
1 409 400	
210	
208	
208	
212	
209,5
SVAV	
СОЛЛЕРС
104	
1 406 590	
258	
260	
256,5	
260	
257
KZOSP	
ОргСинт ап
492	
1 401 989	
11,96	
12,07	
11,3	
12,11	
11,99
MRKZ	
МРСК СЗ
188	
1 380 824	
0,0498	
0,0487	
0,0487	
0,0504	
0,04995
GTRK	
ГТМ ао
350	
1 347 427	
42,15	
42,5	
41,9	
42,5	
42,2
ALNU	
АЛРОСА-Нюр
24	
1 280 200	
53 400	
53 000	
53 000	
53 600	
53 600
MRKY	
РоссЮг ао
184	
1 187 759	
0,0502	
0,05025	
0,0499	
0,05055	
0,05005
LNZLP	
Лензол. ап
57	
1 146 345	
3 615	
3 635	
3 585	
3 635	
3 625
ZILL	
ЗИЛ ао
190	
1 145 915	
2 835	
2 835	
2 810	
2 880	
2 845
UNAC	
iАвиастКао
217	
1 103 007	
0,4795	
0,48	
0,477	
0,485	
0,481
SELGP	
Селигдар-п
119	
1 100 320	
26,25	
26,2	
25,95	
26,45	
26,35
TTLK	
Таттел. ао
89	
1 082 800	
0,2905	
0,291	
0,2885	
0,291	
0,289
PMSBP	
ПермьЭнС-п
239	
995 516	
133,6	
136	
132	
136	
134
PMSB	
ПермьЭнСб
236	
953 729	
138,2	
139	
137	
140,1	
139
CNTLP	
Телеграф-п
118	
942 776	
17,46	
17,32	
17,32	
17,6	
17,5
ASSB	
АстрЭнСб
287	
925 539	
0,8325	
0,8335	
0,8145	
0,869	
0,8395
CHEP	
ЧТПЗ ао
147	
920 615	
198,5	
200	
197	
200	
198
KOGK	
КоршГОК ао
15	
920 000	
46 000	
45 800	
45 600	
46 600	
45 800
YAKG	
ЯТЭК ао
65	
887 745	
40,35	
39,35	
39,35	
41,1	
40,65
KLSB	
КалужскСК
147	
793 539	
11,65	
11,51	
11,51	
11,85	
11,7
UNKL	
ЮУНК ао
95	
785 310	
3 850	
3 950	
3 680	
4 060	
3 820
RBCM	
РБК ао
243	
779 851	
3,304	
3,32	
3,206	
3,486	
3,276
ROST	
РОСИНТЕРао
135	
779 084	
61,2	
61,8	
60	
63,8	
61,6
BELU	
Белуга ао
98	
759 238	
1 341	
1 351	
1 335	
1 351	
1 342
LSNG	
РСетиЛЭ
223	
756 889	
6,07	
6,08	
6,04	
6,09	
6,08
KBSB	
ТНСэКубань
101	
696 045	
168	
163,5	
162	
171,5	
168,5
RLMNP	
Роллман-п
195	
671 558	
19,92	
20,28	
19,12	
20,8	
20,06
TRCN	
ТрансК ао
30	
639 695	
8 530	
8 440	
8 435	
8 570	
8 525
ROLO	
Русолово
30	
603 438	
3,82	
3,75	
3,75	
3,83	
3,81
TGKD	
Квадра
131	
602 490	
0,0031	
0,003135	
0,003075	
0,003165	
0,003085
IRGZ	
ИркЭнерго
109	
601 476	
12,18	
12,04	
12,04	
12,28	
12,08
NFAZ	
Нефтекамск
54	
582 460	
174	
169	
169	
175	
171
UWGN	
ОВК ао
128	
526 198	
238,2	
235,2	
235,2	
242,2	
238
RZSB	
РязЭнСб
36	
525 560	
10,12	
9,96	
9,92	
10,28	
10,18
USBN	
УралСиб ао
61	
488 375	
0,0717	
0,0707	
0,0705	
0,073	
0,0711
MISBP	
ТНСэМаЭл-п
50	
477 060	
10	
10	
9,8	
10,2	
10
RTSBP	
ТНСэнРст-п
67	
453 660	
0,298	
0,32	
0,288	
0,32	
0,3
DIOD	
ЗаводДИОД
86	
453 496	
5,76	
5,73	
5,73	
5,77	
5,76
RKKE	
ЭнергияРКК
43	
446 530	
5 020	
4 970	
4 930	
5 250	
4 990
KCHE	
КамчатЭ ао
73	
434 220	
0,213	
0,2135	
0,2065	
0,218	
0,2115
ELTZ	
Электрцинк
158	
417 226	
165,5	
160,5	
160,5	
167	
164
SLEN	
Сахэнер ао
33	
402 033	
4,09	
4,09	
4,08	
4,15	
4,095
GAZA	
ГАЗ ао
53	
388 175	
392	
395	
386,5	
399,5	
390,5
KUZB	
КузнецкийБ
245	
378 025	
0,01634	
0,0166	
0,01615	
0,01676	
0,01647
CHMK	
ЧМК ао
32	
369 985	
2 485	
2 465	
2 465	
2 505	
2 475
RUSP	
Русполимет
32	
363 915	
0,5965	
0,61	
0,592	
0,61	
0,5995
KGKC	
КурганГКао
13	
363 610	
53	
53	
53	
54	
53
DVEC	
ДЭК ао
79	
357 166	
0,937	
0,954	
0,909	
0,954	
0,931
NKHP	
НКХП ао
59	
349 885	
231,5	
231	
230,5	
235	
231,5
LVHK	
Левенгук
62	
341 554	
8	
8,01	
7,93	
8,15	
8,03
UCSS	
ОКС ао
31	
340 240	
1 440	
1 440	
1 420	
1 450	
1 450
RGSS	
РГС СК ао
106	
337 549	
0,15	
0,15	
0,1492	
0,1508	
0,1496
MAGE	
МагадЭн ао
35	
335 910	
8,16	
8,52	
8	
8,7	
8,14
STSB	
СтаврЭнСб
123	
326 779	
0,4225	
0,42	
0,408	
0,434	
0,43
VJGZ	
Варьеган
16	
321 630	
598	
598	
596	
598	
597
KROT	
КрасОкт-ао
53	
314 945	
350	
347,5	
344,5	
354,5	
348,5
TGKBP	
ТГК-2 ап
29	
307 220	
0,00731	
0,00736	
0,00727	
0,0074	
0,0073
RUGR	
Русгрэйн
364	
295 873	
7,414	
7,358	
7,356	
7,448	
7,398
KCHEP	
КамчатЭ ап
46	
292 280	
0,365	
0,373	
0,358	
0,383	
0,365
ABRD	
АбрауДюрсо
80	
270 265	
130	
130,5	
129,5	
130,5	
129,5
VSYD	
ВыбСудЗ ао
46	
264 565	
4 200	
4 335	
4 100	
4 400	
4 120
KRSBP	
Красэсб ап
19	
261 120	
7,26	
7,24	
7,08	
7,38	
7,32
IGSTP	
Ижсталь ап
85	
255 496	
652	
660	
644	
670	
650
YKEN	
Якутскэнрг
39	
232 565	
0,369	
0,375	
0,361	
0,38	
0,3645
TORSP	
ТРК ап
46	
226 335	
0,2665	
0,2685	
0,264	
0,27	
0,265
CNTL	
Телеграф
47	
222 665	
20,8	
20,85	
20,45	
21,3	
20,55
MAGEP	
МагадЭн ап
19	
213 630	
7,12	
7,19	
7,02	
7,285	
7,05
RDRB	
РДБанк ао
17	
207 800	
250	
255	
245	
255	
250
RTGZ	
ГазпРнД ао
9	
202 500	
22 500	
22 500	
21 800	
23 350	
22 500
VZRZP	
Возрожд-п
29	
201 168	
314,4	
314	
311,6	
319	
312,2
MGNZ	
СМЗ-ао
17	
191 160	
4 250	
4 270	
4 060	
4 600	
4 110
URKZ	
УрКузница
16	
188 820	
11 800	
12 000	
11 560	
12 000	
11 680
TASB	
ТамбЭнСб
34	
184 225	
0,485	
0,479	
0,471	
0,493	
0,477
KBTK	
КузбТК ао
42	
174 302	
155,6	
161,2	
154	
161,2	
154,8
RLMN	
Роллман
84	
172 596	
18,8	
19,05	
18,6	
19,15	
18,95
PRMB	
Приморье
7	
171 800	
24 600	
24 400	
24 400	
24 800	
24 800
VLHZ	
ВХЗ-ао
37	
170 923	
49,7	
49,65	
49,65	
49,85	
49,8
MRKK	
Россети СК
75	
168 295	
26,8	
26,16	
26,16	
26,96	
26,72
BRZL	
БурЗолото
37	
168 080	
828	
823	
823	
830	
829
MGTS	
МГТС-5ао
24	
153 450	
2 435	
2 505	
2 425	
2 505	
2 435
VGSB	
ВолгЭнСб
37	
139 590	
1,64	
1,645	
1,61	
1,69	
1,63
VSYDP	
ВыбСудЗ ап
20	
138 340	
4 200	
4 280	
4 100	
4 300	
4 200
RAVN	
Raven
7	
135 640	
30,85	
30,95	
30,35	
31	
30,6
TGKDP	
Квадра-п
46	
133 133	
0,00402	
0,004015	
0,00398	
0,00407	
0,004045
MFGSP	
Мегион-ап
5	
132 600	
340	
340	
340	
340	
340
SAGOP	
СамарЭн-ап
20	
131 550	
0,424	
0,399	
0,399	
0,434	
0,41
KMEZ	
КМЗ
72	
126 671	
464	
468	
460,5	
469,5	
466,5
NSVZ	
НаукаСвяз
36	
122 445	
227	
225,5	
224	
230	
227,5
PAZA	
ПавлАвт ао
12	
117 260	
7 820	
7 850	
7 800	
7 850	
7 800
WTCMP	
ЦМТ ап
34	
111 970	
8,18	
8,26	
8,06	
8,34	
8,08
VJGZP	
Варьеган-п
10	
108 690	
351	
351	
349	
355	
355
KRKN	
СаратНПЗ
7	
107 950	
13 500	
13 600	
13 450	
13 600	
13 500
NAUK	
iНПОНаука
28	
107 018	
178,4	
178,4	
177,8	
179,4	
179,2
BISVP	
БашИнСв ап
34	
106 477	
8,25	
8,18	
8,17	
8,3	
8,2
ZVEZ	
ЗВЕЗДА ао
13	
95 220	
4,535	
4,555	
4,5	
4,635	
4,52
KRKOP	
ТКЗКК ап
45	
91 889	
5,745	
5,725	
5,715	
5,93	
5,77
YKENP	
Якутскэн-п
20	
91 425	
0,3385	
0,3365	
0,3355	
0,348	
0,337
IGST	
Ижсталь2ао
27	
91 091	
836	
846	
821	
856	
853
JNOSP	
Слав-ЯНОСп
17	
90 694	
14,18	
14,26	
12,02	
14,68	
14,28
AVAN	
Авангрд-ао
28	
89 790	
695	
695	
690	
710	
690
KRSB	
Красэсб ао
10	
87 140	
7,26	
7,25	
7,2	
7,37	
7,37
LPSB	
ЛЭСК ао
30	
87 095	
7,9	
7,85	
7,85	
8	
7,95
KAZTP	
Куйбазот-п
21	
86 804	
142,4	
146	
142	
146	
143
NNSB	
ТНСэнНН ао
18	
86 535	
1 375	
1 360	
1 310	
1 400	
1 395
SARE	
СаратЭн-ао
30	
83 990	
0,1168	
0,1186	
0,115	
0,1186	
0,1158
WTCM	
ЦМТ ао
27	
78 340	
9	
9	
8,88	
9,1	
8,92
HIMCP	
Химпром ап
35	
77 939	
5,9	
5,89	
5,88	
5,93	
5,9
YRSB	
ТНСэнЯр
11	
77 840	
174	
170	
170	
174	
172
SAGO	
СамарЭн-ао
16	
72 140	
0,424	
0,424	
0,42	
0,43	
0,424
NKSH	
Нижкамшина
9	
71 294	
23	
23,02	
22,92	
23,14	
22,92
STSBP	
СтаврЭнСбп
57	
67 907	
0,336	
0,335	
0,3325	
0,34	
0,339
TORS	
ТРК ао
16	
65 870	
0,387	
0,386	
0,384	
0,392	
0,386
TUZA	
ТЗА ао
4	
61 870	
97	
95	
95	
97	
97
VGSBP	
ВолгЭнСб-п
22	
50 855	
1,155	
1,1	
1,1	
1,21	
1,135
KTSBP	
КСБ ап
17	
49 055	
0,2455	
0,2495	
0,2415	
0,2495	
0,2445
KTSB	
КСБ ао
16	
40 622	
0,58	
0,59	
0,574	
0,59	
0,58
TNSE	
ТНСэнрг ао
8	
39 750	
970	
955	
955	
975	
975
ARSA	
Арсагера
9	
36 340	
3,3	
3,34	
3,3	
3,34	
3,3
OMZZP	
ОМЗ-ап
4	
33 450	
3 345	
3 345	
3 340	
3 350	
3 345
HALS	
Галс-Девел
21	
26 932	
769	
768	
765	
773	
772
BLNG	
Белон ао
19	
24 047	
4,008	
3,99	
3,99	
4,028	
4,006
NNSBP	
ТНСэнНН ап
16	
22 220	
570	
548	
542	
575	
562
KROTP	
КрасОкт-1п
7	
20 790	
260	
259,5	
259,5	
260	
260
DZRD	
iДонскЗР
4	
19 290	
1 930	
1 925	
1 925	
1 940	
1 940
UKUZ	
ЮжКузб. ао
8	
18 840	
538	
546	
534	
546	
538
DZRDP	
iДонскЗР п
9	
17 760	
1 620	
1 600	
1 600	
1 620	
1 620
MRSB	
МордЭнСб
4	
17 250	
0,345	
0,345	
0,345	
0,345	
0,345
JNOS	
Славн-ЯНОС
5	
16 730	
18,6	
18,4	
18,4	
18,7	
18,7
CHGZ	
РН-ЗапСиб
4	
14 120	
35,4	
36,2	
35	
36,2	
35
MISB	
ТНСэнМарЭл
5	
13 080	
10,9	
10,9	
10,9	
10,9	
10,9
CHKZ	
ЧКПЗ ао
2	
10 540	
5 280	
5 300	
5 240	
5 300	
5 240
ALBK	
БестЭфБ ао
8	
9 140	
54	
54	
53,5	
54	
54
MFGS	
Мегион-ао
2	
7 255	
363	
362,5	
362,5	
363	
363
ROSB	
Росбанк ао
5	
5 002	
71,6	
72	
70,6	
72	
71,8
KGKCP	
КурганГКап
6	
4 065	
58	
57,5	
57,5	
58,5	
58,5
RUSI	
ИКРУСС-ИНВ
1	
3 800	
38	
38	
38	
38	
38
SAREP	
СаратЭн-ап
3	
3 660	
0,0916	
0,0916	
0,0914	
0,0916	
0,0916
BISV	
БашИнСв ао
0	
0	
-	
-	
-	
-	
8,7
GAZC	
ГАЗКОН-ао
0	
0	
-	
-	
-	
-	
295
GAZS	
ГАЗ-сервис
0	
0	
-	
-	
-	
-	
293
GAZT	
ГАЗ-Тек ао
0	
0	
-	
-	
-	
-	
85
GTSS	
ГЕОТЕК ао
0	
0	
-	
-	
-	
-	
-
HIMC	
Химпром ао
0	
0	
-	
-	
-	
-	
0,99
KMTZ	
КосогМЗ ао
0	
0	
-	
-	
-	
-	
-
KRKO	
ТКЗКК ао
0	
0	
-	
-	
-	
-	
11,8
KSGR	
Кокс ао
0	
0	
-	
-	
-	
-	
-
KUNF	
КУЗОЦМ ао
0	
0	
-	
-	
-	
-	
-
KZMS	
КЗМС ао
0	
0	
-	
-	
-	
-	
226
MFON	
МегаФон ао
0	
0	
-	
-	
-	
-	
650,6
MORI	
Морион ао
0	
0	
-	
-	
-	
-	
4,31
NPOF	
Физика ао
0	
0	
-	
-	
-	
-	
11 850
SZPR	
СЗПароход
0	
0	
-	
-	
-	
-	
782
TRFM	
ТрансФ ао
0	
0	
-	
-	
-	
-	
-
URKA	
Уркалий-ао
0	
0	
-	
-	
-	
-	
119,04
VZRZ	
Возрожд-ао
0	
0	
-	
-	
-	
-	
480
EELT	
ЕвроЭлтех
0	
0	
7,68	
-	
-	
-	
7,58