SBER	
Сбербанк
53 964	
9 454 102 079	
217,71	
217,5	
215	
219,28	
216,71
GMKN	
ГМКНорНик
43 664	
8 761 074 410	
18 682	
18 294	
18 236	
18 978	
18 830
GAZP	
ГАЗПРОМ ао
52 544	
5 560 302 007	
186,52	
187,5	
184,4	
188,3	
185,61
LKOH	
ЛУКОЙЛ
35 795	
5 213 697 029	
5 026,5	
5 060	
4 963,5	
5 089,5	
5 003
PLZL	
Полюс
32 049	
4 240 562 651	
14 364,5	
13 973	
13 921	
14 600	
14 580
POLY	
Polymetal
45 589	
3 322 637 384	
1 611,3	
1 590	
1 564,2	
1 659,8	
1 656,5
MGNT	
Магнит ао
28 388	
3 054 878 336	
4 709	
4 700	
4 675,5	
4 756	
4 750
POGR	
Petropavl
51 438	
2 788 712 490	
32,98	
29,68	
29,52	
36	
36
YNDX	
Yandex clA
28 818	
2 319 989 398	
4 018,8	
4 020	
3 952,2	
4 069,6	
4 015
IRAO	
ИнтерРАОао
23 130	
2 074 475 233	
5,7595	
5,85	
5,7	
5,8725	
5,756
VTBR	
ВТБ ао
33 854	
1 433 513 481	
0,037815	
0,038145	
0,03716	
0,038205	
0,037635
TATN	
Татнфт 3ао
14 593	
1 215 196 794	
564,2	
564,9	
558,2	
568,4	
564,6
ROSN	
Роснефть
11 443	
1 175 008 318	
363,95	
366	
358,1	
366,55	
362,9
SNGS	
Сургнфгз
20 549	
1 030 302 861	
37,7	
37,685	
37,03	
38,1	
37,345
ALRS	
АЛРОСА ао
20 023	
910 426 085	
64,3	
65	
63,87	
65,1	
63,96
NVTK	
Новатэк ао
10 460	
889 085 060	
1 098,4	
1 105	
1 081	
1 107	
1 093,4
SBERP	
Сбербанк-п
18 072	
859 181 135	
199,64	
199,9	
197,53	
200,83	
199,8
AFLT	
Аэрофлот
17 969	
842 010 365	
86,1	
86,12	
84,7	
86,92	
86,1
CHMF	
СевСт-ао
18 193	
808 203 860	
895,2	
899,6	
889	
901,6	
896,2
MTSS	
МТС-ао
10 933	
718 328 884	
323,65	
324,3	
321,25	
325,2	
323,4
SNGSP	
Сургнфгз-п
19 864	
710 015 297	
35,995	
36,075	
35,82	
36,195	
35,82
NLMK	
НЛМК ао
10 665	
646 406 467	
142,44	
141,54	
140,84	
143,9	
141,8
MOEX	
МосБиржа
13 608	
638 670 558	
126,27	
126,63	
124,7	
127,15	
125,7
MAIL	
MAIL-гдр
20 640	
628 632 435	
1 904,4	
1 886	
1 876,6	
1 915,6	
1 911
HYDR	
РусГидро
15 667	
593 245 019	
0,7649	
0,7688	
0,7515	
0,7722	
0,7608
FEES	
ФСК ЕЭС ао
8 414	
472 669 652	
0,195	
0,1951	
0,19328	
0,19668	
0,1957
AFKS	
Система ао
8 618	
428 109 324	
19,225	
19,37	
18,954	
19,52	
19,005
SIBN	
Газпрнефть
7 193	
422 928 452	
323,55	
322,6	
321,3	
325,85	
322,85
DSKY	
ДетскийМир
12 941	
409 796 111	
116,48	
116,4	
115,24	
117,98	
116,78
TCSG	
TCS-гдр
12 040	
409 458 968	
1 750,2	
1 793,6	
1 706,8	
1 794	
1 756
FIVE	
FIVE-гдр
6 155	
382 042 182	
2 765	
2 727,5	
2 713,5	
2 785	
2 780
MVID	
М.видео
8 332	
336 135 393	
441,8	
435	
430	
453,8	
450
RUAL	
РУСАЛ ао
13 140	
309 631 146	
26,69	
26,43	
25,9	
26,99	
26,85
NMTP	
НМТП ао
12 121	
309 150 958	
10,815	
10,95	
10,69	
10,98	
10,745
MAGN	
ММК
4 318	
299 818 967	
38,86	
38,8	
38,6	
39,135	
38,8
RSTI	
Россети ао
4 674	
263 413 554	
1,6108	
1,6238	
1,5991	
1,6247	
1,6019
TRNFP	
Транснф ап
942	
255 188 750	
133 800	
133 800	
133 600	
134 250	
133 750
CBOM	
МКБ ао
9 029	
245 226 367	
5,798	
5,766	
5,766	
5,828	
5,775
RTKM	
Ростел -ао
5 282	
201 341 270	
90,01	
90,41	
89,6	
90,42	
89,63
TATNP	
Татнфт 3ап
5 011	
191 447 981	
540,5	
544	
528,8	
544,7	
540
OGKB	
ОГК-2 ао
6 726	
173 422 860	
0,7441	
0,75	
0,7326	
0,7599	
0,7332
PHOR	
ФосАгро ао
3 075	
133 098 844	
2 600	
2 579	
2 576	
2 615	
2 599
QIWI	
iQIWI
4 595	
104 849 557	
1 315,5	
1 340	
1 292	
1 346,5	
1 326
SELG	
Селигдар
6 829	
92 895 677	
31,06	
27,82	
27,82	
34,77	
30,9
LSRG	
ЛСР ао
5 732	
84 329 230	
737,4	
741,6	
725	
749	
731
LNTA	
Лента др
6 580	
80 134 968	
187,2	
185,1	
183,2	
189,3	
187,7
UPRO	
Юнипро ао
2 604	
78 086 645	
2,873	
2,876	
2,845	
2,912	
2,85
RASP	
Распадская
1 188	
66 501 251	
108,3	
107,82	
106,16	
109,8	
107,76
ENPG	
ЭН+ГРУП ао
1 964	
60 292 592	
653	
632	
632	
665	
662,5
IRKT	
ИРКУТ-3
3 021	
54 644 214	
37,56	
33,9	
33,9	
39,68	
37
MTLR	
Мечел ао
4 658	
53 533 089	
66,64	
66,99	
66	
67,2	
66
PIKK	
ПИК ао
1 787	
43 042 392	
452,8	
457,4	
446	
458	
447,9
ENRU	
ЭнелРос ао
2 620	
42 490 577	
0,9425	
0,9365	
0,9365	
0,9475	
0,94
TRMK	
ТМК ао
1 207	
41 898 356	
58,48	
59	
56,84	
59,42	
58,08
RTKMP	
Ростел -ап
3 163	
41 581 822	
83,75	
83,85	
83,1	
84,15	
83,9
CNTL	
Телеграф
1 319	
40 018 515	
27	
27,2	
26,95	
27,2	
27
ETLN	
ETLN-гдр
2 767	
37 807 750	
109,88	
110,3	
108,7	
110,7	
109,3
TGKA	
ТГК-1
2 751	
36 228 068	
0,012206	
0,012274	
0,012104	
0,012356	
0,012214
VLHZ	
ВХЗ-ао
4 275	
33 184 783	
58,2	
49,75	
49,75	
64,85	
54,1
LNZL	
Лензолото
842	
32 317 710	
12 130	
12 420	
12 020	
12 500	
12 200
BSPB	
БСП ао
2 199	
29 236 751	
43,03	
43,5	
42,65	
43,5	
42,66
NKNCP	
НКНХ ап
3 395	
29 007 295	
79,32	
79,9	
78,62	
80,22	
79,04
MSNG	
+МосЭнерго
1 165	
28 707 979	
2,1615	
2,173	
2,15	
2,1835	
2,158
MTLRP	
Мечел ап
1 553	
28 448 013	
83,2	
81,65	
81,6	
83,75	
83,5
SFIN	
САФМАР ао
92	
28 312 422	
516,6	
515,4	
514	
516,8	
516,8
PAZA	
ПавлАвт ао
1 738	
28 013 290	
9 280	
10 590	
8 540	
11 250	
8 710
BANEP	
Башнефт ап
1 816	
27 098 589	
1 355,5	
1 356	
1 350,5	
1 359,5	
1 352
SELGP	
Селигдар-п
1 577	
27 055 515	
28,55	
27,3	
26,85	
29,95	
28
EELT	
ЕвроЭлтех
3 160	
24 013 188	
8,86	
9	
8,04	
9,78	
9,08
LSNGP	
РСетиЛЭ-п
1 395	
23 290 870	
153,6	
154,3	
152,85	
154,45	
153,5
MRKV	
РсетВол ао
1 984	
21 036 025	
0,07395	
0,0764	
0,073	
0,07665	
0,0735
AGRO	
AGRO-гдр
1 840	
20 382 116	
686,8	
686,4	
681	
690	
682
VSMO	
ВСМПО-АВСМ
365	
19 643 440	
18 460	
18 240	
18 100	
18 560	
18 480
LIFE	
iФармсинтз
1 551	
17 235 505	
7,585	
7,895	
7,5	
7,895	
7,555
CNTLP	
Телеграф-п
1 157	
16 854 372	
27,04	
27,1	
26,98	
27,14	
27
UNAC	
iАвиастКао
1 112	
16 030 590	
0,492	
0,477	
0,474	
0,508	
0,4925
BRZL	
БурЗолото
2 186	
14 706 573	
906	
848	
847	
950	
880
MRKP	
МРСК ЦП
803	
13 827 104	
0,2065	
0,2064	
0,2045	
0,2077	
0,2062
KRKOP	
ТКЗКК ап
2 555	
12 406 556	
7,98	
7,775	
7,235	
8,685	
7,8
RSTIP	
Россети ап
774	
10 903 486	
2,103	
2,121	
2,052	
2,129	
2,101
KRKNP	
СаратНПЗ-п
284	
10 577 960	
16 160	
16 040	
16 020	
16 260	
16 200
SVAV	
СОЛЛЕРС
177	
8 719 220	
267,5	
268	
266	
270	
268
TORS	
ТРК ао
770	
8 283 670	
0,441	
0,383	
0,383	
0,48	
0,405
BANE	
Башнефт ао
664	
7 187 669	
1 748,5	
1 753,5	
1 741	
1 753,5	
1 744,5
AQUA	
РусАква ао
461	
6 673 230	
193,5	
193,5	
191,5	
195	
194,5
OBUV	
ОР ао
854	
6 609 980	
33,55	
33,35	
33,05	
33,85	
33,85
AKRN	
Акрон
354	
6 496 094	
5 640	
5 608	
5 608	
5 670	
5 640
FESH	
ДВМП ао
610	
6 410 109	
7,71	
7,86	
7,62	
7,86	
7,67
RUGR	
Русгрэйн
4 175	
6 329 468	
8,634	
8,74	
8,49	
8,99	
8,496
UNKL	
ЮУНК ао
611	
6 224 400	
6 300	
6 310	
6 150	
6 550	
6 270
TGKB	
ТГК-2
362	
6 038 435	
0,004145	
0,00424	
0,004115	
0,00424	
0,00414
ROLO	
Русолово
623	
6 020 822	
4,19	
4	
3,998	
4,42	
4,092
BELU	
Белуга ао
559	
5 993 888	
1 336	
1 345	
1 321	
1 358	
1 330
TORSP	
ТРК ап
768	
5 002 765	
0,2845	
0,262	
0,262	
0,31	
0,271
RNFT	
РуссНфт ао
1 210	
4 999 585	
509,2	
514,4	
506,4	
519,6	
508,8
NKNC	
НКНХ ао
566	
4 920 720	
93,85	
93,95	
93,35	
94,2	
93,5
LNZLP	
Лензол. ап
247	
4 255 045	
4 130	
4 140	
4 020	
4 160	
4 100
CHEP	
ЧТПЗ ао
349	
4 032 940	
208	
208	
203,5	
210	
208,5
UWGN	
ОВК ао
685	
3 995 503	
241,6	
232,9	
232	
246	
242,5
MSRS	
РСетиМР ао
324	
3 859 648	
1,157	
1,158	
1,1455	
1,17	
1,158
HALS	
Галс-Девел
674	
3 583 194	
1 119	
1 168	
1 075	
1 200	
1 124
ISKJ	
iИСКЧ ао
377	
3 326 353	
25,95	
25,88	
25,7	
26,4	
25,78
RGSS	
РГС СК ао
431	
3 288 738	
0,1502	
0,154	
0,1486	
0,1544	
0,15
SLEN	
Сахэнер ао
506	
3 017 642	
5,735	
5,895	
5,565	
6,08	
5,585
GEMA	
iММЦБ ао
371	
2 992 109	
605	
610	
601	
610	
604,5
KMAZ	
КАМАЗ
401	
2 590 477	
57,9	
58,1	
57,3	
58,5	
58,2
MGTSP	
МГТС-4ап
221	
2 500 682	
1 988	
1 984	
1 982	
1 996	
1 994
KZOS	
ОргСинт ао
285	
2 491 900	
87	
87,3	
86,8	
87,5	
86,9
RTSB	
ТНСэнРст
93	
2 472 150	
0,42	
0,38	
0,38	
0,445	
0,41
RZSB	
РязЭнСб
176	
2 319 080	
9,48	
9,14	
9,14	
9,86	
9,44
GCHE	
ЧеркизГ-ао
433	
2 301 663	
1 758,5	
1 761	
1 750,5	
1 785	
1 755,5
BLNG	
Белон ао
605	
2 217 400	
4,568	
4,522	
4,464	
4,68	
4,618
MRKC	
МРСК Центр
362	
2 177 666	
0,2866	
0,2882	
0,285	
0,2882	
0,2872
MSTT	
Мостотрест
96	
2 155 945	
156,8	
156	
155,65	
157,2	
156,3
APTK	
Аптеки36и6
1 235	
2 043 275	
13,534	
13,598	
13,488	
13,6	
13,556
KAZT	
Куйбазот
36	
1 971 984	
148,8	
148	
148	
152	
150,6
AMEZ	
АшинскийМЗ
286	
1 753 462	
4,18	
4,15	
4,09	
4,375	
4,19
RBCM	
РБК ао
280	
1 726 235	
3,37	
3,344	
3,334	
3,406	
3,372
CHKZ	
ЧКПЗ ао
186	
1 718 120	
5 620	
5 420	
5 320	
6 000	
5 340
GTRK	
ГТМ ао
273	
1 645 574	
43,15	
41,9	
41,9	
43,85	
43,2
MRKS	
РсетСиб ао
72	
1 602 630	
0,244	
0,245	
0,2405	
0,246	
0,242
ALNU	
АЛРОСА-Нюр
21	
1 521 800	
54 400	
54 600	
54 000	
54 800	
54 200
TGKD	
Квадра
114	
1 207 622	
0,00311	
0,0031	
0,003085	
0,00314	
0,0031
NSVZ	
НаукаСвяз
126	
1 164 765	
217,5	
223,5	
214	
223,5	
214,5
DVEC	
ДЭК ао
117	
1 159 636	
1,03	
1,021	
1,021	
1,042	
1,034
YRSBP	
ТНСэнЯр-п
90	
1 133 845	
88	
89,5	
85	
90,5	
87
URKZ	
УрКузница
56	
1 106 540	
16 760	
17 180	
16 220	
17 300	
16 720
LSNG	
РСетиЛЭ
215	
1 105 803	
6,07	
6,13	
6,03	
6,14	
6,08
MRKZ	
МРСК СЗ
157	
1 079 276	
0,0512	
0,05045	
0,05035	
0,0517	
0,05055
KLSB	
КалужскСК
159	
1 030 642	
11,59	
11,76	
11,48	
11,79	
11,56
INGR	
ИНГРАД ао
98	
959 510	
731	
735	
725	
737	
734
CHMK	
ЧМК ао
92	
944 215	
2 575	
2 575	
2 550	
2 580	
2 575
KMEZ	
КМЗ
167	
923 626	
494,5	
509	
490	
512,5	
496,5
MRKU	
МРСК Ур
75	
870 372	
0,1568	
0,158	
0,155	
0,1588	
0,1562
TTLK	
Таттел. ао
105	
868 695	
0,285	
0,2905	
0,281	
0,2905	
0,285
YKENP	
Якутскэн-п
24	
845 590	
0,334	
0,336	
0,332	
0,34	
0,3335
ZILL	
ЗИЛ ао
63	
817 615	
2 585	
2 570	
2 560	
2 600	
2 595
MRKY	
РоссЮг ао
119	
756 533	
0,0505	
0,0497	
0,0497	
0,05125	
0,05035
IRGZ	
ИркЭнерго
75	
752 240	
11,82	
11,86	
11,7	
11,86	
11,82
RLMN	
Роллман
219	
670 299	
19,55	
20,45	
19,4	
20,45	
19,45
RUSP	
Русполимет
44	
639 190	
0,6205	
0,616	
0,6155	
0,6265	
0,6185
MISBP	
ТНСэМаЭл-п
33	
618 580	
12,8	
12,8	
12,6	
13	
13
MGNZ	
СМЗ-ао
69	
596 880	
4 560	
4 450	
4 450	
4 650	
4 530
UCSS	
ОКС ао
99	
596 200	
1 450	
1 540	
1 440	
1 540	
1 460
NKHP	
НКХП ао
92	
575 065	
232	
231,5	
231	
233	
231,5
DIOD	
ЗаводДИОД
183	
558 256	
6,41	
6,4	
6,38	
6,48	
6,41
MISB	
ТНСэнМарЭл
57	
536 950	
12,9	
12,8	
12,6	
13,1	
12,8
ABRD	
АбрауДюрсо
75	
527 190	
129,5	
130	
129	
130	
129
TGKN	
ТГК-14
65	
503 250	
0,00309	
0,00308	
0,00307	
0,0031	
0,0031
STSBP	
СтаврЭнСбп
216	
482 719	
0,356	
0,356	
0,35	
0,3595	
0,3585
RUSI	
ИКРУСС-ИНВ
73	
477 470	
40,5	
38	
38	
42	
41,5
VRSB	
ТНСэнВорон
48	
434 320	
51,8	
52,2	
51	
52,2	
52
VZRZP	
Возрожд-п
29	
422 326	
340,6	
340	
340	
347,6	
340,6
KRSBP	
Красэсб ап
29	
413 300	
6,46	
6,5	
6,38	
6,52	
6,46
UTAR	
ЮТэйр ао
92	
404 929	
7,14	
7,12	
7,11	
7,18	
7,17
SAGO	
СамарЭн-ао
28	
401 420	
0,462	
0,46	
0,45	
0,474	
0,46
VRSBP	
ТНСэнВор-п
51	
400 350	
45,5	
46	
44,5	
46,5	
46
KOGK	
КоршГОК ао
8	
393 800	
49 200	
49 800	
48 800	
50 000	
49 000
RDRB	
РДБанк ао
80	
375 500	
240	
255	
235	
255	
245
IGSTP	
Ижсталь ап
106	
353 675	
791	
788	
783	
818	
797
MAGE	
МагадЭн ао
33	
352 040	
7,18	
7,35	
7,08	
7,43	
7,36
NKSH	
Нижкамшина
28	
327 118	
22,72	
22,7	
22,26	
22,86	
22,4
RTSBP	
ТНСэнРст-п
56	
310 250	
0,307	
0,307	
0,302	
0,319	
0,305
JNOSP	
Слав-ЯНОСп
49	
305 008	
14,32	
13,8	
13,72	
14,84	
14,3
KBTK	
КузбТК ао
48	
304 308	
154,6	
155	
151,2	
155,6	
154
RLMNP	
Роллман-п
120	
302 980	
20,28	
20,26	
19,5	
21,98	
20,72
PMSBP	
ПермьЭнС-п
105	
285 468	
129,8	
129,6	
128,6	
130,4	
130,4
GAZAP	
ГАЗ ап
28	
278 155	
312,5	
313,5	
310	
315	
313,5
TGKBP	
ТГК-2 ап
27	
276 320	
0,00709	
0,00719	
0,00699	
0,00719	
0,0071
KZOSP	
ОргСинт ап
246	
272 368	
12	
11,91	
11,91	
12,17	
12,05
YAKG	
ЯТЭК ао
10	
265 360	
41,45	
41,45	
41,45	
41,5	
41,45
YKEN	
Якутскэнрг
16	
265 235	
0,3535	
0,3505	
0,35	
0,355	
0,355
VSYDP	
ВыбСудЗ ап
25	
264 800	
4 140	
4 140	
4 080	
4 200	
4 120
HIMCP	
Химпром ап
54	
262 564	
6,11	
6,09	
6,03	
6,15	
6,03
PMSB	
ПермьЭнСб
60	
256 749	
131,7	
131,9	
130,6	
134	
130,6
KBSB	
ТНСэКубань
67	
253 445	
138,5	
142,5	
137,5	
142,5	
138
BISVP	
БашИнСв ап
72	
251 288	
8,27	
8,36	
8,2	
8,38	
8,28
ZVEZ	
ЗВЕЗДА ао
23	
240 890	
4,545	
4,535	
4,5	
4,575	
4,56
NAUK	
iНПОНаука
50	
231 598	
181	
182,2	
180	
184,4	
181,8
RAVN	
Raven
22	
223 915	
29,85	
29,65	
29,6	
30	
30
USBN	
УралСиб ао
59	
207 135	
0,0681	
0,0688	
0,0677	
0,0688	
0,0681
OMZZP	
ОМЗ-ап
45	
206 035	
3 490	
3 535	
3 460	
3 580	
3 505
MGTS	
МГТС-5ао
29	
201 145	
2 285	
2 275	
2 255	
2 300	
2 295
IGST	
Ижсталь2ао
68	
191 750	
999	
993	
975	
1 018	
990
GAZA	
ГАЗ ао
23	
191 400	
390,5	
394,5	
383,5	
395	
389,5
KROT	
КрасОкт-ао
16	
179 265	
344,5	
345,5	
343	
348,5	
343,5
KRKN	
СаратНПЗ
13	
177 500	
12 700	
12 750	
12 550	
12 750	
12 700
KRSB	
Красэсб ао
18	
174 820	
6,47	
6,43	
6,43	
6,6	
6,49
TASB	
ТамбЭнСб
19	
173 140	
0,4325	
0,44	
0,43	
0,44	
0,43
TUZA	
ТЗА ао
31	
169 270	
93	
93	
93	
94	
93
KUZB	
КузнецкийБ
181	
168 951	
0,01514	
0,01525	
0,01501	
0,01528	
0,0151
DZRD	
iДонскЗР
27	
168 345	
2 005	
1 960	
1 960	
2 030	
1 995
VSYD	
ВыбСудЗ ао
29	
145 785	
3 940	
3 900	
3 875	
3 985	
3 930
STSB	
СтаврЭнСб
66	
138 726	
0,395	
0,398	
0,388	
0,4	
0,392
PRMB	
Приморье
6	
136 200	
22 800	
22 000	
22 000	
23 200	
22 400
NFAZ	
Нефтекамск
21	
127 786	
166	
165,6	
165,2	
168,8	
166
TASBP	
ТамбЭнСб-п
29	
118 475	
0,3285	
0,331	
0,325	
0,333	
0,328
NNSB	
ТНСэнНН ао
20	
117 910	
1 310	
1 305	
1 295	
1 330	
1 305
VJGZ	
Варьеган
29	
117 575	
591	
590	
578	
594	
587
NNSBP	
ТНСэнНН ап
16	
113 219	
584	
598	
582	
598	
592
KROTP	
КрасОкт-1п
26	
107 350	
262	
260,5	
260,5	
264,5	
264,5
WTCMP	
ЦМТ ап
41	
100 628	
8,06	
8,14	
8	
8,14	
8,02
LPSB	
ЛЭСК ао
37	
98 385	
7,75	
7,8	
7,65	
7,85	
7,75
VGSB	
ВолгЭнСб
25	
95 225	
1,585	
1,6	
1,58	
1,6	
1,59
UKUZ	
ЮжКузб. ао
19	
93 704	
540	
536	
536	
544	
542
MRSB	
МордЭнСб
12	
92 720	
0,343	
0,348	
0,341	
0,348	
0,345
SAREP	
СаратЭн-ап
17	
87 594	
0,0922	
0,0938	
0,0918	
0,0938	
0,0928
KUBE	
Кубанэнр
20	
86 525	
69,8	
70	
69,5	
70,1	
69,8
RKKE	
ЭнергияРКК
7	
86 080	
5 060	
5 050	
5 050	
5 080	
5 080
TGKDP	
Квадра-п
37	
85 598	
0,00382	
0,003825	
0,00376	
0,003925	
0,003845
ASSB	
АстрЭнСб
46	
79 389	
0,742	
0,757	
0,738	
0,757	
0,7435
ROSB	
Росбанк ао
18	
75 984	
71	
71	
70,4	
71,6	
70,4
ELTZ	
Электрцинк
61	
72 879	
165	
167	
163,5	
168	
164,5
KAZTP	
Куйбазот-п
17	
71 112	
148,2	
149,6	
145,6	
149,6	
149,4
JNOS	
Славн-ЯНОС
19	
68 365	
18,5	
18,3	
18,3	
18,6	
18,6
MFGS	
Мегион-ао
9	
66 075	
367	
369,5	
364	
371	
370
KGKCP	
КурганГКап
19	
65 495	
53	
52,5	
52,5	
53	
53
MAGEP	
МагадЭн ап
9	
61 145	
6,115	
6,22	
6,015	
6,235	
6,15
ROST	
РОСИНТЕРао
27	
60 408	
60,4	
60,4	
59,8	
60,8	
60,2
MFGSP	
Мегион-ап
12	
60 315	
317,5	
322,5	
314,5	
322,5	
316
WTCM	
ЦМТ ао
26	
55 754	
9	
8,9	
8,84	
9,04	
9
ALBK	
БестЭфБ ао
18	
47 855	
52	
53	
51,5	
53	
52
RTGZ	
ГазпРнД ао
2	
47 000	
23 500	
23 950	
23 050	
23 950	
23 500
VJGZP	
Варьеган-п
7	
45 140	
347	
344	
344	
350	
350
KTSBP	
КСБ ап
2	
41 900	
0,262	
0,26	
0,26	
0,262	
0,262
CHGZ	
РН-ЗапСиб
7	
38 540	
35	
35,4	
35	
35,4	
35
KGKC	
КурганГКао
19	
36 930	
53	
53	
52	
54	
53
DZRDP	
iДонскЗР п
11	
29 970	
1 580	
1 590	
1 570	
1 590	
1 580
KCHEP	
КамчатЭ ап
4	
28 500	
0,356	
0,358	
0,352	
0,359	
0,352
VGSBP	
ВолгЭнСб-п
10	
24 075	
1,145	
1,14	
1,135	
1,155	
1,14
SARE	
СаратЭн-ао
8	
20 100	
0,1182	
0,1202	
0,1178	
0,1202	
0,1184
LVHK	
Левенгук
14	
19 876	
7,95	
8,01	
7,89	
8,01	
7,98
YRSB	
ТНСэнЯр
4	
18 580	
170	
166	
166	
172	
172
SAGOP	
СамарЭн-ап
4	
16 320	
0,408	
0,409	
0,405	
0,409	
0,408
AVAN	
Авангрд-ао
13	
16 110	
700	
700	
690	
710	
690
TNSE	
ТНСэнрг ао
5	
15 655	
980	
980	
975	
980	
980
MRKK	
Россети СК
10	
11 451	
26,04	
26,08	
25,8	
26,12	
25,8
ARSA	
Арсагера
3	
10 050	
3,35	
3,39	
3,33	
3,39	
3,33
KCHE	
КамчатЭ ао
3	
8 075	
0,2015	
0,2015	
0,2015	
0,202	
0,202
KTSB	
КСБ ао
2	
1 826	
0,61	
0,61	
0,606	
0,61	
0,606
KUNF	
КУЗОЦМ ао
0	
0	
-	
-	
-	
-	
-
PRTK	
ПРОТЕК ао
0	
0	
-	
-	
-	
-	
99,6
GAZC	
ГАЗКОН-ао
0	
0	
-	
-	
-	
-	
295
GTSS	
ГЕОТЕК ао
0	
0	
-	
-	
-	
-	
-
NPOF	
Физика ао
0	
0	
-	
-	
-	
-	
11 850
TRCN	
ТрансК ао
0	
0	
-	
-	
-	
-	
8 595
KMTZ	
КосогМЗ ао
0	
0	
-	
-	
-	
-	
-
KZMS	
КЗМС ао
0	
0	
-	
-	
-	
-	
226
TRFM	
ТрансФ ао
0	
0	
-	
-	
-	
-	
-
GAZS	
ГАЗ-сервис
0	
0	
-	
-	
-	
-	
293
HIMC	
Химпром ао
0	
0	
-	
-	
-	
-	
0,99
GAZT	
ГАЗ-Тек ао
0	
0	
-	
-	
-	
-	
85
KSGR	
Кокс ао
0	
0	
-	
-	
-	
-	
-
MOBB	
МосОблБанк
0	
0	
-	
-	
-	
-	
0,698
URKA	
Уркалий-ао
0	
0	
-	
-	
-	
-	
119,04
VZRZ	
Возрожд-ао
0	
0	
-	
-	
-	
-	
480
BISV	
БашИнСв ао
0	
0	
-	
-	
-	
-	
8,7
MFON	
МегаФон ао
0	
0	
-	
-	
-	
-	
650,6
KRKO	
ТКЗКК ао
0	
0	
-	
-	
-	
-	
11,8
MORI	
Морион ао
0	
0	
-	
-	
-	
-	
4,31