SBER	
Сбербанк
115 397	
16 035 135 289	
212,78	
210	
209,15	
214,73	
214,15
GAZP	
ГАЗПРОМ ао
60 878	
5 434 604 761	
165,05	
165,15	
164,39	
165,88	
164,66
LKOH	
ЛУКОЙЛ
30 369	
4 356 726 495	
4 339	
4 305	
4 287,5	
4 374,5	
4 324,5
GMKN	
ГМКНорНик
17 572	
3 938 619 632	
19 804	
19 716	
19 540	
19 966	
19 782
YNDX	
Yandex clA
32 467	
3 431 184 052	
4 476,8	
4 441	
4 435,2	
4 529,8	
4 472,6
TATN	
Татнфт 3ао
45 810	
2 694 210 146	
435,8	
424,4	
423,2	
440,6	
438,7
SBERP	
Сбербанк-п
50 872	
2 226 886 726	
199,2	
196,62	
196,62	
200,77	
199,6
MOEX	
МосБиржа
37 465	
2 095 476 012	
142,6	
145,95	
140,86	
145,97	
141,29
PLZL	
Полюс
11 963	
1 620 107 686	
16 574,5	
16 880	
16 316	
16 880	
16 415
VTBR	
ВТБ ао
47 868	
1 360 727 445	
0,03469	
0,03461	
0,03427	
0,035145	
0,034895
POLY	
Polymetal
17 845	
1 281 798 295	
1 770,3	
1 788,7	
1 743,2	
1 798,2	
1 750
NLMK	
НЛМК ао
16 449	
1 269 097 959	
180,2	
180,4	
178,7	
181,92	
179,98
AFLT	
Аэрофлот
36 767	
1 211 506 450	
59,76	
59,48	
59,48	
60,58	
59,7
CHMF	
СевСт-ао
20 042	
1 128 312 719	
1 061,2	
1 061,4	
1 052,2	
1 070	
1 067
NVTK	
Новатэк ао
13 225	
1 116 940 602	
1 053	
1 036	
1 035	
1 063	
1 058
RSTI	
Россети ао
23 332	
1 038 405 534	
1,4812	
1,431	
1,4234	
1,5063	
1,49
ROSN	
Роснефть
8 937	
914 465 782	
379,85	
381,8	
378,5	
381,8	
380,4
MTSS	
МТС-ао
14 292	
862 658 811	
319,25	
320,85	
317,2	
321,35	
318,9
MGNT	
Магнит ао
9 744	
856 914 045	
4 858	
4 897,5	
4 825,5	
4 908	
4 825,5
MAIL	
MAIL-гдр
14 116	
842 444 788	
2 239,2	
2 230,4	
2 224,4	
2 250,6	
2 228,8
MAGN	
ММК
13 861	
832 686 845	
37,315	
37,22	
37,18	
37,53	
37,34
IRAO	
ИнтерРАОао
9 648	
689 654 311	
5,316	
5,3205	
5,271	
5,3815	
5,3005
SNGS	
Сургнфгз
6 143	
683 854 870	
33,985	
33,625	
33,625	
34,15	
34,025
FEES	
ФСК ЕЭС ао
14 555	
676 459 721	
0,19178	
0,19044	
0,18912	
0,19354	
0,19174
TATNP	
Татнфт 3ап
20 722	
662 470 753	
414,5	
405,2	
403	
419,6	
417
AFKS	
Система ао
11 203	
544 981 625	
25,484	
25,35	
25,26	
25,712	
25,477
SNGSP	
Сургнфгз-п
7 637	
496 956 870	
37,315	
37,535	
37,17	
37,535	
37,25
FIVE	
FIVE-гдр
7 533	
461 895 033	
2 952,5	
2 972	
2 930	
2 996,5	
2 987
UPRO	
Юнипро ао
7 435	
423 746 441	
2,663	
2,682	
2,643	
2,693	
2,658
CBOM	
МКБ ао
10 551	
379 862 063	
5,597	
5,563	
5,544	
5,631	
5,625
ALRS	
АЛРОСА ао
12 893	
368 967 038	
74,98	
75,2	
74,63	
75,5	
74,8
HYDR	
РусГидро
9 784	
338 218 969	
0,7316	
0,735	
0,7277	
0,7375	
0,7296
LSRG	
ЛСР ао
13 764	
283 556 691	
948,6	
954	
925,6	
973,8	
952
SIBN	
Газпрнефть
4 893	
283 378 698	
285,3	
284,75	
280,5	
288,4	
284,65
TCSG	
TCS-гдр
8 061	
248 604 354	
1 814,8	
1 800	
1 791,2	
1 838,2	
1 813,6
POGR	
Petropavl
8 935	
231 867 036	
28,205	
28,3	
27,795	
28,69	
27,935
TRNFP	
Транснф ап
868	
208 360 500	
135 200	
135 500	
135 050	
136 250	
135 400
FLOT	
Совкомфлот
10 019	
184 301 901	
95,98	
96,5	
95,6	
96,71	
96,31
RTKM	
Ростел -ао
5 141	
179 250 065	
95,28	
95,26	
94,51	
95,71	
95,5
PHOR	
ФосАгро ао
3 283	
137 773 675	
2 779	
2 751	
2 744	
2 802	
2 789
ETLN	
ETLN-гдр
11 136	
128 108 292	
130,94	
128,82	
128,1	
132,56	
131,76
DSKY	
ДетскийМир
5 427	
115 504 190	
115,42	
115,16	
114,76	
115,88	
115,02
PIKK	
ПИК ао
3 637	
112 530 364	
595,3	
598	
592	
602,3	
595,4
RUAL	
РУСАЛ ао
9 726	
112 117 379	
32,925	
32,9	
32,535	
33,325	
32,84
MVID	
М.видео
2 114	
105 725 781	
677,5	
678	
674	
681,1	
677,1
LNTA	
Лента др
13 670	
103 377 691	
219,7	
217,3	
216,4	
221,8	
218,3
BSPB	
БСП ао
8 572	
77 179 149	
45,14	
44,47	
44,37	
45,65	
45,06
MTLR	
Мечел ао
7 927	
57 565 944	
59,3	
58,5	
58,5	
59,86	
59,34
QIWI	
iQIWI
4 615	
56 186 588	
1 203	
1 210	
1 190	
1 225	
1 193,5
AGRO	
AGRO-гдр
3 246	
54 683 656	
761,2	
751,4	
751,4	
771,6	
769,8
RASP	
Распадская
1 525	
52 472 877	
115,72	
116,06	
114,48	
117,2	
115,16
RSTIP	
Россети ап
2 746	
48 618 456	
2,013	
1,917	
1,917	
2,077	
2,068
BANEP	
Башнефт ап
2 322	
45 175 312	
1 196	
1 197,5	
1 187	
1 206,5	
1 199
MRKP	
МРСК ЦП
1 902	
44 534 484	
0,2292	
0,2311	
0,2229	
0,2342	
0,228
OGKB	
ОГК-2 ао
2 768	
43 148 531	
0,7431	
0,7382	
0,7356	
0,7527	
0,7356
TGKA	
ТГК-1
1 842	
31 593 296	
0,010782	
0,010758	
0,010608	
0,010866	
0,010608
ENRU	
ЭнелРос ао
2 347	
26 191 968	
0,917	
0,915	
0,912	
0,92	
0,919
SVAV	
СОЛЛЕРС
915	
23 704 970	
284	
299	
266	
303	
276,5
MSTT	
Мостотрест
2 189	
20 145 855	
115,7	
110,7	
110,7	
119,55	
112,9
TRMK	
ТМК ао
1 111	
18 482 075	
61	
60,7	
60	
61,7	
60
AKRN	
Акрон
574	
18 250 516	
6 018	
6 096	
5 990	
6 110	
5 990
MRKV	
РсетВол ао
1 627	
18 040 692	
0,07265	
0,0705	
0,0705	
0,0738	
0,072
NMTP	
НМТП ао
2 929	
17 253 361	
8,07	
8,11	
8,03	
8,11	
8,06
ISKJ	
iИСКЧ ао
1 107	
15 796 793	
29,28	
29,34	
28,63	
30,72	
28,81
MSRS	
РСетиМР ао
593	
14 520 065	
1,22	
1,1905	
1,1905	
1,232	
1,2165
NNSBP	
ТНСэнНН ап
2 601	
13 974 067	
776	
712	
699	
825	
744
RTKMP	
Ростел -ап
1 323	
12 654 295	
86,25	
85,8	
85,35	
86,8	
86,5
MTLRP	
Мечел ап
940	
11 820 255	
66,8	
66,05	
65,95	
67,6	
67,2
VSMO	
ВСМПО-АВСМ
261	
11 518 640	
16 460	
16 240	
16 240	
16 600	
16 560
BANE	
Башнефт ао
780	
10 470 805	
1 606,5	
1 614,5	
1 584	
1 638,5	
1 588
FESH	
ДВМП ао
607	
10 246 496	
9,77	
9,91	
9,57	
10	
9,83
LSNGP	
РСетиЛЭ-п
891	
10 033 491	
152,3	
153,5	
151,6	
153,5	
152,8
MRKC	
МРСК Центр
1 317	
9 599 478	
0,305	
0,304	
0,301	
0,3076	
0,305
INGR	
ИНГРАД ао
519	
9 566 369	
954	
958	
950	
958	
950
NKNCP	
НКНХ ап
1 284	
8 928 965	
75,28	
75,88	
73,98	
75,94	
75,32
MSNG	
+МосЭнерго
433	
8 287 739	
2,0485	
2,054	
2,037	
2,0555	
2,0515
TGKB	
ТГК-2
461	
8 221 145	
0,003975	
0,003885	
0,00388	
0,004105	
0,00393
NNSB	
ТНСэнНН ао
874	
7 606 095	
2 765	
2 110	
2 075	
2 865	
2 865
SELG	
Селигдар
560	
7 201 704	
44,57	
44,73	
44,16	
44,9	
44,54
HHRU	
iHHRU-адр
171	
7 193 323	
1 759,6	
1 767,6	
1 750,4	
1 776	
1 751
AQUA	
РусАква ао
415	
6 218 025	
234,5	
235,5	
232,5	
239	
234
RZSB	
РязЭнСб
584	
5 795 912	
9,56	
8,84	
8,84	
9,9	
9,58
GCHE	
ЧеркизГ-ао
639	
5 644 629	
1 855	
1 867	
1 847,5	
1 867	
1 860
ENPG	
ЭН+ГРУП ао
833	
5 200 417	
697	
704	
693,5	
706	
694,5
ZILL	
ЗИЛ ао
110	
4 952 355	
2 620	
2 735	
2 600	
2 775	
2 605
OBUV	
ОР ао
2 496	
4 586 501	
30,8	
30,5	
30,3	
31	
30,75
LIFE	
iФармсинтз
460	
4 581 692	
6,655	
6,65	
6,57	
6,7	
6,635
EELT	
ЕвроЭлтех
152	
4 254 084	
8,14	
8,3	
8,04	
8,3	
8,16
VRSB	
ТНСэнВорон
366	
4 066 080	
71	
68	
67,6	
77	
70,2
IRKT	
ИРКУТ-3
482	
3 910 510	
32,32	
30,7	
30,7	
33,38	
32,34
BELU	
Белуга ао
332	
3 908 154	
1 242	
1 180	
1 180	
1 250	
1 247
MRSB	
МордЭнСб
210	
3 867 950	
0,441	
0,447	
0,436	
0,447	
0,443
MRKU	
МРСК Ур
218	
3 693 666	
0,1358	
0,1326	
0,1324	
0,138	
0,1342
CNTLP	
Телеграф-п
392	
3 510 644	
13,16	
13,18	
13,08	
13,28	
13,14
HALS	
Галс-Девел
491	
3 414 410	
1 184	
1 190	
1 154	
1 224	
1 178
LNZL	
Лензолото
58	
3 411 360	
19 380	
19 390	
19 370	
19 400	
19 400
NKNC	
НКНХ ао
671	
3 159 216	
84,2	
83,95	
82,85	
85,3	
84,45
TGKD	
Квадра
1 297	
3 049 851	
0,00394	
0,003895	
0,003895	
0,00396	
0,003935
MRKY	
РоссЮг ао
620	
2 966 126	
0,04645	
0,0467	
0,04625	
0,04675	
0,04645
APTK	
Аптеки36и6
6 845	
2 873 250	
13,956	
13,986	
13,908	
14,008	
13,924
ALNU	
АЛРОСА-Нюр
25	
2 690 200	
57 200	
57 200	
56 800	
58 000	
57 200
KRKNP	
СаратНПЗ-п
119	
2 428 340	
15 080	
15 200	
15 000	
15 200	
15 180
LPSB	
ЛЭСК ао
653	
2 395 690	
8,3	
7,95	
7,95	
8,75	
8
KZOS	
ОргСинт ао
419	
2 384 746	
76,5	
75,5	
75,3	
77,3	
76,5
UNAC	
iАвиастКао
651	
2 272 947	
0,4105	
0,4115	
0,4035	
0,4155	
0,415
KMEZ	
КМЗ
778	
2 148 750	
579	
599,5	
550	
620,5	
569,5
TORSP	
ТРК ап
203	
2 030 275	
0,283	
0,2835	
0,2765	
0,319	
0,28
UNKL	
ЮУНК ао
173	
1 997 650	
6 590	
6 550	
6 470	
6 740	
6 520
RNFT	
РуссНфт ао
924	
1 991 521	
305,8	
306,4	
303,4	
309,8	
307,2
LNZLP	
Лензол. ап
261	
1 743 395	
4 010	
3 950	
3 950	
4 035	
3 990
SELGP	
Селигдар-п
129	
1 694 365	
38,85	
38,65	
38,45	
39	
38,95
LSNG	
РСетиЛЭ
567	
1 659 844	
5,24	
5,2	
5,15	
5,4	
5,23
MRKZ	
МРСК СЗ
381	
1 597 657	
0,04935	
0,0496	
0,04895	
0,0499	
0,049
MRKS	
РсетСиб ао
108	
1 585 710	
0,2905	
0,294	
0,286	
0,2965	
0,294
KMAZ	
КАМАЗ
651	
1 536 334	
61,6	
61,8	
61	
62,4	
61,4
SFIN	
САФМАР ао
59	
1 451 912	
482,4	
475,6	
475,6	
491	
481,8
ROSB	
Росбанк ао
372	
1 409 588	
80,4	
74,2	
74,2	
85,8	
78,8
MGTSP	
МГТС-4ап
231	
1 399 828	
1 834	
1 826	
1 824	
1 846	
1 832
YAKG	
ЯТЭК ао
79	
1 324 095	
50,35	
51,5	
49,6	
51,5	
50,55
AMEZ	
АшинскийМЗ
1 098	
1 296 287	
4,665	
4,655	
4,615	
4,73	
4,625
VRSBP	
ТНСэнВор-п
187	
1 239 750	
44,5	
43,5	
43	
46,5	
45
CNTL	
Телеграф
140	
1 112 765	
15,9	
15,85	
15,8	
16	
15,95
KZOSP	
ОргСинт ап
1 262	
1 111 938	
10,85	
10,9	
10,65	
11,07	
10,82
RUSP	
Русполимет
197	
1 087 028	
0,648	
0,6445	
0,632	
0,652	
0,652
CHEP	
ЧТПЗ ао
155	
1 010 305	
212,5	
213	
211	
214	
213
WTCM	
ЦМТ ао
80	
999 358	
8,56	
8,74	
8,32	
8,74	
8,62
UWGN	
ОВК ао
1 058	
954 244	
179,8	
184	
178	
184	
179,8
ABRD	
АбрауДюрсо
175	
814 365	
193	
194,5	
192	
194,5	
193
TGKN	
ТГК-14
80	
749 230	
0,0031	
0,00304	
0,00304	
0,00312	
0,0031
KGKCP	
КурганГКап
152	
748 600	
61	
61	
60,5	
61,5	
61
KLSB	
КалужскСК
139	
715 440	
12,87	
12,93	
12,75	
13	
12,96
KRKOP	
ТКЗКК ап
110	
715 105	
9,005	
9,07	
8,75	
9,315	
8,93
GTRK	
ГТМ ао
1 022	
688 184	
42,05	
41,6	
41,6	
42,2	
42,1
YKEN	
Якутскэнрг
58	
674 135	
0,3875	
0,377	
0,377	
0,3945	
0,386
TTLK	
Таттел. ао
68	
661 515	
0,3445	
0,345	
0,3425	
0,346	
0,3445
RUGR	
Русгрэйн
1 835	
593 041	
8,988	
9,052	
8,9	
9,052	
9,022
MGNZ	
СМЗ-ао
24	
562 280	
4 810	
4 890	
4 800	
4 890	
4 820
RLMN	
Роллман
279	
528 624	
14,35	
14,5	
14	
14,65	
14,5
HIMCP	
Химпром ап
134	
528 333	
6,97	
6,84	
6,84	
6,99	
6,98
DVEC	
ДЭК ао
121	
512 349	
0,893	
0,876	
0,876	
0,904	
0,9
GEMA	
iММЦБ ао
114	
500 658	
580	
590	
576	
590	
582,5
YKENP	
Якутскэн-п
47	
444 625	
0,3675	
0,359	
0,3585	
0,377	
0,3705
BRZL	
БурЗолото
87	
422 457	
985	
976	
975	
996	
978
TGKBP	
ТГК-2 ап
238	
421 622	
0,00668	
0,00645	
0,00645	
0,00698	
0,00669
KUZB	
КузнецкийБ
268	
420 185	
0,01316	
0,01324	
0,01308	
0,01324	
0,01316
NSVZ	
НаукаСвяз
117	
415 205	
197	
197	
194	
199,5	
196,5
KAZT	
Куйбазот
47	
396 408	
146,8	
147,4	
145,6	
148	
148
RKKE	
ЭнергияРКК
36	
378 330	
6 200	
6 150	
6 150	
6 250	
6 150
ROLO	
Русолово
40	
360 260	
6,32	
6,374	
6,2	
6,374	
6,312
STSBP	
СтаврЭнСбп
207	
346 421	
0,334	
0,3315	
0,3295	
0,347	
0,3335
SLEN	
Сахэнер ао
72	
343 000	
6,18	
6,25	
6,095	
6,295	
6,15
KBSB	
ТНСэКубань
78	
305 970	
132	
129	
129	
134,5	
132
PMSBP	
ПермьЭнС-п
74	
292 524	
129,4	
130	
129	
130	
129,8
BISVP	
БашИнСв ап
102	
282 833	
9,24	
9,14	
9,11	
9,38	
9,29
KUBE	
Кубанэнр
77	
278 422	
68,6	
68,2	
68	
70	
68,5
ASSB	
АстрЭнСб
38	
278 258	
0,771	
0,775	
0,7675	
0,7775	
0,772
MAGEP	
МагадЭн ап
33	
276 770	
5,77	
5,86	
5,67	
5,91	
5,78
VZRZP	
Возрожд-п
28	
271 056	
285,4	
286,6	
284,6	
286,6	
286
DIOD	
ЗаводДИОД
77	
255 979	
6,97	
6,91	
6,91	
7,04	
6,98
VLHZ	
ВХЗ-ао
40	
247 607	
53,6	
53,7	
53,3	
53,95	
53,75
PAZA	
ПавлАвт ао
19	
246 070	
7 940	
7 950	
7 920	
7 980	
7 930
KGKC	
КурганГКао
53	
224 945	
54	
55	
54	
55	
54
RDRB	
РДБанк ао
31	
216 300	
220	
220	
215	
220	
220
TGKDP	
Квадра-п
45	
210 340	
0,005095	
0,005	
0,005	
0,00517	
0,00513
WTCMP	
ЦМТ ап
28	
203 258	
8,1	
8,16	
8,08	
8,18	
8,14
RTSB	
ТНСэнРст
26	
199 300	
0,54	
0,53	
0,525	
0,55	
0,54
NKHP	
НКХП ао
35	
198 615	
258	
259,5	
256,5	
260	
258
DZRDP	
iДонскЗР п
70	
189 170	
1 480	
1 460	
1 440	
1 500	
1 470
NFAZ	
Нефтекамск
30	
186 326	
207	
209,6	
204,8	
209,6	
204,8
ROST	
РОСИНТЕРао
14	
180 164	
63,4	
63,8	
63,2	
64	
63,4
VJGZ	
Варьеган
50	
175 273	
609	
600	
600	
617	
610
VGSB	
ВолгЭнСб
19	
170 910	
3,8	
3,76	
3,73	
3,93	
3,735
RGSS	
РГС СК ао
80	
169 997	
0,141	
0,1414	
0,1404	
0,1414	
0,1412
GAZA	
ГАЗ ао
20	
167 135	
398	
398	
394	
399	
399
NKSH	
Нижкамшина
14	
166 350	
22,18	
21,84	
21,84	
22,24	
22,12
IRGZ	
ИркЭнерго
69	
165 228	
11,24	
11	
11	
11,4	
11,14
USBN	
УралСиб ао
27	
164 829	
0,0652	
0,0655	
0,0649	
0,0655	
0,0655
KBTK	
КузбТК ао
38	
156 864	
138,8	
141,8	
138,4	
141,8	
138,6
UTAR	
ЮТэйр ао
63	
155 994	
6,7	
6,7	
6,6	
6,75	
6,74
RLMNP	
Роллман-п
78	
153 898	
16,44	
16,98	
16,18	
17	
16,26
CHGZ	
РН-ЗапСиб
21	
138 900	
53,4	
53	
52	
59,8	
52,6
KROT	
КрасОкт-ао
22	
134 695	
362	
367,5	
360	
367,5	
361
PMSB	
ПермьЭнСб
47	
131 064	
131,1	
129,9	
129	
132	
131,4
ELTZ	
Электрцинк
87	
121 555	
155,5	
153	
152,5	
157,5	
155
AVAN	
Авангрд-ао
33	
119 610	
820	
810	
810	
825	
825
STSB	
СтаврЭнСб
83	
119 430	
0,5355	
0,544	
0,5225	
0,544	
0,5335
SARE	
СаратЭн-ао
36	
116 536	
0,124	
0,124	
0,1204	
0,1276	
0,1232
KRSB	
Красэсб ао
25	
115 468	
7,22	
7,24	
7,09	
7,26	
7,26
RBCM	
РБК ао
85	
114 668	
3,24	
3,222	
3,222	
3,258	
3,254
ALBK	
БестЭфБ ао
46	
111 080	
57,5	
57	
56	
58	
58
KRSBP	
Красэсб ап
35	
108 384	
7,22	
7,34	
7,06	
7,34	
7,26
KTSB	
КСБ ао
39	
107 632	
0,608	
0,6	
0,6	
0,622	
0,606
CHKZ	
ЧКПЗ ао
4	
98 420	
5 180	
5 180	
5 180	
5 180	
5 180
CHMK	
ЧМК ао
29	
96 230	
2 465	
2 470	
2 455	
2 480	
2 460
KOGK	
КоршГОК ао
2	
89 400	
44 800	
44 600	
44 600	
44 800	
44 800
IGST	
Ижсталь2ао
34	
88 807	
822	
828	
816	
833	
828
RAVN	
Raven
17	
88 560	
25,3	
25,45	
25,2	
25,45	
25,2
RTGZ	
ГазпРнД ао
3	
82 200	
27 400	
27 400	
27 400	
27 400	
27 400
MAGE	
МагадЭн ао
11	
81 490	
5,82	
5,92	
5,81	
5,92	
5,81
ZVEZ	
ЗВЕЗДА ао
14	
75 460	
3,97	
4,005	
3,91	
4,005	
3,965
KRKN	
СаратНПЗ
6	
72 550	
12 100	
12 050	
12 000	
12 200	
12 150
TNSE	
ТНСэнрг ао
21	
68 315	
960	
955	
950	
970	
970
SAGOP	
СамарЭн-ап
9	
66 980	
0,446	
0,445	
0,445	
0,455	
0,446
KCHE	
КамчатЭ ао
12	
66 290	
0,207	
0,209	
0,207	
0,209	
0,207
UKUZ	
ЮжКузб. ао
25	
59 462	
492	
494	
488	
496	
490
SAREP	
СаратЭн-ап
21	
57 858	
0,1034	
0,1068	
0,1026	
0,1068	
0,1026
TORS	
ТРК ао
12	
57 650	
0,384	
0,394	
0,377	
0,394	
0,387
LVHK	
Левенгук
23	
50 119	
8,08	
8,13	
8,04	
8,17	
8,11
VGSBP	
ВолгЭнСб-п
16	
43 955	
1,69	
1,69	
1,67	
1,735	
1,72
MGTS	
МГТС-5ао
14	
42 295	
2 115	
2 100	
2 100	
2 130	
2 130
KCHEP	
КамчатЭ ап
9	
41 980	
0,382	
0,385	
0,374	
0,385	
0,385
KAZTP	
Куйбазот-п
6	
41 670	
148,8	
148,8	
148,8	
149	
148,8
MFGS	
Мегион-ао
5	
36 730	
306	
307	
306	
307	
306
VJGZP	
Варьеган-п
10	
35 970	
327	
327	
325	
328	
328
IGSTP	
Ижсталь ап
19	
35 148	
781	
756	
756	
788	
788
GAZAP	
ГАЗ ап
10	
33 820	
307,5	
303,5	
303	
309,5	
307,5
MFGSP	
Мегион-ап
5	
30 800	
280	
280	
280	
280	
280
TASBP	
ТамбЭнСб-п
9	
29 900	
0,272	
0,2735	
0,27	
0,2735	
0,2715
PRMB	
Приморье
1	
25 400	
25 400	
25 400	
25 400	
25 400	
25 400
NAUK	
iНПОНаука
10	
25 094	
193	
193	
192,8	
193,2	
193,2
YRSB	
ТНСэнЯр
6	
24 880	
166	
166	
164	
166	
166
BLNG	
Белон ао
8	
23 383	
4,252	
4,232	
4,232	
4,268	
4,264
VSYD	
ВыбСудЗ ао
3	
23 330	
3 890	
3 830	
3 830	
3 900	
3 900
MRKK	
Россети СК
22	
18 508	
24,36	
24,14	
24,14	
24,5	
24,28
URKZ	
УрКузница
1	
15 820	
15 820	
15 820	
15 820	
15 820	
15 820
ARSA	
Арсагера
4	
14 860	
3,72	
3,76	
3,7	
3,76	
3,7
TUZA	
ТЗА ао
8	
12 270	
102	
102	
101	
103	
103
KTSBP	
КСБ ап
4	
11 645	
0,291	
0,2935	
0,2895	
0,2935	
0,291
SAGO	
СамарЭн-ао
2	
11 280	
0,564	
0,564	
0,564	
0,564	
0,564
RUSI	
ИКРУСС-ИНВ
3	
11 190	
37,3	
37,3	
37,3	
37,3	
37,3
JNOSP	
Слав-ЯНОСп
8	
11 184	
13,98	
13,98	
13,98	
13,98	
13,98
MISB	
ТНСэнМарЭл
4	
8 540	
12,2	
12,2	
12,2	
12,2	
12,2
DZRD	
iДонскЗР
4	
7 970	
1 995	
1 995	
1 980	
2 005	
2 005
MISBP	
ТНСэМаЭл-п
5	
5 880	
11,8	
11,7	
11,7	
11,8	
11,8
JNOS	
Славн-ЯНОС
2	
5 360	
17,85	
18,1	
17,75	
18,1	
17,75
YRSBP	
ТНСэнЯр-п
3	
4 450	
89	
89	
89	
89	
89
TASB	
ТамбЭнСб
1	
3 970	
0,397	
0,397	
0,397	
0,397	
0,397
OMZZP	
ОМЗ-ап
1	
3 380	
3 380	
3 380	
3 380	
3 380	
3 380
UCSS	
ОКС ао
2	
2 870	
1 440	
1 430	
1 430	
1 440	
1 440
KROTP	
КрасОкт-1п
1	
2 650	
265	
265	
265	
265	
265
BISV	
БашИнСв ао
0	
0	
-	
-	
-	
-	
8,7
DERZP	
Держава ап
0	
0	
-	
-	
-	
-	
-
GAZC	
ГАЗКОН-ао
0	
0	
-	
-	
-	
-	
295
GAZS	
ГАЗ-сервис
0	
0	
-	
-	
-	
-	
293
GAZT	
ГАЗ-Тек ао
0	
0	
-	
-	
-	
-	
85
GTSS	
ГЕОТЕК ао
0	
0	
-	
-	
-	
-	
-
HIMC	
Химпром ао
0	
0	
-	
-	
-	
-	
0,99
KMTZ	
КосогМЗ ао
0	
0	
-	
-	
-	
-	
-
KRKO	
ТКЗКК ао
0	
0	
-	
-	
-	
-	
11,8
KSGR	
Кокс ао
0	
0	
-	
-	
-	
-	
-
KUNF	
КУЗОЦМ ао
0	
0	
-	
-	
-	
-	
-
KZMS	
КЗМС ао
0	
0	
-	
-	
-	
-	
226
MFON	
МегаФон ао
0	
0	
-	
-	
-	
-	
650,6
MOBB	
МосОблБанк
0	
0	
-	
-	
-	
-	
0,698
MORI	
Морион ао
0	
0	
-	
-	
-	
-	
4,31
NPOF	
Физика ао
0	
0	
-	
-	
-	
-	
11 850
PRTK	
ПРОТЕК ао
0	
0	
-	
-	
-	
-	
99,6
RTSBP	
ТНСэнРст-п
0	
0	
0,645	
-	
-	
-	
0,495
TRCN	
ТрансК ао
0	
0	
-	
-	
-	
-	
8 595
TRFM	
ТрансФ ао
0	
0	
-	
-	
-	
-	
-
URKA	
Уркалий-ао
0	
0	
-	
-	
-	
-	
119,04
VSYDP	
ВыбСудЗ ап
0	
0	
-	
-	
-	
-	
3 820
VZRZ	
Возрожд-ао
0	
0	
-	
-	
-	
-	
480