SBER	
Сбербанк
71 027	
10 472 460 449	
189,31	
189,73	
187,7	
191,65	
188,91
LKOH	
ЛУКОЙЛ
57 097	
8 876 119 505	
4 798	
4 874,5	
4 720	
4 876	
4 745,5
GAZP	
ГАЗПРОМ ао
79 109	
6 847 356 578	
186,4	
187,95	
185,1	
187,95	
185,71
GMKN	
ГМКНорНик
28 501	
5 491 881 484	
20 172	
20 070	
19 870	
20 520	
20 150
ROSN	
Роснефть
51 775	
5 409 158 481	
327,05	
334,7	
322,5	
334,7	
324
TATN	
Татнфт 3ао
36 806	
2 794 625 493	
523,4	
529	
514	
530,9	
521,9
SNGS	
Сургнфгз
23 387	
2 105 576 760	
35,28	
35,7	
34,67	
35,845	
35,125
PLZL	
Полюс
19 790	
1 987 989 630	
12 112,5	
12 037,5	
11 922	
12 245	
12 095
POLY	
Polymetal
25 852	
1 719 521 040	
1 560,7	
1 552,7	
1 540	
1 584,2	
1 560
ALRS	
АЛРОСА ао
28 532	
1 404 069 617	
61,45	
62,95	
60,82	
62,95	
61,11
MOEX	
МосБиржа
24 921	
1 309 679 373	
117,05	
117,5	
115,58	
118,23	
117,03
NLMK	
НЛМК ао
19 046	
1 241 635 751	
125,86	
127,58	
124,4	
127,58	
124,84
VTBR	
ВТБ ао
34 406	
1 211 180 904	
0,033855	
0,034095	
0,0336	
0,03416	
0,033705
NVTK	
Новатэк ао
15 358	
1 196 674 530	
972,4	
976,6	
954,4	
985,4	
973,2
MTSS	
МТС-ао
16 416	
1 106 149 507	
309,8	
313,8	
306,1	
314,1	
306,8
YNDX	
Yandex clA
20 281	
1 063 497 408	
2 627,2	
2 634,4	
2 606,6	
2 655	
2 621
MGNT	
Магнит ао
19 340	
1 028 099 277	
3 255	
3 298,5	
3 215,5	
3 298,5	
3 215,5
SBERP	
Сбербанк-п
22 596	
964 466 622	
171,73	
172	
170,16	
173,5	
171,46
IRAO	
ИнтерРАОао
18 285	
926 094 997	
4,912	
4,985	
4,8585	
4,993	
4,914
CHMF	
СевСт-ао
23 284	
869 231 354	
865,4	
869,4	
861	
870,8	
862,4
AFLT	
Аэрофлот
23 746	
818 946 106	
73,92	
74,96	
73,2	
74,98	
73,62
TATNP	
Татнфт 3ап
15 785	
723 196 821	
482,7	
489,9	
474,4	
491,3	
481
MTLR	
Мечел ао
43 934	
651 456 853	
69,42	
69,25	
67,4	
71,99	
68
TCSG	
TCS-гдр
15 062	
641 148 152	
900	
856,2	
854,6	
927,4	
904
FIVE	
FIVE-гдр
13 181	
636 517 428	
2 163,5	
2 209,5	
2 132	
2 212,5	
2 147
HYDR	
РусГидро
17 073	
554 583 238	
0,6212	
0,6255	
0,6118	
0,629	
0,6118
MTLRP	
Мечел ап
19 912	
536 641 913	
80,1	
80,7	
75,45	
84,3	
77,5
SNGSP	
Сургнфгз-п
9 324	
507 989 704	
36,85	
37,19	
36,66	
37,19	
36,85
SIBN	
Газпрнефть
9 124	
451 353 931	
315,25	
319,7	
311,1	
319,7	
314,35
FEES	
ФСК ЕЭС ао
12 004	
440 070 002	
0,18042	
0,18202	
0,17768	
0,18278	
0,1812
RSTI	
Россети ао
11 562	
409 837 074	
1,248	
1,2399	
1,2227	
1,2737	
1,2257
TRNFP	
Транснф ап
2 058	
408 299 400	
138 250	
139 850	
137 000	
140 600	
137 000
MAGN	
ММК
9 148	
390 733 876	
39,73	
39,96	
39,085	
40,195	
39,125
CBOM	
МКБ ао
15 402	
345 159 147	
5,274	
5,307	
5,227	
5,318	
5,235
AFKS	
Система ао
13 306	
323 532 307	
13,649	
13,77	
13,5	
13,798	
13,505
TRMK	
ТМК ао
5 748	
306 685 210	
56,44	
56	
55,82	
56,84	
56,5
RTKM	
Ростел -ао
12 731	
288 246 890	
78,31	
78,08	
77,28	
79,3	
77,38
RUAL	
RUSAL plc
14 453	
285 839 201	
25,71	
26,09	
25,5	
26,09	
25,71
DSKY	
ДетскийМир
14 928	
242 049 237	
87,16	
88,28	
86,08	
89,04	
86,82
UPRO	
Юнипро ао
7 510	
222 810 411	
2,695	
2,69	
2,656	
2,729	
2,68
RASP	
Распадская
4 119	
174 674 170	
105,54	
104,34	
103,4	
108,74	
105,46
PHOR	
ФосАгро ао
4 736	
156 821 197	
2 695	
2 705	
2 656	
2 730	
2 719
OGKB	
ОГК-2 ао
4 817	
96 079 808	
0,6019	
0,61	
0,5975	
0,6104	
0,5981
NKNCP	
НКНХ ап
6 746	
85 879 142	
81,86	
82,4	
81,18	
82,56	
81,84
BANEP	
Башнефт ап
3 127	
83 534 112	
1 371	
1 372	
1 350	
1 385	
1 375,5
LSRG	
ЛСР ао
5 432	
74 590 005	
575,8	
577,8	
570	
581	
574
ISKJ	
iИСКЧ ао
4 116	
64 021 279	
26,89	
26,7	
25,57	
27,33	
27,33
TGKA	
ТГК-1
2 801	
49 424 648	
0,010916	
0,01105	
0,01085	
0,01105	
0,01085
TGKD	
Квадра
5 153	
42 455 039	
0,00322	
0,002985	
0,002855	
0,0036	
0,003095
KRKNP	
СаратНПЗ-п
796	
37 752 820	
16 140	
15 980	
15 900	
16 560	
16 100
MSNG	
+МосЭнерго
1 565	
37 243 626	
1,9085	
1,9255	
1,8815	
1,943	
1,888
MGTSP	
МГТС-4ап
1 302	
36 186 652	
2 250	
2 194	
2 174	
2 298	
2 276
BANE	
Башнефт ао
1 724	
35 127 381	
1 710	
1 726	
1 680	
1 738	
1 712,5
APTK	
Аптеки36и6
6 323	
34 126 392	
13,602	
13,648	
13,224	
13,808	
13,8
LIFE	
iФармсинтз
2 412	
32 278 909	
8,595	
8,75	
8,35	
8,95	
8,7
MVID	
М.видео
1 301	
30 060 055	
357,5	
360	
351	
368,3	
352,2
QIWI	
iQIWI
1 990	
29 627 098	
904,5	
920	
883	
920	
891
ENRU	
ЭнелРос ао
2 301	
29 537 581	
0,91	
0,9075	
0,902	
0,9175	
0,911
PIKK	
ПИК ао
2 389	
29 065 893	
388,4	
385	
385	
391,5	
391
AKRN	
Акрон
1 268	
28 966 400	
5 820	
5 850	
5 754	
5 890	
5 838
ENPG	
ЭН+ГРУП ао
364	
28 523 031	
612,8	
596,7	
596,7	
629,7	
621,2
TGKB	
ТГК-2
850	
24 681 940	
0,00371	
0,00361	
0,003585	
0,00384	
0,00364
TUZA	
ТЗА ао
2 991	
24 425 920	
130	
121	
104	
153	
107
RTKMP	
Ростел -ап
2 617	
22 980 259	
68,1	
68,25	
67,3	
69,05	
67,95
NMTP	
НМТП ао
5 229	
20 739 331	
8,555	
8,64	
8,5	
8,795	
8,545
VSMO	
ВСМПО-АВСМ
326	
19 158 640	
18 640	
18 620	
18 560	
18 880	
18 580
DIOD	
ЗаводДИОД
2 265	
17 708 551	
6,24	
6,15	
6,01	
6,61	
6,11
RSTIP	
Россети ап
1 048	
14 595 295	
1,493	
1,516	
1,474	
1,55	
1,481
LNTA	
Лента др
2 842	
14 377 202	
150,4	
151	
149,1	
151,4	
149,5
ETLN	
ETLN-гдр
1 051	
12 227 799	
79,92	
81	
79,52	
81,4	
79,6
NKNC	
НКНХ ао
982	
11 455 610	
99,9	
100,05	
99,35	
100,75	
99,9
BSPB	
БСП ао
2 237	
11 384 182	
41	
41,01	
40,81	
41,49	
40,91
TGKDP	
Квадра-п
1 897	
10 792 645	
0,0046	
0,003625	
0,003625	
0,005165	
0,004545
CNTLP	
Телеграф-п
852	
10 404 888	
18,58	
18,34	
17,98	
19,3	
18,8
AGRO	
AGRO-гдр
1 195	
9 953 278	
601,6	
601,4	
598,4	
603,6	
601,8
MRKP	
МРСК ЦП
740	
9 856 045	
0,1767	
0,1765	
0,175	
0,1788	
0,1753
LNZL	
Лензолото
442	
9 609 210	
8 820	
8 880	
8 640	
8 940	
8 840
FESH	
ДВМП ао
1 069	
9 343 203	
6,41	
6,16	
6,16	
6,74	
6,32
YAKG	
ЯТЭК ао
654	
8 728 376	
45,68	
44,52	
42,72	
48,98	
42,72
GEMA	
iММЦБ ао
1 534	
8 218 715	
743,5	
764	
724,5	
768	
740
MRKV	
МРСКВол
788	
7 160 934	
0,06915	
0,0703	
0,068	
0,07035	
0,06825
KMAZ	
КАМАЗ
992	
6 895 535	
54,9	
54,9	
53,2	
56,6	
54,9
KRKOP	
ТКЗКК ап
1 440	
6 654 796	
6,85	
6,895	
6,225	
7,7	
6,505
NFAZ	
Нефтекамск
906	
6 402 722	
152,2	
156	
138,6	
168	
149,6
RNFT	
РуссНфт ао
1 851	
5 604 554	
412,4	
415	
406,2	
418	
406,2
SFIN	
САФМАР ао
612	
5 455 646	
433,8	
435,2	
431,8	
440	
432,2
SELG	
Селигдар
552	
5 122 809	
23,12	
23,06	
22,9	
23,52	
23
GCHE	
ЧеркизГ-ао
709	
4 747 558	
1 712	
1 725	
1 708,5	
1 725	
1 712
AMEZ	
АшинскийМЗ
688	
4 700 807	
3,98	
4,05	
3,9	
4,095	
4,005
TTLK	
Таттел. ао
346	
4 302 030	
0,3035	
0,297	
0,297	
0,31	
0,3055
GTRK	
ГТМ ао
552	
3 720 653	
44,1	
43,95	
43,3	
45,65	
44
VSYDP	
ВыбСудЗ ап
466	
3 622 880	
3 420	
2 820	
2 820	
3 880	
3 840
VSYD	
ВыбСудЗ ао
441	
3 472 120	
3 090	
2 790	
2 790	
3 315	
3 210
MGTS	
МГТС-5ао
315	
3 454 715	
2 505	
2 645	
2 350	
2 645	
2 560
TRCN	
ТрансК ао
115	
3 338 450	
8 160	
8 100	
8 080	
8 330	
8 145
TGKBP	
ТГК-2 ап
158	
3 262 180	
0,00659	
0,00641	
0,00637	
0,0067	
0,00652
KZOS	
ОргСинт ао
407	
3 052 140	
94,1	
94,7	
92,5	
94,7	
94,7
VJGZ	
Варьеган
590	
2 947 704	
618	
583	
583	
697	
620
MRKC	
МРСК Центр
528	
2 789 960	
0,2408	
0,2442	
0,2394	
0,2442	
0,2406
SVAV	
СОЛЛЕРС
218	
2 641 510	
259	
254,5	
254,5	
261,5	
260,5
WTCMP	
ЦМТ ап
193	
2 268 464	
9,46	
9,2	
8,7	
9,7	
9,52
MAGE	
МагадЭн ао
126	
2 249 320	
4,82	
4,88	
4,67	
4,89	
4,82
MRKZ	
МРСК СЗ
244	
2 223 324	
0,049	
0,049	
0,0475	
0,04985	
0,04985
MAGEP	
МагадЭн ап
163	
2 192 660	
4,54	
4,185	
4,015	
5,585	
4,645
NKSH	
Нижкамшина
223	
2 028 508	
22,96	
22,14	
15,56	
25,5	
22,84
USBN	
УралСиб ао
316	
2 023 645	
0,0725	
0,0715	
0,071	
0,0751	
0,072
OBUV	
ОР ао
607	
2 018 276	
29,85	
30	
29,6	
30,1	
29,95
MSRS	
МОЭСК
190	
1 970 831	
1,0155	
1,01	
1,007	
1,0215	
1,011
WTCM	
ЦМТ ао
161	
1 921 696	
9,94	
9,78	
9,44	
10,32	
10,32
MSTT	
Мостотрест
191	
1 888 542	
153,4	
152,7	
151,9	
154,5	
152,85
KZOSP	
ОргСинт ап
775	
1 819 058	
13,38	
13,04	
13,03	
13,51	
13,26
UNAC	
iАвиастКао
208	
1 790 803	
0,4855	
0,4925	
0,4815	
0,495	
0,484
PRTK	
ПРОТЕК ао
146	
1 723 789	
98	
98,9	
96,1	
98,9	
98,6
RBCM	
РБК ао
522	
1 712 094	
3,11	
3,164	
3,002	
3,22	
3,114
AQUA	
РусАква ао
210	
1 672 900	
185	
194,5	
194,5	
201	
197,5
TGKN	
ТГК-14
100	
1 658 330	
0,00321	
0,0032	
0,00315	
0,00325	
0,00316
RUSP	
Русполимет
99	
1 575 720	
0,6085	
0,587	
0,5605	
0,6235	
0,6065
IRGZ	
ИркЭнерго
140	
1 462 310	
11,58	
11,36	
11,32	
11,7	
11,64
RUGR	
Русгрэйн
1 338	
1 449 688	
7,964	
8,002	
7,9	
8,24	
7,942
RGSS	
РГС СК ао
260	
1 440 466	
0,1448	
0,1448	
0,1428	
0,148	
0,1448
VJGZP	
Варьеган-п
104	
1 304 950	
335	
320	
318	
364	
332
SELGP	
Селигдар-п
119	
1 192 985	
27,55	
27,65	
27,2	
27,75	
27,65
AVAN	
Авангрд-ао
181	
1 154 415	
845	
845	
815	
900	
870
KLSB	
КалужскСК
155	
1 125 779	
10,72	
10,69	
10,34	
10,94	
10,7
BELU	
Белуга ао
123	
987 956	
1 497	
1 499	
1 488	
1 529	
1 495
BISVP	
БашИнСв ап
57	
932 847	
6,68	
6,55	
6,52	
6,8	
6,63
KRKN	
СаратНПЗ
63	
926 000	
12 350	
12 750	
11 800	
12 750	
12 350
ALNU	
АЛРОСА-Нюр
18	
901 800	
47 400	
47 600	
47 000	
47 800	
47 600
IRKT	
ИРКУТ-3
104	
822 788	
29,08	
29,2	
28,46	
29,62	
29,16
CHEP	
ЧТПЗ ао
95	
812 750	
193,5	
197	
191,5	
197	
194
LNZLP	
Лензол. ап
105	
785 790	
3 890	
3 920	
3 855	
3 935	
3 900
YRSBP	
ТНСэнЯр-п
190	
776 540	
80,5	
73	
72,5	
85	
80
RTGZ	
ГазпРнД ао
5	
726 000	
22 000	
22 000	
22 000	
22 000	
22 000
HIMCP	
Химпром ап
102	
709 591	
6,05	
6,03	
6	
6,15	
6,05
DASB	
ДагСб ао
130	
704 589	
0,0938	
0,0978	
0,0917	
0,0978	
0,0938
MRKS	
МРСКСиб
21	
641 805	
0,2155	
0,215	
0,2135	
0,216	
0,2155
CNTL	
Телеграф
128	
587 410	
22,1	
22,4	
21,2	
22,95	
22,25
DVEC	
ДЭК ао
88	
565 025	
0,784	
0,799	
0,775	
0,799	
0,78
YKEN	
Якутскэнрг
39	
527 465	
0,314	
0,3145	
0,3055	
0,324	
0,315
PMSBP	
ПермьЭнС-п
113	
524 830	
131	
132,4	
129	
134,2	
129,8
PAZA	
ПавлАвт ао
55	
486 560	
7 850	
8 090	
7 710	
8 090	
7 790
MRKU	
МРСК Ур
49	
460 460	
0,1486	
0,1504	
0,1468	
0,1504	
0,1496
KROT	
КрасОкт-ао
34	
432 160	
313	
319	
302	
321,5	
313,5
NAUK	
iНПОНаука
62	
405 844	
166,4	
165,6	
165	
171,6	
167
MRKY	
РоссЮг ао
86	
404 740	
0,05115	
0,05065	
0,05005	
0,05175	
0,05115
MOBB	
МосОблБанк
120	
403 729	
2,354	
2,36	
2,3	
2,406	
2,32
KAZT	
Куйбазот
51	
378 594	
138,8	
143,6	
137	
143,6	
139,2
GAZA	
ГАЗ ао
50	
370 480	
390	
387	
378	
398	
396,5
MGNZ	
СМЗ-ао
24	
366 920	
4 030	
4 120	
4 010	
4 120	
4 030
KAZTP	
Куйбазот-п
59	
361 220	
139	
143,4	
137,4	
143,4	
139,8
UWGN	
ОВК ао
134	
359 394	
243,3	
244	
240,2	
245	
240,2
MRKK	
Россети СК
231	
333 285	
26,78	
26,32	
26,02	
27,4	
26,1
ROLO	
Русолово
53	
330 356	
3,798	
3,878	
3,72	
3,89	
3,768
BRZL	
БурЗолото
94	
319 664	
828	
828	
827	
834	
828
RUSI	
ИКРУСС-ИНВ
31	
305 150	
38,1	
36,9	
36,9	
38,9	
38,8
CHGZ	
РН-ЗапСиб
38	
303 560	
37	
38,8	
34	
39,2	
35,8
RDRB	
РДБанк ао
48	
297 800	
250	
250	
245	
250	
245
KGKC	
КурганГКао
48	
294 560	
53	
52	
52	
54	
54
ZVEZ	
ЗВЕЗДА ао
42	
285 810	
4,265	
4,395	
4,175	
4,4	
4,235
UTAR	
ЮТэйр ао
60	
280 144	
6,32	
6,31	
6,27	
6,39	
6,34
TASBP	
ТамбЭнСб-п
64	
273 230	
0,1925	
0,195	
0,1895	
0,198	
0,195
KUBE	
Кубанэнр
34	
249 646	
60,7	
59,8	
59,7	
62	
61
VGSBP	
ВолгЭнСб-п
94	
240 355	
1,025	
0,98	
0,98	
1,095	
1,04
VRSB	
ТНСэнВорон
24	
226 760	
47,2	
45,4	
45,4	
48,2	
47
KRSB	
Красэсб ао
21	
222 290	
5,56	
5,69	
5,39	
5,69	
5,63
NKHP	
НКХП ао
41	
220 040	
234	
234,5	
232,5	
235,5	
233,5
VLHZ	
ВХЗ-ао
70	
214 204	
49,35	
49,25	
48,7	
49,6	
49,35
ROSB	
Росбанк ао
43	
188 234	
73,6	
71	
71	
74,2	
73
LVHK	
Левенгук
89	
182 611	
7,91	
7,92	
7,71	
8,08	
7,9
ZILL	
ЗИЛ ао
30	
180 304	
1 388	
1 368	
1 366	
1 398	
1 396
KMEZ	
КМЗ
139	
178 721	
424,5	
420	
415	
434,5	
423,5
YRSB	
ТНСэнЯр
56	
165 300	
164	
158	
152	
170	
164
KUZB	
КузнецкийБ
189	
161 872	
0,01717	
0,01778	
0,01672	
0,01778	
0,01725
KGKCP	
КурганГКап
32	
161 790	
54,5	
54,5	
54,5	
56	
55,5
URKZ	
УрКузница
12	
145 240	
10 380	
10 080	
10 080	
10 660	
10 200
VZRZP	
Возрожд-п
40	
136 254	
284	
282	
277,2	
287,8	
285,4
KOGK	
КоршГОК ао
3	
135 800	
45 200	
45 200	
45 000	
45 600	
45 600
TORSP	
ТРК ап
13	
134 690	
0,2495	
0,2505	
0,248	
0,255	
0,249
NSVZ	
НаукаСвяз
34	
132 470	
221	
224,5	
219	
225	
220
RKKE	
ЭнергияРКК
23	
130 860	
4 850	
4 910	
4 800	
4 910	
4 860
UCSS	
ОКС ао
13	
56 970	
1 460	
1 460	
1 450	
1 470	
1 470
TORS	
ТРК ао
14	
54 210	
0,359	
0,365	
0,354	
0,369	
0,369
ASSB	
АстрЭнСб
39	
53 645	
0,5645	
0,5635	
0,5615	
0,5785	
0,576
GAZAP	
ГАЗ ап
12	
49 560	
330,5	
340	
323,5	
340	
330
ARSA	
Арсагера
13	
47 960	
3,2	
3,16	
3,02	
3,28	
3,23
SAREP	
СаратЭн-ап
31	
47 930	
0,0842	
0,0846	
0,0816	
0,0848	
0,0846
NNSBP	
ТНСэнНН ап
19	
46 573	
529	
521	
521	
539	
538
SLEN	
Сахэнер ао
19	
42 475	
4,125	
4,11	
4,035	
4,15	
4,07
UKUZ	
ЮжКузб. ао
20	
42 044	
508	
498	
496	
520	
500
ROST	
РОСИНТЕРао
14	
40 580	
58	
58,6	
57,8	
58,6	
58
KTSB	
КСБ ао
20	
38 388	
0,48	
0,47	
0,47	
0,496	
0,482
RTSBP	
ТНСэнРст-п
5	
35 610	
0,237	
0,233	
0,233	
0,249	
0,238
JNOSP	
Слав-ЯНОСп
14	
34 954	
13,98	
13,66	
13,66	
14,2	
14,2
PRMB	
Приморье
2	
34 800	
17 400	
17 600	
17 200	
17 600	
17 200
IGST	
Ижсталь2ао
21	
32 627	
837	
855	
825	
855	
826
OMZZP	
ОМЗ-ап
9	
30 900	
3 435	
3 445	
3 400	
3 460	
3 430
KCHE	
КамчатЭ ао
16	
29 610	
0,174	
0,18	
0,17	
0,18	
0,17
VGSB	
ВолгЭнСб
10	
25 700	
1,43	
1,425	
1,42	
1,43	
1,425
MISB	
ТНСэнМарЭл
11	
25 230	
10,5	
10,8	
10,5	
10,8	
10,5
ELTZ	
Электрцинк
26	
23 730	
167	
166,5	
166	
168,5	
167
KBSB	
ТНСэКубань
6	
21 030	
131,5	
133	
131	
134,5	
134,5
DZRD	
iДонскЗР
5	
17 646	
2 206	
2 190	
2 190	
2 242	
2 200
RLMNP	
Роллман-п
16	
12 039	
18,24	
18,68	
18,14	
18,68	
18,6
DZRDP	
iДонскЗР п
6	
11 220	
1 600	
1 610	
1 590	
1 630	
1 600
LPSB	
ЛЭСК ао
8	
10 930	
7,3	
7,4	
7,2	
7,4	
7,25
ALBK	
БестЭфБ ао
9	
8 900	
52,5	
53	
51,5	
53	
53
KROTP	
КрасОкт-1п
4	
8 820	
220,5	
220	
220	
222	
222
SAGO	
СамарЭн-ао
2	
7 700	
0,386	
0,384	
0,384	
0,386	
0,386
KCHEP	
КамчатЭ ап
2	
6 970	
0,349	
0,357	
0,34	
0,357	
0,34
RTSB	
ТНСэнРст
2	
6 200	
0,31	
0,31	
0,31	
0,31	
0,31
SZPR	
СЗПароход
7	
5 130	
734	
730	
730	
744	
730
NNSB	
ТНСэнНН ао
3	
5 030	
1 260	
1 255	
1 255	
1 265	
1 265
MFGS	
Мегион-ао
1	
3 505	
350,5	
350,5	
350,5	
350,5	
350,5
MRSB	
МордЭнСб
1	
3 480	
0,348	
0,348	
0,348	
0,348	
0,348
KTSBP	
КСБ ап
1	
2 255	
0,2255	
0,2255	
0,2255	
0,2255	
0,2255
SARE	
СаратЭн-ао
1	
1 106	
0,1106	
0,1106	
0,1106	
0,1106	
0,1106
BISV	
БашИнСв ао
0	
0	
-	
-	
-	
-	
8,7
GAZC	
ГАЗКОН-ао
0	
0	
-	
-	
-	
-	
295
GAZS	
ГАЗ-сервис
0	
0	
-	
-	
-	
-	
293
GAZT	
ГАЗ-Тек ао
0	
0	
-	
-	
-	
-	
85
GTSS	
ГЕОТЕК ао
0	
0	
-	
-	
-	
-	
-
HIMC	
Химпром ао
0	
0	
-	
-	
-	
-	
0,99
KMTZ	
КосогМЗ ао
0	
0	
-	
-	
-	
-	
-
KRKO	
ТКЗКК ао
0	
0	
-	
-	
-	
-	
11,8
KRSBP	
Красэсб ап
0	
0	
-	
-	
-	
-	
5,82
KSGR	
Кокс ао
0	
0	
-	
-	
-	
-	
-
KUNF	
КУЗОЦМ ао
0	
0	
-	
-	
-	
-	
-
KZMS	
КЗМС ао
0	
0	
-	
-	
-	
-	
226
LSNG	
Ленэнерго
0	
0	
-	
-	
-	
-	
5,66
LSNGP	
Ленэнерг-п
0	
0	
-	
-	
-	
-	
119,95
MFON	
МегаФон ао
0	
0	
-	
-	
-	
-	
650,6
MORI	
Морион ао
0	
0	
-	
-	
-	
-	
4,31
NPOF	
Физика ао
0	
0	
-	
-	
-	
-	
11 850
SAGOP	
СамарЭн-ап
0	
0	
-	
-	
-	
-	
0,37
TASB	
ТамбЭнСб
0	
0	
-	
-	
-	
-	
0,281
TNSE	
ТНСэнрг ао
0	
0	
-	
-	
-	
-	
995
TRFM	
ТрансФ ао
0	
0	
-	
-	
-	
-	
-
URKA	
Уркалий-ао
0	
0	
-	
-	
-	
-	
119,04
VZRZ	
Возрожд-ао
0	
0	
-	
-	
-	
-	
480