YNDX	
Yandex clA
90 843	
11 162 543 289	
4 822,6	
4 800	
4 770,2	
4 920	
4 810,2
SBER	
Сбербанк
72 387	
10 345 016 893	
232,24	
232,5	
230,2	
233,7	
231,06
LKOH	
ЛУКОЙЛ
26 319	
4 536 881 222	
5 154	
5 110	
5 103,5	
5 198	
5 176
GAZP	
ГАЗПРОМ ао
57 226	
4 522 252 072	
186,14	
185,4	
184,84	
187,44	
186,99
GMKN	
ГМКНорНик
23 934	
4 280 973 580	
20 002	
20 048	
19 818	
20 172	
19 952
PLZL	
Полюс
20 521	
3 064 621 111	
18 010	
17 725	
17 588	
18 186,5	
18 080
SBERP	
Сбербанк-п
22 955	
1 564 768 708	
218,82	
219	
217,6	
219,76	
218,5
MGNT	
Магнит ао
13 547	
1 540 417 449	
4 590	
4 548,5	
4 532,5	
4 613	
4 600
VTBR	
ВТБ ао
40 768	
1 491 170 719	
0,03634	
0,03646	
0,036005	
0,03666	
0,036205
MOEX	
МосБиржа
25 950	
1 450 249 939	
146,51	
147	
144,5	
148,8	
144,73
ROSN	
Роснефть
13 540	
1 256 102 511	
387,3	
384,55	
383,25	
388,7	
388,5
TATN	
Татнфт 3ао
17 146	
1 233 656 296	
569,4	
568	
565,5	
573,7	
570,4
POLY	
Polymetal
15 309	
1 173 671 811	
1 931,4	
1 923	
1 902,6	
1 947,9	
1 930,3
NVTK	
Новатэк ао
11 680	
1 101 520 401	
1 137	
1 126	
1 121	
1 142,2	
1 137,8
POGR	
Petropavl
15 904	
1 030 378 124	
31,52	
31,205	
30,4	
32,66	
31,285
MTSS	
МТС-ао
12 016	
1 020 516 342	
343,95	
342,15	
341,3	
346	
343,85
SNGS	
Сургнфгз
15 968	
940 592 494	
37,365	
37,2	
36,96	
37,7	
37,69
MAIL	
MAIL-гдр
20 972	
913 353 311	
2 192,6	
2 172	
2 172	
2 214,8	
2 182,6
AFKS	
Система ао
16 541	
852 656 846	
21,252	
20,751	
20,751	
21,4	
21,38
IRAO	
ИнтерРАОао
11 061	
844 540 678	
5,3705	
5,3345	
5,3235	
5,422	
5,37
ALRS	
АЛРОСА ао
18 846	
665 810 101	
67,2	
66,66	
66,24	
67,54	
67,48
SNGSP	
Сургнфгз-п
15 816	
658 522 980	
37,725	
37,9	
37,51	
38,1	
37,635
NLMK	
НЛМК ао
11 327	
608 896 540	
160,44	
160,04	
159,32	
161,98	
160,44
RUAL	
РУСАЛ ао
15 807	
517 944 778	
32,05	
32	
31,5	
32,3	
32,075
CHMF	
СевСт-ао
13 256	
505 499 756	
964,6	
964,4	
961,2	
969	
966
HYDR	
РусГидро
13 495	
485 477 286	
0,7283	
0,7239	
0,7135	
0,7347	
0,7333
SIBN	
Газпрнефть
6 320	
428 707 493	
320,1	
321	
319,2	
322,4	
320,15
FIVE	
FIVE-гдр
7 260	
409 137 480	
2 849	
2 790,5	
2 790,5	
2 875	
2 860
TATNP	
Татнфт 3ап
9 737	
402 435 060	
549,3	
551	
544,7	
556,8	
546,5
AFLT	
Аэрофлот
12 738	
394 927 366	
83,96	
83,94	
83,46	
84,36	
84
MVID	
М.видео
9 428	
382 247 019	
519,9	
503	
503	
537,4	
537,4
RTKM	
Ростел -ао
11 307	
368 537 344	
97,71	
97,38	
96,68	
98,28	
97,61
FEES	
ФСК ЕЭС ао
7 482	
343 547 952	
0,19962	
0,19782	
0,1975	
0,20078	
0,19938
DSKY	
ДетскийМир
9 804	
279 371 167	
122,66	
121,3	
120,5	
123,54	
122,86
CBOM	
МКБ ао
6 398	
263 097 423	
5,919	
5,89	
5,89	
5,938	
5,911
TCSG	
TCS-гдр
9 548	
235 201 881	
1 916,4	
1 895,2	
1 883,4	
1 930	
1 923,4
TRNFP	
Транснф ап
1 118	
233 704 750	
142 500	
143 000	
141 650	
143 350	
142 350
MAGN	
ММК
4 666	
204 973 680	
39,785	
39,86	
39,59	
40,045	
39,59
RSTI	
Россети ао
3 817	
182 382 223	
1,5316	
1,5301	
1,5163	
1,547	
1,5224
RASP	
Распадская
2 971	
148 988 312	
116,54	
113,86	
113,08	
118,1	
117,7
PHOR	
ФосАгро ао
3 990	
134 086 287	
2 772	
2 788	
2 752	
2 800	
2 775
UPRO	
Юнипро ао
3 113	
125 642 979	
2,728	
2,724	
2,718	
2,738	
2,725
LNTA	
Лента др
9 304	
119 714 745	
205,4	
201	
201	
207,2	
205,7
RTKMP	
Ростел -ап
4 282	
77 628 230	
91,05	
91,25	
89,35	
92	
90,7
MTLR	
Мечел ао
5 142	
74 220 160	
65,67	
65,43	
65,02	
66,04	
65,77
OGKB	
ОГК-2 ао
4 314	
73 959 861	
0,7585	
0,7415	
0,7415	
0,77	
0,77
QIWI	
iQIWI
3 443	
70 485 440	
1 412	
1 409,5	
1 390	
1 429,5	
1 393
MTLRP	
Мечел ап
3 429	
63 333 272	
74,7	
74,15	
73,2	
75,3	
73,35
SELG	
Селигдар
2 843	
49 196 035	
47,87	
47	
46,8	
48,8	
47,5
LSRG	
ЛСР ао
3 445	
49 145 188	
774,8	
773	
766,4	
779,8	
766,4
ENPG	
ЭН+ГРУП ао
1 261	
46 015 378	
698,5	
678	
665,5	
708,5	
700
AGRO	
AGRO-гдр
2 346	
42 853 376	
743,8	
746,6	
740	
749,2	
743,6
BANEP	
Башнефт ап
2 224	
42 356 374	
1 348	
1 350	
1 345	
1 355	
1 346,5
PIKK	
ПИК ао
1 336	
39 357 607	
494,9	
493	
492,5	
498,9	
494,9
ENRU	
ЭнелРос ао
2 560	
38 540 619	
0,928	
0,931	
0,922	
0,941	
0,9265
MSNG	
+МосЭнерго
1 042	
36 004 083	
2,0975	
2,12	
2,087	
2,121	
2,089
TGKA	
ТГК-1
2 148	
27 745 778	
0,011828	
0,011856	
0,011762	
0,011928	
0,011768
AQUA	
РусАква ао
1 285	
25 396 010	
219	
214	
213	
221	
219
NMTP	
НМТП ао
2 340	
24 494 357	
8,985	
8,89	
8,865	
9	
8,99
MRKP	
МРСК ЦП
949	
20 358 361	
0,2194	
0,2192	
0,2176	
0,2214	
0,2183
ETLN	
ETLN-гдр
2 519	
19 081 810	
113,94	
113,44	
113,16	
114,4	
113,9
OBUV	
ОР ао
1 507	
16 405 945	
34,8	
34,1	
33,9	
35,95	
34,5
LSNGP	
РСетиЛЭ-п
1 113	
14 614 371	
151,75	
152,45	
150,8	
153	
152,1
LNZL	
Лензолото
258	
14 365 270	
18 320	
18 440	
18 280	
18 440	
18 360
SELGP	
Селигдар-п
431	
13 637 110	
35,8	
36,1	
35,2	
36,1	
35,55
BSPB	
БСП ао
1 342	
13 215 013	
44,11	
43,88	
43,88	
44,44	
44
STSBP	
СтаврЭнСбп
2 582	
12 927 856	
0,4545	
0,432	
0,4295	
0,4735	
0,463
MRKC	
МРСК Центр
888	
12 337 181	
0,2976	
0,29	
0,2892	
0,3008	
0,2988
AKRN	
Акрон
416	
11 202 004	
5 864	
5 886	
5 824	
5 908	
5 890
LIFE	
iФармсинтз
605	
10 535 050	
7,645	
7,75	
7,57	
7,75	
7,59
RSTIP	
Россети ап
565	
9 838 542	
2,074	
2,045	
2,042	
2,089	
2,078
NKSH	
Нижкамшина
1 166	
9 533 646	
25,06	
23,38	
23,38	
28	
23,76
STSB	
СтаврЭнСб
1 854	
9 099 509	
0,645	
0,557	
0,5315	
0,6785	
0,666
NKNCP	
НКНХ ап
1 163	
8 923 148	
80,36	
80,18	
80,14	
81,64	
80,18
CNTLP	
Телеграф-п
898	
8 664 800	
16,1	
16,02	
15,92	
16,38	
16,06
KUZB	
КузнецкийБ
3 354	
8 194 036	
0,01606	
0,01538	
0,015	
0,01766	
0,01605
SFIN	
САФМАР ао
62	
7 910 538	
528,4	
528,4	
528	
528,8	
528,8
KRKNP	
СаратНПЗ-п
266	
7 130 100	
15 680	
15 780	
15 580	
15 960	
15 700
BANE	
Башнефт ао
466	
7 097 308	
1 741,5	
1 741	
1 737,5	
1 757	
1 743,5
TGKB	
ТГК-2
402	
6 954 725	
0,00444	
0,00447	
0,00437	
0,0045	
0,00444
VSMO	
ВСМПО-АВСМ
167	
6 644 080	
17 760	
17 700	
17 700	
17 940	
17 740
DIOD	
ЗаводДИОД
637	
6 428 532	
8,43	
8,75	
8,1	
8,79	
8,23
LNZLP	
Лензол. ап
429	
6 277 455	
4 865	
4 810	
4 735	
4 945	
4 900
MSRS	
РСетиМР ао
256	
6 211 624	
1,181	
1,195	
1,168	
1,2065	
1,172
MRKV	
РсетВол ао
636	
6 135 145	
0,073	
0,073	
0,07235	
0,074	
0,0724
GCHE	
ЧеркизГ-ао
659	
5 923 955	
1 887	
1 867,5	
1 867,5	
1 899	
1 894
KTSBP	
КСБ ап
102	
5 847 115	
0,3295	
0,335	
0,317	
0,335	
0,3285
RNFT	
РуссНфт ао
1 316	
5 619 804	
495	
505,2	
491,2	
511,4	
492,6
CHGZ	
РН-ЗапСиб
500	
5 225 680	
61,2	
55,6	
55,6	
64	
58,2
ROLO	
Русолово
434	
5 167 558	
7,05	
6,824	
6,824	
7,176	
6,9
TRMK	
ТМК ао
313	
5 075 246	
58,5	
58,54	
58,18	
58,98	
58,48
NSVZ	
НаукаСвяз
591	
4 973 925	
235	
244	
230	
249,5	
231,5
CNTL	
Телеграф
471	
4 923 040	
18,2	
18,3	
18,05	
18,5	
18,3
UNAC	
iАвиастКао
441	
4 063 423	
0,4985	
0,4955	
0,493	
0,5	
0,4985
KMAZ	
КАМАЗ
633	
3 867 195	
64,2	
64,5	
63,5	
64,6	
64,2
AMEZ	
АшинскийМЗ
1 094	
3 449 060	
5	
4,96	
4,875	
5,25	
4,97
ABRD	
АбрауДюрсо
519	
3 274 495	
206	
206,5	
203	
212	
207
NKHP	
НКХП ао
366	
3 036 865	
297,5	
299	
275,5	
306	
294
MGTSP	
МГТС-4ап
229	
2 882 888	
2 018	
2 000	
1 998	
2 034	
2 026
TGKN	
ТГК-14
330	
2 841 410	
0,00332	
0,00336	
0,00327	
0,00338	
0,00333
CHEP	
ЧТПЗ ао
224	
2 806 540	
212	
214,5	
210,5	
216	
214
HALS	
Галс-Девел
434	
2 465 108	
1 311	
1 298	
1 277	
1 373	
1 303
RUGR	
Русгрэйн
1 091	
2 448 594	
9,784	
9,8	
9,716	
9,93	
9,8
BISVP	
БашИнСв ап
474	
2 309 021	
10,71	
11,08	
10,13	
11,45	
10,6
PAZA	
ПавлАвт ао
167	
2 173 410	
9 210	
9 050	
9 000	
9 700	
9 160
RTSB	
ТНСэнРст
162	
2 129 450	
0,765	
0,8	
0,735	
0,8	
0,77
FESH	
ДВМП ао
245	
2 017 801	
7,63	
7,62	
7,56	
7,75	
7,61
CHMK	
ЧМК ао
261	
1 977 695	
2 585	
2 705	
2 285	
2 710	
2 675
SARE	
СаратЭн-ао
388	
1 952 714	
0,1674	
0,1694	
0,1578	
0,172	
0,1694
YKEN	
Якутскэнрг
158	
1 899 125	
0,412	
0,37	
0,37	
0,4385	
0,4215
ISKJ	
iИСКЧ ао
197	
1 807 648	
23,23	
23,05	
23	
23,8	
23,37
BELU	
Белуга ао
245	
1 767 336	
1 308	
1 319	
1 299	
1 320	
1 316
BRZL	
БурЗолото
281	
1 715 474	
1 163	
1 149	
1 141	
1 172	
1 164
IRGZ	
ИркЭнерго
193	
1 561 554	
12,08	
12,06	
11,86	
12,28	
12,02
VRSB	
ТНСэнВорон
142	
1 547 760	
87,4	
89,2	
81,6	
90	
87,2
APTK	
Аптеки36и6
1 718	
1 516 726	
13,422	
13,516	
13,4	
13,516	
13,408
MRKU	
МРСК Ур
133	
1 473 200	
0,1514	
0,1492	
0,1492	
0,153	
0,1524
NKNC	
НКНХ ао
359	
1 405 770	
93,15	
93,1	
93	
93,55	
93,1
SVAV	
СОЛЛЕРС
79	
1 398 560	
282	
281,5	
280,5	
284	
282,5
MSTT	
Мостотрест
155	
1 390 680	
159,85	
159	
158,8	
160,55	
159,95
UNKL	
ЮУНК ао
114	
1 294 860	
7 940	
7 940	
7 830	
8 060	
7 910
VGSB	
ВолгЭнСб
162	
1 277 180	
4,39	
4,6	
4,16	
4,65	
4,28
YKENP	
Якутскэн-п
78	
1 190 735	
0,4065	
0,4055	
0,403	
0,437	
0,405
RAVN	
Raven
35	
1 104 335	
29,95	
29,95	
29,75	
30,3	
30,1
PMSB	
ПермьЭнСб
79	
1 091 906	
134,6	
133,5	
133	
137,9	
134,9
MRSB	
МордЭнСб
60	
1 077 230	
0,429	
0,438	
0,423	
0,438	
0,425
MRKS	
РсетСиб ао
30	
1 076 865	
0,238	
0,241	
0,237	
0,241	
0,24
KZOS	
ОргСинт ао
286	
1 013 034	
86,6	
86,6	
86,2	
87	
86,3
YAKG	
ЯТЭК ао
57	
1 004 825	
42,05	
42,05	
41,95	
42,45	
42,1
RKKE	
ЭнергияРКК
98	
974 400	
8 050	
7 870	
7 870	
8 150	
8 040
TTLK	
Таттел. ао
130	
973 505	
0,32	
0,32	
0,3165	
0,323	
0,32
LSNG	
РСетиЛЭ
219	
952 449	
6,04	
6,01	
6,01	
6,08	
6,02
RTSBP	
ТНСэнРст-п
95	
943 830	
0,621	
0,628	
0,606	
0,638	
0,634
KRKOP	
ТКЗКК ап
327	
934 551	
8,36	
8,15	
8,04	
8,685	
8,455
IRKT	
ИРКУТ-3
90	
927 386	
35,66	
35,64	
35,48	
35,94	
35,74
LVHK	
Левенгук
257	
922 807	
8,34	
8,62	
8	
8,74	
8,36
DZRDP	
iДонскЗР п
76	
913 470	
1 880	
1 870	
1 870	
1 900	
1 890
NAUK	
iНПОНаука
163	
912 344	
204,6	
204,8	
201,2	
208	
205
ALNU	
АЛРОСА-Нюр
13	
835 000	
55 600	
56 200	
55 200	
56 200	
55 800
NNSB	
ТНСэнНН ао
169	
796 355	
1 875	
1 775	
1 770	
1 975	
1 855
BLNG	
Белон ао
238	
739 564	
4,424	
4,348	
4,284	
4,55	
4,426
MRKZ	
МРСК СЗ
114	
736 897	
0,0512	
0,05075	
0,05075	
0,05155	
0,05145
PRMB	
Приморье
29	
726 000	
25 000	
24 600	
23 800	
26 400	
25 000
KLSB	
КалужскСК
188	
670 395	
12,99	
12,99	
12,7	
13,31	
13,15
RLMN	
Роллман
157	
660 453	
19	
19	
18,8	
19,5	
19,25
SAGOP	
СамарЭн-ап
82	
649 130	
0,413	
0,409	
0,402	
0,423	
0,41
RUSI	
ИКРУСС-ИНВ
117	
640 180	
39	
40,6	
33,3	
41,6	
40,1
TNSE	
ТНСэнрг ао
102	
580 330	
1 050	
1 050	
1 030	
1 080	
1 060
VRSBP	
ТНСэнВор-п
45	
551 550	
50	
51	
49,5	
51	
50,5
KZOSP	
ОргСинт ап
320	
541 312	
12,02	
11,9	
11,88	
12,14	
11,96
PMSBP	
ПермьЭнС-п
88	
532 336	
132,8	
133,6	
132	
133,6	
132,8
KROT	
КрасОкт-ао
100	
523 635	
385	
385	
381,5	
388,5	
382,5
GAZAP	
ГАЗ ап
36	
520 755	
312	
312,5	
310	
313	
312,5
UWGN	
ОВК ао
64	
511 175	
233,2	
233,7	
232,4	
233,7	
232,6
MRKY	
РоссЮг ао
112	
501 682	
0,0505	
0,04985	
0,04985	
0,05105	
0,0505
UTAR	
ЮТэйр ао
79	
489 010	
7,16	
7,15	
7,15	
7,23	
7,18
MAGE	
МагадЭн ао
50	
475 740	
6,26	
6,15	
6,15	
6,35	
6,3
RTGZ	
ГазпРнД ао
5	
455 500	
26 800	
26 800	
26 700	
26 800	
26 800
MAGEP	
МагадЭн ап
39	
429 700	
7,16	
7,4	
7	
7,48	
7,07
VLHZ	
ВХЗ-ао
66	
428 912	
55,2	
55,15	
54,85	
56,25	
55
GAZA	
ГАЗ ао
32	
416 210	
408	
410	
404	
412	
408
JNOSP	
Слав-ЯНОСп
13	
407 626	
14,3	
14,34	
14,3	
14,46	
14,32
KBSB	
ТНСэКубань
70	
407 545	
146	
146,5	
144,5	
148	
148
NNSBP	
ТНСэнНН ап
95	
394 888	
721	
719	
700	
747	
712
RGSS	
РГС СК ао
116	
394 790	
0,1504	
0,1504	
0,15	
0,151	
0,1502
SAREP	
СаратЭн-ап
106	
389 192	
0,1244	
0,129	
0,1202	
0,1292	
0,1232
VJGZP	
Варьеган-п
43	
379 330	
379	
378	
372	
408	
374
SAGO	
СамарЭн-ао
29	
351 500	
0,462	
0,458	
0,458	
0,47	
0,466
MGNZ	
СМЗ-ао
37	
351 150	
4 810	
4 750	
4 730	
4 920	
4 870
TGKBP	
ТГК-2 ап
25	
341 110	
0,00742	
0,00741	
0,00736	
0,00748	
0,00739
RUSP	
Русполимет
42	
331 620	
0,6365	
0,639	
0,631	
0,64	
0,64
GEMA	
iММЦБ ао
75	
320 210	
596,5	
601,5	
595,5	
601,5	
598,5
SLEN	
Сахэнер ао
38	
318 593	
6,515	
6,35	
6,35	
6,8	
6,475
INGR	
ИНГРАД ао
73	
318 311	
812	
814	
806	
820	
811
ALBK	
БестЭфБ ао
51	
311 360	
57	
57	
56	
58	
57,5
KUBE	
Кубанэнр
66	
307 293	
75,9	
76,4	
75	
76,4	
76
ZILL	
ЗИЛ ао
30	
293 990	
2 600	
2 635	
2 575	
2 635	
2 610
ARSA	
Арсагера
39	
275 870	
4,12	
4,16	
4,06	
4,17	
4,12
RZSB	
РязЭнСб
22	
272 060	
9,38	
9,52	
9,3	
9,52	
9,46
GTRK	
ГТМ ао
135	
271 282	
43,7	
43,5	
43,4	
44	
43,7
URKZ	
УрКузница
14	
267 120	
17 800	
18 020	
17 500	
18 020	
17 540
RBCM	
РБК ао
175	
265 103	
3,426	
3,462	
3,408	
3,464	
3,412
DVEC	
ДЭК ао
68	
257 378	
0,929	
0,939	
0,926	
0,939	
0,931
UCSS	
ОКС ао
23	
254 470	
1 450	
1 460	
1 450	
1 480	
1 450
KRKN	
СаратНПЗ
16	
245 050	
12 900	
13 050	
12 800	
13 100	
12 900
VZRZP	
Возрожд-п
44	
240 734	
321	
316,2	
316,2	
323	
319,2
ASSB	
АстрЭнСб
91	
238 162	
0,799	
0,7985	
0,779	
0,806	
0,806
KAZT	
Куйбазот
30	
230 286	
149,6	
147,8	
147,8	
151,6	
149,8
VSYD	
ВыбСудЗ ао
24	
224 215	
4 150	
4 175	
4 070	
4 255	
4 145
KGKCP	
КурганГКап
27	
185 270	
56	
55,5	
55	
56,5	
55,5
VGSBP	
ВолгЭнСб-п
49	
182 790	
2,055	
2,075	
2,01	
2,075	
2,02
TGKD	
Квадра
50	
174 685	
0,003565	
0,00356	
0,00353	
0,003605	
0,003555
UKUZ	
ЮжКузб. ао
57	
171 620	
540	
546	
536	
550	
542
USBN	
УралСиб ао
28	
167 589	
0,0693	
0,0694	
0,0688	
0,0695	
0,0692
CHKZ	
ЧКПЗ ао
12	
164 880	
5 680	
5 680	
5 660	
5 720	
5 720
IGSTP	
Ижсталь ап
32	
158 861	
918	
922	
906	
925	
922
KRSB	
Красэсб ао
12	
155 820	
7,08	
7,11	
7,03	
7,11	
7,06
HIMCP	
Химпром ап
38	
154 640	
6,11	
6,11	
6,1	
6,14	
6,11
KOGK	
КоршГОК ао
3	
145 800	
48 600	
48 600	
48 600	
48 600	
48 600
ROSB	
Росбанк ао
42	
127 660	
76	
76,8	
75,8	
76,8	
76,4
AVAN	
Авангрд-ао
35	
116 330	
855	
850	
850	
860	
850
LPSB	
ЛЭСК ао
38	
111 780	
8,55	
8,65	
8,45	
8,65	
8,45
MGTS	
МГТС-5ао
27	
110 125	
2 295	
2 290	
2 280	
2 305	
2 300
ZVEZ	
ЗВЕЗДА ао
10	
108 720	
4,725	
4,675	
4,675	
4,735	
4,73
TASB	
ТамбЭнСб
14	
105 975	
0,461	
0,465	
0,4565	
0,465	
0,4615
JNOS	
Славн-ЯНОС
18	
105 970	
18,9	
19,1	
18,85	
19,1	
18,9
KMEZ	
КМЗ
43	
92 525	
525,5	
535	
524	
535	
524,5
TORSP	
ТРК ап
12	
87 575	
0,2825	
0,2855	
0,2815	
0,2855	
0,283
KROTP	
КрасОкт-1п
11	
85 535	
267,5	
266,5	
266	
275	
270
ELTZ	
Электрцинк
53	
74 145	
189	
192	
187,5	
192	
190
KBTK	
КузбТК ао
31	
74 034	
151	
151	
149,2	
152,8	
150,6
TGKDP	
Квадра-п
20	
73 993	
0,00425	
0,00427	
0,004215	
0,00427	
0,004255
ROST	
РОСИНТЕРао
27	
71 866	
62,4	
63	
61,8	
63,8	
62
WTCM	
ЦМТ ао
27	
71 248	
9,38	
9,36	
9,3	
9,42	
9,42
OMZZP	
ОМЗ-ап
9	
69 910	
3 680	
3 685	
3 655	
3 700	
3 685
MFGSP	
Мегион-ап
9	
65 090	
325,5	
325	
325	
327,5	
325
IGST	
Ижсталь2ао
31	
58 692	
1 030	
1 014	
1 014	
1 040	
1 033
VJGZ	
Варьеган
31	
57 654	
655	
662	
648	
670	
655
TORS	
ТРК ао
8	
51 550	
0,469	
0,465	
0,459	
0,477	
0,469
EELT	
ЕвроЭлтех
55	
51 125	
8,1	
8,18	
8,08	
8,18	
8,08
MFGS	
Мегион-ао
8	
50 910	
391,5	
394	
386	
395	
386
DZRD	
iДонскЗР
15	
50 745	
2 305	
2 330	
2 285	
2 330	
2 300
WTCMP	
ЦМТ ап
17	
46 974	
8,38	
8,38	
8,36	
8,5	
8,38
MISB	
ТНСэнМарЭл
15	
44 590	
12,4	
12,4	
12,2	
12,5	
12,5
KTSB	
КСБ ао
21	
43 002	
0,728	
0,748	
0,724	
0,75	
0,738
VSYDP	
ВыбСудЗ ап
10	
40 580	
4 060	
4 040	
4 040	
4 080	
4 040
MISBP	
ТНСэМаЭл-п
12	
32 680	
12,1	
12,2	
12	
12,2	
12,1
MRKK	
Россети СК
17	
32 213	
25,98	
25,74	
25,74	
26	
25,9
KGKC	
КурганГКао
13	
29 295	
56,5	
56	
56	
57	
56,5
KRSBP	
Красэсб ап
4	
28 960	
7,24	
7,22	
7,22	
7,28	
7,28
NFAZ	
Нефтекамск
11	
28 786	
169,4	
167,2	
167,2	
169,8	
169,8
RLMNP	
Роллман-п
29	
28 484	
19,24	
19,36	
18,9	
19,42	
19,28
TASBP	
ТамбЭнСб-п
7	
25 650	
0,3665	
0,3575	
0,3575	
0,3735	
0,3695
TUZA	
ТЗА ао
9	
23 280	
101	
102	
101	
102	
101
KCHE	
КамчатЭ ао
8	
21 715	
0,217	
0,216	
0,216	
0,219	
0,2175
YRSB	
ТНСэнЯр
4	
20 020	
182	
182	
180	
184	
182
KCHEP	
КамчатЭ ап
5	
19 710	
0,394	
0,39	
0,39	
0,398	
0,394
YRSBP	
ТНСэнЯр-п
7	
19 200	
96	
96,5	
95,5	
96,5	
96
KAZTP	
Куйбазот-п
4	
7 344	
146,8	
146,6	
146,6	
147,2	
147
RDRB	
РДБанк ао
1	
2 350	
235	
235	
235	
235	
235
KUNF	
КУЗОЦМ ао
0	
0	
-	
-	
-	
-	
-
PRTK	
ПРОТЕК ао
0	
0	
-	
-	
-	
-	
99,6
GAZC	
ГАЗКОН-ао
0	
0	
-	
-	
-	
-	
295
GTSS	
ГЕОТЕК ао
0	
0	
-	
-	
-	
-	
-
NPOF	
Физика ао
0	
0	
-	
-	
-	
-	
11 850
TRCN	
ТрансК ао
0	
0	
-	
-	
-	
-	
8 595
KMTZ	
КосогМЗ ао
0	
0	
-	
-	
-	
-	
-
KZMS	
КЗМС ао
0	
0	
-	
-	
-	
-	
226
TRFM	
ТрансФ ао
0	
0	
-	
-	
-	
-	
-
GAZS	
ГАЗ-сервис
0	
0	
-	
-	
-	
-	
293
HIMC	
Химпром ао
0	
0	
-	
-	
-	
-	
0,99
GAZT	
ГАЗ-Тек ао
0	
0	
-	
-	
-	
-	
85
KSGR	
Кокс ао
0	
0	
-	
-	
-	
-	
-
MOBB	
МосОблБанк
0	
0	
-	
-	
-	
-	
0,698
URKA	
Уркалий-ао
0	
0	
-	
-	
-	
-	
119,04
VZRZ	
Возрожд-ао
0	
0	
-	
-	
-	
-	
480
BISV	
БашИнСв ао
0	
0	
-	
-	
-	
-	
8,7
MFON	
МегаФон ао
0	
0	
-	
-	
-	
-	
650,6
KRKO	
ТКЗКК ао
0	
0	
-	
-	
-	
-	
11,8
MORI	
Морион ао
0	
0	
-	
-	
-	
-	
4,31