SBER	
Сбербанк
114 250	
18 732 362 395	
228,45	
227,63	
225,75	
231,1	
228,36
YNDX	
Yandex clA
122 122	
14 415 410 288	
4 882,6	
5 016,6	
4 763,4	
5 045,8	
4 868,2
GAZP	
ГАЗПРОМ ао
102 182	
8 778 734 729	
175,95	
176	
171,9	
178,49	
177,96
LKOH	
ЛУКОЙЛ
46 304	
7 317 539 012	
4 502	
4 459,5	
4 410	
4 584,5	
4 569
MAIL	
MAIL-гдр
100 048	
4 923 005 514	
2 213,6	
2 299	
2 179	
2 299	
2 196
GMKN	
ГМКНорНик
24 088	
4 830 242 928	
18 720	
18 780	
18 592	
18 880	
18 750
TATN	
Татнфт 3ао
60 114	
4 288 526 723	
461,5	
460	
448,7	
471,4	
469,5
POLY	
Polymetal
42 128	
3 669 234 708	
1 649,5	
1 617,7	
1 584,2	
1 700,1	
1 675
PLZL	
Полюс
23 000	
3 460 417 734	
16 109	
16 200	
15 870,5	
16 423,5	
16 281
MGNT	
Магнит ао
26 160	
2 944 861 086	
5 027,5	
4 980	
4 966	
5 082	
5 033
SBERP	
Сбербанк-п
37 647	
2 705 957 783	
220,51	
221,2	
218,52	
223,7	
219,69
MOEX	
МосБиржа
25 152	
1 643 197 510	
143,86	
144,17	
141,35	
145,85	
144,74
ALRS	
АЛРОСА ао
25 687	
1 544 992 558	
72,52	
73,06	
71,42	
73,49	
72,4
ROSN	
Роснефть
13 321	
1 460 724 829	
374,55	
373,2	
369,15	
379	
377,3
NVTK	
Новатэк ао
13 469	
1 424 862 176	
1 055	
1 053	
1 043,6	
1 065	
1 058,2
VTBR	
ВТБ ао
38 999	
1 214 334 218	
0,034225	
0,03414	
0,03402	
0,0346	
0,03428
TATNP	
Татнфт 3ап
29 794	
1 174 290 692	
448,4	
453	
440	
454,5	
450
MAGN	
ММК
14 819	
1 050 659 088	
38,095	
39,465	
37,595	
39,465	
38
MTSS	
МТС-ао
10 622	
1 022 275 048	
338,45	
340,65	
336,35	
340,65	
339,3
NLMK	
НЛМК ао
12 102	
1 013 670 133	
166,68	
165,52	
163,26	
168,28	
167,02
IRAO	
ИнтерРАОао
11 430	
1 005 866 501	
5,542	
5,58	
5,5	
5,619	
5,5955
SNGS	
Сургнфгз
9 726	
923 402 548	
34,775	
35	
34,41	
35,185	
34,905
FIVE	
FIVE-гдр
9 760	
912 529 751	
2 996,5	
2 979	
2 947	
3 031	
2 984,5
AFKS	
Система ао
14 681	
905 213 119	
21,53	
21,8	
21,138	
22	
21,888
TCSG	
TCS-гдр
15 237	
872 772 288	
2 054,4	
2 105	
2 014,4	
2 117,4	
2 031
CHMF	
СевСт-ао
12 847	
777 476 970	
971	
974,8	
962,2	
979	
971,6
SNGSP	
Сургнфгз-п
8 563	
739 229 416	
37,51	
37,31	
37,285	
37,825	
37,705
AFLT	
Аэрофлот
18 726	
671 060 627	
76,18	
77,46	
75,54	
77,46	
76,04
SIBN	
Газпрнефть
12 501	
514 224 911	
292,05	
292,2	
288,5	
297	
289,65
POGR	
Petropavl
9 907	
495 147 481	
33,13	
33,045	
32,51	
34,23	
33,415
CBOM	
МКБ ао
7 931	
393 448 803	
5,735	
5,738	
5,692	
5,773	
5,759
TRNFP	
Транснф ап
1 127	
380 495 250	
144 050	
144 750	
142 550	
144 750	
143 950
RTKM	
Ростел -ао
10 603	
355 251 052	
97,41	
98,91	
95,9	
99,04	
96,59
HYDR	
РусГидро
8 846	
311 722 634	
0,7549	
0,7548	
0,747	
0,7628	
0,759
FEES	
ФСК ЕЭС ао
5 876	
285 862 762	
0,20032	
0,20134	
0,1974	
0,20308	
0,20278
DSKY	
ДетскийМир
8 352	
285 001 477	
114,34	
114	
113,3	
114,98	
114,94
MVID	
М.видео
6 354	
279 695 931	
625,4	
600	
600	
638,8	
636
RSTI	
Россети ао
3 979	
171 219 100	
1,4824	
1,476	
1,4591	
1,5006	
1,4985
LNTA	
Лента др
10 458	
145 474 536	
217	
216	
213	
219,7	
217,9
UPRO	
Юнипро ао
2 998	
140 113 456	
2,746	
2,758	
2,736	
2,778	
2,758
PHOR	
ФосАгро ао
2 801	
115 137 759	
2 724	
2 696	
2 689	
2 748	
2 740
ISKJ	
iИСКЧ ао
6 340	
94 884 557	
31,53	
27,5	
27,5	
33,75	
32,19
OGKB	
ОГК-2 ао
3 173	
91 871 293	
0,7681	
0,771	
0,7613	
0,777	
0,7686
LSRG	
ЛСР ао
3 681	
70 804 438	
868,8	
866	
859	
874	
874
BANEP	
Башнефт ап
3 225	
63 806 603	
1 232,5	
1 244	
1 226	
1 244	
1 231,5
QIWI	
iQIWI
2 405	
52 740 767	
1 278,5	
1 288,5	
1 230	
1 296,5	
1 282,5
LSNGP	
РСетиЛЭ-п
2 816	
52 529 041	
156,45	
153,2	
150,65	
162,3	
157
ETLN	
ETLN-гдр
3 205	
43 015 198	
122,66	
122,54	
120,2	
123,98	
123,2
PIKK	
ПИК ао
1 365	
40 698 393	
557,9	
561,2	
554,9	
563,5	
558,8
RASP	
Распадская
1 117	
34 410 147	
119,74	
120,98	
118,62	
120,98	
120
NMTP	
НМТП ао
3 466	
33 867 158	
8,55	
8,59	
8,5	
8,63	
8,53
RTKMP	
Ростел -ап
2 686	
32 984 497	
88,7	
89,5	
87,75	
89,55	
87,95
MTLR	
Мечел ао
4 781	
30 779 134	
61,32	
61,87	
61,01	
62,11	
61,15
FESH	
ДВМП ао
2 369	
26 310 770	
8,7	
9,09	
8,51	
9,11	
8,8
ENRU	
ЭнелРос ао
1 297	
25 924 581	
0,93	
0,9405	
0,926	
0,9445	
0,9275
ENPG	
ЭН+ГРУП ао
579	
25 303 992	
693	
684	
684	
700	
697,5
MTLRP	
Мечел ап
1 823	
25 301 907	
66,7	
67,75	
65	
68	
66,85
TGKA	
ТГК-1
1 498	
24 014 765	
0,011282	
0,011266	
0,011214	
0,011388	
0,011234
LIFE	
iФармсинтз
1 714	
19 534 126	
7,18	
7,01	
6,8	
7,48	
7,13
AGRO	
AGRO-гдр
1 233	
16 786 044	
733,4	
738,2	
729,4	
738,6	
731,8
TRMK	
ТМК ао
557	
15 120 827	
60,88	
60,56	
60,54	
60,98	
60,98
AKRN	
Акрон
383	
12 857 002	
6 050	
6 034	
5 998	
6 106	
6 096
BSPB	
БСП ао
1 388	
12 377 142	
42,85	
42,8	
42,51	
43,19	
42,95
NKNCP	
НКНХ ап
1 301	
11 733 153	
77,54	
77,64	
76,96	
78	
77,88
UNAC	
iАвиастКао
281	
11 187 916	
0,4395	
0,4425	
0,4345	
0,445	
0,4385
RNFT	
РуссНфт ао
2 131	
10 637 704	
343,4	
365,8	
318,8	
365,8	
345
KMAZ	
КАМАЗ
1 033	
10 296 898	
60,5	
61,6	
59,5	
61,8	
61,4
MSNG	
+МосЭнерго
517	
10 044 251	
2,0395	
2,0635	
2,031	
2,0635	
2,039
SELG	
Селигдар
719	
9 605 312	
40,87	
41,2	
40,31	
42,06	
41
LNZL	
Лензолото
114	
8 597 220	
18 530	
18 510	
18 480	
18 700	
18 550
MRKP	
МРСК ЦП
459	
8 058 958	
0,2175	
0,2183	
0,2154	
0,2189	
0,2175
BANE	
Башнефт ао
693	
7 871 424	
1 648	
1 661	
1 635,5	
1 661,5	
1 657,5
TGKB	
ТГК-2
370	
7 381 190	
0,004015	
0,00408	
0,00399	
0,004095	
0,00401
OBUV	
ОР ао
1 213	
7 007 348	
32,25	
32,25	
32,05	
32,45	
32,15
AQUA	
РусАква ао
435	
5 887 460	
215	
216,5	
213,5	
217	
215
RSTIP	
Россети ап
366	
5 199 119	
2,032	
2,059	
2,025	
2,059	
2,033
SVAV	
СОЛЛЕРС
138	
4 782 860	
287,5	
287,5	
284	
290	
287,5
YAKG	
ЯТЭК ао
231	
4 777 830	
45,8	
44,3	
44,3	
47	
46,6
GEMA	
iММЦБ ао
305	
4 665 488	
604	
594,5	
594	
612	
604,5
GCHE	
ЧеркизГ-ао
354	
4 468 353	
1 886	
1 883,5	
1 866	
1 894	
1 890
LVHK	
Левенгук
978	
4 266 814	
8,75	
8,2	
8,2	
9,19	
8,5
KRKNP	
СаратНПЗ-п
168	
4 148 740	
15 360	
15 420	
15 300	
15 460	
15 440
BELU	
Белуга ао
381	
4 014 088	
1 268	
1 303	
804	
1 303	
1 290
VSMO	
ВСМПО-АВСМ
150	
3 913 900	
17 100	
17 020	
17 020	
17 180	
17 040
CNTLP	
Телеграф-п
282	
3 885 532	
14,44	
14,42	
14,34	
14,54	
14,48
MRKC	
МРСК Центр
431	
3 616 894	
0,2954	
0,2976	
0,2942	
0,299	
0,2956
MRSB	
МордЭнСб
302	
3 477 850	
0,44	
0,435	
0,42	
0,474	
0,434
TTLK	
Таттел. ао
193	
3 372 060	
0,332	
0,325	
0,325	
0,3405	
0,335
APTK	
Аптеки36и6
1 700	
3 310 346	
13,524	
13,5	
13,45	
13,636	
13,6
KZOS	
ОргСинт ао
514	
3 083 751	
82,8	
83,3	
82,3	
84	
83
SELGP	
Селигдар-п
213	
2 636 200	
36,2	
36,3	
35,6	
36,65	
36,45
NFAZ	
Нефтекамск
157	
2 460 196	
216,2	
211,6	
211,2	
220	
217,8
NKNC	
НКНХ ао
311	
2 388 516	
90,05	
90	
89,8	
90,15	
90,05
MGTSP	
МГТС-4ап
281	
2 384 692	
1 948	
1 960	
1 910	
1 966	
1 950
ALNU	
АЛРОСА-Нюр
33	
2 271 200	
56 800	
56 800	
56 400	
57 000	
56 600
LNZLP	
Лензол. ап
165	
1 983 010	
3 980	
4 000	
3 925	
4 025	
3 980
IRGZ	
ИркЭнерго
167	
1 953 504	
12,02	
12,24	
11,8	
12,28	
11,86
DVEC	
ДЭК ао
99	
1 854 651	
0,907	
0,917	
0,904	
0,918	
0,907
BRZL	
БурЗолото
330	
1 792 979	
1 024	
1 045	
1 006	
1 045	
1 041
LSNG	
РСетиЛЭ
335	
1 738 280	
5,67	
5,75	
5,61	
5,75	
5,67
UWGN	
ОВК ао
408	
1 705 374	
202,4	
210	
200,1	
210	
203
ROLO	
Русолово
141	
1 539 912	
6,364	
6,47	
6,238	
6,5	
6,376
MRKV	
РсетВол ао
299	
1 531 146	
0,068	
0,06895	
0,06775	
0,06895	
0,068
HIMCP	
Химпром ап
248	
1 444 643	
7,98	
8	
7,87	
8,03	
8
NSVZ	
НаукаСвяз
235	
1 386 290	
206,5	
208	
203	
209,5	
206
BISVP	
БашИнСв ап
242	
1 318 479	
10,14	
10,18	
9,9	
10,38	
10,36
ABRD	
АбрауДюрсо
249	
1 299 450	
202	
204	
201	
204	
201,5
ELTZ	
Электрцинк
454	
1 298 849	
170,5	
164	
161	
186	
172,5
RUGR	
Русгрэйн
1 318	
1 176 553	
9,164	
9,104	
9,054	
9,28	
9,172
MSRS	
РСетиМР ао
133	
1 065 041	
1,174	
1,175	
1,162	
1,18	
1,1755
KAZT	
Куйбазот
67	
1 044 642	
160,2	
159,2	
158,8	
170	
159,8
DZRDP	
iДонскЗР п
206	
998 470	
1 760	
1 800	
1 410	
1 850	
1 820
SARE	
СаратЭн-ао
202	
952 818	
0,1308	
0,1314	
0,125	
0,1348	
0,1328
CNTL	
Телеграф
159	
950 345	
16,8	
16,95	
16,7	
16,95	
16,8
TGKN	
ТГК-14
81	
944 710	
0,00312	
0,00309	
0,00308	
0,00314	
0,00311
MRKU	
МРСК Ур
141	
932 280	
0,1386	
0,139	
0,137	
0,1406	
0,1394
UNKL	
ЮУНК ао
91	
900 220	
6 670	
6 620	
6 580	
6 760	
6 640
EELT	
ЕвроЭлтех
55	
852 540	
7,48	
7,4	
7,4	
7,56	
7,4
CHEP	
ЧТПЗ ао
110	
739 430	
208,5	
210	
206,5	
210	
208
AVAN	
Авангрд-ао
178	
727 245	
850	
855	
835	
880	
835
VJGZ	
Варьеган
170	
715 016	
638	
623	
611	
668	
658
TUZA	
ТЗА ао
143	
710 580	
104	
104	
103	
110	
104
SLEN	
Сахэнер ао
102	
651 219	
6,45	
6,53	
6,33	
6,755	
6,45
DIOD	
ЗаводДИОД
119	
638 437	
6,77	
6,8	
6,72	
6,86	
6,79
IRKT	
ИРКУТ-3
62	
621 206	
33,94	
33,94	
33,7	
34,08	
33,94
RBCM	
РБК ао
179	
581 224	
3,292	
3,302	
3,24	
3,314	
3,29
PRMB	
Приморье
19	
539 000	
27 000	
27 200	
26 600	
27 200	
27 000
TGKD	
Квадра
91	
530 999	
0,003575	
0,003605	
0,003565	
0,003605	
0,003575
MAGE	
МагадЭн ао
22	
515 210	
5,66	
5,74	
5,62	
5,74	
5,62
MGNZ	
СМЗ-ао
61	
467 580	
4 920	
4 560	
4 560	
5 090	
4 730
NKHP	
НКХП ао
74	
455 880	
263,5	
261,5	
260,5	
266	
263
SFIN	
САФМАР ао
40	
447 318	
502,6	
503,4	
500,4	
522	
501
VGSB	
ВолгЭнСб
39	
428 370	
4,04	
4,04	
4	
4,105	
4,105
PMSBP	
ПермьЭнС-п
84	
422 092	
130,2	
131,2	
129,8	
131,2	
130
MRKY	
РоссЮг ао
121	
420 704	
0,0479	
0,0487	
0,04775	
0,0487	
0,0479
KLSB	
КалужскСК
84	
414 962	
13,43	
13,35	
13,08	
13,7	
13,49
RGSS	
РГС СК ао
131	
412 783	
0,147	
0,1474	
0,1456	
0,1484	
0,1472
RKKE	
ЭнергияРКК
53	
395 670	
7 070	
7 110	
7 000	
7 130	
7 060
KUZB	
КузнецкийБ
162	
392 460	
0,01505	
0,01501	
0,01491	
0,01518	
0,01513
ZVEZ	
ЗВЕЗДА ао
45	
383 815	
4,675	
4,55	
4,54	
4,8	
4,57
KZOSP	
ОргСинт ап
682	
382 661	
11,23	
11,15	
11,1	
11,48	
11,24
VZRZP	
Возрожд-п
34	
379 724	
324,6	
336,8	
322	
336,8	
322
KCHEP	
КамчатЭ ап
44	
353 730	
0,368	
0,389	
0,331	
0,389	
0,379
ALBK	
БестЭфБ ао
70	
347 460	
59	
63,5	
58	
63,5	
59,5
MFGSP	
Мегион-ап
18	
345 730	
311,5	
316,5	
308,5	
316,5	
309
KRKN	
СаратНПЗ
15	
325 000	
12 050	
12 250	
11 950	
12 250	
11 950
VGSBP	
ВолгЭнСб-п
61	
324 940	
2,005	
2,06	
1,99	
2,06	
2
VRSB	
ТНСэнВорон
29	
324 720	
75,6	
75,6	
74	
76,8	
76
RDRB	
РДБанк ао
65	
323 850	
215	
220	
210	
225	
220
KUBE	
Кубанэнр
48	
318 730	
72,1	
72	
71	
72,8	
71,8
AMEZ	
АшинскийМЗ
210	
304 787	
4,64	
4,67	
4,62	
4,67	
4,63
PMSB	
ПермьЭнСб
66	
302 613	
130,4	
132	
128,1	
132	
130,9
VJGZP	
Варьеган-п
52	
301 700	
332	
333	
325	
344	
344
KTSBP	
КСБ ап
43	
256 650	
0,279	
0,282	
0,2755	
0,288	
0,2785
STSBP	
СтаврЭнСбп
78	
254 846	
0,383	
0,393	
0,3805	
0,393	
0,381
YKEN	
Якутскэнрг
23	
249 535	
0,4025	
0,408	
0,4	
0,4085	
0,4
MRKS	
РсетСиб ао
21	
248 085	
0,232	
0,2335	
0,2315	
0,2335	
0,232
STSB	
СтаврЭнСб
71	
246 666	
0,5495	
0,5605	
0,544	
0,5605	
0,55
VLHZ	
ВХЗ-ао
47	
241 948	
53,4	
53,5	
53,2	
54,4	
54,05
GTRK	
ГТМ ао
208	
241 573	
42,3	
42,55	
42,05	
42,55	
42,55
ARSA	
Арсагера
43	
236 730	
4,15	
4,17	
4,1	
4,25	
4,15
USBN	
УралСиб ао
54	
234 562	
0,0674	
0,0678	
0,067	
0,0678	
0,0677
RAVN	
Raven
12	
233 790	
30,35	
30,5	
30,15	
30,6	
30,6
YKENP	
Якутскэн-п
25	
223 505	
0,399	
0,415	
0,392	
0,415	
0,3925
MRKZ	
МРСК СЗ
105	
223 329	
0,04965	
0,0492	
0,0492	
0,05025	
0,04945
VRSBP	
ТНСэнВор-п
33	
217 900	
45,5	
44,5	
44,5	
46	
45
BLNG	
Белон ао
89	
213 168	
4,084	
4,166	
4,05	
4,168	
4,088
HALS	
Галс-Девел
56	
206 550	
1 167	
1 186	
1 151	
1 202	
1 159
KRKOP	
ТКЗКК ап
82	
205 286	
8,31	
8,27	
8,25	
8,42	
8,295
RUSP	
Русполимет
64	
191 190	
0,631	
0,633	
0,63	
0,635	
0,632
RLMN	
Роллман
99	
177 358	
17,9	
17,9	
17,8	
18,05	
17,95
URKZ	
УрКузница
10	
166 880	
15 180	
15 120	
15 100	
15 360	
15 360
IGST	
Ижсталь2ао
34	
161 234	
977	
983	
961	
988	
978
ROST	
РОСИНТЕРао
34	
159 646	
61,8	
61,2	
61,2	
62,2	
61,4
MFGS	
Мегион-ао
24	
158 405	
337	
346,5	
325	
346,5	
343,5
KTSB	
КСБ ао
39	
157 482	
0,656	
0,636	
0,634	
0,664	
0,64
TGKBP	
ТГК-2 ап
77	
155 023	
0,00698	
0,00696	
0,00692	
0,0071	
0,00692
KBSB	
ТНСэКубань
50	
146 980	
136	
137,5	
135	
137,5	
136,5
NNSB	
ТНСэнНН ао
31	
138 930	
1 715	
1 740	
1 700	
1 740	
1 710
RTSB	
ТНСэнРст
12	
135 500	
0,565	
0,585	
0,56	
0,585	
0,565
KMEZ	
КМЗ
93	
135 234	
499	
500	
494	
510	
499,5
MAGEP	
МагадЭн ап
13	
131 890	
5,74	
5,76	
5,65	
5,81	
5,68
PAZA	
ПавлАвт ао
14	
128 730	
8 050	
8 140	
7 920	
8 140	
8 020
OMZZP	
ОМЗ-ап
9	
127 690	
3 450	
3 465	
3 450	
3 465	
3 450
INGR	
ИНГРАД ао
40	
119 087	
810	
810	
801	
815	
806
MISBP	
ТНСэМаЭл-п
45	
118 950	
12,1	
11,9	
11,9	
12,5	
12,2
MRKK	
Россети СК
65	
118 891	
24,76	
25	
24,3	
25	
25
SAGOP	
СамарЭн-ап
23	
117 670	
0,453	
0,447	
0,442	
0,466	
0,456
GAZAP	
ГАЗ ап
18	
115 180	
311,5	
315,5	
306,5	
315,5	
308
GAZA	
ГАЗ ао
14	
112 220	
401	
400,5	
399	
404,5	
399
RLMNP	
Роллман-п
100	
108 946	
18,52	
18,98	
18,2	
19,18	
18,66
UTAR	
ЮТэйр ао
27	
108 221	
6,98	
6,91	
6,91	
7,08	
6,98
KAZTP	
Куйбазот-п
52	
107 132	
150,8	
149	
148	
155,6	
150,6
NAUK	
iНПОНаука
35	
103 906	
199,8	
198,6	
198	
202,6	
199
SAREP	
СаратЭн-ап
37	
99 388	
0,1156	
0,118	
0,1136	
0,119	
0,1166
ZILL	
ЗИЛ ао
9	
98 905	
2 535	
2 560	
2 500	
2 560	
2 545
RTSBP	
ТНСэнРст-п
10	
97 360	
0,512	
0,512	
0,51	
0,519	
0,519
TGKDP	
Квадра-п
30	
95 232	
0,00443	
0,00449	
0,004315	
0,00449	
0,004385
KBTK	
КузбТК ао
29	
93 946	
146,8	
147,2	
146	
147,8	
147,2
KOGK	
КоршГОК ао
2	
92 400	
46 200	
46 200	
46 200	
46 200	
46 200
CHMK	
ЧМК ао
20	
90 885	
2 595	
2 600	
2 590	
2 610	
2 595
UCSS	
ОКС ао
26	
90 870	
1 490	
1 450	
1 450	
1 530	
1 470
WTCMP	
ЦМТ ап
31	
88 488	
8,2	
8,16	
8,1	
8,28	
8,24
TASBP	
ТамбЭнСб-п
18	
87 735	
0,283	
0,2905	
0,28	
0,2905	
0,28
MGTS	
МГТС-5ао
15	
86 080	
2 205	
2 185	
2 185	
2 245	
2 210
SAGO	
СамарЭн-ао
12	
83 720	
0,598	
0,602	
0,588	
0,61	
0,598
MISB	
ТНСэнМарЭл
21	
80 570	
12,4	
12,3	
12,1	
12,6	
12,5
CHGZ	
РН-ЗапСиб
11	
74 300	
53	
56,6	
52,2	
56,6	
53
NKSH	
Нижкамшина
10	
71 404	
22,32	
22,06	
22,06	
22,42	
22,42
KROT	
КрасОкт-ао
15	
71 085	
374	
376,5	
372	
377	
372
KGKC	
КурганГКао
24	
67 320	
55	
55,5	
55	
55,5	
55,5
RZSB	
РязЭнСб
22	
64 262	
9,18	
9,22	
9,12	
9,22	
9,16
CHKZ	
ЧКПЗ ао
10	
58 080	
5 280	
5 280	
5 240	
5 340	
5 320
JNOS	
Славн-ЯНОС
14	
54 460	
18,15	
18,1	
18	
18,55	
18,05
IGSTP	
Ижсталь ап
19	
52 615	
863	
869	
855	
869	
855
DZRD	
iДонскЗР
13	
50 300	
2 095	
2 115	
2 085	
2 115	
2 085
ROSB	
Росбанк ао
21	
46 802	
78	
77,2	
77,2	
79,2	
78,4
WTCM	
ЦМТ ао
31	
45 314	
9,24	
9,5	
9,08	
9,52	
9,18
TORSP	
ТРК ап
15	
45 015	
0,2815	
0,2835	
0,28	
0,284	
0,2805
JNOSP	
Слав-ЯНОСп
14	
42 078	
14,02	
13,96	
13,86	
14,3	
14
KRSBP	
Красэсб ап
14	
37 862	
7,14	
7,24	
7	
7,28	
7,22
KROTP	
КрасОкт-1п
6	
34 460	
265	
263	
263	
269	
268
TASB	
ТамбЭнСб
6	
31 560	
0,3945	
0,394	
0,391	
0,3965	
0,3915
KRSB	
Красэсб ао
13	
29 699	
7,07	
7,12	
7,04	
7,12	
7,11
ASSB	
АстрЭнСб
18	
29 376	
0,753	
0,7575	
0,75	
0,7585	
0,7565
UKUZ	
ЮжКузб. ао
17	
28 924	
508	
508	
506	
512	
508
LPSB	
ЛЭСК ао
16	
26 630	
8,05	
8,15	
8,05	
8,15	
8,05
KCHE	
КамчатЭ ао
9	
23 875	
0,217	
0,217	
0,215	
0,2185	
0,2165
NNSBP	
ТНСэнНН ап
5	
17 743	
657	
657	
655	
671	
655
KGKCP	
КурганГКап
9	
15 680	
54	
55	
54	
55	
54
VSYD	
ВыбСудЗ ао
3	
15 490	
3 875	
3 875	
3 870	
3 875	
3 875
TNSE	
ТНСэнрг ао
4	
11 840	
985	
985	
985	
995	
995
RUSI	
ИКРУСС-ИНВ
3	
11 520	
38,4	
38,3	
38,3	
38,5	
38,4
VSYDP	
ВыбСудЗ ап
2	
7 780	
3 900	
3 860	
3 860	
3 920	
3 920
YRSB	
ТНСэнЯр
3	
5 020	
168	
166	
166	
168	
168
TORS	
ТРК ао
1	
4 110	
0,411	
0,411	
0,411	
0,411	
0,411
YRSBP	
ТНСэнЯр-п
3	
2 650	
88,5	
88	
88	
89	
88
KUNF	
КУЗОЦМ ао
0	
0	
-	
-	
-	
-	
-
PRTK	
ПРОТЕК ао
0	
0	
-	
-	
-	
-	
99,6
GAZC	
ГАЗКОН-ао
0	
0	
-	
-	
-	
-	
295
GTSS	
ГЕОТЕК ао
0	
0	
-	
-	
-	
-	
-
NPOF	
Физика ао
0	
0	
-	
-	
-	
-	
11 850
RTGZ	
ГазпРнД ао
0	
0	
-	
-	
-	
-	
26 300
TRCN	
ТрансК ао
0	
0	
-	
-	
-	
-	
8 595
KMTZ	
КосогМЗ ао
0	
0	
-	
-	
-	
-	
-
KZMS	
КЗМС ао
0	
0	
-	
-	
-	
-	
226
MSTT	
Мостотрест
0	
0	
-	
-	
-	
-	
161
TRFM	
ТрансФ ао
0	
0	
-	
-	
-	
-	
-
GAZS	
ГАЗ-сервис
0	
0	
-	
-	
-	
-	
293
HIMC	
Химпром ао
0	
0	
-	
-	
-	
-	
0,99
GAZT	
ГАЗ-Тек ао
0	
0	
-	
-	
-	
-	
85
KSGR	
Кокс ао
0	
0	
-	
-	
-	
-	
-
MOBB	
МосОблБанк
0	
0	
-	
-	
-	
-	
0,698
URKA	
Уркалий-ао
0	
0	
-	
-	
-	
-	
119,04
VZRZ	
Возрожд-ао
0	
0	
-	
-	
-	
-	
480
BISV	
БашИнСв ао
0	
0	
-	
-	
-	
-	
8,7
MFON	
МегаФон ао
0	
0	
-	
-	
-	
-	
650,6
KRKO	
ТКЗКК ао
0	
0	
-	
-	
-	
-	
11,8
MORI	
Морион ао
0	
0	
-	
-	
-	
-	
4,31
RUAL	
РУСАЛ ао
0	
0	
-	
-	
-	
-	
32,69