SBER	
Сбербанк
58 313	
11 521 604 597	
215,09	
214,8	
197,73	
217,41	
216,86
GMKN	
ГМКНорНик
32 356	
6 803 243 136	
18 848	
18 700	
18 488	
19 094	
19 002
LKOH	
ЛУКОЙЛ
27 609	
5 663 494 646	
4 977	
4 968	
4 941,5	
5 010	
4 984
GAZP	
ГАЗПРОМ ао
43 209	
5 643 743 024	
185,37	
184,86	
184,12	
186,45	
185,4
PLZL	
Полюс
33 238	
5 073 763 353	
14 883,5	
14 549,5	
14 452	
15 274,5	
15 128,5
POGR	
Petropavl
71 393	
4 347 080 351	
36,965	
37,2	
34,765	
40	
38
IRAO	
ИнтерРАОао
33 881	
3 152 284 775	
5,91	
5,755	
5,6755	
6,063	
6,015
AFLT	
Аэрофлот
47 694	
2 853 965 543	
87,46	
85,44	
84,28	
89,4	
88,22
POLY	
Polymetal
29 030	
2 250 892 866	
1 651,5	
1 636,6	
1 623	
1 686,8	
1 675
MGNT	
Магнит ао
21 692	
2 213 300 060	
4 760	
4 717	
4 692,5	
4 804,5	
4 763,5
YNDX	
Yandex clA
24 867	
1 956 989 896	
3 996,8	
3 982	
3 931	
4 045	
4 024,2
ROSN	
Роснефть
13 241	
1 610 632 243	
358,95	
358,2	
357,4	
360,7	
359,25
SNGS	
Сургнфгз
11 768	
1 225 950 669	
37,77	
37,27	
36,95	
38,245	
38,18
HYDR	
РусГидро
28 575	
1 205 721 091	
0,743	
0,7577	
0,7311	
0,7577	
0,7381
VTBR	
ВТБ ао
28 200	
1 112 095 432	
0,037695	
0,03749	
0,03712	
0,038025	
0,0379
MOEX	
МосБиржа
17 276	
1 000 144 552	
127,09	
125,65	
125,17	
128,33	
128,2
ALRS	
АЛРОСА ао
20 827	
943 214 747	
64,45	
63,99	
63,19	
65,05	
65,05
MTSS	
МТС-ао
13 600	
887 895 512	
321,5	
321,85	
319,2	
323,55	
320,5
NLMK	
НЛМК ао
13 679	
881 428 231	
143,4	
141	
140,22	
144,5	
144,5
TATN	
Татнфт 3ао
10 762	
864 540 066	
562,2	
558,5	
557	
565,3	
565,3
NVTK	
Новатэк ао
9 715	
825 429 092	
1 092	
1 082,8	
1 080	
1 100	
1 093,2
SBERP	
Сбербанк-п
14 580	
773 367 819	
198,67	
197,62	
196,67	
199,95	
199,35
SNGSP	
Сургнфгз-п
8 893	
614 929 411	
36,125	
35,89	
35,805	
36,34	
36,34
CHMF	
СевСт-ао
15 376	
546 639 413	
892,4	
889,8	
885,2	
897	
894
MAGN	
ММК
6 000	
540 124 185	
38,88	
38,5	
38,225	
39,16	
39,16
DSKY	
ДетскийМир
16 583	
475 745 821	
115,32	
115,84	
113,28	
118,72	
115,1
FIVE	
FIVE-гдр
5 883	
469 014 988	
2 776,5	
2 777,5	
2 720,5	
2 796,5	
2 790
AFKS	
Система ао
10 154	
448 487 360	
18,875	
19,004	
18,721	
19,141	
18,898
MAIL	
MAIL-гдр
14 418	
390 316 230	
1 899,2	
1 912	
1 882,8	
1 915,8	
1 906,2
NMTP	
НМТП ао
11 336	
370 332 866	
10,655	
10,7	
10,52	
10,725	
10,725
RSTI	
Россети ао
5 733	
326 612 724	
1,5997	
1,6011	
1,5601	
1,6215	
1,6065
RUAL	
РУСАЛ ао
10 017	
294 364 173	
26,455	
26,5	
26,12	
26,65	
26,56
FEES	
ФСК ЕЭС ао
6 616	
277 521 548	
0,19472	
0,1943	
0,19122	
0,1965	
0,1947
SIBN	
Газпрнефть
4 564	
268 913 910	
322	
321,8	
319	
323,45	
323,3
CBOM	
МКБ ао
7 708	
255 701 796	
5,77	
5,775	
5,729	
5,798	
5,79
TRNFP	
Транснф ап
793	
201 776 550	
133 550	
133 400	
133 150	
134 000	
133 850
TCSG	
TCS-гдр
6 694	
175 805 647	
1 750,4	
1 721,2	
1 711,8	
1 782	
1 775,8
MVID	
М.видео
5 535	
171 014 398	
444,5	
451	
438,2	
452,2	
446,2
OGKB	
ОГК-2 ао
6 145	
153 138 925	
0,7347	
0,7339	
0,7262	
0,7484	
0,7332
TATNP	
Татнфт 3ап
3 833	
145 999 636	
537,7	
537,9	
530	
540,9	
538,2
PHOR	
ФосАгро ао
3 147	
136 189 043	
2 599	
2 600	
2 571	
2 615	
2 613
UPRO	
Юнипро ао
3 119	
103 100 580	
2,848	
2,84	
2,822	
2,867	
2,834
RTKM	
Ростел -ао
4 223	
100 994 673	
89,71	
89,62	
88,91	
90,34	
89,5
SELG	
Селигдар
6 011	
99 085 696	
33,01	
31,49	
31,18	
34,15	
33,4
TRMK	
ТМК ао
5 189	
94 319 606	
55,52	
58,08	
54,68	
58,38	
55
LNTA	
Лента др
5 123	
74 669 826	
187,2	
188	
184,1	
189,9	
186,2
LNZL	
Лензолото
1 649	
57 322 760	
12 600	
12 210	
12 150	
12 900	
12 580
LSRG	
ЛСР ао
3 278	
52 444 145	
732,6	
728,4	
721,4	
743,8	
732,2
AGRO	
AGRO-гдр
1 839	
51 883 217	
685	
684,8	
668,2	
691	
686
PIKK	
ПИК ао
1 650	
46 744 843	
454,4	
446,5	
445,9	
457,5	
454,7
CNTL	
Телеграф
1 130	
41 545 070	
27,05	
26,95	
26,95	
27,25	
27,1
BANEP	
Башнефт ап
1 983	
41 439 226	
1 352	
1 345	
1 340,5	
1 360	
1 350
ROLO	
Русолово
3 222	
40 569 050	
4,674	
4,12	
4,12	
4,938	
4,668
MSNG	
+МосЭнерго
1 052	
39 935 441	
2,156	
2,14	
2,109	
2,1745	
2,15
ETLN	
ETLN-гдр
2 088	
38 075 884	
109,5	
110	
108,56	
110	
109,68
ENRU	
ЭнелРос ао
2 510	
38 069 241	
0,9375	
0,939	
0,927	
0,944	
0,937
MTLR	
Мечел ао
3 617	
36 335 861	
65,57	
65,52	
65,12	
65,91	
65,7
ENPG	
ЭН+ГРУП ао
1 341	
36 041 511	
674	
660,5	
641	
690	
685,5
RTKMP	
Ростел -ап
2 809	
35 972 056	
83,3	
83,2	
83	
84,05	
83,45
QIWI	
iQIWI
1 877	
33 889 155	
1 317,5	
1 327	
1 299	
1 345,5	
1 305
TGKA	
ТГК-1
2 188	
27 801 932	
0,012082	
0,0121	
0,012004	
0,012162	
0,012046
LSNGP	
РСетиЛЭ-п
2 232	
25 907 093	
152,15	
153,35	
150,85	
153,4	
150,9
RASP	
Распадская
660	
22 566 702	
107,74	
107,72	
106	
108,6	
107,76
AQUA	
РусАква ао
1 015	
21 421 680	
191,5	
195,5	
190,5	
195,5	
192
MTLRP	
Мечел ап
933	
20 558 656	
83,9	
83,45	
82,6	
84,7	
84,5
CNTLP	
Телеграф-п
1 331	
19 792 356	
27,04	
26,94	
26,92	
27,16	
27
LIFE	
iФармсинтз
1 961	
19 668 792	
7,79	
7,6	
7,515	
8,12	
7,715
LNZLP	
Лензол. ап
918	
17 857 770	
4 360	
4 120	
4 120	
4 510	
4 355
SELGP	
Селигдар-п
805	
14 677 235	
28,3	
28	
27,75	
28,8	
28,15
NKNCP	
НКНХ ап
2 168	
14 040 866	
79,02	
79,16	
78,4	
79,62	
79,2
VSMO	
ВСМПО-АВСМ
214	
13 461 740	
18 320	
18 480	
18 200	
18 480	
18 300
MSRS	
РСетиМР ао
569	
12 806 315	
1,1805	
1,152	
1,1505	
1,1965	
1,193
KRKNP	
СаратНПЗ-п
396	
12 571 040	
16 440	
16 160	
16 160	
16 580	
16 400
MRKP	
МРСК ЦП
788	
12 029 148	
0,2065	
0,2051	
0,2043	
0,2083	
0,2073
BSPB	
БСП ао
1 435	
11 581 692	
42,5	
42,6	
42,1	
42,79	
42,56
EELT	
ЕвроЭлтех
756	
11 518 769	
9,1	
9,12	
8,74	
9,66	
8,9
SFIN	
САФМАР ао
107	
9 358 632	
518,6	
516,8	
514,6	
519,4	
519,4
MRKC	
МРСК Центр
480	
9 066 791	
0,2902	
0,2822	
0,2822	
0,2948	
0,2906
IRKT	
ИРКУТ-3
659	
8 334 606	
37,08	
37,5	
36,02	
38	
37,6
GTRK	
ГТМ ао
1 255	
8 304 991	
44,35	
43,2	
42,55	
46,6	
43,35
MGNZ	
СМЗ-ао
843	
7 927 770	
5 120	
4 510	
4 500	
5 580	
4 820
BELU	
Белуга ао
639	
7 926 315	
1 349	
1 360	
1 321	
1 390	
1 348
RSTIP	
Россети ап
559	
7 526 337	
2,09	
2,1	
2,08	
2,108	
2,081
OBUV	
ОР ао
670	
7 019 228	
33,55	
33,75	
33,25	
33,9	
33,7
BANE	
Башнефт ао
505	
6 336 810	
1 742,5	
1 744	
1 722,5	
1 749	
1 744,5
UNAC	
iАвиастКао
483	
5 717 849	
0,4815	
0,4925	
0,47	
0,4925	
0,486
CHEP	
ЧТПЗ ао
564	
5 435 020	
211	
208,5	
206	
215	
207,5
VZRZP	
Возрожд-п
47	
5 259 036	
339,4	
342,6	
330	
342,6	
338
VLHZ	
ВХЗ-ао
980	
5 077 846	
52,45	
54,8	
51,35	
54,9	
51,95
UNKL	
ЮУНК ао
515	
5 073 290	
6 140	
6 200	
6 030	
6 350	
6 080
PAZA	
ПавлАвт ао
402	
4 990 250	
8 760	
8 700	
8 430	
9 290	
8 560
RNFT	
РуссНфт ао
1 249	
4 808 599	
507,6	
506,6	
505,2	
512,2	
511,8
UWGN	
ОВК ао
480	
4 666 599	
229,4	
242,5	
181,3	
242,7	
237,9
KROT	
КрасОкт-ао
398	
4 532 095	
372,5	
343,5	
343,5	
392	
362,5
BRZL	
БурЗолото
497	
3 929 627	
896	
915	
880	
915	
885
FESH	
ДВМП ао
372	
3 883 399	
7,64	
7,78	
7,59	
7,78	
7,72
MRKV	
РсетВол ао
539	
3 801 535	
0,0732	
0,0731	
0,07255	
0,0736	
0,0735
ISKJ	
iИСКЧ ао
315	
3 345 650	
25,7	
25,84	
25,5	
26,1	
25,71
AKRN	
Акрон
231	
3 167 270	
5 646	
5 624	
5 620	
5 666	
5 662
HALS	
Галс-Девел
392	
3 065 632	
1 131	
1 111	
1 060	
1 190	
1 109
UTAR	
ЮТэйр ао
400	
3 042 786	
7,25	
7,13	
7,07	
7,6	
7,15
TGKB	
ТГК-2
305	
2 788 355	
0,004065	
0,00413	
0,004015	
0,00413	
0,0041
RTSB	
ТНСэнРст
95	
2 727 500	
0,415	
0,4	
0,39	
0,43	
0,41
RUGR	
Русгрэйн
1 970	
2 563 734	
8,692	
8,58	
8,412	
8,9	
8,538
GCHE	
ЧеркизГ-ао
354	
2 497 049	
1 755	
1 752	
1 743	
1 779	
1 751
SLEN	
Сахэнер ао
294	
2 422 150	
5,53	
5,785	
5,41	
5,785	
5,56
NKNC	
НКНХ ао
452	
2 231 395	
93,4	
93,7	
92,5	
94	
93,55
APTK	
Аптеки36и6
1 007	
1 929 575	
13,568	
13,594	
13,534	
13,644	
13,548
GAZAP	
ГАЗ ап
236	
1 787 200	
307	
313,5	
304	
313,5	
309,5
MSTT	
Мостотрест
70	
1 615 170	
156,2	
156,35	
155	
157	
155,8
KRKOP	
ТКЗКК ап
562	
1 568 515	
7,5	
7,8	
7,24	
7,835	
7,65
RZSB	
РязЭнСб
83	
1 562 800	
9,36	
9,4	
9,2	
9,56	
9,4
URKZ	
УрКузница
58	
1 549 800	
17 040	
16 500	
16 420	
17 300	
16 740
PMSBP	
ПермьЭнС-п
121	
1 514 136	
129,6	
129,8	
128	
130,4	
129
RUSI	
ИКРУСС-ИНВ
286	
1 413 740	
40,7	
42,8	
39,2	
47	
43,6
GEMA	
iММЦБ ао
269	
1 410 094	
601,5	
603	
600	
605	
601
KRSB	
Красэсб ао
90	
1 403 240	
6,91	
6,61	
6,55	
7,41	
6,71
MGTSP	
МГТС-4ап
226	
1 394 890	
1 984	
1 984	
1 980	
1 994	
1 982
INGR	
ИНГРАД ао
109	
1 391 784	
731	
727	
725	
735	
728
NSVZ	
НаукаСвяз
260	
1 353 530	
215,5	
215,5	
203,5	
222	
218,5
AMEZ	
АшинскийМЗ
157	
1 349 475	
4,155	
4,15	
4,135	
4,19	
4,155
TGKN	
ТГК-14
113	
1 312 660	
0,00307	
0,00309	
0,00305	
0,0031	
0,00309
KLSB	
КалужскСК
174	
1 179 230	
11,76	
11,58	
11,55	
11,86	
11,7
RUSP	
Русполимет
113	
1 140 750	
0,6375	
0,623	
0,62	
0,66	
0,637
TORS	
ТРК ао
136	
1 099 170	
0,412	
0,398	
0,393	
0,44	
0,422
RGSS	
РГС СК ао
205	
1 067 910	
0,1488	
0,1508	
0,148	
0,1508	
0,1498
MRKY	
РоссЮг ао
118	
1 036 844	
0,05045	
0,0499	
0,0499	
0,05115	
0,0504
DIOD	
ЗаводДИОД
299	
961 907	
6,37	
6,39	
6,3	
6,42	
6,4
KZOS	
ОргСинт ао
237	
933 135	
86,9	
87,2	
86,6	
87,2	
87
DVEC	
ДЭК ао
76	
929 043	
1,031	
1,027	
1,025	
1,035	
1,035
MAGEP	
МагадЭн ап
22	
909 065	
6,14	
6,055	
5,995	
6,2	
6,2
SVAV	
СОЛЛЕРС
59	
874 160	
266,5	
267	
265	
268,5	
266
MRKU	
МРСК Ур
109	
873 448	
0,1554	
0,1554	
0,1546	
0,158	
0,156
KAZT	
Куйбазот
81	
803 780	
143	
148,2	
131	
151	
147,2
KRSBP	
Красэсб ап
64	
782 660	
6,82	
6,54	
6,4	
7,22	
6,6
USBN	
УралСиб ао
72	
781 514	
0,0683	
0,0685	
0,0677	
0,0686	
0,0682
CHMK	
ЧМК ао
108	
773 090	
2 550	
2 595	
2 535	
2 595	
2 545
TORSP	
ТРК ап
108	
747 990	
0,269	
0,2695	
0,2655	
0,279	
0,276
KROTP	
КрасОкт-1п
127	
693 870	
276,5	
264	
262	
298	
276
KZOSP	
ОргСинт ап
239	
693 419	
12,06	
11,99	
11,92	
12,19	
12,01
BLNG	
Белон ао
304	
691 890	
4,568	
4,618	
4,514	
4,64	
4,574
TGKD	
Квадра
103	
677 335	
0,00311	
0,003145	
0,003075	
0,003145	
0,00311
KMAZ	
КАМАЗ
195	
661 758	
57,8	
57,6	
57,2	
58,1	
58
PMSB	
ПермьЭнСб
145	
652 168	
129,9	
129,3	
128	
132,6	
129,9
RBCM	
РБК ао
161	
630 074	
3,35	
3,356	
3,332	
3,384	
3,358
ABRD	
АбрауДюрсо
81	
619 160	
130	
129	
129	
130	
129,5
LSNG	
РСетиЛЭ
145	
589 074	
6,05	
6,1	
6,02	
6,11	
6,05
BISVP	
БашИнСв ап
63	
559 785	
8,21	
8,2	
8,15	
8,32	
8,25
STSBP	
СтаврЭнСбп
143	
546 148	
0,3575	
0,359	
0,355	
0,36	
0,359
MRKS	
РсетСиб ао
43	
504 355	
0,2415	
0,2455	
0,237	
0,2455	
0,243
NKHP	
НКХП ао
113	
473 405	
230	
230	
228,5	
232,5	
230,5
IGSTP	
Ижсталь ап
123	
472 415	
773	
780	
760	
795	
778
TTLK	
Таттел. ао
71	
448 035	
0,2835	
0,282	
0,282	
0,2855	
0,285
ALNU	
АЛРОСА-Нюр
8	
433 600	
54 200	
54 200	
54 000	
54 400	
54 200
VJGZP	
Варьеган-п
17	
388 540	
350	
343	
343	
352	
350
MRKZ	
МРСК СЗ
94	
356 742	
0,05075	
0,05055	
0,0501	
0,05135	
0,05065
MRKK	
Россети СК
31	
353 902	
25,86	
25,82	
25,82	
26,22	
25,96
RAVN	
Raven
25	
348 190	
30,3	
30,3	
29,95	
30,5	
30,15
IGST	
Ижсталь2ао
76	
335 508	
981	
975	
945	
1 018	
1 011
ZILL	
ЗИЛ ао
22	
334 645	
2 595	
2 590	
2 580	
2 610	
2 595
RLMN	
Роллман
113	
313 370	
19,55	
19,45	
19,2	
19,75	
19,5
IRGZ	
ИркЭнерго
72	
304 372	
11,72	
11,74	
11,66	
11,78	
11,72
JNOSP	
Слав-ЯНОСп
44	
291 486	
13,96	
14,16	
13,66	
14,56	
13,9
TGKBP	
ТГК-2 ап
34	
286 920	
0,007	
0,00715	
0,00694	
0,00715	
0,00697
HIMCP	
Химпром ап
52	
282 531	
6,02	
6,11	
5,99	
6,14	
6
CHKZ	
ЧКПЗ ао
10	
267 160	
5 340	
5 360	
5 340	
5 400	
5 380
KBSB	
ТНСэКубань
33	
266 725	
138	
138	
137,5	
139,5	
138
MISB	
ТНСэнМарЭл
24	
266 470	
12,8	
12,6	
12,6	
13	
13
YAKG	
ЯТЭК ао
7	
261 450	
41,5	
41,5	
41,5	
41,5	
41,5
NAUK	
iНПОНаука
69	
259 484	
180,2	
181,8	
178	
183	
180,8
OMZZP	
ОМЗ-ап
54	
252 225	
3 505	
3 460	
3 450	
3 560	
3 475
KOGK	
КоршГОК ао
5	
244 200	
48 800	
49 000	
48 600	
49 000	
49 000
KMEZ	
КМЗ
107	
242 319	
491,5	
493	
485,5	
497,5	
488
VRSBP	
ТНСэнВор-п
26	
227 900	
45,5	
46	
45	
46	
45,5
MISBP	
ТНСэМаЭл-п
24	
224 220	
12,8	
12,8	
12,6	
13	
12,8
NKSH	
Нижкамшина
31	
222 042	
22,2	
22,2	
22,06	
22,74	
22,5
ZVEZ	
ЗВЕЗДА ао
30	
220 770	
4,505	
4,505	
4,455	
4,54	
4,51
KGKCP	
КурганГКап
36	
188 505	
53,5	
53	
52,5	
55	
55
VGSB	
ВолгЭнСб
52	
177 615	
1,63	
1,575	
1,575	
1,665	
1,65
ELTZ	
Электрцинк
91	
177 343	
162,5	
165	
161	
165	
163
KUZB	
КузнецкийБ
287	
173 004	
0,01518	
0,01527	
0,01501	
0,01529	
0,01526
TUZA	
ТЗА ао
28	
150 800	
93	
92	
91	
94	
93
MFGSP	
Мегион-ап
25	
149 735	
332,5	
322,5	
322,5	
338	
328
MGTS	
МГТС-5ао
32	
145 345	
2 270	
2 260	
2 255	
2 290	
2 280
GAZA	
ГАЗ ао
17	
140 255	
389,5	
390	
384	
395	
393,5
RDRB	
РДБанк ао
29	
129 050	
245	
240	
240	
245	
245
STSB	
СтаврЭнСб
47	
127 103	
0,3935	
0,3975	
0,3895	
0,401	
0,3925
TGKDP	
Квадра-п
41	
125 321	
0,00389	
0,00392	
0,00378	
0,00393	
0,0038
MFGS	
Мегион-ао
8	
118 875	
371,5	
371	
371	
371,5	
371,5
KBTK	
КузбТК ао
35	
113 304	
153,2	
152	
151,8	
154,8	
152,2
YKEN	
Якутскэнрг
17	
113 155	
0,3535	
0,355	
0,35	
0,355	
0,355
WTCMP	
ЦМТ ап
17	
111 282	
8,06	
8,1	
8,02	
8,1	
8,1
RKKE	
ЭнергияРКК
16	
107 120	
5 100	
5 050	
5 050	
5 130	
5 130
KRKN	
СаратНПЗ
8	
101 350	
12 650	
12 550	
12 550	
12 750	
12 700
ROSB	
Росбанк ао
34	
96 528	
70,6	
69,8	
69,8	
72	
71,2
VSYD	
ВыбСудЗ ао
21	
93 390	
3 890	
3 905	
3 850	
3 910	
3 905
ASSB	
АстрЭнСб
50	
91 714	
0,752	
0,748	
0,7455	
0,759	
0,7485
LPSB	
ЛЭСК ао
41	
87 210	
7,65	
7,7	
7,6	
7,8	
7,65
KTSBP	
КСБ ап
8	
71 360	
0,255	
0,253	
0,253	
0,259	
0,2585
YKENP	
Якутскэн-п
10	
70 525	
0,336	
0,3385	
0,3335	
0,3475	
0,334
WTCM	
ЦМТ ао
30	
67 214	
8,84	
8,98	
8,8	
8,98	
8,86
RTSBP	
ТНСэнРст-п
13	
66 090	
0,3	
0,307	
0,297	
0,307	
0,299
SAGO	
СамарЭн-ао
7	
63 860	
0,456	
0,462	
0,454	
0,462	
0,462
SARE	
СаратЭн-ао
13	
58 830	
0,1178	
0,1164	
0,1164	
0,1188	
0,1188
JNOS	
Славн-ЯНОС
7	
55 665	
18,55	
18,7	
18,3	
18,7	
18,65
ROST	
РОСИНТЕРао
22	
51 556	
60	
60	
59,4	
60,8	
60,2
ALBK	
БестЭфБ ао
12	
51 485	
52	
52	
52	
52,5	
52,5
KCHE	
КамчатЭ ао
5	
50 065	
0,2005	
0,201	
0,2	
0,2025	
0,2025
VSYDP	
ВыбСудЗ ап
10	
45 240	
4 120	
4 040	
4 040	
4 140	
4 140
AVAN	
Авангрд-ао
18	
45 040	
695	
710	
685	
710	
700
TASB	
ТамбЭнСб
7	
42 695	
0,427	
0,422	
0,422	
0,44	
0,428
ARSA	
Арсагера
8	
39 840	
3,32	
3,31	
3,3	
3,35	
3,3
TASBP	
ТамбЭнСб-п
11	
35 935	
0,3265	
0,328	
0,3255	
0,328	
0,326
CHGZ	
РН-ЗапСиб
6	
35 020	
35	
35	
35	
35,2	
35
UCSS	
ОКС ао
17	
34 990	
1 460	
1 460	
1 450	
1 470	
1 460
MRSB	
МордЭнСб
8	
34 140	
0,341	
0,342	
0,34	
0,344	
0,343
DZRD	
iДонскЗР
15	
31 685	
1 980	
1 980	
1 965	
1 995	
1 995
KUBE	
Кубанэнр
15	
28 546	
69,6	
70,1	
69,2	
70,1	
69,8
VGSBP	
ВолгЭнСб-п
3	
27 360	
1,14	
1,14	
1,14	
1,14	
1,14
LVHK	
Левенгук
10	
26 633	
7,83	
8,03	
7,8	
8,03	
7,82
SAGOP	
СамарЭн-ап
6	
24 280	
0,405	
0,402	
0,402	
0,407	
0,407
RLMNP	
Роллман-п
28	
24 100	
20,42	
20,98	
20,12	
20,98	
20,36
DZRDP	
iДонскЗР п
8	
23 650	
1 580	
1 570	
1 570	
1 590	
1 590
PRMB	
Приморье
1	
22 200	
22 200	
22 200	
22 200	
22 200	
22 200
MAGE	
МагадЭн ао
3	
21 690	
7,23	
7,29	
7,2	
7,29	
7,2
NFAZ	
Нефтекамск
7	
21 570	
166	
165,8	
165,6	
168,8	
165,6
VRSB	
ТНСэнВорон
4	
20 920	
52,4	
52,2	
52,2	
52,4	
52,2
YRSBP	
ТНСэнЯр-п
16	
20 010	
87	
87	
87	
87	
87
UKUZ	
ЮжКузб. ао
6	
19 410	
540	
542	
536	
542	
536
NNSB	
ТНСэнНН ао
7	
15 635	
1 305	
1 305	
1 300	
1 305	
1 300
KCHEP	
КамчатЭ ап
4	
14 060	
0,352	
0,351	
0,35	
0,355	
0,35
KAZTP	
Куйбазот-п
3	
10 408	
148,8	
148,4	
148,4	
148,8	
148,8
KTSB	
КСБ ао
8	
7 880	
0,606	
0,612	
0,598	
0,612	
0,608
TNSE	
ТНСэнрг ао
4	
4 840	
970	
965	
965	
980	
965
SAREP	
СаратЭн-ап
4	
4 630	
0,0926	
0,0924	
0,092	
0,0934	
0,0932
KGKC	
КурганГКао
3	
3 740	
53	
53	
53	
54	
54
YRSB	
ТНСэнЯр
2	
3 360	
168	
166	
166	
170	
170
VJGZ	
Варьеган
4	
2 381	
595	
596	
594	
596	
594
BISV	
БашИнСв ао
0	
0	
-	
-	
-	
-	
8,7
GAZC	
ГАЗКОН-ао
0	
0	
-	
-	
-	
-	
295
PRTK	
ПРОТЕК ао
0	
0	
-	
-	
-	
-	
99,6
GAZC	
ГАЗКОН-ао
0	
0	
-	
-	
-	
-	
295
GTSS	
ГЕОТЕК ао
0	
0	
-	
-	
-	
-	
-
NPOF	
Физика ао
0	
0	
-	
-	
-	
-	
11 850
RTGZ	
ГазпРнД ао
0	
0	
-	
-	
-	
-	
23 500
TRCN	
ТрансК ао
0	
0	
-	
-	
-	
-	
8 595
KMTZ	
КосогМЗ ао
0	
0	
-	
-	
-	
-	
-
KZMS	
КЗМС ао
0	
0	
-	
-	
-	
-	
226
TRFM	
ТрансФ ао
0	
0	
-	
-	
-	
-	
-
GAZS	
ГАЗ-сервис
0	
0	
-	
-	
-	
-	
293
HIMC	
Химпром ао
0	
0	
-	
-	
-	
-	
0,99
GAZT	
ГАЗ-Тек ао
0	
0	
-	
-	
-	
-	
85
KSGR	
Кокс ао
0	
0	
-	
-	
-	
-	
-
MOBB	
МосОблБанк
0	
0	
-	
-	
-	
-	
0,698
URKA	
Уркалий-ао
0	
0	
-	
-	
-	
-	
119,04
VZRZ	
Возрожд-ао
0	
0	
-	
-	
-	
-	
480
BISV	
БашИнСв ао
0	
0	
-	
-	
-	
-	
8,7
MFON	
МегаФон ао
0	
0	
-	
-	
-	
-	
650,6
KRKO	
ТКЗКК ао
0	
0	
-	
-	
-	
-	
11,8
MORI	
Морион ао
0	
0	
-	
-	
-	
-	
4,31