SBER	
Сбербанк
102 789	
13 519 382 620	
229,22	
232,3	
226,9	
232,97	
227,33
YNDX	
Yandex clA
103 312	
13 004 362 423	
4 964,2	
4 920	
4 890,6	
5 078,2	
4 984,4
LKOH	
ЛУКОЙЛ
23 255	
5 050 998 718	
5 191	
5 199,5	
5 145	
5 228	
5 220
GMKN	
ГМКНорНик
20 501	
3 770 341 750	
19 908	
20 050	
19 692	
20 130	
19 780
GAZP	
ГАЗПРОМ ао
50 589	
3 636 806 359	
185,89	
187,45	
184,73	
187,99	
186,1
ROSN	
Роснефть
18 485	
2 337 568 135	
391,2	
389,5	
386,7	
393,45	
393,45
MGNT	
Магнит ао
14 709	
2 181 497 568	
4 605	
4 615	
4 576	
4 644,5	
4 639
SBERP	
Сбербанк-п
37 006	
1 806 107 159	
217,52	
219,25	
216	
219,8	
216,48
PLZL	
Полюс
13 096	
1 752 416 960	
17 960	
17 983,5	
17 820,5	
18 127	
17 860
MAIL	
MAIL-гдр
38 598	
1 718 577 527	
2 278,6	
2 192	
2 190	
2 344,8	
2 314
VTBR	
ВТБ ао
45 660	
1 303 985 308	
0,03595	
0,03632	
0,03565	
0,03646	
0,035665
TATN	
Татнфт 3ао
14 786	
1 045 697 666	
568	
573	
565,2	
575	
569,3
MOEX	
МосБиржа
18 101	
1 034 096 733	
143,78	
145,8	
143,05	
146,4	
143,5
NVTK	
Новатэк ао
12 396	
910 910 912	
1 138,6	
1 147	
1 131,4	
1 148,6	
1 139
SNGSP	
Сургнфгз-п
15 366	
837 711 521	
37,77	
37,73	
37,36	
38,135	
38,05
MVID	
М.видео
17 156	
830 464 065	
563,9	
537,4	
532,1	
579,6	
572,8
SNGS	
Сургнфгз
13 570	
794 179 451	
37,225	
37,725	
37	
37,8	
37,185
MTSS	
МТС-ао
9 353	
787 668 045	
344,05	
344,3	
342,45	
345,85	
343,7
IRAO	
ИнтерРАОао
10 818	
718 524 272	
5,3215	
5,4	
5,2805	
5,4	
5,313
NLMK	
НЛМК ао
10 715	
700 329 390	
159,92	
160,22	
159,28	
160,94	
160,2
CHMF	
СевСт-ао
11 656	
694 754 316	
961	
966,4	
955,8	
968,8	
962,4
POLY	
Polymetal
10 822	
687 254 659	
1 928,2	
1 921	
1 917,3	
1 939,7	
1 928,1
ALRS	
АЛРОСА ао
14 415	
642 330 307	
67,04	
67,47	
66,61	
67,59	
67,14
AFKS	
Система ао
11 337	
571 808 019	
21,305	
21,46	
20,93	
21,5	
21,42
CBOM	
МКБ ао
14 364	
556 594 938	
5,861	
5,909	
5,741	
5,934	
5,9
AFLT	
Аэрофлот
13 306	
534 989 378	
83,84	
84,18	
81,82	
91,18	
83,16
DSKY	
ДетскийМир
22 817	
525 179 672	
122,08	
124,18	
119,74	
126,24	
121,02
TCSG	
TCS-гдр
13 651	
419 829 172	
1 973,2	
1 923,2	
1 923,2	
2 000	
1 987,2
POGR	
Petropavl
10 016	
408 716 756	
31,665	
31,495	
31,185	
32,4	
31,91
MAGN	
ММК
6 682	
372 629 285	
39,59	
39,735	
39,39	
39,95	
39,57
HYDR	
РусГидро
10 863	
357 713 282	
0,731	
0,7352	
0,7243	
0,739	
0,7306
SIBN	
Газпрнефть
5 620	
337 260 882	
320,25	
321,3	
319,15	
321,8	
319,5
TRNFP	
Транснф ап
1 234	
331 731 400	
141 750	
142 550	
140 650	
143 400	
141 450
RUAL	
РУСАЛ ао
11 128	
305 550 312	
32,07	
32,3	
31,73	
32,38	
32,11
RTKM	
Ростел -ао
10 090	
265 396 838	
97,59	
97,62	
96,64	
98,34	
97,4
FEES	
ФСК ЕЭС ао
5 402	
247 246 898	
0,19874	
0,20002	
0,19774	
0,20064	
0,1985
TATNP	
Татнфт 3ап
5 906	
220 157 510	
546,2	
548,5	
543	
553	
547,2
FIVE	
FIVE-гдр
4 481	
196 638 400	
2 839,5	
2 868,5	
2 821	
2 884,5	
2 840
RSTI	
Россети ао
3 581	
173 538 010	
1,5179	
1,5353	
1,5062	
1,5368	
1,5095
PHOR	
ФосАгро ао
2 401	
128 099 600	
2 763	
2 757	
2 743	
2 784	
2 766
UPRO	
Юнипро ао
2 934	
127 127 002	
2,719	
2,739	
2,704	
2,742	
2,712
LNTA	
Лента др
6 286	
100 305 773	
207,3	
206,3	
204,3	
209,8	
206,1
RTKMP	
Ростел -ап
5 809	
83 101 788	
90,3	
90,85	
89,3	
91,4	
89,45
PIKK	
ПИК ао
1 320	
58 833 210	
495,5	
495	
493,5	
498,2	
498,2
OGKB	
ОГК-2 ао
4 180	
57 692 778	
0,7617	
0,7682	
0,7511	
0,7725	
0,759
LSRG	
ЛСР ао
3 251	
57 155 951	
773,4	
770,2	
770,2	
780,2	
774,2
MTLR	
Мечел ао
4 277	
49 810 538	
65,99	
66	
65,45	
66,59	
65,88
RASP	
Распадская
1 452	
47 956 578	
116,7	
117,96	
115,4	
119,08	
115,76
AGRO	
AGRO-гдр
2 869	
46 566 429	
757,2	
743	
743	
767	
764,2
BANEP	
Башнефт ап
1 908	
46 485 876	
1 345	
1 347,5	
1 342	
1 354	
1 343
QIWI	
iQIWI
2 485	
44 236 243	
1 400	
1 395	
1 389	
1 409,5	
1 393
SELG	
Селигдар
2 752	
44 148 817	
47,06	
47,51	
46,53	
47,8	
46,6
MTLRP	
Мечел ап
2 523	
38 339 853	
73,8	
73,65	
73,15	
74,7	
73,3
ETLN	
ETLN-гдр
2 414	
34 978 579	
114,16	
113,9	
113,3	
115,38	
115,2
SFIN	
САФМАР ао
70	
22 992 672	
529	
528,2	
528,2	
530	
529,6
MSNG	
+МосЭнерго
1 016	
22 854 360	
2,077	
2,095	
2,065	
2,102	
2,073
ENPG	
ЭН+ГРУП ао
862	
20 718 839	
702,5	
707	
697	
724,5	
702,5
AQUA	
РусАква ао
968	
18 751 565	
219,5	
221,5	
217	
222	
220
NMTP	
НМТП ао
1 920	
18 434 792	
9,035	
9	
8,98	
9,08	
9
TGKA	
ТГК-1
1 744	
18 409 355	
0,011786	
0,011846	
0,011764	
0,011856	
0,011796
BSPB	
БСП ао
1 198	
17 907 598	
43,95	
43,92	
43,67	
44,27	
43,73
ENRU	
ЭнелРос ао
1 577	
16 232 409	
0,8555	
0,9295	
0,921	
0,9295	
0,9235
RSTIP	
Россети ап
539	
15 946 676	
2,083	
2,078	
2,065	
2,106	
2,065
CNTLP	
Телеграф-п
1 332	
14 310 670	
16,54	
16,06	
16,04	
16,96	
16,5
NKNCP	
НКНХ ап
1 115	
11 553 089	
80,24	
81,5	
80	
81,5	
80,32
LSNGP	
РСетиЛЭ-п
838	
11 060 985	
152,6	
152	
152	
153,2	
152,5
DIOD	
ЗаводДИОД
1 229	
10 695 051	
8,61	
8,34	
8,3	
8,84	
8,76
BISVP	
БашИнСв ап
1 319	
10 355 732	
11,38	
10,6	
10,22	
12	
10,95
LNZL	
Лензолото
217	
9 764 230	
18 290	
18 250	
18 230	
18 360	
18 290
TRMK	
ТМК ао
267	
9 319 325	
58,58	
58,8	
58,4	
58,94	
58,6
MRKP	
МРСК ЦП
641	
8 940 701	
0,2183	
0,2187	
0,2166	
0,2205	
0,218
OBUV	
ОР ао
1 004	
8 815 966	
34,5	
34,5	
34,1	
34,95	
34,3
BANE	
Башнефт ао
522	
8 746 022	
1 744	
1 741	
1 738,5	
1 754,5	
1 743
MRKC	
МРСК Центр
588	
8 074 462	
0,2982	
0,299	
0,2932	
0,3016	
0,2942
SELGP	
Селигдар-п
419	
7 873 435	
35,05	
35,3	
34,7	
35,6	
35
KRKOP	
ТКЗКК ап
2 087	
7 643 608	
8,955	
8,5	
8,295	
9,5	
8,51
IRGZ	
ИркЭнерго
538	
7 407 330	
12,56	
12,14	
12	
12,84	
12,66
CNTL	
Телеграф
664	
7 333 860	
18,3	
18,5	
18,05	
18,6	
18,15
NSVZ	
НаукаСвяз
899	
7 203 110	
224	
232	
220	
235	
228
VSMO	
ВСМПО-АВСМ
189	
7 045 940	
17 740	
17 780	
17 660	
17 840	
17 700
UNKL	
ЮУНК ао
402	
6 724 600	
7 870	
7 980	
7 700	
8 250	
7 750
RUGR	
Русгрэйн
3 139	
6 524 710	
10,01	
9,8	
9,742	
10,276	
9,948
PRMB	
Приморье
211	
6 250 600	
27 000	
26 000	
25 000	
29 000	
27 000
TGKB	
ТГК-2
308	
5 925 575	
0,004395	
0,00443	
0,004355	
0,00444	
0,00439
VGSB	
ВолгЭнСб
668	
5 572 135	
4,82	
4,32	
4,26	
5,28	
4,67
GCHE	
ЧеркизГ-ао
499	
5 228 404	
1 890	
1 900	
1 880	
1 900	
1 884
AKRN	
Акрон
287	
5 015 294	
5 886	
5 858	
5 854	
5 940	
5 890
MSRS	
РСетиМР ао
233	
4 974 466	
1,1695	
1,1785	
1,1615	
1,182	
1,1675
HALS	
Галс-Девел
892	
4 904 859	
1 389	
1 329	
1 327	
1 438	
1 388
MGTSP	
МГТС-4ап
276	
4 894 318	
2 036	
2 030	
2 020	
2 066	
2 042
KTSBP	
КСБ ап
79	
4 598 885	
0,3225	
0,335	
0,3145	
0,335	
0,3235
NKNC	
НКНХ ао
596	
4 171 466	
92,7	
93,4	
91,55	
94	
92,55
STSBP	
СтаврЭнСбп
701	
4 064 351	
0,446	
0,466	
0,44	
0,4675	
0,4435
LIFE	
iФармсинтз
397	
4 049 764	
7,515	
7,59	
7,47	
7,65	
7,49
MRKV	
РсетВол ао
548	
3 965 056	
0,07245	
0,0726	
0,0719	
0,0731	
0,0721
STSB	
СтаврЭнСб
591	
3 662 529	
0,627	
0,6775	
0,602	
0,695	
0,6115
KLSB	
КалужскСК
433	
3 605 640	
13,55	
13,11	
12,87	
13,9	
13,36
KRKNP	
СаратНПЗ-п
160	
3 601 520	
15 660	
15 760	
15 600	
15 760	
15 660
RNFT	
РуссНфт ао
1 162	
3 393 291	
491	
495	
489,2	
495	
490,8
ARSA	
Арсагера
285	
3 084 710	
4,26	
4,17	
4,14	
4,58	
4,17
GTRK	
ГТМ ао
312	
3 047 445	
43,65	
44	
42,6	
44,2	
42,95
LNZLP	
Лензол. ап
215	
2 634 240	
4 880	
4 950	
4 830	
4 950	
4 830
FESH	
ДВМП ао
207	
2 557 199	
7,62	
7,65	
7,56	
7,69	
7,63
BRZL	
БурЗолото
381	
2 521 437	
1 140	
1 164	
1 100	
1 169	
1 135
EELT	
ЕвроЭлтех
150	
2 508 345	
8,18	
8,04	
8,04	
8,34	
8,3
MGTS	
МГТС-5ао
313	
2 492 340	
2 365	
2 315	
2 235	
2 475	
2 290
KMAZ	
КАМАЗ
543	
2 476 326	
64,1	
64	
63,7	
64,6	
64
UNAC	
iАвиастКао
270	
2 463 492	
0,498	
0,498	
0,494	
0,5	
0,5
ROLO	
Русолово
233	
2 432 252	
6,99	
7,02	
6,906	
7,09	
6,926
TGKN	
ТГК-14
182	
2 410 770	
0,00329	
0,00335	
0,00327	
0,00335	
0,00329
ABRD	
АбрауДюрсо
457	
2 275 950	
202,5	
209	
194	
210	
200
AMEZ	
АшинскийМЗ
391	
1 999 678	
4,92	
4,935	
4,85	
5,03	
4,885
APTK	
Аптеки36и6
1 278	
1 983 258	
13,416	
13,4	
13,4	
13,496	
13,404
URKZ	
УрКузница
57	
1 753 720	
16 700	
17 840	
16 040	
17 840	
16 900
PMSBP	
ПермьЭнС-п
157	
1 623 202	
131,6	
132,6	
130	
133,4	
130,6
LSNG	
РСетиЛЭ
302	
1 568 359	
6,03	
6,01	
6	
6,07	
6,01
YAKG	
ЯТЭК ао
85	
1 528 540	
42,1	
42,4	
41,8	
42,6	
42,35
NKHP	
НКХП ао
200	
1 480 645	
289	
300	
282	
300	
290,5
NKSH	
Нижкамшина
235	
1 459 186	
23,72	
23,88	
23,2	
24,66	
23,3
YKEN	
Якутскэнрг
104	
1 219 480	
0,419	
0,43	
0,4005	
0,436	
0,4165
ISKJ	
iИСКЧ ао
137	
1 182 577	
23,32	
23,33	
23,1	
23,66	
23,38
CHGZ	
РН-ЗапСиб
119	
1 149 380	
59	
59	
57	
61	
57
BELU	
Белуга ао
195	
1 141 988	
1 308	
1 318	
1 301	
1 318	
1 312
TUZA	
ТЗА ао
201	
1 138 790	
104	
102	
98	
111	
106
RKKE	
ЭнергияРКК
96	
990 940	
7 930	
8 030	
7 730	
8 030	
7 900
RBCM	
РБК ао
245	
981 250	
3,412	
3,422	
3,37	
3,47	
3,42
MRKU	
МРСК Ур
118	
980 292	
0,1506	
0,1524	
0,15	
0,1524	
0,1508
RTSB	
ТНСэнРст
80	
959 950	
0,755	
0,755	
0,74	
0,77	
0,745
KUZB	
КузнецкийБ
626	
953 161	
0,0157	
0,0161	
0,01553	
0,0161	
0,01584
SARE	
СаратЭн-ао
180	
911 790	
0,1688	
0,17	
0,165	
0,1742	
0,168
VGSBP	
ВолгЭнСб-п
214	
902 800	
2,2	
2,05	
2,05	
2,285	
2,17
ALBK	
БестЭфБ ао
188	
894 040	
54,5	
56,5	
54	
56,5	
55,5
TORS	
ТРК ао
75	
834 690	
0,461	
0,468	
0,403	
0,524	
0,449
CHEP	
ЧТПЗ ао
147	
805 535	
214	
214	
212	
216	
216
KROT	
КрасОкт-ао
117	
796 355	
383	
386,5	
373	
390	
380
KZOS	
ОргСинт ао
212	
794 324	
86,4	
86,7	
86,2	
86,7	
86,4
VZRZP	
Возрожд-п
76	
706 194	
319,6	
318,6	
317	
324,6	
318
HIMCP	
Химпром ап
107	
703 062	
6,11	
6,13	
6,04	
6,15	
6,1
MSTT	
Мостотрест
102	
676 084	
159,1	
161	
158,5	
161	
159
RTSBP	
ТНСэнРст-п
82	
662 900	
0,631	
0,633	
0,612	
0,649	
0,648
ZILL	
ЗИЛ ао
29	
651 670	
2 595	
2 600	
2 575	
2 650	
2 595
TTLK	
Таттел. ао
87	
638 370	
0,324	
0,3255	
0,3215	
0,3255	
0,3245
MRKZ	
МРСК СЗ
86	
599 398	
0,05095	
0,0515	
0,05075	
0,0515	
0,05085
IGST	
Ижсталь2ао
127	
599 009	
1 036	
1 040	
1 002	
1 098	
1 002
VRSB	
ТНСэнВорон
48	
596 800	
85,2	
86,6	
83,6	
88,6	
85,2
UWGN	
ОВК ао
191	
593 269	
232,3	
232,5	
229,1	
234,8	
231,3
NAUK	
iНПОНаука
120	
592 230	
205,6	
207	
202,2	
208,8	
205,8
SVAV	
СОЛЛЕРС
49	
554 225	
283	
283	
282	
284	
283
PAZA	
ПавлАвт ао
52	
553 790	
9 080	
9 180	
8 930	
9 200	
9 130
ZVEZ	
ЗВЕЗДА ао
42	
537 780	
4,675	
4,695	
4,6	
4,755	
4,62
IRKT	
ИРКУТ-3
85	
514 948	
35,52	
35,76	
35,3	
35,82	
35,32
KRKN	
СаратНПЗ
16	
514 500	
12 850	
13 000	
12 700	
13 000	
13 000
MISBP	
ТНСэМаЭл-п
82	
477 020	
11,7	
12,1	
11,5	
12,1	
11,8
TGKBP	
ТГК-2 ап
44	
469 980	
0,00734	
0,00735	
0,0073	
0,00744	
0,00732
RUSP	
Русполимет
47	
469 325	
0,643	
0,6475	
0,635	
0,6495	
0,6375
KAZT	
Куйбазот
47	
459 668	
150,8	
148,6	
148,6	
152,4	
151,6
PMSB	
ПермьЭнСб
106	
440 893	
135,2	
136,1	
133,5	
143,3	
134,6
DZRDP	
iДонскЗР п
38	
434 310	
1 890	
1 900	
1 860	
1 900	
1 900
UTAR	
ЮТэйр ао
79	
432 723	
7,16	
7,17	
7,13	
7,22	
7,13
KBSB	
ТНСэКубань
101	
408 140	
144,5	
148	
143	
148	
144,5
RAVN	
Raven
45	
390 040	
30	
30,3	
29,65	
30,3	
30,05
MFGSP	
Мегион-ап
45	
383 310	
319,5	
325	
305,5	
325	
320
KZOSP	
ОргСинт ап
229	
379 930	
11,9	
11,94	
11,83	
12	
11,9
WTCM	
ЦМТ ао
45	
377 802	
9,4	
9,36	
9,3	
9,44	
9,34
VRSBP	
ТНСэнВор-п
33	
373 200	
50	
50,5	
49,5	
51	
50,5
RLMN	
Роллман
91	
369 628	
18,9	
19,25	
18,65	
19,35	
18,9
CHMK	
ЧМК ао
58	
358 190	
2 655	
2 665	
2 645	
2 670	
2 660
MAGEP	
МагадЭн ап
33	
339 140	
6,92	
6,92	
6,81	
7	
6,97
RZSB	
РязЭнСб
21	
318 020	
9,36	
9,32	
9,3	
9,44	
9,38
TGKD	
Квадра
54	
313 723	
0,00354	
0,00359	
0,00352	
0,00359	
0,003535
MRKY	
РоссЮг ао
71	
309 410	
0,0503	
0,0506	
0,05005	
0,0506	
0,0504
MRSB	
МордЭнСб
44	
303 950	
0,422	
0,424	
0,412	
0,428	
0,42
MAGE	
МагадЭн ао
27	
294 390	
6,26	
6,26	
6,21	
6,35	
6,23
AVAN	
Авангрд-ао
64	
285 210	
850	
850	
845	
860	
855
TASBP	
ТамбЭнСб-п
54	
277 945	
0,3655	
0,3665	
0,362	
0,3715	
0,3715
JNOSP	
Слав-ЯНОСп
54	
274 618	
14,16	
14,58	
14,02	
14,58	
14,14
LVHK	
Левенгук
103	
274 134	
8,21	
8,34	
8,1	
8,38	
8,2
OMZZP	
ОМЗ-ап
30	
272 035	
3 625	
3 645	
3 565	
3 700	
3 615
USBN	
УралСиб ао
41	
271 663	
0,0691	
0,0693	
0,0687	
0,0694	
0,0688
MRKS	
РсетСиб ао
13	
270 425	
0,2395	
0,2395	
0,238	
0,2405	
0,238
RGSS	
РГС СК ао
74	
267 770	
0,1504	
0,1502	
0,15	
0,151	
0,15
YKENP	
Якутскэн-п
25	
263 420	
0,4055	
0,4145	
0,4025	
0,424	
0,4025
SAGO	
СамарЭн-ао
22	
255 200	
0,464	
0,464	
0,46	
0,468	
0,462
VLHZ	
ВХЗ-ао
45	
254 972	
55,2	
54,85	
54,85	
55,6	
55,05
GEMA	
iММЦБ ао
65	
245 328	
597	
599,5	
596	
599,5	
597,5
ALNU	
АЛРОСА-Нюр
4	
221 600	
55 400	
55 400	
55 400	
55 400	
55 400
CHKZ	
ЧКПЗ ао
25	
219 520	
5 620	
5 660	
5 580	
5 720	
5 580
RLMNP	
Роллман-п
61	
217 346	
18,82	
19,42	
18,68	
19,42	
18,9
MGNZ	
СМЗ-ао
34	
215 570	
4 790	
4 860	
4 740	
4 870	
4 810
KTSB	
КСБ ао
33	
215 006	
0,724	
0,724	
0,722	
0,748	
0,722
RUSI	
ИКРУСС-ИНВ
25	
210 350	
39,7	
39,7	
39,2	
40,4	
39,6
TNSE	
ТНСэнрг ао
33	
208 080	
1 055	
1 080	
1 045	
1 080	
1 045
SLEN	
Сахэнер ао
43	
206 859	
6,345	
6,5	
6,225	
6,5	
6,305
NNSBP	
ТНСэнНН ап
59	
206 684	
701	
704	
680	
724	
699
INGR	
ИНГРАД ао
75	
205 554	
812	
807	
802	
820	
810
KGKCP	
КурганГКап
40	
201 815	
56	
55,5	
55	
58	
55,5
SAREP	
СаратЭн-ап
43	
198 210	
0,1224	
0,1224	
0,1218	
0,124	
0,1228
DVEC	
ДЭК ао
60	
188 215	
0,927	
0,931	
0,923	
0,932	
0,924
NNSB	
ТНСэнНН ао
48	
187 695	
1 860	
1 880	
1 815	
1 915	
1 840
VJGZ	
Варьеган
55	
184 085	
655	
654	
645	
670	
657
ASSB	
АстрЭнСб
81	
182 321	
0,7925	
0,8	
0,7805	
0,806	
0,7845
GAZA	
ГАЗ ао
14	
178 755	
406,5	
406,5	
405,5	
407	
405,5
KROTP	
КрасОкт-1п
12	
168 850	
268	
268	
264,5	
270	
268
KMEZ	
КМЗ
95	
164 361	
518,5	
532,5	
514,5	
532,5	
519
MRKK	
Россети СК
52	
158 480	
25,68	
25,76	
25,62	
26,08	
25,76
TASB	
ТамбЭнСб
33	
156 965	
0,4485	
0,463	
0,44	
0,463	
0,4435
KUBE	
Кубанэнр
43	
151 565	
74,7	
76	
74,3	
76	
75,1
KOGK	
КоршГОК ао
3	
147 000	
49 000	
49 000	
49 000	
49 000	
49 000
NFAZ	
Нефтекамск
21	
135 656	
171,8	
170,6	
169,6	
174	
170
SAGOP	
СамарЭн-ап
11	
130 900	
0,409	
0,409	
0,406	
0,41	
0,41
VJGZP	
Варьеган-п
8	
124 380	
377	
378	
374	
379	
376
LPSB	
ЛЭСК ао
45	
113 150	
8,45	
8,5	
8,35	
8,55	
8,4
RDRB	
РДБанк ао
23	
110 450	
230	
230	
230	
235	
235
GAZAP	
ГАЗ ап
12	
99 730	
311,5	
310	
310	
312	
311,5
KGKC	
КурганГКао
31	
96 215	
57,5	
56,5	
56	
60	
57,5
IGSTP	
Ижсталь ап
31	
80 981	
920	
904	
903	
929	
917
KAZTP	
Куйбазот-п
19	
76 820	
147,8	
147	
146,2	
148,2	
148
KRSB	
Красэсб ао
4	
70 950	
7,1	
7,05	
7,05	
7,12	
7,12
JNOS	
Славн-ЯНОС
9	
68 060	
18,9	
18,85	
18,75	
19	
18,75
BLNG	
Белон ао
53	
66 852	
4,398	
4,476	
4,38	
4,476	
4,4
TGKDP	
Квадра-п
14	
66 175	
0,004215	
0,004215	
0,00417	
0,004255	
0,0042
VSYDP	
ВыбСудЗ ап
14	
61 360	
4 100	
4 060	
4 060	
4 100	
4 100
UCSS	
ОКС ао
17	
59 540	
1 450	
1 450	
1 450	
1 470	
1 450
KBTK	
КузбТК ао
20	
56 340	
152,2	
153	
150,8	
153,2	
151,2
ELTZ	
Электрцинк
29	
54 588	
189	
190	
188,5	
190	
189,5
DZRD	
iДонскЗР
21	
50 315	
2 285	
2 285	
2 280	
2 300	
2 290
VSYD	
ВыбСудЗ ао
9	
41 315	
4 130	
4 145	
4 105	
4 150	
4 145
UKUZ	
ЮжКузб. ао
18	
41 088	
540	
540	
538	
546	
542
ROSB	
Росбанк ао
19	
36 820	
76,8	
75,8	
75,8	
77,8	
77,8
ROST	
РОСИНТЕРао
21	
36 816	
62,4	
62	
62	
62,8	
62,4
KCHE	
КамчатЭ ао
9	
29 810	
0,213	
0,2135	
0,2085	
0,218	
0,218
YRSB	
ТНСэнЯр
4	
28 800	
180	
180	
180	
180	
180
YRSBP	
ТНСэнЯр-п
12	
28 260	
94	
94,5	
94	
94,5	
94
RTGZ	
ГазпРнД ао
1	
27 000	
27 000	
27 000	
27 000	
27 000	
27 000
WTCMP	
ЦМТ ап
13	
25 238	
8,42	
8,36	
8,36	
8,6	
8,36
KRSBP	
Красэсб ап
3	
21 600	
7,2	
7,06	
7,06	
7,3	
7,3
MFGS	
Мегион-ао
4	
15 655	
391,5	
396	
389	
396	
389
MISB	
ТНСэнМарЭл
6	
12 400	
12,4	
12,4	
12,3	
12,5	
12,4
KUNF	
КУЗОЦМ ао
0	
0	
-	
-	
-	
-	
-
PRTK	
ПРОТЕК ао
0	
0	
-	
-	
-	
-	
99,6
GAZS	
ГАЗ-сервис
0	
0	
-	
-	
-	
-	
293
GAZT	
ГАЗ-Тек ао
0	
0	
-	
-	
-	
-	
85
GTSS	
ГЕОТЕК ао
0	
0	
-	
-	
-	
-	
-
HIMC	
Химпром ао
0	
0	
-	
-	
-	
-	
0,99
KCHEP	
КамчатЭ ап
0	
0	
-	
-	
-	
-	
0,394
KMTZ	
КосогМЗ ао
0	
0	
-	
-	
-	
-	
-
KRKO	
ТКЗКК ао
0	
0	
-	
-	
-	
-	
11,8
KSGR	
Кокс ао
0	
0	
-	
-	
-	
-	
-
KUNF	
КУЗОЦМ ао
0	
0	
-	
-	
-	
-	
-
KZMS	
КЗМС ао
0	
0	
-	
-	
-	
-	
226
MFON	
МегаФон ао
0	
0	
-	
-	
-	
-	
650,6
MOBB	
МосОблБанк
0	
0	
-	
-	
-	
-	
0,698
MORI	
Морион ао
0	
0	
-	
-	
-	
-	
4,31
NPOF	
Физика ао
0	
0	
-	
-	
-	
-	
11 850
PRTK	
ПРОТЕК ао
0	
0	
-	
-	
-	
-	
99,6
TORSP	
ТРК ап
0	
0	
-	
-	
-	
-	
0,283
TRCN	
ТрансК ао
0	
0	
-	
-	
-	
-	
8 595
TRFM	
ТрансФ ао
0	
0	
-	
-	
-	
-	
-
URKA	
Уркалий-ао
0	
0	
-	
-	
-	
-	
119,04
VZRZ	
Возрожд-ао
0	
0	
-	
-	
-	
-	
480