SBER	
Сбербанк
84 366	
14 541 271 981	
203,34	
201	
200,75	
207	
205,09
GAZP	
ГАЗПРОМ ао
95 569	
9 387 116 219	
191,43	
191,72	
190,55	
192,48	
190,59
LKOH	
ЛУКОЙЛ
39 587	
8 319 403 215	
5 343	
5 325	
5 310,5	
5 402	
5 366,5
GMKN	
ГМКНорНик
31 104	
6 907 447 628	
19 616	
19 402	
19 234	
19 892	
19 678
YNDX	
Yandex clA
61 115	
4 463 727 469	
3 449,2	
3 432,2	
3 383	
3 509,2	
3 460
MGNT	
Магнит ао
28 929	
3 586 828 220	
4 111,5	
4 093,5	
4 066	
4 167	
4 110
ROSN	
Роснефть
24 756	
3 413 677 323	
366,25	
366,95	
362,2	
372	
369,8
PLZL	
Полюс
21 767	
2 896 813 658	
11 690	
11 530	
11 508,5	
11 792,5	
11 690
TATN	
Татнфт 3ао
24 512	
2 185 220 812	
577,6	
577,9	
570	
584,8	
579,1
MTSS	
МТС-ао
19 821	
2 083 760 056	
325,15	
323,55	
321,65	
327,1	
324,6
HYDR	
РусГидро
34 226	
1 793 480 730	
0,7799	
0,8	
0,7675	
0,8011	
0,7675
IRAO	
ИнтерРАОао
22 671	
1 780 082 622	
4,8365	
4,872	
4,7905	
4,913	
4,84
AFLT	
Аэрофлот
37 341	
1 716 158 687	
79,6	
79,78	
78,22	
80,8	
80
ALRS	
АЛРОСА ао
30 475	
1 581 669 938	
63,42	
64	
62,83	
64,2	
63,1
MOEX	
МосБиржа
26 155	
1 530 366 844	
114,68	
115	
113,6	
115,6	
114,46
SIBN	
Газпрнефть
18 836	
1 461 569 015	
337,4	
333	
331,1	
339,85	
338,85
SNGS	
Сургнфгз
15 048	
1 446 733 905	
38,88	
39	
38,575	
39,475	
38,72
SBERP	
Сбербанк-п
25 166	
1 395 648 609	
187,74	
188	
186,1	
190	
189
NVTK	
Новатэк ао
13 567	
1 250 756 645	
1 061,8	
1 062	
1 055	
1 070,2	
1 057,6
MAGN	
ММК
16 213	
1 190 921 698	
37,93	
38,71	
37,57	
38,71	
37,71
SNGSP	
Сургнфгз-п
17 390	
1 151 196 371	
34,665	
34,955	
34,45	
34,96	
34,46
CHMF	
СевСт-ао
30 831	
1 058 505 021	
859,8	
865,2	
856,4	
867,4	
857
VTBR	
ВТБ ао
34 336	
929 924 701	
0,035285	
0,035105	
0,034975	
0,0356	
0,035495
TRNFP	
Транснф ап
3 185	
906 609 350	
135 500	
135 500	
134 100	
136 850	
136 850
POLY	
Polymetal
14 443	
869 376 129	
1 342,2	
1 342	
1 319,8	
1 366,9	
1 326,1
FIVE	
FIVE-гдр
12 001	
829 628 093	
2 404	
2 343	
2 343	
2 429	
2 419
FEES	
ФСК ЕЭС ао
13 953	
631 359 181	
0,18946	
0,187	
0,1852	
0,19098	
0,19052
NLMK	
НЛМК ао
10 134	
620 390 643	
137,42	
138,06	
136,5	
138,38	
137,36
RSTI	
Россети ао
10 508	
519 653 632	
1,5244	
1,53	
1,51	
1,5429	
1,5269
TCSG	
TCS-гдр
13 232	
477 951 225	
1 456	
1 420	
1 410,4	
1 476,4	
1 457,4
RTKM	
Ростел -ао
11 152	
475 650 277	
85,33	
84,5	
83,23	
87,99	
86,96
AFKS	
Система ао
11 249	
469 846 575	
17,038	
16,733	
16,624	
17,264	
17,18
POGR	
Petropavl
10 378	
399 770 599	
28	
26,3	
26,155	
34,1	
28,49
PHOR	
ФосАгро ао
8 593	
343 714 728	
2 629	
2 647	
2 598	
2 652	
2 630
DSKY	
ДетскийМир
15 718	
327 136 299	
100,58	
102,54	
99	
102,54	
101,1
CBOM	
МКБ ао
15 753	
320 378 789	
5,575	
5,588	
5,509	
5,664	
5,536
TATNP	
Татнфт 3ап
7 469	
294 234 494	
554,4	
554,9	
550,2	
560,1	
554,5
OGKB	
ОГК-2 ао
10 783	
251 753 450	
0,7694	
0,7661	
0,7532	
0,788	
0,7561
RUAL	
РУСАЛ ао
12 009	
197 827 396	
26,195	
26,23	
25,875	
26,495	
26,24
APTK	
Аптеки36и6
21 185	
171 674 377	
14,12	
13,76	
13,622	
14,54	
13,94
BANEP	
Башнефт ап
5 311	
161 235 266	
1 443,5	
1 439	
1 421	
1 455	
1 446
LSRG	
ЛСР ао
7 196	
144 061 274	
702,4	
705,4	
685,8	
718	
704,8
TRMK	
ТМК ао
884	
133 276 293	
59,82	
59,82	
59,58	
59,86	
59,82
NMTP	
НМТП ао
7 610	
120 949 056	
10,64	
10,695	
10,5	
10,855	
10,6
LNTA	
Лента др
6 670	
114 984 134	
167,3	
168,4	
165,5	
169	
166,4
QIWI	
iQIWI
3 456	
91 117 440	
1 226,5	
1 210	
1 210	
1 244	
1 225
MVID	
М.видео
2 686	
87 690 972	
399,6	
400	
395,3	
404,7	
400
UPRO	
Юнипро ао
3 129	
75 594 360	
2,717	
2,72	
2,708	
2,729	
2,711
TGKA	
ТГК-1
5 212	
74 284 861	
0,013044	
0,01301	
0,01294	
0,01315	
0,013068
RASP	
Распадская
1 330	
71 122 327	
111,52	
111,5	
110,56	
112,74	
111,5
MTLR	
Мечел ао
6 101	
62 636 090	
66,28	
66,34	
65,69	
66,85	
65,95
ENRU	
ЭнелРос ао
3 594	
55 220 968	
1,01	
1,018	
1,005	
1,018	
1,01
NKNCP	
НКНХ ап
2 623	
42 873 498	
89,34	
86,86	
86,86	
89,9	
89,5
PIKK	
ПИК ао
1 378	
32 904 679	
422,3	
423	
419,2	
426	
422
BANE	
Башнефт ао
1 675	
31 182 647	
1 846	
1 850	
1 826	
1 860,5	
1 844
RTKMP	
Ростел -ап
1 598	
27 455 205	
75,95	
75,7	
74,25	
77,45	
77,05
MRKP	
МРСК ЦП
2 120	
26 318 488	
0,19	
0,1902	
0,1882	
0,192	
0,1908
MSNG	
+МосЭнерго
1 181	
25 020 553	
2,119	
2,1445	
2,0975	
2,1445	
2,1195
SELG	
Селигдар
1 840	
24 377 862	
25,82	
25,39	
24,55	
26,47	
25,7
AKRN	
Акрон
1 033	
24 174 374	
5 436	
5 434	
5 380	
5 500	
5 490
LSNGP	
РСетиЛЭ-п
1 238	
20 393 807	
158,15	
159,3	
157,2	
159,5	
157,2
ETLN	
ETLN-гдр
1 313	
18 666 442	
95,38	
96,9	
95	
97,02	
95,38
VRSB	
ТНСэнВорон
1 284	
17 598 360	
59	
49,8	
49,2	
64,4	
60,6
SVAV	
СОЛЛЕРС
142	
15 426 465	
258	
256,5	
255,5	
260,5	
260,5
ENPG	
ЭН+ГРУП ао
425	
14 963 952	
585	
595,5	
581	
596,5	
585
MTLRP	
Мечел ап
767	
13 890 484	
85,1	
86	
84,1	
86,2	
84,4
LIFE	
iФармсинтз
1 231	
12 999 074	
6,55	
6,58	
6,415	
6,76	
6,685
BSPB	
БСП ао
1 538	
12 314 269	
41,6	
41,8	
41,12	
41,93	
41,67
MRKV	
РсетВол ао
999	
11 777 175	
0,07615	
0,077	
0,0749	
0,0776	
0,076
AGRO	
AGRO-гдр
1 458	
11 743 745	
652,8	
659	
650	
659	
651,4
OBUV	
ОР ао
1 210	
11 179 639	
32,5	
33	
32,1	
33	
32,65
VSMO	
ВСМПО-АВСМ
325	
10 421 580	
18 940	
19 220	
18 720	
19 220	
19 000
SFIN	
САФМАР ао
628	
9 926 564	
456,8	
458,6	
453,8	
458,8	
454,4
KRKNP	
СаратНПЗ-п
427	
9 503 380	
15 860	
15 940	
15 760	
15 980	
15 840
RSTIP	
Россети ап
771	
9 070 416	
2,053	
2,06	
2,038	
2,075	
2,075
MOBB	
МосОблБанк
4 810	
8 363 032	
0,998	
1,05	
0,966	
1,05	
0,966
NKNC	
НКНХ ао
679	
7 121 794	
99,6	
99,9	
98	
100	
99,75
MRKS	
РсетСиб ао
172	
7 115 180	
0,247	
0,2455	
0,2405	
0,254	
0,246
VRSBP	
ТНСэнВор-п
550	
6 837 750	
51,5	
39,5	
38,5	
55,5	
55
KBSB	
ТНСэКубань
681	
6 621 300	
204	
163	
161,5	
235	
200
ISKJ	
iИСКЧ ао
664	
6 141 845	
25,73	
26,29	
24,92	
26,79	
25,95
RNFT	
РуссНфт ао
1 252	
5 826 372	
533,2	
513,2	
513	
539	
533
MRKC	
МРСК Центр
460	
5 662 825	
0,2772	
0,2798	
0,274	
0,28	
0,2768
FESH	
ДВМП ао
406	
4 490 511	
7,19	
7,21	
7,07	
7,35	
7,2
RTSB	
ТНСэнРст
459	
4 425 850	
0,41	
0,41	
0,37	
0,45	
0,415
GCHE	
ЧеркизГ-ао
521	
4 010 903	
1 750	
1 756	
1 730	
1 770	
1 747
MGTSP	
МГТС-4ап
384	
3 935 818	
2 002	
2 016	
1 980	
2 018	
2 006
RBCM	
РБК ао
486	
3 755 309	
3,194	
3,316	
3,142	
3,316	
3,2
TGKB	
ТГК-2
240	
3 499 735	
0,0041	
0,00416	
0,00408	
0,00416	
0,00409
MISBP	
ТНСэМаЭл-п
507	
3 428 160	
11,4	
10,2	
10	
12,4	
12
KZOS	
ОргСинт ао
449	
3 380 718	
89,4	
90,3	
89	
91,1	
89,2
ALNU	
АЛРОСА-Нюр
46	
3 068 600	
53 000	
53 000	
52 400	
53 600	
53 200
URKZ	
УрКузница
45	
2 704 360	
12 300	
11 320	
11 300	
12 560	
11 920
SAREP	
СаратЭн-ап
58	
2 630 664	
0,0922	
0,0914	
0,091	
0,0944	
0,0922
UNAC	
iАвиастКао
392	
2 449 648	
0,473	
0,484	
0,47	
0,484	
0,4735
INGR	
ИНГРАД ао
554	
2 445 202	
719	
726	
711	
728	
719
MISB	
ТНСэнМарЭл
255	
2 226 870	
12,1	
11,2	
11,2	
12,6	
12,5
MSTT	
Мостотрест
203	
2 032 212	
160	
158,65	
158,65	
162,2	
159,6
MSRS	
РСетиМР ао
166	
1 907 484	
1,113	
1,122	
1,101	
1,122	
1,117
PRTK	
ПРОТЕК ао
192	
1 705 628	
99,4	
99,5	
98,9	
99,6	
99,5
MRKZ	
МРСК СЗ
180	
1 600 909	
0,04915	
0,04965	
0,04825	
0,0498	
0,0495
MAGE	
МагадЭн ао
92	
1 595 350	
7,9	
8,15	
7,54	
8,67	
8,24
USBN	
УралСиб ао
128	
1 506 779	
0,0701	
0,0711	
0,0697	
0,0711	
0,0698
RGSS	
РГС СК ао
364	
1 493 635	
0,1474	
0,1498	
0,145	
0,1508	
0,1478
TGKN	
ТГК-14
110	
1 451 790	
0,00313	
0,00317	
0,00311	
0,00317	
0,00312
IRGZ	
ИркЭнерго
148	
1 402 884	
12	
11,82	
11,72	
12,18	
11,96
IRKT	
ИРКУТ-3
130	
1 332 594	
34,08	
34	
33,82	
34,46	
34,02
LNZL	
Лензолото
89	
1 304 530	
8 530	
8 610	
8 440	
8 610	
8 540
LSNG	
РСетиЛЭ
263	
1 301 511	
6,02	
6,06	
5,96	
6,06	
6,04
PRMB	
Приморье
49	
1 300 000	
25 000	
24 600	
24 000	
26 400	
24 600
KMAZ	
КАМАЗ
350	
1 247 814	
57	
58,9	
56,3	
58,9	
56,6
GEMA	
iММЦБ ао
257	
1 230 545	
607	
618	
605	
618	
609,5
KUZB	
КузнецкийБ
691	
1 202 449	
0,01544	
0,01649	
0,0149	
0,01658	
0,01531
YAKG	
ЯТЭК ао
69	
1 200 465	
39,9	
40,65	
39,6	
41,5	
40
ZILL	
ЗИЛ ао
105	
1 192 045	
2 745	
2 820	
2 715	
2 830	
2 720
KLSB	
КалужскСК
182	
1 150 761	
11,58	
11,85	
11,44	
11,87	
11,58
TTLK	
Таттел. ао
119	
1 149 965	
0,287	
0,283	
0,2815	
0,294	
0,2855
GTRK	
ГТМ ао
320	
1 127 139	
42	
43,65	
41,75	
43,65	
41,75
YRSBP	
ТНСэнЯр-п
163	
1 110 205	
91,5	
86	
86	
93	
91
PMSBP	
ПермьЭнС-п
214	
1 083 370	
131,8	
132	
130	
135	
131,6
CHEP	
ЧТПЗ ао
168	
1 062 950	
195	
197	
193	
198	
196
ASSB	
АстрЭнСб
238	
1 038 227	
0,8345	
0,845	
0,83	
0,845	
0,83
RUGR	
Русгрэйн
839	
1 019 419	
7,274	
7,382	
7,22	
7,382	
7,244
MGTS	
МГТС-5ао
113	
973 280	
2 350	
2 430	
2 255	
2 430	
2 390
YRSB	
ТНСэнЯр
114	
969 140	
176	
172	
172	
180	
178
AQUA	
РусАква ао
126	
947 320	
206,5	
207	
205,5	
211	
207
ROST	
РОСИНТЕРао
107	
862 300	
59,8	
60	
59	
61,8	
60,6
PMSB	
ПермьЭнСб
173	
804 884	
135,3	
137,1	
133,1	
137,9	
133,8
AMEZ	
АшинскийМЗ
183	
803 784	
4,07	
4,015	
4,015	
4,13	
4,06
TASBP	
ТамбЭнСб-п
109	
792 550	
0,374	
0,3715	
0,367	
0,385	
0,3705
KAZT	
Куйбазот
78	
770 072	
139	
140,2	
138,4	
140,8	
139,6
RTSBP	
ТНСэнРст-п
129	
766 840	
0,31	
0,3	
0,291	
0,324	
0,312
TRCN	
ТрансК ао
41	
760 120	
8 540	
8 575	
8 445	
8 590	
8 535
CNTLP	
Телеграф-п
136	
730 006	
17,3	
17,36	
17,2	
17,48	
17,3
UNKL	
ЮУНК ао
111	
689 070	
3 710	
3 800	
3 650	
3 810	
3 670
MRKY	
РоссЮг ао
111	
685 648	
0,0501	
0,05	
0,04985	
0,0504	
0,0502
STSB	
СтаврЭнСб
171	
677 594	
0,409	
0,421	
0,401	
0,4215	
0,4085
KZOSP	
ОргСинт ап
443	
673 351	
11,82	
12,07	
11,68	
12,07	
11,74
BELU	
Белуга ао
98	
642 847	
1 342	
1 345	
1 331	
1 374	
1 349
LNZLP	
Лензол. ап
94	
636 090	
3 615	
3 630	
3 585	
3 635	
3 630
SELGP	
Селигдар-п
100	
619 770	
26,15	
26,15	
26	
26,35	
26,2
UTAR	
ЮТэйр ао
168	
587 114	
7,07	
7,09	
7,01	
7,18	
7,1
DIOD	
ЗаводДИОД
73	
558 451	
5,73	
5,73	
5,71	
5,75	
5,73
KUBE	
Кубанэнр
106	
513 238	
69,6	
70,4	
69,2	
71,7	
69,8
UWGN	
ОВК ао
126	
511 268	
237,8	
237,6	
236	
239	
237,7
RKKE	
ЭнергияРКК
37	
462 850	
4 920	
4 980	
4 850	
5 100	
4 940
RZSB	
РязЭнСб
23	
430 720	
10,02	
10	
9,96	
10,14	
10
ELTZ	
Электрцинк
177	
378 816	
160,5	
164	
155,5	
164	
163,5
TGKBP	
ТГК-2 ап
43	
374 760	
0,00721	
0,0073	
0,00716	
0,0073	
0,00718
MRKU	
МРСК Ур
71	
360 472	
0,1596	
0,1584	
0,1576	
0,1606	
0,1602
TNSE	
ТНСэнрг ао
19	
357 665	
960	
965	
950	
970	
965
TGKD	
Квадра
65	
349 727	
0,003075	
0,00308	
0,003055	
0,003105	
0,003065
RUSP	
Русполимет
24	
342 465	
0,601	
0,5975	
0,5955	
0,61	
0,6095
PAZA	
ПавлАвт ао
35	
340 780	
7 750	
7 800	
7 700	
7 820	
7 750
MAGEP	
МагадЭн ап
35	
336 715	
6,865	
7,05	
6,62	
7,05	
6,925
TGKDP	
Квадра-п
77	
334 414	
0,00398	
0,004185	
0,00391	
0,004185	
0,00399
NNSBP	
ТНСэнНН ап
133	
330 048	
594	
560	
549	
618	
583
NNSB	
ТНСэнНН ао
108	
323 800	
1 450	
1 375	
1 370	
1 500	
1 450
GAZAP	
ГАЗ ап
35	
316 950	
327	
325,5	
325,5	
349,5	
326
RLMN	
Роллман
227	
302 931	
18,8	
18,9	
18,45	
19,3	
19,15
NKHP	
НКХП ао
65	
301 280	
232	
232,5	
230,5	
234,5	
230,5
ABRD	
АбрауДюрсо
93	
298 870	
129,5	
129,5	
128,5	
130,5	
129,5
YKEN	
Якутскэнрг
19	
288 370	
0,3695	
0,3775	
0,36	
0,3775	
0,368
VSYDP	
ВыбСудЗ ап
46	
285 580	
4 080	
4 120	
4 000	
4 220	
4 200
HIMCP	
Химпром ап
40	
283 818	
5,9	
5,88	
5,88	
5,95	
5,88
VZRZP	
Возрожд-п
55	
246 624	
308,4	
310,4	
305,4	
311,6	
309,8
KRKN	
СаратНПЗ
13	
240 450	
13 350	
13 550	
13 300	
13 550	
13 300
YKENP	
Якутскэн-п
31	
225 785	
0,337	
0,3405	
0,33	
0,341	
0,341
MRSB	
МордЭнСб
41	
222 580	
0,365	
0,354	
0,347	
0,379	
0,348
CHKZ	
ЧКПЗ ао
24	
193 620	
5 240	
5 240	
5 140	
5 320	
5 320
WTCM	
ЦМТ ао
58	
188 200	
9,06	
8,9	
8,9	
9,12	
9,08
GAZA	
ГАЗ ао
23	
185 160	
386	
387,5	
382,5	
388	
387,5
KRSBP	
Красэсб ап
17	
183 160	
7,32	
7,36	
7,22	
7,4	
7,34
DVEC	
ДЭК ао
69	
182 262	
0,921	
0,932	
0,91	
0,941	
0,918
ZVEZ	
ЗВЕЗДА ао
24	
175 810	
4,51	
4,515	
4,485	
4,545	
4,545
ALBK	
БестЭфБ ао
29	
168 375	
53	
53,5	
52,5	
53,5	
52,5
VLHZ	
ВХЗ-ао
47	
166 259	
49,65	
49	
49	
49,75	
49,6
CHMK	
ЧМК ао
20	
165 695	
2 475	
2 460	
2 450	
2 480	
2 475
KGKCP	
КурганГКап
40	
155 865	
56,5	
57,5	
56	
57,5	
57
KCHE	
КамчатЭ ао
39	
153 545	
0,2135	
0,211	
0,21	
0,218	
0,211
ROLO	
Русолово
25	
147 274	
3,776	
3,776	
3,76	
3,79	
3,77
RLMNP	
Роллман-п
71	
143 987	
19,94	
19,9	
19,78	
20,54	
19,82
TORS	
ТРК ао
16	
140 810	
0,381	
0,385	
0,378	
0,385	
0,378
VSYD	
ВыбСудЗ ао
26	
139 920	
4 115	
4 100	
4 020	
4 200	
4 120
TASB	
ТамбЭнСб
24	
135 670	
0,468	
0,468	
0,465	
0,47	
0,467
VJGZ	
Варьеган
37	
135 342	
594	
598	
590	
600	
594
JNOSP	
Слав-ЯНОСп
11	
132 748	
14,12	
14,26	
14,1	
14,26	
14,1
IGST	
Ижсталь2ао
35	
131 884	
829	
822	
822	
852	
841
NFAZ	
Нефтекамск
41	
131 754	
166,8	
169,2	
165,8	
169,2	
167
SARE	
СаратЭн-ао
30	
117 948	
0,118	
0,1166	
0,116	
0,1192	
0,118
KROT	
КрасОкт-ао
19	
117 850	
346,5	
346,5	
345,5	
352,5	
346
SLEN	
Сахэнер ао
22	
117 580	
4,085	
4,07	
4,06	
4,1	
4,095
MRKK	
Россети СК
37	
114 956	
26,38	
26,64	
26,16	
26,64	
26,34
KGKC	
КурганГКао
7	
114 190	
54	
53	
53	
54	
53
UKUZ	
ЮжКузб. ао
27	
110 674	
528	
524	
524	
532	
530
BISVP	
БашИнСв ап
44	
106 423	
8,12	
8,25	
8,05	
8,25	
8,08
VGSBP	
ВолгЭнСб-п
38	
106 185	
1,105	
1,13	
1,095	
1,13	
1,11
ROSB	
Росбанк ао
48	
103 056	
70,2	
71	
69	
74	
70,6
TUZA	
ТЗА ао
38	
102 570	
95	
95	
94	
96	
95
NSVZ	
НаукаСвяз
28	
94 150	
229,5	
227,5	
227	
231,5	
231
KRSB	
Красэсб ао
11	
93 950	
7,23	
7,29	
7,18	
7,32	
7,19
KRKOP	
ТКЗКК ап
36	
93 144	
5,715	
5,73	
5,705	
5,76	
5,76
SAGO	
СамарЭн-ао
15	
92 940	
0,422	
0,42	
0,414	
0,428	
0,424
RTGZ	
ГазпРнД ао
4	
89 200	
22 300	
22 200	
22 150	
22 650	
22 150
RUSI	
ИКРУСС-ИНВ
20	
86 860	
37,8	
38,1	
37,2	
38,1	
37,9
KMEZ	
КМЗ
56	
86 589	
460,5	
468	
458	
468	
462,5
LPSB	
ЛЭСК ао
38	
82 045	
7,8	
7,95	
7,75	
7,95	
7,8
KBTK	
КузбТК ао
33	
82 014	
154,8	
154,2	
153	
160	
153,8
CNTL	
Телеграф
18	
80 485	
20,65	
20,4	
20,4	
20,75	
20,45
BRZL	
БурЗолото
38	
80 006	
825	
826	
823	
829	
823
MFGS	
Мегион-ао
9	
78 935	
359	
360,5	
352,5	
361	
355
KAZTP	
Куйбазот-п
13	
78 478	
142,8	
143	
142,2	
143,8	
143,4
BLNG	
Белон ао
34	
75 491	
4,016	
4,004	
4	
4,038	
4,01
KCHEP	
КамчатЭ ап
12	
68 120	
0,359	
0,363	
0,353	
0,364	
0,36
OMZZP	
ОМЗ-ап
15	
66 250	
3 315	
3 335	
3 290	
3 335	
3 310
KTSBP	
КСБ ап
14	
63 310	
0,2435	
0,2435	
0,2425	
0,246	
0,2445
NAUK	
iНПОНаука
25	
62 514	
178,6	
179,4	
177,8	
179,6	
178,8
RAVN	
Raven
9	
61 130	
30,55	
30,65	
30,2	
30,85	
30,4
AVAN	
Авангрд-ао
26	
55 790	
695	
695	
690	
700	
700
IGSTP	
Ижсталь ап
32	
51 291	
649	
647	
644	
660	
658
NKSH	
Нижкамшина
9	
50 210	
22,82	
22,62	
22,62	
23,08	
22,8
KOGK	
КоршГОК ао
1	
46 000	
46 000	
46 000	
46 000	
46 000	
46 000
DZRD	
iДонскЗР
20	
44 905	
1 950	
1 915	
1 915	
1 965	
1 935
UCSS	
ОКС ао
14	
40 560	
1 450	
1 430	
1 430	
1 460	
1 460
MFGSP	
Мегион-ап
6	
40 075	
334	
335,5	
330	
336,5	
336,5
VJGZP	
Варьеган-п
9	
31 170	
346	
347	
344	
349	
349
SAGOP	
СамарЭн-ап
4	
28 040	
0,401	
0,404	
0,399	
0,404	
0,401
WTCMP	
ЦМТ ап
11	
25 066	
8,1	
8,06	
8	
8,18	
8,14
LVHK	
Левенгук
14	
21 507	
7,97	
7,91	
7,91	
8,03	
7,98
TORSP	
ТРК ап
4	
15 870	
0,2645	
0,2625	
0,2625	
0,265	
0,265
HALS	
Галс-Девел
8	
15 834	
754	
742	
742	
769	
764
VGSB	
ВолгЭнСб
5	
14 660	
1,63	
1,68	
1,615	
1,68	
1,615
MGNZ	
СМЗ-ао
3	
12 220	
4 070	
4 090	
4 060	
4 090	
4 070
KROTP	
КрасОкт-1п
4	
10 330	
258,5	
261,5	
254,5	
261,5	
258
RDRB	
РДБанк ао
4	
10 000	
250	
255	
245	
255	
250
ARSA	
Арсагера
2	
9 840	
3,28	
3,28	
3,28	
3,28	
3,28
JNOS	
Славн-ЯНОС
4	
9 185	
18,35	
18,25	
18,25	
18,55	
18,35
STSBP	
СтаврЭнСбп
16	
9 018	
0,334	
0,332	
0,3305	
0,341	
0,338
KTSB	
КСБ ао
2	
6 292	
0,572	
0,572	
0,572	
0,572	
0,572
DZRDP	
iДонскЗР п
2	
3 230	
1 620	
1 620	
1 610	
1 620	
1 610
GAZC	
ГАЗКОН-ао
0	
0	
-	
-	
-	
-	
295
GTSS	
ГЕОТЕК ао
0	
0	
-	
-	
-	
-	
-
KMTZ	
КосогМЗ ао
0	
0	
-	
-	
-	
-	
-
KZMS	
КЗМС ао
0	
0	
-	
-	
-	
-	
226
SZPR	
СЗПароход
0	
0	
-	
-	
-	
-	
782
TRFM	
ТрансФ ао
0	
0	
-	
-	
-	
-	
-
GAZS	
ГАЗ-сервис
0	
0	
-	
-	
-	
-	
293
HIMC	
Химпром ао
0	
0	
-	
-	
-	
-	
0,99
GAZT	
ГАЗ-Тек ао
0	
0	
-	
-	
-	
-	
85
KSGR	
Кокс ао
0	
0	
-	
-	
-	
-	
-
MFON	
МегаФон ао
0	
0	
-	
-	
-	
-	
650,6
URKA	
Уркалий-ао
0	
0	
-	
-	
-	
-	
119,04
VZRZ	
Возрожд-ао
0	
0	
-	
-	
-	
-	
480
CHGZ	
РН-ЗапСиб
0	
0	
-	
-	
-	
-	
35
MORI	
Морион ао
0	
0	
-	
-	
-	
-	
4,31
BISV	
БашИнСв ао
0	
0	
-	
-	
-	
-	
8,7
KRKO	
ТКЗКК ао
0	
0	
-	
-	
-	
-	
11,8
KUNF	
КУЗОЦМ ао
0	
0	
-	
-	
-	
-	
-
NPOF	
Физика ао
0	
0	
-	
-	
-	
-	
11 850