SBER	
Сбербанк
37 132	
4 393 812 738	
189,88	
189,62	
188,8	
191,31	
191
GMKN	
ГМКНорНик
19 658	
4 137 680 658	
22 106	
22 000	
21 786	
22 418	
22 394
GAZP	
ГАЗПРОМ ао
33 167	
3 942 688 307	
196,5	
195,1	
195,1	
197,55	
197,55
LKOH	
ЛУКОЙЛ
20 926	
3 331 913 681	
5 382,5	
5 349,5	
5 344	
5 420	
5 412,5
SNGS	
Сургнфгз
21 054	
2 519 128 816	
41,06	
39,82	
39,82	
41,895	
41,825
ROSN	
Роснефть
17 787	
1 962 555 383	
371,2	
366,5	
366,5	
374	
373,95
SBERP	
Сбербанк-п
22 971	
1 418 879 785	
175,94	
177	
174,93	
177,62	
176,8
IRAO	
ИнтерРАОао
17 397	
1 350 746 401	
5,09	
4,99	
4,9815	
5,1635	
5,149
CHMF	
СевСт-ао
25 892	
1 348 182 980	
893,8	
874	
873	
909	
908
TATN	
Татнфт 3ао
16 525	
1 033 437 775	
553,1	
549	
547,9	
565	
557
RSTI	
Россети ао
26 965	
1 017 445 064	
1,4993	
1,4535	
1,4534	
1,5292	
1,5292
AFLT	
Аэрофлот
24 704	
860 831 750	
73,32	
73,38	
72,72	
73,9	
73,6
FEES	
ФСК ЕЭС ао
16 176	
833 022 698	
0,19906	
0,1963	
0,1963	
0,2003	
0,19892
NVTK	
Новатэк ао
9 695	
815 624 800	
1 096,2	
1 086,8	
1 082,2	
1 105	
1 096
ALRS	
АЛРОСА ао
16 982	
813 935 705	
64,09	
64	
63,75	
64,7	
63,9
NLMK	
НЛМК ао
13 942	
782 691 837	
130,76	
128,5	
128,44	
132,48	
132,2
YNDX	
Yandex clA
11 348	
762 324 356	
2 942,8	
2 914,2	
2 908,2	
2 962	
2 960,6
MOEX	
МосБиржа
16 292	
722 497 656	
115,12	
114,31	
114,26	
115,98	
115,98
PLZL	
Полюс
7 096	
706 097 962	
11 898,5	
11 755	
11 750,5	
11 982	
11 975
SNGSP	
Сургнфгз-п
9 638	
681 138 776	
36,335	
35,84	
35,75	
36,7	
36,7
MTSS	
МТС-ао
7 458	
486 865 883	
330,2	
327,25	
326,85	
332,35	
332,2
MGNT	
Магнит ао
6 908	
433 917 118	
3 629,5	
3 622	
3 614,5	
3 647	
3 635
VTBR	
ВТБ ао
16 235	
417 466 070	
0,034955	
0,034805	
0,034805	
0,03509	
0,035005
HYDR	
РусГидро
9 809	
400 890 031	
0,6684	
0,6636	
0,661	
0,6721	
0,67
MAGN	
ММК
6 593	
400 017 154	
39,26	
38,185	
38,185	
39,795	
39,275
TCSG	
TCS-гдр
11 358	
340 387 462	
1 210,2	
1 199	
1 184,8	
1 232,2	
1 213,4
FIVE	
FIVE-гдр
8 226	
334 799 858	
2 232,5	
2 204	
2 200	
2 248	
2 237
TRNFP	
Транснф ап
1 266	
320 847 050	
131 000	
130 500	
130 000	
131 750	
131 050
SIBN	
Газпрнефть
5 360	
311 324 681	
330,95	
326,25	
326,25	
333,15	
332,85
POLY	
Polymetal
7 634	
295 621 064	
1 487,3	
1 475	
1 460	
1 503,3	
1 503,3
TATNP	
Татнфт 3ап
5 188	
226 482 469	
516,3	
514,1	
511,9	
519,3	
515,6
UPRO	
Юнипро ао
4 791	
220 806 151	
2,648	
2,637	
2,626	
2,68	
2,658
TRMK	
ТМК ао
1 991	
210 273 279	
59,4	
59,4	
59,24	
59,46	
59,32
AFKS	
Система ао
6 353	
207 113 056	
14,744	
14,599	
14,537	
14,849	
14,83
RUAL	
РУСАЛ ао
9 049	
196 339 088	
26,585	
26,2	
26,105	
26,82	
26,73
CBOM	
МКБ ао
15 733	
174 983 832	
5,366	
5,348	
5,335	
5,389	
5,363
PHOR	
ФосАгро ао
4 389	
163 365 822	
2 788	
2 789	
2 760	
2 813	
2 796
TGKA	
ТГК-1
7 783	
147 756 986	
0,012466	
0,01207	
0,012026	
0,01265	
0,012646
KRKNP	
СаратНПЗ-п
2 550	
141 429 940	
18 560	
17 800	
17 800	
19 100	
18 800
DSKY	
ДетскийМир
8 450	
129 423 738	
95,84	
96,2	
95,16	
97,1	
95,96
LSNGP	
РСетиЛЭ-п
4 882	
117 080 275	
168,8	
164	
162	
172,95	
172,15
RSTIP	
Россети ап
4 922	
115 546 702	
2,347	
2,24	
2,237	
2,398	
2,389
RTKM	
Ростел -ао
4 646	
105 852 700	
82,17	
81,7	
81,7	
82,48	
82,03
OGKB	
ОГК-2 ао
3 920	
94 543 724	
0,6436	
0,629	
0,629	
0,65	
0,6451
BANEP	
Башнефт ап
2 967	
88 323 968	
1 409,5	
1 407	
1 405,5	
1 416	
1 409,5
ISKJ	
iИСКЧ ао
6 709	
73 099 276	
32,45	
29,54	
29,05	
34,78	
31,35
MTLR	
Мечел ао
5 619	
67 615 009	
64,73	
64,62	
64,3	
65,43	
64,5
ENRU	
ЭнелРос ао
3 050	
58 802 188	
0,9475	
0,934	
0,931	
0,96	
0,949
MVID	
М.видео
2 089	
53 693 363	
348,9	
346,7	
345,2	
353,1	
348,4
MSNG	
+МосЭнерго
1 599	
53 407 908	
1,9855	
1,955	
1,9545	
2,0085	
2
RASP	
Распадская
1 352	
52 458 942	
109,72	
109,38	
108,96	
110,6	
109,5
AGRO	
AGRO-гдр
3 340	
48 011 863	
659,8	
653	
650	
665,4	
661,8
LNTA	
Лента др
4 253	
43 645 527	
153	
151,1	
151	
154,8	
153,6
LSRG	
ЛСР ао
3 401	
42 731 383	
586,8	
591,6	
581,4	
591,6	
588,2
PIKK	
ПИК ао
1 799	
38 006 887	
368,7	
368,3	
368,1	
369,8	
369,4
AKRN	
Акрон
1 630	
36 480 466	
6 160	
6 058	
6 012	
6 236	
6 194
QIWI	
iQIWI
1 948	
25 705 948	
1 000	
997	
986,5	
1 005	
1 001
BSPB	
БСП ао
2 053	
25 199 564	
40	
40	
39,89	
40,49	
39,94
ENPG	
ЭН+ГРУП ао
409	
24 292 489	
611,5	
604,5	
595,5	
619	
616
NMTP	
НМТП ао
1 207	
20 110 699	
9,125	
9,07	
8,985	
9,165	
9,16
SELG	
Селигдар
1 590	
19 778 725	
24,21	
24,59	
23,83	
24,59	
24,34
MRKP	
МРСК ЦП
842	
18 027 505	
0,1758	
0,1716	
0,1715	
0,1774	
0,1763
ETLN	
ETLN-гдр
1 965	
17 316 685	
91,62	
89,88	
89,88	
93,92	
92
RZSB	
РязЭнСб
932	
16 438 520	
11,04	
8,9	
8,9	
11,98	
11,3
RTKMP	
Ростел -ап
1 383	
15 484 093	
74,4	
74,3	
73,85	
74,8	
74,5
MTLRP	
Мечел ап
953	
15 179 680	
74,4	
74,7	
73,8	
75,15	
74,6
VSMO	
ВСМПО-АВСМ
331	
14 198 460	
18 860	
18 560	
18 200	
19 120	
18 980
LSNG	
РСетиЛЭ
1 518	
14 055 317	
6,12	
6,11	
6,01	
6,31	
6,24
PMSBP	
ПермьЭнС-п
1 706	
13 190 794	
155,8	
145,4	
142	
167,4	
158
NKNCP	
НКНХ ап
945	
12 810 477	
77,58	
77,46	
77,34	
78	
77,8
FESH	
ДВМП ао
1 082	
12 286 627	
7,03	
6,8	
6,79	
7,19	
7,14
CHMK	
ЧМК ао
1 039	
11 573 740	
2 655	
2 845	
2 535	
2 940	
2 575
AQUA	
РусАква ао
516	
11 282 005	
201,5	
198	
196,5	
209	
204,5
MRKV	
РсетВол ао
956	
10 542 216	
0,06575	
0,0653	
0,0649	
0,06625	
0,0659
OBUV	
ОР ао
1 537	
10 133 980	
30	
29,7	
29,7	
30,45	
30
PMSB	
ПермьЭнСб
1 550	
10 022 378	
156,7	
149,9	
141	
168	
160,9
MSTT	
Мостотрест
782	
8 928 456	
165,4	
163,45	
163,45	
167,55	
164,5
RUGR	
Русгрэйн
4 516	
8 727 381	
7,912	
7,596	
7,56	
8,198	
7,978
MSRS	
РСетиМР ао
571	
8 512 530	
1,1535	
1,1285	
1,125	
1,1685	
1,158
APTK	
Аптеки36и6
3 411	
8 210 430	
13,922	
13,816	
13,816	
14,142	
13,894
SELGP	
Селигдар-п
693	
8 025 465	
27,15	
27,65	
26,65	
28,15	
27,4
BANE	
Башнефт ао
622	
7 523 063	
1 803	
1 796	
1 795	
1 816	
1 804
KRKN	
СаратНПЗ
289	
7 501 950	
15 650	
14 400	
14 350	
16 500	
15 850
KRSBP	
Красэсб ап
392	
6 636 120	
7,92	
7,1	
6,8	
8,78	
8,16
MRKU	
МРСК Ур
591	
6 184 272	
0,1662	
0,1598	
0,1596	
0,1706	
0,168
YAKG	
ЯТЭК ао
262	
5 854 560	
39,95	
41,3	
39,05	
41,3	
39,9
LIFE	
iФармсинтз
631	
5 817 508	
7,8	
7,76	
7,725	
7,955	
7,765
SFIN	
САФМАР ао
625	
5 417 528	
412	
414,6	
409	
415	
411,8
MRKC	
МРСК Центр
563	
5 027 085	
0,2418	
0,24	
0,2388	
0,2428	
0,2414
MGTSP	
МГТС-4ап
475	
4 614 544	
2 160	
2 166	
2 150	
2 186	
2 154
RNFT	
РуссНфт ао
1 245	
4 371 524	
424,2	
425,2	
420,4	
425,4	
424
BELU	
Белуга ао
404	
4 100 836	
1 421	
1 470	
1 411	
1 470	
1 423
GCHE	
ЧеркизГ-ао
453	
3 959 835	
1 711,5	
1 718,5	
1 704	
1 719	
1 710
TGKB	
ТГК-2
348	
3 922 555	
0,00443	
0,00437	
0,004355	
0,0045	
0,00443
LNZL	
Лензолото
175	
3 882 680	
8 530	
8 690	
8 460	
8 690	
8 550
KRSB	
Красэсб ао
292	
3 763 450	
7,68	
7,19	
6,96	
8,4	
8,17
TTLK	
Таттел. ао
378	
3 548 390	
0,2935	
0,2925	
0,29	
0,298	
0,295
NKNC	
НКНХ ао
424	
3 359 535	
92,7	
91,75	
91,75	
98	
92,85
MOBB	
МосОблБанк
574	
3 318 729	
2,644	
2,45	
2,45	
2,756	
2,74
SVAV	
СОЛЛЕРС
237	
3 122 230	
257	
258,5	
255	
259,5	
258
CNTLP	
Телеграф-п
381	
2 450 922	
17,52	
17,56	
17,4	
17,82	
17,5
TGKN	
ТГК-14
149	
2 292 980	
0,00332	
0,00337	
0,00328	
0,00337	
0,00333
LNZLP	
Лензол. ап
128	
2 181 155	
3 690	
3 650	
3 605	
3 730	
3 705
KZOSP	
ОргСинт ап
816	
1 914 594	
11,91	
11,9	
11,75	
12,18	
11,91
TRCN	
ТрансК ао
83	
1 871 620	
8 175	
8 000	
8 000	
8 295	
8 280
GEMA	
iММЦБ ао
392	
1 803 344	
621	
622,5	
615	
631	
630
AMEZ	
АшинскийМЗ
452	
1 788 122	
4,155	
4,055	
4,055	
4,21	
4,17
KZOS	
ОргСинт ао
281	
1 778 038	
88,7	
88,4	
88,2	
89,4	
88,6
CHEP	
ЧТПЗ ао
141	
1 754 625	
204	
200,5	
200,5	
205	
204,5
INGR	
ИНГРАД ао
482	
1 732 604	
800	
775	
775	
830	
810
LVHK	
Левенгук
320	
1 673 778	
8,45	
8,28	
8,2	
8,98	
8,25
KRKOP	
ТКЗКК ап
433	
1 514 550	
5,885	
6,29	
5,81	
6,29	
5,92
UNAC	
iАвиастКао
269	
1 438 688	
0,478	
0,467	
0,466	
0,4845	
0,4735
URKZ	
УрКузница
90	
1 383 160	
11 720	
12 260	
11 220	
12 520	
11 540
RBCM	
РБК ао
310	
1 365 062	
3,236	
3,226	
3,2	
3,274	
3,232
ROLO	
Русолово
96	
1 338 712	
3,73	
3,742	
3,62	
3,824	
3,746
RGSS	
РГС СК ао
264	
1 334 953	
0,1542	
0,1516	
0,1516	
0,156	
0,1548
AVAN	
Авангрд-ао
211	
1 304 890	
775	
775	
740	
810	
780
KUBE	
Кубанэнр
415	
1 268 876	
68,7	
65	
65	
72,3	
69,4
MRKZ	
МРСК СЗ
226	
1 263 659	
0,04975	
0,04965	
0,04945	
0,05	
0,0498
DIOD	
ЗаводДИОД
115	
1 147 012	
5,96	
5,9	
5,9	
6,03	
5,95
MFGSP	
Мегион-ап
62	
1 129 575	
329,5	
328	
317,5	
332,5	
322
USBN	
УралСиб ао
75	
1 034 951	
0,0697	
0,0703	
0,0683	
0,0703	
0,0691
KAZT	
Куйбазот
103	
1 034 868	
136,4	
139	
135,6	
139	
137,2
GTRK	
ГТМ ао
324	
957 753	
43,25	
42,7	
42	
43,65	
43,4
KLSB	
КалужскСК
157	
936 350	
11,24	
11,3	
11,08	
11,49	
11,38
YKEN	
Якутскэнрг
70	
915 520	
0,351	
0,37	
0,342	
0,38	
0,363
KOGK	
КоршГОК ао
19	
914 000	
45 800	
45 400	
44 800	
47 000	
46 800
PRTK	
ПРОТЕК ао
134	
912 185	
98,3	
98,9	
97,8	
98,9	
97,9
IRKT	
ИРКУТ-3
104	
897 336	
30,84	
30,82	
30,62	
31,46	
30,74
TGKBP	
ТГК-2 ап
83	
896 270	
0,00711	
0,00716	
0,00704	
0,00733	
0,00706
RDRB	
РДБанк ао
47	
894 350	
255	
270	
255	
280	
260
KROT	
КрасОкт-ао
101	
839 965	
348,5	
354	
342	
357	
351,5
UWGN	
ОВК ао
154	
835 397	
242,4	
240,5	
240,1	
244,3	
242,1
KMAZ	
КАМАЗ
249	
831 337	
55,2	
55,3	
54,8	
55,6	
55,2
ALNU	
АЛРОСА-Нюр
17	
830 600	
48 800	
49 600	
48 600	
49 600	
48 800
MRKS	
РсетСиб ао
34	
748 470	
0,2165	
0,215	
0,2145	
0,22	
0,2175
CHKZ	
ЧКПЗ ао
50	
697 860	
5 360	
5 480	
5 260	
5 480	
5 300
HIMCP	
Химпром ап
91	
693 029	
5,84	
5,79	
5,78	
5,9	
5,86
ASSB	
АстрЭнСб
165	
677 905	
0,666	
0,669	
0,661	
0,6945	
0,664
ZILL	
ЗИЛ ао
48	
576 460	
1 465	
1 445	
1 415	
1 505	
1 460
VLHZ	
ВХЗ-ао
166	
560 745	
48,15	
48,15	
47,85	
49,5	
48,1
WTCMP	
ЦМТ ап
80	
545 140	
8,16	
8	
7,88	
8,26	
8,26
VJGZP	
Варьеган-п
37	
500 400	
336	
320	
320	
342	
335
DVEC	
ДЭК ао
100	
494 185	
0,802	
0,819	
0,797	
0,819	
0,802
IRGZ	
ИркЭнерго
71	
417 710	
12,58	
12,6	
12,44	
12,76	
12,6
ABRD	
АбрауДюрсо
116	
410 645	
133	
131	
131	
134	
132,5
GAZA	
ГАЗ ао
17	
380 130	
392	
380	
380	
395	
395
PAZA	
ПавлАвт ао
31	
373 760	
7 790	
7 760	
7 760	
7 880	
7 880
YKENP	
Якутскэн-п
27	
361 270	
0,3345	
0,3395	
0,33	
0,3485	
0,331
RLMN	
Роллман
159	
339 832	
20,35	
20,3	
19,9	
21	
20,25
SAGO	
СамарЭн-ао
26	
335 700	
0,39	
0,41	
0,388	
0,41	
0,398
BISVP	
БашИнСв ап
73	
333 711	
7,06	
7,05	
7	
7,12	
7,11
UNKL	
ЮУНК ао
35	
318 390	
3 500	
3 630	
3 420	
3 640	
3 530
MRKY	
РоссЮг ао
113	
284 333	
0,0504	
0,05	
0,04955	
0,05075	
0,05055
RAVN	
Raven
13	
279 835	
30,1	
30,1	
30	
30,1	
30,1
TGKD	
Квадра
70	
262 504	
0,00312	
0,003075	
0,003075	
0,00315	
0,003125
KUZB	
КузнецкийБ
133	
254 329	
0,0165	
0,0163	
0,01615	
0,01665	
0,01655
MAGEP	
МагадЭн ап
27	
242 785	
6,935	
7,2	
6,735	
7,2	
7,025
WTCM	
ЦМТ ао
50	
238 744	
9,02	
8,82	
8,7	
9,12	
9,12
KMEZ	
КМЗ
56	
227 790	
454	
453	
445,5	
456	
451,5
YRSBP	
ТНСэнЯр-п
14	
226 130	
88,5	
87,5	
87,5	
90	
89
MGNZ	
СМЗ-ао
23	
220 080	
4 080	
4 240	
3 990	
4 250	
4 070
NKHP	
НКХП ао
48	
210 660	
234	
234,5	
232,5	
235,5	
234,5
VSYDP	
ВыбСудЗ ап
41	
203 400	
4 160	
3 980	
3 980	
4 300	
4 180
VZRZP	
Возрожд-п
51	
203 380	
294,8	
287,4	
286	
298,8	
294,6
EELT	
ЕвроЭлтех
82	
202 572	
7,64	
7,78	
7,5	
7,8	
7,58
TASB	
ТамбЭнСб
33	
198 150	
0,3	
0,299	
0,2955	
0,3165	
0,301
JNOS	
Славн-ЯНОС
54	
195 275	
18,95	
19	
18,5	
19,3	
18,65
KBTK	
КузбТК ао
36	
193 098	
158,4	
156	
156	
159,8	
157,6
KROTP	
КрасОкт-1п
44	
192 390	
256,5	
247,5	
246	
264	
264
CNTL	
Телеграф
39	
185 670	
21,35	
21	
20,7	
21,55	
21,45
BRZL	
БурЗолото
36	
178 326	
829	
828	
828	
831	
830
DZRD	
iДонскЗР
49	
176 075	
1 895	
1 865	
1 850	
1 965	
1 890
OMZZP	
ОМЗ-ап
20	
169 820	
3 465	
3 470	
3 445	
3 500	
3 450
RUSP	
Русполимет
21	
168 050	
0,6225	
0,62	
0,613	
0,63	
0,621
UKUZ	
ЮжКузб. ао
17	
164 802	
546	
556	
536	
556	
552
NNSB	
ТНСэнНН ао
21	
161 660	
1 275	
1 270	
1 265	
1 315	
1 280
NAUK	
iНПОНаука
52	
153 560	
174,6	
176	
173,2	
176	
174,4
TASBP	
ТамбЭнСб-п
32	
153 500	
0,2475	
0,249	
0,233	
0,2645	
0,236
NSVZ	
НаукаСвяз
41	
149 990	
220,5	
221,5	
211,5	
230	
223
ROST	
РОСИНТЕРао
44	
144 706	
60,6	
61	
60	
62,4	
60,2
KCHE	
КамчатЭ ао
44	
141 135	
0,199	
0,1975	
0,1905	
0,207	
0,1915
PRMB	
Приморье
7	
139 000	
19 800	
20 600	
19 400	
20 600	
19 800
MAGE	
МагадЭн ао
20	
138 330	
4,94	
4,95	
4,9	
4,99	
4,99
STSBP	
СтаврЭнСбп
45	
138 211	
0,2945	
0,29	
0,2885	
0,2985	
0,298
ZVEZ	
ЗВЕЗДА ао
25	
135 390	
4,515	
4,46	
4,46	
4,595	
4,525
VSYD	
ВыбСудЗ ао
19	
126 690	
4 225	
4 230	
4 190	
4 265	
4 190
MGTS	
МГТС-5ао
21	
124 485	
2 650	
2 705	
2 625	
2 705	
2 645
NKSH	
Нижкамшина
28	
123 620	
22,9	
22,66	
22,66	
24	
23,16
SLEN	
Сахэнер ао
31	
118 155	
4,035	
4,035	
3,995	
4,05	
4,03
BLNG	
Белон ао
16	
106 378	
4	
4,004	
3,986	
4,032	
4,032
VJGZ	
Варьеган
21	
104 116	
602	
593	
593	
607	
602
RTGZ	
ГазпРнД ао
5	
103 900	
20 800	
20 600	
20 600	
20 950	
20 750
LPSB	
ЛЭСК ао
21	
102 485	
8	
7,9	
7,9	
8,05	
8,05
ELTZ	
Электрцинк
58	
97 825	
173,5	
173,5	
172	
175	
174
TORSP	
ТРК ап
18	
92 295	
0,2715	
0,2735	
0,262	
0,2765	
0,2765
IGSTP	
Ижсталь ап
25	
91 580	
710	
726	
707	
726	
710
JNOSP	
Слав-ЯНОСп
13	
82 674	
14,26	
14,54	
13,92	
14,54	
14,14
RTSB	
ТНСэнРст
16	
82 550	
0,345	
0,345	
0,335	
0,35	
0,35
GAZAP	
ГАЗ ап
21	
82 035	
342	
348	
333	
348	
340,5
RLMNP	
Роллман-п
37	
80 496	
20,24	
20,16	
20,12	
20,44	
20,22
KTSB	
КСБ ао
40	
75 782	
0,546	
0,526	
0,526	
0,556	
0,552
UTAR	
ЮТэйр ао
21	
75 781	
6,53	
6,52	
6,51	
6,65	
6,55
RKKE	
ЭнергияРКК
13	
74 810	
4 990	
4 980	
4 960	
5 010	
5 000
ALBK	
БестЭфБ ао
31	
74 715	
53	
57	
52	
57	
54,5
SZPR	
СЗПароход
35	
66 444	
730	
718	
716	
736	
732
MRSB	
МордЭнСб
10	
62 100	
0,345	
0,357	
0,341	
0,363	
0,352
DZRDP	
iДонскЗР п
33	
60 130	
1 580	
1 590	
1 580	
1 590	
1 590
STSB	
СтаврЭнСб
36	
59 331	
0,347	
0,3485	
0,3425	
0,3545	
0,3495
RUSI	
ИКРУСС-ИНВ
9	
57 390	
38,3	
39	
37,9	
39	
38,2
HALS	
Галс-Девел
19	
55 679	
752	
749	
749	
767	
760
TGKDP	
Квадра-п
52	
52 712	
0,00412	
0,00403	
0,00402	
0,004235	
0,00416
IGST	
Ижсталь2ао
37	
49 502	
884	
885	
870	
900	
881
MRKK	
Россети СК
35	
47 302	
26,28	
26,12	
26,12	
26,46	
26,42
ROSB	
Росбанк ао
24	
46 710	
70,8	
71	
70,2	
71,2	
70,8
NFAZ	
Нефтекамск
7	
46 696	
155,8	
157	
155,2	
157,4	
156
UCSS	
ОКС ао
17	
46 500	
1 450	
1 460	
1 440	
1 460	
1 450
KAZTP	
Куйбазот-п
20	
45 826	
139	
139,4	
137,2	
139,6	
138,8
MFGS	
Мегион-ао
8	
45 480	
350	
349,5	
347	
357,5	
347
TORS	
ТРК ао
9	
40 580	
0,369	
0,359	
0,359	
0,371	
0,37
VGSB	
ВолгЭнСб
7	
39 620	
1,585	
1,59	
1,54	
1,6	
1,55
SARE	
СаратЭн-ао
17	
38 074	
0,119	
0,1214	
0,1164	
0,1218	
0,1178
SAGOP	
СамарЭн-ап
8	
35 450	
0,394	
0,385	
0,385	
0,396	
0,396
TUZA	
ТЗА ао
17	
34 980	
97	
97	
96	
100	
96
MISB	
ТНСэнМарЭл
6	
30 040	
11,6	
11,6	
11,2	
11,6	
11,2
KTSBP	
КСБ ап
6	
25 970	
0,2595	
0,261	
0,2545	
0,262	
0,26
YRSB	
ТНСэнЯр
5	
23 480	
168	
168	
166	
168	
168
VGSBP	
ВолгЭнСб-п
12	
22 595	
1,075	
1,075	
1,06	
1,095	
1,075
VRSBP	
ТНСэнВор-п
6	
21 800	
31	
31	
31	
31,5	
31,5
KGKC	
КурганГКао
6	
21 190	
52	
51	
51	
53	
53
SAREP	
СаратЭн-ап
6	
19 822	
0,0902	
0,0902	
0,0896	
0,0908	
0,0898
ARSA	
Арсагера
5	
16 210	
3,24	
3,21	
3,2	
3,28	
3,25
VRSB	
ТНСэнВорон
3	
14 280	
47,6	
47,6	
47,6	
47,6	
47,6
KGKCP	
КурганГКап
7	
12 830	
53,5	
54	
53	
54	
54
MISBP	
ТНСэМаЭл-п
7	
10 780	
9,8	
9,8	
9,8	
9,8	
9,8
KBSB	
ТНСэКубань
2	
10 450	
130,5	
131	
130,5	
131	
130,5
CHGZ	
РН-ЗапСиб
3	
9 580	
32	
32,6	
31,6	
32,6	
31,6
TNSE	
ТНСэнрг ао
6	
5 760	
960	
960	
960	
960	
960
NNSBP	
ТНСэнНН ап
2	
1 082	
541	
541	
541	
541	
541
GAZC	
ГАЗКОН-ао
0	
0	
-	
-	
-	
-	
295
GTSS	
ГЕОТЕК ао
0	
0	
-	
-	
-	
-	
-
TRFM	
ТрансФ ао
0	
0	
-	
-	
-	
-	
-
KMTZ	
КосогМЗ ао
0	
0	
-	
-	
-	
-	
-
KZMS	
КЗМС ао
0	
0	
-	
-	
-	
-	
226
GAZS	
ГАЗ-сервис
0	
0	
-	
-	
-	
-	
293
HIMC	
Химпром ао
0	
0	
-	
-	
-	
-	
0,99
RTSBP	
ТНСэнРст-п
0	
0	
-	
-	
-	
-	
0,3
URKA	
Уркалий-ао
0	
0	
-	
-	
-	
-	
119,04
VZRZ	
Возрожд-ао
0	
0	
-	
-	
-	
-	
480
GAZT	
ГАЗ-Тек ао
0	
0	
-	
-	
-	
-	
85
KCHEP	
КамчатЭ ап
0	
0	
-	
-	
-	
-	
0,352
KSGR	
Кокс ао
0	
0	
-	
-	
-	
-	
-
MFON	
МегаФон ао
0	
0	
-	
-	
-	
-	
650,6
MORI	
Морион ао
0	
0	
-	
-	
-	
-	
4,31
BISV	
БашИнСв ао
0	
0	
-	
-	
-	
-	
8,7
KRKO	
ТКЗКК ао
0	
0	
-	
-	
-	
-	
11,8
KUNF	
КУЗОЦМ ао
0	
0	
-	
-	
-	
-	
-
NPOF	
Физика ао
0	
0	
-	
-	
-	
-	
11 850