GAZP	
ГАЗПРОМ ао
164 424	
16 511 801 130	
171,44	
175,1	
169,6	
175,17	
170,07
SBER	
Сбербанк
80 300	
13 705 991 460	
227,49	
229	
226,25	
229,3	
227,57
YNDX	
Yandex clA
89 665	
8 914 472 775	
4 835,2	
4 800	
4 710	
4 959,8	
4 888,4
LKOH	
ЛУКОЙЛ
34 637	
5 282 276 792	
4 538,5	
4 578,5	
4 478	
4 600,5	
4 563,5
GMKN	
ГМКНорНик
20 553	
4 215 506 932	
18 768	
18 850	
18 556	
18 930	
18 836
MGNT	
Магнит ао
22 158	
2 441 070 632	
5 031	
5 060,5	
4 976,5	
5 129,5	
5 016
SBERP	
Сбербанк-п
31 933	
2 260 753 363	
220,17	
221	
219,01	
221,71	
220,29
TATN	
Татнфт 3ао
38 236	
2 255 304 301	
462,2	
469,9	
457,4	
470,8	
460,4
POLY	
Polymetal
31 154	
2 112 694 095	
1 667,5	
1 683,2	
1 639,4	
1 690	
1 667,2
PLZL	
Полюс
16 088	
2 104 186 439	
16 328	
16 345	
16 161	
16 585	
16 291
ROSN	
Роснефть
14 885	
1 687 111 948	
379,5	
379	
376,95	
381,5	
380,45
MTSS	
МТС-ао
15 431	
1 540 595 481	
337	
337,1	
334,6	
340,85	
336,1
MAIL	
MAIL-гдр
34 480	
1 516 125 123	
2 188,2	
2 227,8	
2 163	
2 229,4	
2 185
NVTK	
Новатэк ао
12 280	
1 515 879 335	
1 070	
1 065	
1 051,2	
1 088,6	
1 080
DSKY	
ДетскийМир
21 372	
1 464 970 988	
116,14	
115,22	
114,06	
117,48	
117,48
ALRS	
АЛРОСА ао
33 838	
1 439 103 011	
71,61	
73,2	
70,66	
73,2	
71,45
SNGSP	
Сургнфгз-п
13 904	
1 306 138 665	
37,855	
37,6	
37,425	
38,325	
38,05
MOEX	
МосБиржа
18 315	
1 163 742 257	
145,14	
145,2	
143,1	
147,98	
145,25
AFLT	
Аэрофлот
24 489	
934 824 198	
74,6	
76	
73,1	
76,46	
74,14
TCSG	
TCS-гдр
17 399	
927 516 592	
2 000,4	
2 049	
1 965,6	
2 055	
2 035,6
IRAO	
ИнтерРАОао
10 363	
827 712 159	
5,6445	
5,61	
5,5705	
5,688	
5,65
SNGS	
Сургнфгз
7 256	
750 085 899	
34,745	
35,17	
34,41	
35,17	
34,445
MAGN	
ММК
10 142	
693 161 920	
38,32	
38,015	
37,83	
38,77	
38,25
CHMF	
СевСт-ао
10 588	
686 235 126	
978,8	
973,4	
967,8	
987	
985
FIVE	
FIVE-гдр
6 619	
685 475 079	
2 973	
2 990,5	
2 928	
3 009,5	
2 960
AFKS	
Система ао
17 486	
676 809 593	
21,232	
21,777	
20,911	
21,932	
21,085
VTBR	
ВТБ ао
28 112	
639 802 015	
0,0341	
0,03434	
0,03391	
0,03439	
0,034125
TATNP	
Татнфт 3ап
18 911	
620 792 370	
445,7	
454,5	
436,2	
454,5	
443,5
NLMK	
НЛМК ао
7 002	
565 084 243	
168	
167,96	
166,54	
169	
168,42
TRNFP	
Транснф ап
1 991	
553 558 950	
145 450	
146 000	
143 550	
147 000	
144 100
HYDR	
РусГидро
10 921	
343 086 021	
0,7555	
0,7641	
0,7487	
0,7675	
0,7498
RSTI	
Россети ао
6 390	
335 187 707	
1,4683	
1,4941	
1,4434	
1,5088	
1,45
SIBN	
Газпрнефть
5 826	
287 285 841	
291,3	
292	
289,5	
293,45	
292,2
MVID	
М.видео
5 092	
282 917 877	
630,5	
634,9	
624,7	
647	
628,8
HHRU	
iHHRU-адр
6 184	
259 692 065	
1 884,8	
1 875	
1 850	
1 952,2	
1 870
CBOM	
МКБ ао
5 898	
249 707 992	
5,699	
5,738	
5,659	
5,749	
5,73
FEES	
ФСК ЕЭС ао
5 149	
242 955 164	
0,19954	
0,202	
0,1982	
0,20282	
0,1982
POGR	
Petropavl
4 648	
190 204 918	
33,475	
34	
33,08	
34,045	
33,185
ISKJ	
iИСКЧ ао
10 833	
173 870 195	
35,24	
32,35	
32,35	
37	
34,5
RTKM	
Ростел -ао
5 976	
173 722 829	
97,88	
97,65	
96,71	
98,88	
98,31
LNTA	
Лента др
7 292	
136 285 844	
215	
218	
212	
219,2	
213,2
QIWI	
iQIWI
5 093	
134 505 554	
1 321,5	
1 294,5	
1 262	
1 355	
1 355
UPRO	
Юнипро ао
1 297	
93 846 118	
2,752	
2,76	
2,741	
2,77	
2,755
BANEP	
Башнефт ап
6 751	
83 175 611	
1 259,5	
1 242	
1 233	
1 283,5	
1 252
OGKB	
ОГК-2 ао
2 560	
77 171 863	
0,7658	
0,765	
0,7571	
0,7747	
0,7571
MTLR	
Мечел ао
9 348	
74 653 352	
60,68	
61,76	
60	
61,76	
60,66
RASP	
Распадская
1 744	
71 054 303	
119,28	
120	
116,54	
121,88	
119,38
LSRG	
ЛСР ао
3 952	
67 507 901	
866,6	
865,2	
858,8	
878	
860
ENRU	
ЭнелРос ао
5 325	
64 094 077	
0,947	
0,9335	
0,9275	
0,975	
0,9375
PHOR	
ФосАгро ао
1 705	
58 242 031	
2 733	
2 746	
2 716	
2 749	
2 745
ENPG	
ЭН+ГРУП ао
569	
55 725 235	
699	
691,5	
690,5	
701	
700
MTLRP	
Мечел ап
3 624	
46 258 753	
65,25	
66,9	
64,45	
66,95	
64,45
PIKK	
ПИК ао
1 233	
45 778 987	
558,5	
558	
555	
562	
557,9
TRMK	
ТМК ао
433	
30 805 630	
60,92	
60,86	
60,86	
61	
60,9
ETLN	
ETLN-гдр
2 882	
29 383 376	
123,52	
123,22	
122,74	
124	
123,6
RTKMP	
Ростел -ап
1 879	
29 168 859	
88,85	
88	
87,8	
89,55	
89,2
FESH	
ДВМП ао
1 650	
26 324 279	
8,52	
8,8	
8,4	
8,8	
8,5
AKRN	
Акрон
762	
26 071 418	
6 064	
6 108	
5 990	
6 190	
6 080
NMTP	
НМТП ао
2 187	
24 905 642	
8,605	
8,595	
8,545	
8,68	
8,6
MRKP	
МРСК ЦП
589	
21 852 902	
0,2181	
0,2158	
0,2155	
0,2206	
0,2169
TGKA	
ТГК-1
1 604	
20 443 797	
0,011224	
0,011328	
0,011172	
0,011338	
0,011186
BANE	
Башнефт ао
874	
19 064 392	
1 668	
1 651,5	
1 638	
1 696,5	
1 659,5
AGRO	
AGRO-гдр
1 358	
17 058 646	
734,6	
734,8	
730	
746,8	
731,2
LIFE	
iФармсинтз
935	
13 024 386	
7,235	
7,15	
7,125	
7,34	
7,255
LSNGP	
РСетиЛЭ-п
914	
12 311 309	
155,8	
157,45	
153,85	
158,45	
154,2
GEMA	
iММЦБ ао
1 012	
11 949 086	
619,5	
610	
605	
643,5	
615,5
VSMO	
ВСМПО-АВСМ
214	
11 150 180	
17 080	
17 080	
17 000	
17 160	
17 060
NKNCP	
НКНХ ап
1 432	
10 435 614	
77,2	
77,22	
77	
77,98	
77,18
MSNG	
+МосЭнерго
545	
9 960 513	
2,0365	
2,051	
2,031	
2,051	
2,0315
LNZL	
Лензолото
114	
9 431 950	
18 530	
18 740	
18 430	
18 740	
18 500
SELG	
Селигдар
643	
9 286 144	
41,85	
42,8	
41,1	
42,8	
41,89
OBUV	
ОР ао
1 413	
9 215 126	
31,75	
32,25	
31,35	
32,35	
31,55
RSTIP	
Россети ап
534	
8 232 562	
2,03	
2,034	
2,016	
2,053	
2,029
UNAC	
iАвиастКао
932	
8 015 370	
0,421	
0,4415	
0,4	
0,446	
0,4275
BSPB	
БСП ао
1 491	
7 776 560	
42,8	
43	
42,31	
43,18	
43,09
GCHE	
ЧеркизГ-ао
744	
5 829 642	
1 888,5	
1 899	
1 873	
1 909,5	
1 874,5
KRKNP	
СаратНПЗ-п
156	
5 469 140	
15 500	
15 440	
15 360	
15 620	
15 500
LSNG	
РСетиЛЭ
898	
5 220 257	
5,47	
5,64	
4,92	
5,67	
5,47
MRKC	
МРСК Центр
523	
4 559 123	
0,294	
0,2974	
0,2922	
0,2974	
0,2926
YAKG	
ЯТЭК ао
383	
4 517 770	
49,05	
46,95	
46,95	
51	
48,7
RNFT	
РуссНфт ао
842	
4 395 432	
349	
351,6	
344,2	
357	
347,8
BISVP	
БашИнСв ап
431	
4 283 173	
10,67	
10,37	
10,37	
11	
10,76
AQUA	
РусАква ао
364	
4 109 385	
215,5	
215	
213,5	
217,5	
216
MSRS	
РСетиМР ао
160	
3 328 606	
1,1645	
1,1825	
1,16	
1,1825	
1,1685
BELU	
Белуга ао
209	
3 328 467	
1 279	
1 292	
1 272	
1 302	
1 279
APTK	
Аптеки36и6
1 961	
3 293 031	
13,584	
13,624	
13,482	
13,684	
13,642
TGKB	
ТГК-2
228	
3 240 660	
0,00399	
0,00401	
0,00396	
0,00402	
0,004
CNTLP	
Телеграф-п
302	
3 040 822	
14,4	
14,48	
14,32	
14,48	
14,4
KAZT	
Куйбазот
43	
2 956 304	
160	
159,8	
158,8	
160,6	
159,8
IRGZ	
ИркЭнерго
272	
2 904 032	
11,64	
11,82	
11,4	
11,82	
11,68
HIMCP	
Химпром ап
488	
2 712 476	
7,86	
8,05	
7,77	
8,05	
7,84
SFIN	
САФМАР ао
103	
2 612 610	
493	
492,6	
485	
508,6	
494,4
SVAV	
СОЛЛЕРС
100	
2 597 220	
288	
289,5	
286	
290,5	
286
ALNU	
АЛРОСА-Нюр
40	
2 474 200	
57 600	
57 000	
56 600	
64 000	
57 400
SELGP	
Селигдар-п
226	
2 421 110	
36,5	
36,5	
35,8	
37	
35,95
DIOD	
ЗаводДИОД
348	
2 052 036	
6,89	
6,78	
6,74	
7,04	
6,89
NKNC	
НКНХ ао
358	
1 906 186	
89,75	
90,1	
89,45	
90,2	
89,6
MRSB	
МордЭнСб
158	
1 830 880	
0,424	
0,43	
0,413	
0,437	
0,424
IRKT	
ИРКУТ-3
130	
1 816 960	
33,84	
33,94	
33,5	
34,2	
33,6
ABRD	
АбрауДюрсо
248	
1 739 380	
199,5	
201	
198	
202,5	
199,5
KMAZ	
КАМАЗ
457	
1 664 411	
60,8	
61,2	
60,3	
61,6	
60,8
LNZLP	
Лензол. ап
207	
1 525 280	
3 980	
3 920	
3 920	
4 050	
3 970
MRKV	
РсетВол ао
340	
1 379 562	
0,06775	
0,06815	
0,0675	
0,06815	
0,06765
RBCM	
РБК ао
173	
1 353 314	
3,264	
3,294	
3,246	
3,32	
3,264
VRSB	
ТНСэнВорон
89	
1 242 980	
73,2	
73,8	
71	
76	
73,2
NSVZ	
НаукаСвяз
242	
1 216 630	
207,5	
205,5	
203	
211,5	
205,5
RUGR	
Русгрэйн
1 372	
1 212 089	
9,1	
9,2	
9,01	
9,222	
9,068
NFAZ	
Нефтекамск
152	
1 183 948	
210	
219	
203	
219,8	
205
RAVN	
Raven
41	
1 157 755	
29,85	
30,2	
18,55	
30,6	
30,05
RTGZ	
ГазпРнД ао
4	
1 152 800	
26 200	
26 200	
26 200	
26 200	
26 200
CNTL	
Телеграф
167	
1 102 805	
16,65	
16,8	
16,6	
16,8	
16,65
TTLK	
Таттел. ао
78	
1 076 840	
0,3335	
0,3375	
0,3275	
0,3375	
0,334
PRMB	
Приморье
31	
1 076 200	
27 600	
27 200	
27 200	
27 800	
27 600
TGKD	
Квадра
128	
1 017 668	
0,00357	
0,003605	
0,00355	
0,003605	
0,00357
KZOS	
ОргСинт ао
270	
994 646	
82,7	
83,2	
82,4	
83,3	
82,8
NAUK	
iНПОНаука
170	
985 100	
202,2	
201,2	
199,4	
206,8	
202,2
ROLO	
Русолово
94	
957 048	
6,338	
6,376	
6,222	
6,48	
6,302
MGTSP	
МГТС-4ап
153	
949 934	
1 946	
1 950	
1 938	
1 958	
1 942
RGSS	
РГС СК ао
141	
915 927	
0,1468	
0,1476	
0,1454	
0,149	
0,147
BRZL	
БурЗолото
124	
897 458	
1 042	
1 049	
1 031	
1 060	
1 035
AVAN	
Авангрд-ао
205	
857 050	
870	
850	
850	
930	
865
DZRDP	
iДонскЗР п
184	
756 580	
1 710	
1 670	
1 670	
1 780	
1 700
LVHK	
Левенгук
197	
754 119	
8,75	
8,5	
8,43	
9,18	
8,54
VRSBP	
ТНСэнВор-п
81	
733 050	
44,5	
45	
43	
46	
45,5
KRSBP	
Красэсб ап
169	
727 834	
7,54	
7,06	
7,06	
8,02	
7,48
UNKL	
ЮУНК ао
60	
679 750	
6 600	
6 640	
6 550	
6 680	
6 600
KZOSP	
ОргСинт ап
517	
670 591	
11,31	
11,12	
11,11	
11,5	
11,45
VZRZP	
Возрожд-п
45	
632 988	
323	
322,2	
320	
329	
322,2
MAGEP	
МагадЭн ап
72	
609 520	
5,49	
5,72	
5,42	
5,72	
5,48
UWGN	
ОВК ао
201	
602 221	
202,5	
200,6	
200,1	
208,8	
200,9
KUBE	
Кубанэнр
87	
548 223	
70,1	
71,8	
69,7	
71,8	
70,2
TGKN	
ТГК-14
80	
546 990	
0,00313	
0,00313	
0,0031	
0,00315	
0,00312
RTSB	
ТНСэнРст
69	
542 900	
0,54	
0,565	
0,525	
0,565	
0,545
VJGZ	
Варьеган
162	
538 401	
631	
664	
619	
678	
629
RKKE	
ЭнергияРКК
35	
530 910	
6 990	
7 000	
6 960	
7 030	
7 010
AMEZ	
АшинскийМЗ
226	
503 476	
4,615	
4,62	
4,58	
4,655	
4,6
HALS	
Галс-Девел
68	
471 370	
1 139	
1 171	
1 116	
1 171	
1 137
MRKZ	
МРСК СЗ
130	
454 415	
0,0493	
0,0492	
0,0491	
0,05005	
0,0495
URKZ	
УрКузница
17	
452 520	
15 080	
15 080	
15 000	
15 340	
15 340
SAGOP	
СамарЭн-ап
78	
438 250	
0,438	
0,45	
0,429	
0,455	
0,445
MRKY	
РоссЮг ао
206	
437 511	
0,04785	
0,04785	
0,04775	
0,04815	
0,0478
CHEP	
ЧТПЗ ао
90	
395 025	
207	
207	
206	
208	
207
KRKOP	
ТКЗКК ап
102	
369 039	
8,405	
8,285	
8,285	
8,58	
8,58
GAZA	
ГАЗ ао
43	
355 915	
395,5	
399	
391	
400,5	
393,5
YKEN	
Якутскэнрг
48	
346 355	
0,3935	
0,404	
0,39	
0,404	
0,3945
MRKU	
МРСК Ур
74	
331 606	
0,1382	
0,1396	
0,1378	
0,1396	
0,1382
TGKBP	
ТГК-2 ап
104	
325 188	
0,00705	
0,00699	
0,0069	
0,0071	
0,00703
ZVEZ	
ЗВЕЗДА ао
35	
321 300	
4,59	
4,6	
4,55	
4,665	
4,64
GTRK	
ГТМ ао
230	
315 508	
42,4	
42,6	
42,1	
42,6	
42,15
STSBP	
СтаврЭнСбп
101	
307 184	
0,378	
0,38	
0,375	
0,3815	
0,375
PMSBP	
ПермьЭнС-п
62	
284 226	
130,4	
130,4	
129,8	
131,4	
130,4
ARSA	
Арсагера
35	
267 760	
4,12	
4,11	
4,1	
4,17	
4,13
VJGZP	
Варьеган-п
57	
259 360	
333	
345	
323	
345	
340
KLSB	
КалужскСК
76	
255 883	
13,33	
13,51	
13,15	
13,59	
13,21
NKHP	
НКХП ао
60	
255 195	
263	
266	
261	
266	
261,5
RUSP	
Русполимет
141	
255 059	
0,63	
0,632	
0,601	
0,6395	
0,63
ALBK	
БестЭфБ ао
56	
234 470	
59	
59,5	
58,5	
60	
59
KTSBP	
КСБ ап
55	
232 930	
0,2805	
0,2765	
0,275	
0,293	
0,28
CHMK	
ЧМК ао
36	
229 410	
2 580	
2 590	
2 570	
2 595	
2 585
KBSB	
ТНСэКубань
57	
226 415	
135	
135	
134	
136	
136
VGSB	
ВолгЭнСб
31	
214 200	
4,04	
4,035	
4,01	
4,1	
4,06
DVEC	
ДЭК ао
130	
210 586	
0,908	
0,913	
0,906	
0,913	
0,91
UTAR	
ЮТэйр ао
47	
202 742	
6,94	
6,93	
6,9	
7,01	
6,9
STSB	
СтаврЭнСб
64	
196 942	
0,547	
0,552	
0,54	
0,5615	
0,556
MRKS	
РсетСиб ао
11	
193 185	
0,233	
0,231	
0,231	
0,233	
0,2315
KOGK	
КоршГОК ао
4	
183 800	
46 000	
45 800	
45 800	
46 200	
46 200
MAGE	
МагадЭн ао
25	
179 270	
5,6	
5,63	
5,52	
5,64	
5,58
KUZB	
КузнецкийБ
102	
174 259	
0,01502	
0,01505	
0,015	
0,0151	
0,01502
ELTZ	
Электрцинк
104	
169 628	
170,5	
168,5	
166,5	
175	
167
JNOSP	
Слав-ЯНОСп
13	
166 374	
13,98	
14	
13,96	
14,22	
14,22
USBN	
УралСиб ао
38	
165 670	
0,0673	
0,0672	
0,067	
0,0682	
0,0672
INGR	
ИНГРАД ао
36	
162 448	
800	
805	
798	
806	
800
ZILL	
ЗИЛ ао
12	
158 015	
2 550	
2 545	
2 505	
2 565	
2 555
RDRB	
РДБанк ао
25	
151 550	
220	
220	
215	
220	
220
SLEN	
Сахэнер ао
31	
144 900	
6,44	
6,25	
6,25	
6,53	
6,355
GAZAP	
ГАЗ ап
12	
141 020	
306,5	
307,5	
306	
309	
308
IGSTP	
Ижсталь ап
40	
132 297	
837	
850	
831	
850	
839
SARE	
СаратЭн-ао
72	
132 232	
0,1378	
0,1346	
0,1346	
0,142	
0,1346
PAZA	
ПавлАвт ао
16	
129 340	
8 080	
8 190	
7 940	
8 200	
7 940
TUZA	
ТЗА ао
32	
117 060	
105	
104	
104	
106	
105
RLMN	
Роллман
80	
112 323	
17,85	
18	
17,7	
18,05	
17,85
BLNG	
Белон ао
51	
104 443	
4,096	
4,108	
4,07	
4,144	
4,13
ASSB	
АстрЭнСб
56	
100 915	
0,7475	
0,751	
0,743	
0,756	
0,748
IGST	
Ижсталь2ао
39	
100 076	
962	
987	
942	
987	
951
CHGZ	
РН-ЗапСиб
13	
99 820	
52,6	
53,8	
52	
53,8	
52,8
RLMNP	
Роллман-п
28	
99 134	
18,6	
18,78	
18,3	
18,84	
18,5
MISB	
ТНСэнМарЭл
17	
97 020	
12,3	
12,6	
12,1	
12,6	
12,5
MGNZ	
СМЗ-ао
20	
94 230	
4 710	
4 720	
4 660	
4 750	
4 730
KMEZ	
КМЗ
66	
93 803	
493,5	
496	
486	
502	
495,5
MGTS	
МГТС-5ао
18	
90 510	
2 210	
2 195	
2 195	
2 225	
2 195
KRSB	
Красэсб ао
18	
89 742	
7,12	
7,02	
7,02	
7,21	
7,1
YKENP	
Якутскэн-п
16	
89 290	
0,388	
0,395	
0,383	
0,395	
0,383
RTSBP	
ТНСэнРст-п
12	
86 450	
0,509	
0,504	
0,503	
0,514	
0,513
UCSS	
ОКС ао
15	
86 010	
1 460	
1 460	
1 450	
1 460	
1 460
VGSBP	
ВолгЭнСб-п
26	
83 805	
1,995	
2,04	
1,97	
2,04	
2
MISBP	
ТНСэМаЭл-п
23	
83 690	
12,1	
11,9	
11,9	
12,5	
12,1
SAGO	
СамарЭн-ао
12	
81 940	
0,586	
0,592	
0,58	
0,594	
0,582
MFGS	
Мегион-ао
12	
80 865	
336,5	
344	
335	
344	
336
NNSB	
ТНСэнНН ао
16	
79 565	
1 730	
1 725	
1 720	
1 770	
1 735
KRKN	
СаратНПЗ
5	
72 100	
12 000	
12 000	
11 950	
12 200	
11 950
TGKDP	
Квадра-п
37	
71 128	
0,004365	
0,00431	
0,00431	
0,00445	
0,004345
PMSB	
ПермьЭнСб
23	
64 498	
131,6	
131,9	
131	
132,3	
131,5
OMZZP	
ОМЗ-ап
14	
61 710	
3 430	
3 450	
3 410	
3 475	
3 440
KROT	
КрасОкт-ао
13	
55 780	
372	
374,5	
369	
376,5	
370
VLHZ	
ВХЗ-ао
16	
48 180	
53,55	
53,35	
53,3	
53,95	
53,6
WTCMP	
ЦМТ ап
17	
46 074	
8,22	
8,1	
8,1	
8,3	
8,22
KROTP	
КрасОкт-1п
11	
45 265	
266,5	
263	
263	
269,5	
266
ROSB	
Росбанк ао
23	
44 108	
77,4	
76	
76	
78,6	
78,6
NNSBP	
ТНСэнНН ап
9	
44 019	
657	
655	
655	
670	
661
VSYDP	
ВыбСудЗ ап
10	
42 680	
3 880	
3 900	
3 860	
3 920	
3 900
VSYD	
ВыбСудЗ ао
8	
42 595	
3 870	
3 890	
3 850	
3 920	
3 850
LPSB	
ЛЭСК ао
17	
40 670	
8,15	
8,05	
8,05	
8,15	
8,15
UKUZ	
ЮжКузб. ао
18	
35 370	
506	
506	
502	
508	
502
WTCM	
ЦМТ ао
16	
34 878	
9,18	
9,26	
9,1	
9,26	
9,16
KCHEP	
КамчатЭ ап
9	
34 100	
0,379	
0,381	
0,378	
0,381	
0,379
KCHE	
КамчатЭ ао
11	
33 895	
0,212	
0,2155	
0,2105	
0,2155	
0,2115
TNSE	
ТНСэнрг ао
18	
30 785	
995	
985	
980	
1 000	
990
KAZTP	
Куйбазот-п
11	
27 070	
150,4	
149,2	
149,2	
151	
151
JNOS	
Славн-ЯНОС
9	
25 285	
18,05	
18,1	
18	
18,15	
18,1
KBTK	
КузбТК ао
10	
25 030	
147,2	
148,2	
146,4	
148,8	
146,4
KTSB	
КСБ ао
10	
21 080	
0,638	
0,658	
0,624	
0,66	
0,646
SAREP	
СаратЭн-ап
13	
20 206	
0,1188	
0,1208	
0,1164	
0,1208	
0,1164
MRKK	
Россети СК
13	
19 804	
25,08	
25,42	
24,96	
25,42	
25,04
TORSP	
ТРК ап
4	
19 640	
0,2805	
0,28	
0,28	
0,283	
0,283
TASB	
ТамбЭнСб
5	
19 465	
0,3895	
0,39	
0,3885	
0,39	
0,3885
EELT	
ЕвроЭлтех
31	
18 651	
7,46	
7,52	
7,4	
7,52	
7,46
TORS	
ТРК ао
4	
16 430	
0,411	
0,418	
0,406	
0,418	
0,409
RZSB	
РязЭнСб
8	
15 658	
9,22	
9,2	
9,18	
9,24	
9,2
MFGSP	
Мегион-ап
2	
15 500	
310	
310	
310	
310	
310
KGKC	
КурганГКао
9	
14 870	
55	
55,5	
55	
55,5	
55,5
TASBP	
ТамбЭнСб-п
4	
13 890	
0,278	
0,279	
0,276	
0,279	
0,277
NKSH	
Нижкамшина
2	
13 434	
22,4	
22,4	
22,34	
22,4	
22,34
CHKZ	
ЧКПЗ ао
2	
10 600	
5 300	
5 320	
5 280	
5 320	
5 300
KGKCP	
КурганГКап
9	
10 360	
54,5	
54,5	
54	
55	
54,5
YRSBP	
ТНСэнЯр-п
3	
6 200	
88,5	
89	
88,5	
89	
88,5
YRSB	
ТНСэнЯр
2	
5 000	
166	
166	
166	
168	
168
ROST	
РОСИНТЕРао
4	
3 680	
61,4	
62	
61	
62	
61
DZRD	
iДонскЗР
1	
2 125	
2 125	
2 125	
2 125	
2 125	
2 125
BISV	
БашИнСв ао
0	
0	
-	
-	
-	
-	
8,7
GAZC	
ГАЗКОН-ао
0	
0	
-	
-	
-	
-	
295
GAZS	
ГАЗ-сервис
0	
0	
-	
-	
-	
-	
293
GAZT	
ГАЗ-Тек ао
0	
0	
-	
-	
-	
-	
85
GTSS	
ГЕОТЕК ао
0	
0	
-	
-	
-	
-	
-
HIMC	
Химпром ао
0	
0	
-	
-	
-	
-	
0,99
KMTZ	
КосогМЗ ао
0	
0	
-	
-	
-	
-	
-
KRKO	
ТКЗКК ао
0	
0	
-	
-	
-	
-	
11,8
KSGR	
Кокс ао
0	
0	
-	
-	
-	
-	
-
KUNF	
КУЗОЦМ ао
0	
0	
-	
-	
-	
-	
-
KZMS	
КЗМС ао
0	
0	
-	
-	
-	
-	
226
MFON	
МегаФон ао
0	
0	
-	
-	
-	
-	
650,6
MOBB	
МосОблБанк
0	
0	
-	
-	
-	
-	
0,698
MORI	
Морион ао
0	
0	
-	
-	
-	
-	
4,31
MSTT	
Мостотрест
0	
0	
-	
-	
-	
-	
161
NPOF	
Физика ао
0	
0	
-	
-	
-	
-	
11 850
PRTK	
ПРОТЕК ао
0	
0	
-	
-	
-	
-	
99,6
RUAL	
РУСАЛ ао
0	
0	
-	
-	
-	
-	
32,69
RUSI	
ИКРУСС-ИНВ
0	
0	
-	
-	
-	
-	
38,4
TRCN	
ТрансК ао
0	
0	
-	
-	
-	
-	
8 595
TRFM	
ТрансФ ао
0	
0	
-	
-	
-	
-	
-
URKA	
Уркалий-ао
0	
0	
-	
-	
-	
-	
119,04
RUAL	
РУСАЛ ао
0	
0	
-	
-	
-	
-	
32,69