GAZP	
ГАЗПРОМ ао
99 452	
11 677 865 371	
193,2	
192,83	
190,51	
195,69	
193,11
SBER	
Сбербанк
58 862	
9 536 028 546	
204,24	
206,97	
201,76	
207,5	
203,21
GMKN	
ГМКНорНик
26 120	
5 409 038 282	
19 858	
19 894	
19 546	
20 142	
19 730
LKOH	
ЛУКОЙЛ
22 369	
4 113 997 860	
5 350,5	
5 388	
5 303	
5 407	
5 325
HYDR	
РусГидро
58 072	
2 662 097 238	
0,7532	
0,7792	
0,7282	
0,7792	
0,746
MGNT	
Магнит ао
23 684	
2 340 835 190	
4 187	
4 145	
4 134,5	
4 224	
4 182
YNDX	
Yandex clA
30 956	
2 118 443 296	
3 466	
3 476,2	
3 417	
3 519,4	
3 458,8
TATN	
Татнфт 3ао
24 395	
2 070 231 086	
577,8	
583	
566,1	
586	
575
PLZL	
Полюс
12 918	
1 668 368 285	
11 736,5	
11 690	
11 628	
11 835	
11 740
ROSN	
Роснефть
12 510	
1 324 221 015	
368,5	
373,05	
366	
373,05	
368,8
MTSS	
МТС-ао
13 367	
1 314 355 665	
325,45	
326	
323,6	
326,95	
326,2
SBERP	
Сбербанк-п
23 371	
1 214 143 755	
188,48	
190,6	
186,72	
190,62	
187,8
IRAO	
ИнтерРАОао
17 718	
1 211 323 793	
4,898	
4,8695	
4,8405	
4,957	
4,93
AFLT	
Аэрофлот
25 018	
1 176 268 744	
80,14	
80,5	
78,76	
81,44	
79,62
MOEX	
МосБиржа
23 566	
1 133 287 703	
113,86	
115,06	
111,47	
115,39	
113,7
CHMF	
СевСт-ао
33 346	
1 128 588 937	
853,6	
863,4	
847,2	
864,8	
853,4
SNGS	
Сургнфгз
10 406	
963 726 406	
38,525	
39,22	
38,13	
39,22	
38,41
POLY	
Polymetal
10 205	
846 575 255	
1 335,8	
1 329	
1 320,2	
1 348	
1 342,3
FIVE	
FIVE-гдр
11 000	
756 235 252	
2 471	
2 420	
2 420	
2 492	
2 482
NVTK	
Новатэк ао
10 142	
740 023 570	
1 053,8	
1 061	
1 042	
1 066,2	
1 047,8
ALRS	
АЛРОСА ао
16 617	
706 975 443	
63,3	
63,35	
62,9	
63,7	
63,36
VTBR	
ВТБ ао
26 489	
686 078 887	
0,035305	
0,03558	
0,03504	
0,0357	
0,03518
MAGN	
ММК
8 649	
611 724 688	
37,69	
37,995	
37,335	
38,1	
37,71
SNGSP	
Сургнфгз-п
7 332	
528 477 640	
34,675	
34,66	
34,52	
34,83	
34,73
RTKM	
Ростел -ао
12 557	
498 042 487	
88,24	
87,74	
85,96	
89,78	
89,12
SIBN	
Газпрнефть
7 631	
480 443 537	
338,2	
339,05	
334,95	
341,7	
337
TRNFP	
Транснф ап
1 811	
472 860 000	
135 200	
136 750	
133 700	
136 750	
134 550
FEES	
ФСК ЕЭС ао
8 735	
450 074 760	
0,1873	
0,1915	
0,1851	
0,19166	
0,18512
CBOM	
МКБ ао
12 349	
392 674 775	
5,581	
5,552	
5,519	
5,622	
5,542
TCSG	
TCS-гдр
11 383	
369 585 561	
1 479,8	
1 457,6	
1 453	
1 507,8	
1 462,2
NLMK	
НЛМК ао
6 250	
339 344 858	
137,94	
138,4	
136,78	
138,96	
137,64
RSTI	
Россети ао
6 025	
320 280 692	
1,5235	
1,54	
1,505	
1,544	
1,505
AFKS	
Система ао
5 644	
263 453 989	
17,196	
17,248	
17,06	
17,342	
17,235
TATNP	
Татнфт 3ап
6 177	
239 715 203	
554,1	
557,6	
547,2	
560,4	
551,5
OGKB	
ОГК-2 ао
11 308	
237 380 502	
0,7708	
0,7597	
0,7597	
0,782	
0,7651
POGR	
Petropavl
10 439	
235 362 468	
28,09	
28,995	
26,885	
29,9	
27,4
DSKY	
ДетскийМир
7 604	
178 661 458	
101,28	
102,2	
100,3	
102,2	
101,3
PHOR	
ФосАгро ао
4 744	
161 533 826	
2 619	
2 651	
2 602	
2 651	
2 604
NMTP	
НМТП ао
8 720	
154 583 572	
10,47	
10,735	
10,27	
10,735	
10,3
TRMK	
ТМК ао
986	
144 544 732	
59,86	
59,8	
59,72	
59,9	
59,86
RUAL	
РУСАЛ ао
7 666	
126 840 716	
26,42	
26,395	
26,12	
26,64	
26,38
BANEP	
Башнефт ап
4 249	
124 513 076	
1 453	
1 453,5	
1 445	
1 459,5	
1 445
LSRG	
ЛСР ао
5 791	
119 779 996	
712,4	
699	
699	
718,8	
709
UPRO	
Юнипро ао
2 498	
112 977 301	
2,728	
2,73	
2,71	
2,748	
2,743
MVID	
М.видео
2 393	
91 741 661	
405	
400	
400	
409	
407,8
TGKA	
ТГК-1
4 765	
88 650 396	
0,013076	
0,013184	
0,012954	
0,013226	
0,013088
NKNCP	
НКНХ ап
2 696	
73 205 509	
90	
89,8	
89,44	
91	
89,76
QIWI	
iQIWI
2 023	
65 922 303	
1 214	
1 222,5	
1 200,5	
1 224,5	
1 220
LNTA	
Лента др
4 455	
64 387 483	
166,1	
167,1	
164,1	
168,8	
164,6
RTKMP	
Ростел -ап
2 316	
46 728 786	
78,1	
77,05	
76,55	
79,25	
78,1
MTLR	
Мечел ао
5 688	
44 426 792	
65,78	
66,66	
65,07	
66,77	
65,62
RASP	
Распадская
1 188	
44 017 143	
111,86	
112,26	
110,8	
112,76	
111,88
PIKK	
ПИК ао
1 406	
32 147 939	
423,1	
425	
420,1	
425	
424,8
APTK	
Аптеки36и6
7 316	
31 055 652	
14,146	
13,96	
13,95	
14,442	
14,058
ENRU	
ЭнелРос ао
2 397	
30 927 231	
1,0075	
1,017	
1	
1,018	
1,0055
ETLN	
ETLN-гдр
1 569	
28 572 142	
96,42	
95,62	
95,5	
97,3	
96,3
RSTIP	
Россети ап
927	
23 605 479	
2,072	
2,075	
2,04	
2,1	
2,04
ENPG	
ЭН+ГРУП ао
245	
20 393 191	
593	
589	
586,5	
598	
592
AGRO	
AGRO-гдр
1 709	
20 206 204	
650,4	
652,4	
643,2	
656,8	
646
MRKP	
МРСК ЦП
1 611	
18 872 988	
0,1888	
0,1914	
0,187	
0,1926	
0,1884
AKRN	
Акрон
727	
18 524 966	
5 494	
5 490	
5 442	
5 584	
5 480
MSNG	
+МосЭнерго
823	
18 015 178	
2,125	
2,144	
2,108	
2,154	
2,1165
BANE	
Башнефт ао
934	
15 468 327	
1 856,5	
1 852	
1 848	
1 877	
1 850,5
MTLRP	
Мечел ап
635	
14 896 241	
84,75	
84,7	
84	
85,25	
84,7
LSNGP	
РСетиЛЭ-п
1 277	
13 846 510	
156,1	
159,9	
154,75	
159,9	
156,4
OBUV	
ОР ао
1 434	
13 180 225	
31,75	
32,6	
31,15	
32,9	
31,4
KRKNP	
СаратНПЗ-п
521	
11 812 980	
15 940	
15 880	
15 840	
16 100	
15 980
BSPB	
БСП ао
1 462	
11 657 401	
41,43	
41,8	
41,01	
42,09	
41,3
YAKG	
ЯТЭК ао
172	
10 459 990	
40,9	
40,4	
39,65	
41,6	
40,85
SELG	
Селигдар
1 023	
10 088 784	
25,82	
25,7	
25,26	
26,2	
25,6
NKNC	
НКНХ ао
769	
10 055 658	
99,9	
100	
99	
100,45	
99,2
LIFE	
iФармсинтз
1 128	
8 975 708	
6,715	
6,685	
6,575	
6,975	
6,575
VSMO	
ВСМПО-АВСМ
161	
7 753 480	
19 000	
19 100	
18 760	
19 120	
19 080
CNTLP	
Телеграф-п
425	
6 827 766	
18,32	
17,3	
17,2	
18,8	
18,78
MOBB	
МосОблБанк
1 370	
6 778 987	
1,026	
1,022	
0,97	
1,12	
1,002
MRKC	
МРСК Центр
448	
6 351 587	
0,2758	
0,2766	
0,2712	
0,2798	
0,2738
ISKJ	
iИСКЧ ао
719	
6 284 764	
25,25	
25,5	
24,9	
26,42	
25,01
RNFT	
РуссНфт ао
1 135	
6 162 244	
535,6	
531	
531	
540	
536
SFIN	
САФМАР ао
371	
5 708 634	
460	
462,4	
453,2	
462,6	
459
GTRK	
ГТМ ао
772	
5 560 927	
43,45	
42,45	
41,9	
44,8	
42,2
MSRS	
РСетиМР ао
262	
5 269 831	
1,1075	
1,103	
1,102	
1,12	
1,1055
MRKZ	
МРСК СЗ
255	
4 813 865	
0,0482	
0,04905	
0,048	
0,04975	
0,04855
MRKV	
РсетВол ао
584	
4 812 500	
0,07645	
0,07675	
0,0755	
0,07895	
0,07565
VRSBP	
ТНСэнВор-п
410	
4 690 100	
49,5	
55	
42	
59,5	
46,5
FESH	
ДВМП ао
316	
4 454 737	
7,24	
7,29	
7,21	
7,29	
7,25
VRSB	
ТНСэнВорон
465	
4 240 820	
56,2	
63	
51,2	
65	
51,6
SVAV	
СОЛЛЕРС
93	
4 217 540	
259,5	
260,5	
256	
260,5	
256
ROLO	
Русолово
390	
3 414 362	
3,984	
3,798	
3,798	
4,194	
3,874
GCHE	
ЧеркизГ-ао
343	
3 202 430	
1 750	
1 750	
1 740	
1 765	
1 740,5
PRTK	
ПРОТЕК ао
176	
3 032 190	
99,4	
99,1	
98,7	
99,7	
99,1
UNAC	
iАвиастКао
463	
2 819 112	
0,468	
0,471	
0,465	
0,475	
0,467
MISB	
ТНСэнМарЭл
412	
2 734 350	
13	
12,5	
11,8	
14,5	
12,1
KZOS	
ОргСинт ао
373	
2 613 986	
89,3	
90,7	
88,9	
90,8	
89,4
ALNU	
АЛРОСА-Нюр
29	
2 532 400	
53 800	
53 600	
53 400	
54 400	
53 400
BELU	
Белуга ао
125	
2 436 996	
1 340	
1 350	
1 330	
1 350	
1 341
LNZL	
Лензолото
143	
2 423 170	
8 500	
8 530	
8 430	
8 580	
8 510
MGTSP	
МГТС-4ап
242	
2 302 328	
2 006	
2 020	
2 000	
2 020	
2 008
TGKB	
ТГК-2
141	
2 271 045	
0,004105	
0,004095	
0,00408	
0,00415	
0,004095
INGR	
ИНГРАД ао
309	
2 211 824	
726	
722	
714	
736	
733
CNTL	
Телеграф
207	
2 176 605	
21,6	
20,85	
20,35	
22,45	
21,9
AQUA	
РусАква ао
166	
2 068 805	
207	
207	
205	
210	
206
MISBP	
ТНСэМаЭл-п
310	
2 023 920	
12,4	
11,8	
11,2	
13,2	
11,6
KLSB	
КалужскСК
462	
1 913 769	
11,6	
11,67	
11,41	
11,85	
11,56
RUGR	
Русгрэйн
1 766	
1 912 196	
7,142	
7,322	
6,99	
7,338	
7,132
GAZAP	
ГАЗ ап
135	
1 827 665	
334,5	
331	
327	
343	
334,5
KAZT	
Куйбазот
36	
1 813 576	
139,8	
138,6	
138,6	
140,4	
139,4
KUZB	
КузнецкийБ
1 118	
1 634 108	
0,01578	
0,01535	
0,01522	
0,01644	
0,01588
KBSB	
ТНСэКубань
265	
1 529 170	
183	
210	
172	
210	
182
LNZLP	
Лензол. ап
73	
1 195 890	
3 600	
3 630	
3 590	
3 630	
3 600
ZILL	
ЗИЛ ао
91	
1 172 535	
2 700	
2 720	
2 675	
2 750	
2 680
UTAR	
ЮТэйр ао
202	
1 162 074	
7,14	
7,07	
7,07	
7,28	
7,08
PMSBP	
ПермьЭнС-п
171	
1 077 182	
131,8	
128	
128	
132,6	
131,8
MAGEP	
МагадЭн ап
71	
1 060 690	
6,545	
6,975	
6,4	
6,985	
6,63
USBN	
УралСиб ао
89	
1 039 336	
0,0692	
0,07	
0,0688	
0,0704	
0,0698
AMEZ	
АшинскийМЗ
174	
1 026 195	
4,09	
4,05	
4,05	
4,115	
4,1
ABRD	
АбрауДюрсо
180	
1 020 580	
130,5	
130,5	
129,5	
131	
130
TGKN	
ТГК-14
79	
1 000 260	
0,00314	
0,00317	
0,00311	
0,00318	
0,00314
VJGZP	
Варьеган-п
84	
995 670	
338	
353	
324	
353	
332
MGTS	
МГТС-5ао
97	
982 955	
2 315	
2 375	
2 260	
2 390	
2 360
MRKU	
МРСК Ур
44	
926 960	
0,1598	
0,1582	
0,1582	
0,1602	
0,16
GEMA	
iММЦБ ао
156	
881 662	
611	
624	
602	
624	
612,5
URKZ	
УрКузница
23	
854 380	
11 860	
11 840	
11 740	
12 000	
11 860
KMAZ	
КАМАЗ
243	
760 994	
57,2	
56,5	
56,4	
57,7	
56,8
ASSB	
АстрЭнСб
217	
745 932	
0,8495	
0,8345	
0,831	
0,8795	
0,8315
LSNG	
РСетиЛЭ
153	
736 341	
6,02	
6,03	
6,01	
6,05	
6,03
MSTT	
Мостотрест
133	
656 751	
158,25	
162,6	
157,1	
162,6	
158,1
NKSH	
Нижкамшина
57	
650 416	
22,28	
22,62	
21,62	
22,72	
22,5
RBCM	
РБК ао
201	
640 446	
3,2	
3,24	
3,172	
3,24	
3,204
TTLK	
Таттел. ао
97	
629 590	
0,285	
0,2875	
0,282	
0,288	
0,283
IRKT	
ИРКУТ-3
76	
616 310	
33,86	
33,84	
33,62	
34,34	
33,64
UWGN	
ОВК ао
196	
605 666	
236,5	
237	
234,3	
238,5	
237,1
LPSB	
ЛЭСК ао
103	
597 390	
7,6	
7,8	
7,5	
7,9	
7,65
SELGP	
Селигдар-п
94	
582 640	
26,15	
26,5	
25,9	
26,5	
26,1
CHEP	
ЧТПЗ ао
151	
551 715	
195,5	
196	
194,5	
197	
195
UNKL	
ЮУНК ао
69	
497 480	
3 710	
3 650	
3 650	
3 800	
3 670
RTSB	
ТНСэнРст
79	
496 700	
0,405	
0,43	
0,39	
0,43	
0,405
MRKS	
РсетСиб ао
26	
494 715	
0,2435	
0,2455	
0,241	
0,246	
0,241
MAGE	
МагадЭн ао
46	
475 250	
8,17	
8,11	
7,8	
8,69	
8
KZOSP	
ОргСинт ап
456	
459 548	
11,79	
11,75	
11,7	
11,97	
11,84
PRMB	
Приморье
17	
431 200	
24 000	
24 200	
23 600	
24 200	
24 200
KRKN	
СаратНПЗ
21	
429 050	
13 400	
13 500	
13 350	
13 550	
13 350
SLEN	
Сахэнер ао
11	
427 848	
4,12	
4,1	
4,055	
4,125	
4,1
NFAZ	
Нефтекамск
116	
418 378	
152,8	
166,2	
117,4	
169	
163
KOGK	
КоршГОК ао
9	
412 000	
45 800	
46 000	
45 200	
46 400	
45 600
PMSB	
ПермьЭнСб
147	
410 571	
132,4	
135	
131	
135	
133,1
RTSBP	
ТНСэнРст-п
65	
403 680	
0,306	
0,317	
0,295	
0,32	
0,297
RGSS	
РГС СК ао
146	
389 796	
0,1474	
0,1472	
0,1462	
0,15	
0,1466
HIMCP	
Химпром ап
48	
369 553	
5,9	
5,9	
5,87	
5,92	
5,89
TRCN	
ТрансК ао
21	
358 700	
8 540	
8 535	
8 535	
8 570	
8 540
RTGZ	
ГазпРнД ао
11	
357 350	
22 350	
22 500	
22 000	
22 650	
22 600
MRKY	
РоссЮг ао
90	
323 375	
0,05015	
0,05035	
0,0499	
0,05035	
0,0501
VLHZ	
ВХЗ-ао
43	
321 711	
49,25	
49,35	
49,05	
49,75	
49,1
TORS	
ТРК ао
26	
321 410	
0,374	
0,383	
0,37	
0,383	
0,37
CHMK	
ЧМК ао
40	
303 300	
2 465	
2 455	
2 450	
2 495	
2 465
UKUZ	
ЮжКузб. ао
16	
282 780	
530	
532	
524	
532	
530
TGKDP	
Квадра-п
70	
270 485	
0,00389	
0,003985	
0,00383	
0,003985	
0,003855
BRZL	
БурЗолото
36	
258 605	
824	
823	
823	
826	
823
TGKBP	
ТГК-2 ап
30	
257 970	
0,00717	
0,00722	
0,00711	
0,00723	
0,00718
BISVP	
БашИнСв ап
59	
246 984	
8,02	
8,06	
7,93	
8,08	
8
RLMN	
Роллман
122	
242 608	
18,9	
19	
18,65	
19,4	
18,75
DIOD	
ЗаводДИОД
38	
237 735	
5,73	
5,78	
5,72	
5,78	
5,74
RKKE	
ЭнергияРКК
14	
227 660	
4 950	
4 950	
4 910	
4 990	
4 920
TORSP	
ТРК ап
17	
225 610	
0,2655	
0,266	
0,262	
0,267	
0,2665
IRGZ	
ИркЭнерго
46	
214 732	
11,94	
11,86	
11,82	
12	
11,9
ROST	
РОСИНТЕРао
56	
212 758	
60,4	
60,8	
59,2	
61,2	
60
UCSS	
ОКС ао
23	
211 570	
1 460	
1 460	
1 440	
1 470	
1 460
PAZA	
ПавлАвт ао
20	
209 310	
7 750	
7 840	
7 700	
7 870	
7 850
YRSBP	
ТНСэнЯр-п
48	
196 340	
89	
93	
86,5	
93	
89
STSB	
СтаврЭнСб
72	
195 629	
0,4145	
0,4185	
0,3955	
0,435	
0,4115
YKEN	
Якутскэнрг
37	
194 005	
0,3595	
0,361	
0,354	
0,363	
0,358
KRSB	
Красэсб ао
22	
193 570	
7,17	
7,15	
7,09	
7,28	
7,2
DVEC	
ДЭК ао
58	
180 872	
0,923	
0,947	
0,911	
0,947	
0,915
TASB	
ТамбЭнСб
25	
179 560	
0,4605	
0,463	
0,451	
0,472	
0,4655
KROT	
КрасОкт-ао
17	
179 465	
345	
345	
344,5	
347	
345
KRSBP	
Красэсб ап
18	
176 580	
7,36	
7,4	
7,22	
7,46	
7,38
TASBP	
ТамбЭнСб-п
37	
173 825	
0,37	
0,363	
0,3625	
0,377	
0,3725
JNOSP	
Слав-ЯНОСп
20	
158 992	
13,96	
13,94	
13,94	
14,12	
13,96
MRKK	
Россети СК
46	
154 340	
26,62	
26,9	
26,12	
27	
26,36
YRSB	
ТНСэнЯр
14	
148 620	
180	
180	
174	
182	
176
RZSB	
РязЭнСб
14	
140 620	
10,02	
9,7	
9,7	
10,18	
10,08
SAREP	
СаратЭн-ап
27	
138 070	
0,092	
0,0918	
0,091	
0,093	
0,0922
MGNZ	
СМЗ-ао
27	
129 200	
4 040	
4 000	
3 920	
4 140	
4 060
NAUK	
iНПОНаука
33	
127 354	
179,4	
179,4	
178	
180,2	
178,4
RAVN	
Raven
21	
124 030	
30,25	
30,45	
29,7	
30,55	
30,1
SAGO	
СамарЭн-ао
23	
124 000	
0,414	
0,418	
0,408	
0,42	
0,414
GAZA	
ГАЗ ао
13	
120 430	
388,5	
389,5	
382	
390,5	
390
KUBE	
Кубанэнр
22	
117 086	
69,3	
69,6	
69	
69,7	
69
NSVZ	
НаукаСвяз
30	
117 050	
229,5	
230,5	
225,5	
233	
228
RUSP	
Русполимет
18	
114 490	
0,6025	
0,603	
0,6	
0,608	
0,6035
VSYD	
ВыбСудЗ ао
24	
114 340	
4 085	
4 040	
4 040	
4 230	
4 050
OMZZP	
ОМЗ-ап
23	
110 895	
3 260	
3 280	
3 210	
3 295	
3 280
NKHP	
НКХП ао
29	
101 760	
231,5	
233	
230,5	
233	
230,5
VZRZP	
Возрожд-п
25	
101 592	
308	
307,2	
307	
310,2	
307,6
TGKD	
Квадра
35	
96 951	
0,00308	
0,00308	
0,00307	
0,0031	
0,00308
NNSB	
ТНСэнНН ао
29	
90 140	
1 325	
1 400	
1 280	
1 400	
1 330
ELTZ	
Электрцинк
59	
86 287	
162	
161,5	
160	
163	
161,5
AVAN	
Авангрд-ао
22	
85 845	
705	
700	
700	
710	
710
WTCM	
ЦМТ ао
40	
83 998	
8,94	
8,86	
8,86	
8,98	
8,98
ALBK	
БестЭфБ ао
17	
82 650	
53,5	
53	
52,5	
53,5	
53,5
VJGZ	
Варьеган
12	
73 971	
597	
604	
592	
604	
597
KBTK	
КузбТК ао
23	
73 598	
153,4	
153	
152,8	
154,6	
153,8
KCHE	
КамчатЭ ао
13	
71 955	
0,2115	
0,212	
0,21	
0,2125	
0,211
KTSBP	
КСБ ап
15	
71 935	
0,248	
0,246	
0,245	
0,253	
0,246
ARSA	
Арсагера
8	
71 210	
3,24	
3,24	
3,23	
3,33	
3,27
KCHEP	
КамчатЭ ап
10	
64 300	
0,357	
0,356	
0,356	
0,363	
0,358
SAGOP	
СамарЭн-ап
12	
59 550	
0,397	
0,4	
0,39	
0,406	
0,403
SARE	
СаратЭн-ао
21	
48 692	
0,1188	
0,12	
0,1176	
0,1224	
0,1178
HALS	
Галс-Девел
15	
48 546	
771	
772	
761	
773	
769
KMEZ	
КМЗ
29	
47 067	
461,5	
462,5	
459	
465	
459
VSYDP	
ВыбСудЗ ап
8	
45 220	
4 120	
4 120	
4 080	
4 200	
4 080
NNSBP	
ТНСэнНН ап
27	
44 802	
567	
580	
559	
580	
568
MFGS	
Мегион-ао
4	
42 570	
355	
366	
352,5	
366	
352,5
RUSI	
ИКРУСС-ИНВ
11	
42 480	
38,6	
38,5	
38,5	
39	
38,7
YKENP	
Якутскэн-п
4	
37 470	
0,3405	
0,347	
0,34	
0,347	
0,34
TUZA	
ТЗА ао
13	
35 900	
94	
95	
94	
95	
95
VGSB	
ВолгЭнСб
12	
35 340	
1,605	
1,61	
1,6	
1,62	
1,6
JNOS	
Славн-ЯНОС
7	
34 660	
18,25	
18,3	
18,15	
18,3	
18,3
BLNG	
Белон ао
11	
29 739	
4,02	
4,048	
4,014	
4,048	
4,042
VGSBP	
ВолгЭнСб-п
10	
27 715	
1,11	
1,11	
1,095	
1,115	
1,115
TNSE	
ТНСэнрг ао
11	
25 770	
955	
950	
950	
970	
955
IGSTP	
Ижсталь ап
20	
24 097	
651	
650	
650	
656	
651
IGST	
Ижсталь2ао
12	
22 865	
847	
825	
825	
851	
850
KAZTP	
Куйбазот-п
9	
22 790	
142,4	
142,6	
142	
142,8	
142,4
MRSB	
МордЭнСб
6	
20 710	
0,345	
0,349	
0,343	
0,349	
0,344
ROSB	
Росбанк ао
16	
20 558	
71	
71	
70	
71,4	
70
KRKOP	
ТКЗКК ап
14	
18 856	
5,715	
5,705	
5,705	
5,765	
5,725
RLMNP	
Роллман-п
18	
14 811	
19,76	
19,96	
19,66	
19,96	
19,84
STSBP	
СтаврЭнСбп
12	
14 588	
0,339	
0,34	
0,334	
0,34	
0,337
KTSB	
КСБ ао
5	
14 322	
0,574	
0,576	
0,57	
0,576	
0,572
CHGZ	
РН-ЗапСиб
3	
10 580	
35,4	
34,8	
34,8	
35,8	
35,2
ZVEZ	
ЗВЕЗДА ао
2	
9 075	
4,54	
4,575	
4,5	
4,575	
4,5
KGKCP	
КурганГКап
3	
6 840	
57	
57	
57	
57	
57
LVHK	
Левенгук
6	
6 380	
7,98	
7,96	
7,96	
7,99	
7,97
CHKZ	
ЧКПЗ ао
1	
5 220	
5 220	
5 220	
5 220	
5 220	
5 220
KROTP	
КрасОкт-1п
2	
5 215	
261	
260	
260	
261,5	
261
WTCMP	
ЦМТ ап
5	
4 040	
8,08	
8,04	
8,04	
8,1	
8,1
KGKC	
КурганГКао
2	
2 160	
54	
54	
54	
54	
54
DZRD	
iДонскЗР
1	
1 950	
1 950	
1 950	
1 950	
1 950	
1 950
DZRDP	
iДонскЗР п
1	
1 600	
1 600	
1 600	
1 600	
1 600	
1 600
BISV	
БашИнСв ао
0	
0	
-	
-	
-	
-	
8,7
GTSS	
ГЕОТЕК ао
0	
0	
-	
-	
-	
-	
-
KMTZ	
КосогМЗ ао
0	
0	
-	
-	
-	
-	
-
KZMS	
КЗМС ао
0	
0	
-	
-	
-	
-	
226
SZPR	
СЗПароход
0	
0	
-	
-	
-	
-	
782
TRFM	
ТрансФ ао
0	
0	
-	
-	
-	
-	
-
GAZS	
ГАЗ-сервис
0	
0	
-	
-	
-	
-	
293
HIMC	
Химпром ао
0	
0	
-	
-	
-	
-	
0,99
MFGSP	
Мегион-ап
0	
0	
-	
-	
-	
-	
336,5
GAZT	
ГАЗ-Тек ао
0	
0	
-	
-	
-	
-	
85
KSGR	
Кокс ао
0	
0	
-	
-	
-	
-	
-
MFON	
МегаФон ао
0	
0	
-	
-	
-	
-	
650,6
RDRB	
РДБанк ао
0	
0	
-	
-	
-	
-	
250
URKA	
Уркалий-ао
0	
0	
-	
-	
-	
-	
119,04
VZRZ	
Возрожд-ао
0	
0	
-	
-	
-	
-	
480
MORI	
Морион ао
0	
0	
-	
-	
-	
-	
4,31
BISV	
БашИнСв ао
0	
0	
-	
-	
-	
-	
8,7
KRKO	
ТКЗКК ао
0	
0	
-	
-	
-	
-	
11,8
KUNF	
КУЗОЦМ ао
0	
0	
-	
-	
-	
-	
-
NPOF	
Физика ао
0	
0	
-	
-	
-	
-	
11 850