SBER	
Сбербанк
88 425	
15 409 981 369	
194,3	
193	
192,11	
196,1	
194
GAZP	
ГАЗПРОМ ао
87 522	
13 209 078 345	
199,75	
198,95	
196,3	
202,3	
196,86
LKOH	
ЛУКОЙЛ
46 429	
8 843 059 858	
5 499	
5 500	
5 435	
5 539,5	
5 445
GMKN	
ГМКНорНик
23 868	
5 077 794 960	
22 448	
22 620	
22 034	
22 840	
22 118
ROSN	
Роснефть
28 237	
4 010 945 344	
378,3	
377,8	
374,4	
380,9	
374,4
SNGS	
Сургнфгз
23 611	
2 661 107 565	
42,155	
42,305	
41,29	
42,925	
41,7
TATN	
Татнфт 3ао
30 656	
2 570 627 996	
567,3	
568	
559,3	
575,4	
559,9
SBERP	
Сбербанк-п
31 209	
2 158 840 931	
178,1	
177,61	
176,79	
179	
177,22
CHMF	
СевСт-ао
32 712	
1 829 885 539	
915,2	
909,2	
905	
923	
905
NLMK	
НЛМК ао
25 078	
1 804 144 476	
134,64	
132,9	
132,2	
136,44	
134
IRAO	
ИнтерРАОао
21 518	
1 790 243 248	
5,183	
5,178	
5,0585	
5,243	
5,11
NVTK	
Новатэк ао
15 369	
1 739 069 653	
1 109,4	
1 103,2	
1 086,8	
1 123,2	
1 093
PLZL	
Полюс
17 780	
1 738 106 613	
11 772	
12 000	
11 628	
12 000	
11 628
YNDX	
Yandex clA
20 676	
1 637 132 779	
2 952,8	
2 968,2	
2 911,4	
2 992,8	
2 913,2
RSTI	
Россети ао
27 349	
1 616 451 008	
1,5806	
1,5446	
1,5403	
1,6098	
1,609
AFLT	
Аэрофлот
34 894	
1 474 147 152	
74,54	
74	
73,72	
75,24	
74,46
MGNT	
Магнит ао
17 418	
1 333 875 998	
3 630,5	
3 650	
3 581,5	
3 657	
3 615,5
MTSS	
МТС-ао
17 843	
1 270 899 386	
335,8	
333,5	
331,55	
339	
331,9
ALRS	
АЛРОСА ао
23 556	
1 231 007 771	
65,03	
64,49	
64,26	
65,63	
64,7
POLY	
Polymetal
20 005	
1 101 231 591	
1 465,2	
1 501,8	
1 449	
1 502,5	
1 449
MOEX	
МосБиржа
20 418	
1 044 848 086	
115,92	
116,56	
114,86	
116,82	
115,33
VTBR	
ВТБ ао
25 631	
1 015 103 201	
0,035375	
0,03518	
0,03506	
0,03557	
0,0351
FEES	
ФСК ЕЭС ао
18 943	
976 659 214	
0,19772	
0,1999	
0,1952	
0,20076	
0,1955
SNGSP	
Сургнфгз-п
13 926	
949 722 395	
36,76	
36,705	
36,35	
36,975	
36,35
FIVE	
FIVE-гдр
13 731	
910 533 342	
2 226,5	
2 250	
2 207	
2 254	
2 224
SIBN	
Газпрнефть
14 344	
857 913 501	
335,35	
335,3	
333	
337,3	
334
HYDR	
РусГидро
17 160	
841 248 745	
0,6851	
0,6731	
0,6731	
0,6949	
0,6879
TATNP	
Татнфт 3ап
11 065	
590 235 017	
528,2	
520,8	
520,1	
534,9	
528
RUAL	
РУСАЛ ао
19 247	
564 515 221	
27,48	
26,995	
26,825	
27,85	
27,43
TCSG	
TCS-гдр
12 469	
513 215 101	
1 215,8	
1 226	
1 201	
1 231	
1 221,2
TGKA	
ТГК-1
31 825	
484 647 387	
0,013242	
0,012666	
0,012666	
0,013588	
0,013274
AFKS	
Система ао
10 108	
484 521 720	
14,947	
14,877	
14,812	
15,062	
14,84
MAGN	
ММК
8 132	
478 273 640	
39,605	
39,66	
39,3	
39,885	
39,435
TRNFP	
Транснф ап
1 405	
351 870 800	
132 500	
132 450	
131 700	
133 250	
132 000
TRMK	
ТМК ао
2 494	
330 657 087	
59,32	
59,26	
59,24	
59,46	
59,28
OGKB	
ОГК-2 ао
11 566	
306 783 228	
0,6666	
0,6446	
0,6446	
0,677	
0,672
KRKNP	
СаратНПЗ-п
4 917	
293 292 920	
20 020	
19 020	
19 020	
20 840	
20 600
DSKY	
ДетскийМир
15 474	
275 863 849	
97,8	
96,04	
95,48	
99,38	
97,8
UPRO	
Юнипро ао
6 053	
258 085 588	
2,685	
2,675	
2,664	
2,699	
2,677
SFIN	
САФМАР ао
1 551	
241 343 162	
408	
411,2	
402,2	
412,4	
407,2
PHOR	
ФосАгро ао
4 215	
221 321 282	
2 802	
2 795	
2 783	
2 825	
2 800
MTLR	
Мечел ао
12 452	
184 822 377	
64,52	
64,97	
63,61	
65,35	
64,18
RTKM	
Ростел -ао
6 536	
177 190 505	
82,31	
82,22	
81,13	
82,94	
81,52
CBOM	
МКБ ао
14 254	
176 843 616	
5,379	
5,374	
5,345	
5,409	
5,345
BANEP	
Башнефт ап
4 299	
170 401 292	
1 418	
1 420	
1 412	
1 423	
1 414
LSNGP	
РСетиЛЭ-п
7 386	
169 210 199	
170,8	
173,2	
166,5	
175,5	
170,05
RSTIP	
Россети ап
5 500	
127 241 233	
2,362	
2,4	
2,316	
2,431	
2,35
LSRG	
ЛСР ао
8 644	
103 808 243	
591,6	
591	
588,8	
594	
591
MVID	
М.видео
3 936	
93 042 275	
350,3	
351,3	
348	
353	
351
AKRN	
Акрон
3 198	
88 320 492	
6 138	
6 196	
6 026	
6 370	
6 050
RASP	
Распадская
2 116	
82 749 122	
110,66	
110,6	
109,4	
111,8	
110,1
MSNG	
+МосЭнерго
2 390	
75 973 637	
2,029	
2,007	
1,9945	
2,0515	
2,025
PIKK	
ПИК ао
3 082	
74 870 284	
369,8	
369,2	
368,4	
371,3	
370,1
QIWI	
iQIWI
4 128	
74 601 765	
1 014	
1 008	
995	
1 025	
1 019,5
LNTA	
Лента др
6 635	
73 942 140	
153,9	
154,9	
152,1	
155,8	
153,3
ENRU	
ЭнелРос ао
3 700	
68 556 419	
0,972	
0,96	
0,958	
0,981	
0,965
BSPB	
БСП ао
5 251	
66 986 924	
40,53	
40,3	
40,04	
41,39	
40,29
AGRO	
AGRO-гдр
3 404	
59 897 880	
662,4	
669,8	
650	
669,8	
658,2
RZSB	
РязЭнСб
1 970	
49 843 660	
14,58	
11,5	
11,5	
15,8	
15,6
APTK	
Аптеки36и6
9 833	
49 726 921	
13,974	
13,942	
13,82	
14,148	
13,95
MTLRP	
Мечел ап
2 621	
49 627 951	
74,6	
75,6	
72,2	
75,85	
74,6
MRKP	
МРСК ЦП
1 921	
46 980 788	
0,182	
0,1776	
0,1772	
0,1851	
0,1825
NMTP	
НМТП ао
1 683	
41 948 480	
9,14	
9,17	
9,075	
9,28	
9,13
ETLN	
ETLN-гдр
2 661	
39 961 121	
92,02	
92	
91	
93,4	
91,2
RTKMP	
Ростел -ап
2 305	
34 829 899	
74,55	
74,5	
73,5	
75,25	
74,15
MRKC	
МРСК Центр
2 602	
26 012 458	
0,2526	
0,2444	
0,2422	
0,26	
0,2542
MRKV	
РсетВол ао
1 115	
24 851 608	
0,06675	
0,0667	
0,0657	
0,06735	
0,06655
ENPG	
ЭН+ГРУП ао
423	
24 323 663	
618,5	
617	
612	
623	
612
NKNCP	
НКНХ ап
1 430	
21 104 946	
77,78	
77,92	
77,5	
78	
77,66
ISKJ	
iИСКЧ ао
2 085	
20 516 925	
31,13	
31,88	
30,1	
32,25	
30,3
BANE	
Башнефт ао
903	
19 912 815	
1 825,5	
1 810	
1 806	
1 835,5	
1 825
VSMO	
ВСМПО-АВСМ
317	
16 283 720	
19 020	
19 060	
18 740	
19 100	
18 840
OBUV	
ОР ао
1 898	
14 297 465	
29,9	
30,05	
29,65	
30,3	
29,9
LIFE	
iФармсинтз
854	
12 483 586	
7,77	
7,875	
7,7	
7,97	
7,77
LNZL	
Лензолото
447	
12 252 710	
8 570	
8 470	
8 470	
8 690	
8 500
KRSB	
Красэсб ао
487	
11 395 350	
9,04	
8,04	
8,04	
9,28	
8,58
MSTT	
Мостотрест
767	
11 320 140	
163,4	
165,3	
161,5	
166	
162,15
NKNC	
НКНХ ао
793	
11 275 322	
92,8	
93,55	
91,85	
93,65	
92,55
FESH	
ДВМП ао
916	
11 261 893	
7,08	
7,07	
6,84	
7,33	
7
SELG	
Селигдар
840	
10 564 885	
24,37	
24,5	
24,1	
24,7	
24,12
KRSBP	
Красэсб ап
645	
10 230 640	
8,94	
8,22	
8,22	
9,4	
8,66
RUGR	
Русгрэйн
4 342	
10 113 039	
8,306	
8,002	
7,95	
8,776	
8,052
ASSB	
АстрЭнСб
1 937	
9 777 679	
0,7755	
0,674	
0,674	
0,8445	
0,8005
UNAC	
iАвиастКао
400	
9 066 177	
0,4765	
0,478	
0,4745	
0,487	
0,475
MRKU	
МРСК Ур
694	
8 779 806	
0,172	
0,1696	
0,1686	
0,1768	
0,174
MGTSP	
МГТС-4ап
671	
8 301 288	
2 150	
2 170	
2 120	
2 174	
2 138
PMSBP	
ПермьЭнС-п
726	
8 089 956	
160,2	
161,2	
156,8	
164,2	
160
LSNG	
РСетиЛЭ
939	
6 911 274	
6,31	
6,26	
6,26	
6,4	
6,3
PRMB	
Приморье
211	
6 418 600	
22 800	
20 000	
20 000	
27 600	
21 600
TGKN	
ТГК-14
220	
6 246 500	
0,00329	
0,00335	
0,00324	
0,00335	
0,00331
MSRS	
РСетиМР ао
566	
6 041 496	
1,1765	
1,165	
1,163	
1,1845	
1,1775
KRKN	
СаратНПЗ
242	
5 949 300	
16 300	
16 450	
16 000	
16 450	
16 000
TGKB	
ТГК-2
361	
5 790 630	
0,00449	
0,00444	
0,004435	
0,004515	
0,004455
RNFT	
РуссНфт ао
1 530	
5 531 127	
425,2	
426	
422,4	
429	
425,8
GEMA	
iММЦБ ао
474	
5 451 820	
644,5	
634,5	
622	
692	
654
CHMK	
ЧМК ао
673	
5 367 765	
2 530	
2 600	
2 475	
2 615	
2 520
KROTP	
КрасОкт-1п
563	
5 327 755	
305	
264	
264	
364	
277,5
AQUA	
РусАква ао
418	
5 321 680	
207,5	
202	
201	
209	
207,5
GCHE	
ЧеркизГ-ао
523	
5 209 137	
1 712	
1 717,5	
1 707,5	
1 725	
1 709
PMSB	
ПермьЭнСб
737	
4 787 426	
162,8	
163,5	
158,8	
165,7	
161,6
ALNU	
АЛРОСА-Нюр
70	
4 773 800	
49 200	
49 200	
48 600	
49 800	
49 400
GAZAP	
ГАЗ ап
349	
4 647 475	
319	
340,5	
299,5	
359	
329,5
SELGP	
Селигдар-п
315	
4 443 705	
27,05	
27,35	
26,85	
27,35	
27,15
KROT	
КрасОкт-ао
476	
4 260 660	
364	
342,5	
342,5	
389	
349,5
BELU	
Белуга ао
341	
4 151 134	
1 411	
1 424	
1 382	
1 440	
1 400
CHEP	
ЧТПЗ ао
192	
3 898 860	
205	
205,5	
203	
206	
205
URKZ	
УрКузница
180	
3 590 720	
11 020	
11 460	
10 840	
11 460	
10 980
JNOS	
Славн-ЯНОС
358	
3 256 725	
20,5	
18,95	
18,55	
21,5	
19,7
AMEZ	
АшинскийМЗ
556	
3 220 353	
4,21	
4,17	
4,14	
4,25	
4,165
MOBB	
МосОблБанк
413	
3 034 454	
2,72	
2,686	
2,65	
2,874	
2,692
CNTLP	
Телеграф-п
459	
2 980 012	
17,3	
17,52	
17,14	
17,54	
17,24
SVAV	
СОЛЛЕРС
167	
2 856 965	
257,5	
258	
255	
259	
257,5
UWGN	
ОВК ао
308	
2 568 965	
245,3	
244,9	
241	
251	
243,7
KOGK	
КоршГОК ао
44	
2 527 200	
46 800	
47 400	
45 600	
47 600	
46 800
YAKG	
ЯТЭК ао
156	
2 379 310	
40,25	
40	
39,85	
41,35	
40
LNZLP	
Лензол. ап
185	
2 311 620	
3 695	
3 680	
3 650	
3 770	
3 675
TTLK	
Таттел. ао
230	
2 236 595	
0,2965	
0,295	
0,293	
0,2985	
0,297
MRKZ	
МРСК СЗ
412	
2 098 630	
0,0511	
0,05075	
0,0502	
0,0522	
0,0521
KZOSP	
ОргСинт ап
1 036	
1 917 201	
11,77	
11,99	
11,51	
11,99	
11,79
KZOS	
ОргСинт ао
367	
1 865 877	
88,6	
88,3	
87,9	
88,7	
88,6
MRKY	
РоссЮг ао
230	
1 805 282	
0,05115	
0,0502	
0,0502	
0,05175	
0,05105
RGSS	
РГС СК ао
388	
1 703 463	
0,1544	
0,1586	
0,1506	
0,1586	
0,1538
EELT	
ЕвроЭлтех
176	
1 619 069	
7,56	
7,54	
7,48	
7,64	
7,62
IRKT	
ИРКУТ-3
143	
1 610 136	
31,14	
30,8	
30,8	
31,4	
30,84
USBN	
УралСиб ао
145	
1 554 921	
0,0693	
0,07	
0,0687	
0,07	
0,0696
RBCM	
РБК ао
232	
1 475 016	
3,258	
3,25	
3,226	
3,274	
3,25
INGR	
ИНГРАД ао
209	
1 434 468	
809	
810	
800	
817	
800
GAZA	
ГАЗ ао
78	
1 412 605	
397	
388,5	
382,5	
403,5	
401,5
HIMCP	
Химпром ап
113	
1 370 745	
5,92	
5,89	
5,8	
6	
5,9
VRSBP	
ТНСэнВор-п
154	
1 367 800	
35	
31	
30,5	
41	
34
NKHP	
НКХП ао
152	
1 339 185	
227	
233,5	
140,5	
237,5	
233,5
ROLO	
Русолово
84	
1 327 194	
3,804	
3,84	
3,67	
3,84	
3,784
JNOSP	
Слав-ЯНОСп
228	
1 308 130	
14,96	
14,18	
14,04	
15,42	
14,86
KMAZ	
КАМАЗ
393	
1 297 730	
55,6	
55	
54,7	
56	
55,4
TGKBP	
ТГК-2 ап
92	
1 291 360	
0,00717	
0,0072	
0,00708	
0,00724	
0,0072
YKEN	
Якутскэнрг
80	
1 253 910	
0,354	
0,36	
0,3475	
0,365	
0,3535
PRTK	
ПРОТЕК ао
103	
1 234 792	
98,4	
97,8	
97,8	
98,6	
98,1
VLHZ	
ВХЗ-ао
108	
1 139 633	
48,15	
48,3	
48	
48,3	
48,1
DVEC	
ДЭК ао
211	
1 007 295	
0,809	
0,805	
0,799	
0,827	
0,81
VGSB	
ВолгЭнСб
159	
984 240	
1,68	
1,6	
1,6	
1,75	
1,75
TGKD	
Квадра
129	
939 287	
0,003095	
0,00313	
0,00308	
0,00318	
0,0031
PAZA	
ПавлАвт ао
67	
904 670	
7 730	
7 630	
7 630	
7 890	
7 740
SAREP	
СаратЭн-ап
78	
889 578	
0,094	
0,0894	
0,0894	
0,0952	
0,0948
TASB	
ТамбЭнСб
105	
795 115	
0,3145	
0,299	
0,2965	
0,3345	
0,322
VSYDP	
ВыбСудЗ ап
69	
762 360	
4 240	
4 240	
4 060	
4 400	
4 140
GTRK	
ГТМ ао
205	
714 952	
43,4	
43,35	
43,05	
43,6	
43,55
TRCN	
ТрансК ао
61	
702 665	
8 265	
8 345	
8 205	
8 375	
8 255
RLMN	
Роллман
273	
700 782	
20,15	
20,5	
19,8	
21	
20,1
KUBE	
Кубанэнр
180	
700 755	
67,5	
69,1	
66,5	
69,2	
67,3
RTGZ	
ГазпРнД ао
17	
690 100	
20 900	
21 000	
20 500	
21 000	
20 850
UTAR	
ЮТэйр ао
58	
677 355	
6,59	
6,66	
6,53	
6,7	
6,59
MRKS	
РсетСиб ао
79	
676 015	
0,214	
0,2145	
0,191	
0,23	
0,2195
DIOD	
ЗаводДИОД
88	
672 309	
5,95	
5,99	
5,94	
5,99	
5,97
KRKOP	
ТКЗКК ап
228	
663 626	
5,835	
5,875	
5,8	
5,945	
5,845
KLSB	
КалужскСК
115	
616 611	
11,29	
11,48	
11,2	
11,48	
11,3
RLMNP	
Роллман-п
321	
576 243	
19,6	
20,4	
16,98	
20,4	
19,78
CNTL	
Телеграф
102	
545 900	
21,25	
21,45	
21	
21,45	
21,15
IRGZ	
ИркЭнерго
113	
536 186	
12,68	
12,62	
12,54	
12,78	
12,7
TASBP	
ТамбЭнСб-п
67	
536 020	
0,259	
0,24	
0,2365	
0,266	
0,264
ABRD	
АбрауДюрсо
135	
512 420	
132	
132,5	
131,5	
133	
132,5
NFAZ	
Нефтекамск
70	
502 752	
152,4	
155,2	
146,2	
157,4	
154
BISVP	
БашИнСв ап
154	
494 939	
7,24	
7,11	
6,92	
7,84	
7,41
RAVN	
Raven
39	
489 010	
29,8	
29,75	
29,45	
30	
30
MGTS	
МГТС-5ао
42	
476 620	
2 650	
2 650	
2 625	
2 685	
2 625
UCSS	
ОКС ао
57	
473 540	
1 460	
1 440	
1 430	
1 490	
1 460
KTSB	
КСБ ао
105	
408 160	
0,556	
0,542	
0,54	
0,562	
0,556
KMEZ	
КМЗ
178	
386 458	
455	
450,5	
445,5	
470	
454,5
RTSBP	
ТНСэнРст-п
36	
381 450	
0,296	
0,303	
0,291	
0,32	
0,293
BRZL	
БурЗолото
73	
362 042	
830	
831	
829	
833	
830
IGSTP	
Ижсталь ап
48	
341 126	
702	
705	
698	
710	
698
SAGOP	
СамарЭн-ап
9	
331 620	
0,4	
0,398	
0,396	
0,4	
0,397
KAZT	
Куйбазот
70	
326 872	
136,8	
137,2	
135,8	
138,2	
137,4
AVAN	
Авангрд-ао
72	
312 955	
780	
780	
765	
790	
785
MAGE	
МагадЭн ао
42	
312 920	
5,05	
4,93	
4,93	
5,17	
5,08
KAZTP	
Куйбазот-п
45	
311 572	
138,6	
140	
137,6	
140	
139
ELTZ	
Электрцинк
110	
301 277	
174,5	
174,5	
173,5	
175,5	
174,5
TGKDP	
Квадра-п
34	
287 520	
0,004105	
0,004035	
0,004035	
0,004195	
0,004095
KUZB	
КузнецкийБ
149	
280 605	
0,01655	
0,01664	
0,01635	
0,0167	
0,01648
IGST	
Ижсталь2ао
33	
279 567	
871	
871	
865	
881	
879
LVHK	
Левенгук
73	
267 054	
8,32	
8,26	
8,21	
8,49	
8,27
VZRZP	
Возрожд-п
62	
264 652	
294,2	
294,4	
286,6	
299,8	
291,6
RUSP	
Русполимет
27	
250 615	
0,6265	
0,6215	
0,6215	
0,632	
0,6295
UNKL	
ЮУНК ао
32	
239 410	
3 520	
3 600	
3 480	
3 600	
3 500
NAUK	
iНПОНаука
66	
225 988	
173,8	
170,4	
170,4	
175,4	
172,8
YKENP	
Якутскэн-п
27	
215 135	
0,331	
0,331	
0,3265	
0,3385	
0,3275
MRSB	
МордЭнСб
20	
212 410	
0,354	
0,353	
0,347	
0,356	
0,356
MFGSP	
Мегион-ап
36	
205 165	
325,5	
319,5	
316,5	
330	
323,5
ROSB	
Росбанк ао
77	
203 914	
72,2	
72	
70,2	
76	
70,2
NSVZ	
НаукаСвяз
42	
198 360	
223	
223	
221	
225,5	
223,5
RUSI	
ИКРУСС-ИНВ
41	
197 100	
37,9	
38,2	
37,5	
38,5	
38,3
LPSB	
ЛЭСК ао
75	
186 730	
8	
8,1	
7,9	
8,15	
8,15
HALS	
Галс-Девел
68	
186 443	
767	
768	
751	
779	
766
WTCM	
ЦМТ ао
55	
185 864	
9,08	
9,12	
8,98	
9,12	
8,98
VSYD	
ВыбСудЗ ао
29	
176 540	
4 205	
4 190	
4 125	
4 250	
4 160
SLEN	
Сахэнер ао
49	
173 330	
4,04	
4,025	
4,025	
4,05	
4,05
ROST	
РОСИНТЕРао
48	
163 292	
60,4	
60,6	
60	
60,8	
60,2
WTCMP	
ЦМТ ап
36	
155 676	
8,28	
8,42	
8,2	
8,42	
8,28
NNSB	
ТНСэнНН ао
17	
154 860	
1 300	
1 285	
1 265	
1 305	
1 285
VGSBP	
ВолгЭнСб-п
55	
154 620	
1,08	
1,08	
1,05	
1,1	
1,08
ARSA	
Арсагера
12	
152 480	
3,24	
3,28	
3,23	
3,3	
3,3
SAGO	
СамарЭн-ао
34	
149 760	
0,406	
0,41	
0,396	
0,412	
0,408
DZRD	
iДонскЗР
40	
148 855	
1 885	
1 875	
1 870	
1 895	
1 890
OMZZP	
ОМЗ-ап
32	
144 075	
3 430	
3 485	
3 400	
3 485	
3 455
KBTK	
КузбТК ао
32	
143 702	
158	
159,2	
156,6	
159,4	
157,2
VJGZ	
Варьеган
25	
139 338	
603	
607	
598	
607	
601
NKSH	
Нижкамшина
20	
136 858	
23,14	
22,74	
22,74	
23,42	
23,2
UKUZ	
ЮжКузб. ао
16	
136 106	
550	
538	
538	
550	
544
KTSBP	
КСБ ап
20	
134 260	
0,258	
0,26	
0,2525	
0,2645	
0,259
SZPR	
СЗПароход
61	
134 158	
734	
728	
722	
740	
734
MRKK	
Россети СК
91	
130 794	
26,38	
26,2	
26,12	
26,6	
26,18
VJGZP	
Варьеган-п
29	
126 070	
332	
336	
328	
336	
329
TUZA	
ТЗА ао
28	
126 000	
97	
97	
96	
98	
96
ZILL	
ЗИЛ ао
29	
124 305	
1 430	
1 460	
1 415	
1 460	
1 420
CHKZ	
ЧКПЗ ао
21	
118 960	
5 400	
5 240	
5 240	
5 460	
5 380
MGNZ	
СМЗ-ао
24	
115 190	
4 110	
4 210	
4 010	
4 210	
4 110
NNSBP	
ТНСэнНН ап
21	
107 093	
558	
554	
542	
568	
550
RKKE	
ЭнергияРКК
12	
105 160	
5 010	
5 000	
5 000	
5 010	
5 000
STSB	
СтаврЭнСб
37	
98 742	
0,35	
0,353	
0,3455	
0,357	
0,352
TORSP	
ТРК ап
17	
98 710	
0,274	
0,274	
0,272	
0,275	
0,275
STSBP	
СтаврЭнСбп
58	
98 546	
0,3015	
0,2975	
0,294	
0,305	
0,3015
MISBP	
ТНСэМаЭл-п
17	
83 040	
10	
10	
9,8	
10,4	
10
VRSB	
ТНСэнВорон
11	
76 080	
47,6	
48	
47,2	
48,2	
47,6
MAGEP	
МагадЭн ап
9	
71 710	
7,17	
7,255	
7,105	
7,255	
7,23
ALBK	
БестЭфБ ао
30	
71 050	
54,5	
53,5	
53,5	
55,5	
55
MFGS	
Мегион-ао
11	
59 470	
350	
346	
346	
356,5	
352,5
TORS	
ТРК ао
12	
55 490	
0,37	
0,371	
0,367	
0,372	
0,371
RTSB	
ТНСэнРст
11	
51 800	
0,345	
0,345	
0,34	
0,35	
0,345
KGKCP	
КурганГКап
15	
49 680	
53,5	
53	
53	
54	
53,5
DZRDP	
iДонскЗР п
19	
49 220	
1 590	
1 600	
1 570	
1 600	
1 600
KCHE	
КамчатЭ ао
20	
46 145	
0,1925	
0,1885	
0,187	
0,196	
0,19
ZVEZ	
ЗВЕЗДА ао
8	
45 200	
4,52	
4,55	
4,49	
4,55	
4,49
SARE	
СаратЭн-ао
17	
44 318	
0,1198	
0,1198	
0,119	
0,121	
0,119
KBSB	
ТНСэКубань
7	
41 150	
132,5	
132,5	
132,5	
134,5	
134,5
RDRB	
РДБанк ао
11	
33 700	
260	
260	
255	
265	
260
MISB	
ТНСэнМарЭл
7	
27 260	
11,4	
11,4	
11,2	
11,4	
11,3
KGKC	
КурганГКао
11	
24 600	
52	
52	
52	
53	
53
BLNG	
Белон ао
21	
19 687	
4,018	
3,99	
3,99	
4,048	
4,024
TNSE	
ТНСэнрг ао
6	
16 620	
980	
990	
960	
990	
960
YRSBP	
ТНСэнЯр-п
6	
14 975	
88	
88	
88	
88,5	
88
CHGZ	
РН-ЗапСиб
1	
3 180	
31,8	
31,8	
31,8	
31,8	
31,8
YRSB	
ТНСэнЯр
1	
1 660	
166	
166	
166	
166	
166
BISV	
БашИнСв ао
0	
0	
-	
-	
-	
-	
8,7
GAZC	
ГАЗКОН-ао
0	
0	
-	
-	
-	
-	
295
GAZS	
ГАЗ-сервис
0	
0	
-	
-	
-	
-	
293
GAZT	
ГАЗ-Тек ао
0	
0	
-	
-	
-	
-	
85
GTSS	
ГЕОТЕК ао
0	
0	
-	
-	
-	
-	
-
HIMC	
Химпром ао
0	
0	
-	
-	
-	
-	
0,99
KCHEP	
КамчатЭ ап
0	
0	
-	
-	
-	
-	
0,352
KMTZ	
КосогМЗ ао
0	
0	
-	
-	
-	
-	
-
KRKO	
ТКЗКК ао
0	
0	
-	
-	
-	
-	
11,8
KSGR	
Кокс ао
0	
0	
-	
-	
-	
-	
-
KUNF	
КУЗОЦМ ао
0	
0	
-	
-	
-	
-	
-
KZMS	
КЗМС ао
0	
0	
-	
-	
-	
-	
226
MFON	
МегаФон ао
0	
0	
-	
-	
-	
-	
650,6
MORI	
Морион ао
0	
0	
-	
-	
-	
-	
4,31
NPOF	
Физика ао
0	
0	
-	
-	
-	
-	
11 850
TRFM	
ТрансФ ао
0	
0	
-	
-	
-	
-	
-
URKA	
Уркалий-ао
0	
0	
-	
-	
-	
-	
119,04
VZRZ	
Возрожд-ао
0	
0	
-	
-	
-	
-	
480