YNDX	
Yandex clA
173 187	
18 929 695 913	
5 013	
5 060,4	
4 816,4	
5 135,8	
5 010
SBER	
Сбербанк
103 050	
17 191 544 879	
226,86	
228,3	
224,7	
229,4	
227,5
GMKN	
ГМКНорНик
26 130	
5 346 537 902	
19 832	
19 804	
19 600	
20 070	
19 990
GAZP	
ГАЗПРОМ ао
48 426	
4 751 825 006	
186,64	
186,22	
185	
188	
187,88
LKOH	
ЛУКОЙЛ
22 047	
4 185 331 697	
5 257	
5 230	
5 197	
5 288	
5 280,5
PLZL	
Полюс
22 565	
3 661 938 113	
18 115,5	
17 929,5	
17 800,5	
18 444	
18 389
MAIL	
MAIL-гдр
54 413	
2 599 361 300	
2 329	
2 350	
2 282,2	
2 360	
2 337,6
ROSN	
Роснефть
19 168	
2 237 947 434	
395,5	
393,05	
391,9	
398,5	
397,25
POLY	
Polymetal
25 471	
2 013 638 334	
1 943,5	
1 949,8	
1 914	
1 988	
1 967,8
SBERP	
Сбербанк-п
31 317	
1 881 526 702	
216,29	
216,8	
214,82	
217,64	
216,82
SNGS	
Сургнфгз
18 436	
1 782 112 641	
37,93	
37,25	
37,14	
38,575	
38,505
MGNT	
Магнит ао
13 999	
1 406 175 552	
4 646,5	
4 640,5	
4 606,5	
4 676	
4 655
TATN	
Татнфт 3ао
17 530	
1 382 563 496	
569,3	
570,1	
563,2	
574,6	
574
MTSS	
МТС-ао
15 268	
1 348 873 008	
344,45	
344,7	
341,4	
346,75	
345,75
SNGSP	
Сургнфгз-п
16 774	
1 327 024 802	
38,395	
38,12	
38,06	
38,65	
38,6
VTBR	
ВТБ ао
35 548	
1 138 074 255	
0,03579	
0,03579	
0,03536	
0,03608	
0,03602
POGR	
Petropavl
20 543	
1 069 513 986	
33,39	
32,2	
31,9	
34,575	
34,18
HYDR	
РусГидро
23 860	
992 036 080	
0,7475	
0,7307	
0,7307	
0,7598	
0,7579
IRAO	
ИнтерРАОао
11 288	
986 329 790	
5,3135	
5,303	
5,285	
5,36	
5,3295
MOEX	
МосБиржа
15 882	
943 582 536	
143,24	
144,08	
142,36	
144,35	
142,9
MVID	
М.видео
18 485	
805 780 647	
583,5	
576,9	
553	
598,9	
584,5
NVTK	
Новатэк ао
9 098	
762 518 851	
1 134,2	
1 133,8	
1 125,6	
1 140,8	
1 134
ALRS	
АЛРОСА ао
15 660	
755 098 474	
67,07	
67,2	
66,35	
67,58	
67,3
NLMK	
НЛМК ао
11 463	
713 078 542	
159,64	
160,74	
158,82	
161,3	
159,68
CHMF	
СевСт-ао
12 387	
613 122 095	
960,8	
963	
956,2	
965	
963
AFLT	
Аэрофлот
12 508	
487 420 784	
83,32	
83,04	
82,86	
83,94	
83,2
TCSG	
TCS-гдр
12 900	
400 138 879	
1 993,4	
2 040	
1 960,8	
2 050	
1 982
SIBN	
Газпрнефть
4 863	
381 401 235	
319,85	
320,95	
319,2	
320,95	
320,7
AFKS	
Система ао
6 823	
369 999 071	
21,307	
21,4	
21,201	
21,469	
21,32
FEES	
ФСК ЕЭС ао
7 335	
352 239 086	
0,19944	
0,19852	
0,19794	
0,2013	
0,2005
DSKY	
ДетскийМир
10 955	
307 433 305	
122,32	
121,3	
120,4	
124,9	
122,5
RSTI	
Россети ао
6 407	
299 679 605	
1,5019	
1,51	
1,4862	
1,5229	
1,5093
TATNP	
Татнфт 3ап
6 710	
290 998 704	
547,6	
548	
542,6	
551	
551
TRNFP	
Транснф ап
1 333	
290 003 500	
141 650	
141 300	
140 700	
142 950	
142 750
MAGN	
ММК
4 500	
279 629 784	
39,555	
39,515	
39,435	
39,795	
39,64
CBOM	
МКБ ао
6 638	
261 673 125	
5,893	
5,887	
5,863	
5,922	
5,912
UPRO	
Юнипро ао
3 539	
244 293 832	
2,715	
2,715	
2,702	
2,725	
2,721
FIVE	
FIVE-гдр
4 059	
226 741 719	
2 832	
2 839	
2 820	
2 853	
2 824
RTKM	
Ростел -ао
7 195	
224 553 571	
97,69	
96,86	
96,84	
98,29	
98
PHOR	
ФосАгро ао
3 678	
164 802 043	
2 781	
2 766	
2 765	
2 802	
2 770
RUAL	
РУСАЛ ао
7 578	
161 652 574	
32,025	
32,25	
31,8	
32,335	
31,91
ETLN	
ETLN-гдр
6 379	
90 374 042	
117,76	
115	
115	
119,66	
118,6
RASP	
Распадская
3 054	
88 274 451	
118,2	
116,54	
115,5	
119,7	
118,12
LNTA	
Лента др
5 085	
77 970 567	
208,6	
206,1	
205	
210	
209,2
MTLRP	
Мечел ап
5 113	
74 766 199	
72,05	
73,4	
71,2	
73,45	
72
QIWI	
iQIWI
3 582	
71 298 173	
1 388	
1 399,5	
1 365,5	
1 418	
1 371
SELG	
Селигдар
3 585	
70 416 900	
45,34	
46,5	
44,28	
46,51	
46,09
AGRO	
AGRO-гдр
3 550	
69 504 019	
770,4	
760	
750	
789,8	
762,8
RNFT	
РуссНфт ао
611	
59 528 621	
483	
500	
481	
500	
483,4
LSRG	
ЛСР ао
3 336	
59 495 741	
775,2	
777,6	
770,6	
781	
775
BSPB	
БСП ао
3 101	
51 048 224	
44,37	
43,76	
43,67	
45,5	
44,9
RTKMP	
Ростел -ап
3 514	
48 068 857	
89,65	
89,1	
89,1	
90,45	
89,65
TGKA	
ТГК-1
3 222	
47 831 804	
0,01173	
0,01177	
0,01164	
0,01188	
0,011702
BANEP	
Башнефт ап
2 112	
43 616 668	
1 347,5	
1 343,5	
1 343	
1 354	
1 353
OGKB	
ОГК-2 ао
2 798	
38 941 844	
0,7552	
0,7562	
0,7505	
0,7651	
0,7576
ENRU	
ЭнелРос ао
1 564	
37 576 343	
0,9225	
0,9235	
0,92	
0,9275	
0,923
OBUV	
ОР ао
2 170	
37 098 437	
35,4	
34,8	
34,55	
36,55	
35,9
PIKK	
ПИК ао
1 477	
34 536 515	
497,7	
494,2	
494,2	
499,5	
497,5
MTLR	
Мечел ао
3 332	
32 233 951	
65,53	
65,74	
65,23	
65,8	
65,62
AKRN	
Акрон
747	
28 411 562	
5 940	
5 890	
5 878	
5 976	
5 970
ALBK	
БестЭфБ ао
3 543	
24 756 690	
71	
55,5	
55	
77,5	
77,5
AQUA	
РусАква ао
1 025	
23 728 960	
221,5	
218,5	
218,5	
225	
220,5
MRKP	
МРСК ЦП
810	
23 630 113	
0,2207	
0,2185	
0,2166	
0,2221	
0,2209
NMTP	
НМТП ао
1 614	
22 827 336	
9,045	
9,025	
8,985	
9,095	
9,04
MSNG	
+МосЭнерго
840	
20 472 460	
2,0875	
2,1	
2,074	
2,1	
2,095
LSNGP	
РСетиЛЭ-п
1 125	
19 212 097	
151,6	
152,75	
150,95	
152,75	
151,4
LNZL	
Лензолото
444	
16 497 800	
18 010	
18 200	
17 830	
18 200	
18 140
LNZLP	
Лензол. ап
636	
14 364 750	
4 760	
4 805	
4 635	
4 875	
4 840
SELGP	
Селигдар-п
680	
14 267 480	
34,25	
35,35	
33,5	
35,35	
34,85
NKHP	
НКХП ао
1 066	
14 002 660	
301	
298	
288	
310	
288
BANE	
Башнефт ао
740	
12 261 429	
1 740	
1 744,5	
1 735,5	
1 754,5	
1 739
ENPG	
ЭН+ГРУП ао
601	
12 142 932	
698,5	
700	
688,5	
704,5	
695
CNTLP	
Телеграф-п
1 173	
12 058 670	
16,36	
16,7	
16,12	
16,8	
16,22
NKNCP	
НКНХ ап
1 489	
11 473 300	
80,08	
80,56	
79,82	
80,8	
80,2
GCHE	
ЧеркизГ-ао
607	
10 476 843	
1 899,5	
1 878,5	
1 876	
1 911	
1 898
CHEP	
ЧТПЗ ао
527	
10 035 805	
210	
216	
207,5	
216	
211
RUGR	
Русгрэйн
4 643	
9 613 249	
9,536	
9,852	
9,266	
9,952	
9,618
LIFE	
iФармсинтз
721	
8 496 763	
7,395	
7,5	
7,28	
7,515	
7,37
YKEN	
Якутскэнрг
563	
8 378 165	
0,438	
0,42	
0,411	
0,469	
0,4275
AMEZ	
АшинскийМЗ
1 355	
8 279 227	
4,98	
4,92	
4,825	
5,15	
4,91
DIOD	
ЗаводДИОД
775	
7 247 427	
8,8	
8,76	
8,56	
8,95	
8,76
TRMK	
ТМК ао
283	
6 639 250	
58,64	
58,58	
58,4	
58,8	
58,8
SFIN	
САФМАР ао
95	
6 527 474	
529	
529,8	
528,6	
529,8	
529
MRKC	
МРСК Центр
384	
6 524 927	
0,2952	
0,2942	
0,2912	
0,2978	
0,2976
VSMO	
ВСМПО-АВСМ
183	
5 866 000	
17 660	
17 600	
17 600	
17 700	
17 700
KRKNP	
СаратНПЗ-п
218	
5 830 000	
15 640	
15 640	
15 600	
15 740	
15 620
UNAC	
iАвиастКао
451	
5 029 554	
0,494	
0,5	
0,49	
0,506	
0,4905
CNTL	
Телеграф
547	
4 915 250	
18,2	
18,4	
18,1	
18,4	
18,15
RSTIP	
Россети ап
369	
4 732 881	
2,074	
2,065	
2,065	
2,09	
2,07
NSVZ	
НаукаСвяз
620	
4 712 985	
222,5	
227	
217	
228	
218
MGTSP	
МГТС-4ап
194	
4 687 318	
2 030	
2 028	
2 026	
2 048	
2 026
CHGZ	
РН-ЗапСиб
366	
4 684 220	
61,4	
56,8	
56,6	
64	
61,6
TTLK	
Таттел. ао
359	
4 324 215	
0,3355	
0,324	
0,324	
0,342	
0,3375
UNKL	
ЮУНК ао
271	
4 167 310	
7 830	
7 630	
7 130	
8 000	
7 890
KMAZ	
КАМАЗ
577	
4 017 711	
63,6	
64,3	
63,1	
64,3	
63,3
MRKV	
РсетВол ао
521	
3 982 361	
0,0721	
0,0723	
0,0718	
0,07285	
0,07195
NKNC	
НКНХ ао
690	
3 798 298	
92,15	
92,6	
91,8	
92,9	
92,3
KROT	
КрасОкт-ао
421	
3 765 440	
393	
380,5	
377	
408,5	
391
KLSB	
КалужскСК
516	
3 752 980	
13,3	
13,54	
12,8	
13,96	
13,5
KTSBP	
КСБ ап
41	
3 658 950	
0,3195	
0,3025	
0,3025	
0,3255	
0,3175
APTK	
Аптеки36и6
1 488	
3 600 726	
13,424	
13,436	
13,362	
13,496	
13,412
VGSB	
ВолгЭнСб
423	
3 237 345	
4,485	
4,97	
4,3	
4,97	
4,51
ABRD	
АбрауДюрсо
466	
3 179 300	
202	
201,5	
193	
206,5	
205,5
PRMB	
Приморье
99	
3 117 000	
28 000	
27 600	
27 400	
29 400	
28 000
IRGZ	
ИркЭнерго
240	
3 110 152	
12,56	
12,96	
12,38	
12,96	
12,58
RGSS	
РГС СК ао
280	
2 937 925	
0,149	
0,1508	
0,146	
0,1508	
0,1488
SVAV	
СОЛЛЕРС
76	
2 891 180	
283	
282	
281,5	
284	
283,5
HALS	
Галс-Девел
396	
2 882 180	
1 342	
1 396	
1 301	
1 396	
1 331
TGKN	
ТГК-14
233	
2 640 280	
0,00329	
0,00328	
0,00325	
0,00334	
0,00329
RTSBP	
ТНСэнРст-п
294	
2 627 210	
0,679	
0,637	
0,632	
0,724	
0,634
ROLO	
Русолово
236	
2 427 122	
6,974	
6,994	
6,9	
7,082	
6,96
TGKB	
ТГК-2
194	
2 401 525	
0,004375	
0,00439	
0,00434	
0,0044	
0,004395
RUSI	
ИКРУСС-ИНВ
255	
2 264 590	
40,2	
39,3	
35	
45	
39,1
YKENP	
Якутскэн-п
171	
2 085 410	
0,4195	
0,407	
0,4025	
0,449	
0,4105
RKKE	
ЭнергияРКК
162	
2 037 600	
7 750	
7 820	
7 570	
7 820	
7 790
BELU	
Белуга ао
192	
2 009 217	
1 314	
1 315	
1 302	
1 320	
1 310
BRZL	
БурЗолото
416	
1 970 074	
1 135	
1 123	
1 109	
1 165	
1 162
CHKZ	
ЧКПЗ ао
200	
1 944 120	
5 980	
5 580	
5 580	
6 180	
5 880
RTSB	
ТНСэнРст
165	
1 938 450	
0,745	
0,74	
0,705	
0,775	
0,705
SLEN	
Сахэнер ао
153	
1 829 931	
6,415	
6,2	
6,03	
7,245	
6,995
ROSB	
Росбанк ао
557	
1 819 268	
82,2	
77,8	
76,2	
85	
77,8
FESH	
ДВМП ао
178	
1 676 067	
7,62	
7,64	
7,58	
7,67	
7,63
RUSP	
Русполимет
122	
1 647 195	
0,6435	
0,6375	
0,635	
0,65	
0,636
BISVP	
БашИнСв ап
300	
1 639 552	
10,62	
10,95	
10,48	
10,95	
10,64
RBCM	
РБК ао
340	
1 571 288	
3,378	
3,438	
3,368	
3,448	
3,4
SAGO	
СамарЭн-ао
86	
1 540 240	
0,482	
0,464	
0,464	
0,492	
0,476
KAZT	
Куйбазот
52	
1 533 926	
151,2	
150,4	
150	
153	
152,8
IRKT	
ИРКУТ-3
146	
1 480 564	
35,5	
35,3	
35,12	
36	
35,72
VRSB	
ТНСэнВорон
136	
1 455 620	
81,4	
82,4	
80	
85	
81
KZOS	
ОргСинт ао
282	
1 436 393	
86,6	
86,3	
86,1	
87	
86,8
ISKJ	
iИСКЧ ао
220	
1 368 716	
23,04	
23,37	
22,95	
23,37	
23,04
STSBP	
СтаврЭнСбп
254	
1 366 365	
0,4325	
0,4435	
0,4255	
0,4465	
0,43
STSB	
СтаврЭнСб
334	
1 344 373	
0,5895	
0,615	
0,563	
0,615	
0,581
WTCMP	
ЦМТ ап
163	
1 257 592	
8,12	
8,34	
7,98	
8,5	
8,26
MRKU	
МРСК Ур
132	
1 186 328	
0,149	
0,1496	
0,148	
0,1516	
0,15
SARE	
СаратЭн-ао
239	
1 179 610	
0,1594	
0,167	
0,1568	
0,1672	
0,1602
TGKD	
Квадра
111	
1 148 208	
0,00352	
0,003515	
0,00349	
0,00357	
0,003495
GAZA	
ГАЗ ао
122	
1 145 395	
416,5	
405	
399	
424,5	
424
MSRS	
РСетиМР ао
157	
1 115 513	
1,1765	
1,1745	
1,17	
1,1835	
1,172
KROTP	
КрасОкт-1п
135	
1 096 400	
286,5	
274	
272	
308	
280
RAVN	
Raven
78	
1 090 055	
30,6	
30,45	
30,1	
31	
30,45
NFAZ	
Нефтекамск
60	
1 087 520	
174	
168,6	
168,6	
175	
174,4
PMSBP	
ПермьЭнС-п
116	
1 042 904	
130,6	
130,6	
130	
131,8	
130,8
URKZ	
УрКузница
42	
1 038 520	
16 480	
16 880	
16 140	
16 900	
16 680
MGTS	
МГТС-5ао
109	
1 016 495	
2 280	
2 295	
2 250	
2 330	
2 285
KRKOP	
ТКЗКК ап
356	
994 693	
8,575	
8,635	
8,34	
8,795	
8,53
VZRZP	
Возрожд-п
65	
945 318	
313	
316	
311,4	
317,2	
316,6
UCSS	
ОКС ао
143	
924 010	
1 500	
1 480	
1 460	
1 540	
1 460
TGKBP	
ТГК-2 ап
70	
919 250	
0,00718	
0,0073	
0,0071	
0,0073	
0,00728
KOGK	
КоршГОК ао
15	
913 800	
48 000	
48 400	
47 600	
48 800	
48 400
ALNU	
АЛРОСА-Нюр
8	
889 600	
55 600	
55 800	
55 400	
55 800	
55 400
LPSB	
ЛЭСК ао
218	
858 625	
8,35	
8,45	
8,15	
8,75	
8,45
KUZB	
КузнецкийБ
592	
839 612	
0,01566	
0,01575	
0,0155	
0,016	
0,01577
VGSBP	
ВолгЭнСб-п
186	
790 990	
2,22	
2,2	
2,095	
2,42	
2,145
MRSB	
МордЭнСб
69	
748 090	
0,413	
0,418	
0,41	
0,419	
0,415
EELT	
ЕвроЭлтех
133	
708 779	
8,18	
8,24	
8,14	
8,3	
8,14
NKSH	
Нижкамшина
88	
708 426	
23,3	
23,4	
23	
23,68	
23,22
MRKZ	
МРСК СЗ
137	
705 117	
0,05055	
0,0508	
0,0504	
0,05105	
0,05045
WTCM	
ЦМТ ао
41	
696 888	
9,3	
9,42	
9,26	
9,44	
9,38
SAGOP	
СамарЭн-ап
48	
645 420	
0,419	
0,41	
0,409	
0,423	
0,417
TNSE	
ТНСэнрг ао
69	
643 235	
1 065	
1 050	
1 050	
1 100	
1 080
HIMCP	
Химпром ап
129	
581 647	
6,17	
6,13	
6,1	
6,21	
6,2
GEMA	
iММЦБ ао
108	
574 625	
598,5	
599,5	
595	
602	
598,5
MSTT	
Мостотрест
74	
568 752	
159,3	
158,8	
158,5	
160,2	
159
CHMK	
ЧМК ао
81	
567 285	
2 640	
2 630	
2 620	
2 655	
2 650
MAGEP	
МагадЭн ап
45	
557 350	
6,88	
6,94	
6,64	
7,27	
7
YAKG	
ЯТЭК ао
52	
554 180	
42,3	
42,75	
42,05	
42,8	
42,2
PAZA	
ПавлАвт ао
43	
540 970	
9 020	
9 040	
8 910	
9 080	
8 940
MAGE	
МагадЭн ао
64	
523 050	
6,15	
6,23	
6,03	
6,23	
6,15
IGSTP	
Ижсталь ап
124	
517 312	
903	
919	
864	
930	
897
ELTZ	
Электрцинк
110	
473 294	
189	
191	
187,5	
192	
188
INGR	
ИНГРАД ао
81	
456 698	
814	
807	
807	
820	
816
KBTK	
КузбТК ао
68	
454 370	
153,6	
151,6	
151,2	
156,6	
151,2
IGST	
Ижсталь2ао
110	
423 601	
1 026	
1 049	
999	
1 070	
1 005
KUBE	
Кубанэнр
69	
422 588	
74,3	
75,2	
74	
75,2	
74,7
GTRK	
ГТМ ао
159	
419 906	
42,9	
42,6	
42,6	
43,4	
43,1
VRSBP	
ТНСэнВор-п
34	
415 800	
49,5	
50,5	
49	
50,5	
49,5
KZOSP	
ОргСинт ап
266	
415 340	
11,91	
11,9	
11,8	
12	
11,92
TASBP	
ТамбЭнСб-п
60	
394 085	
0,355	
0,3665	
0,35	
0,3665	
0,359
LSNG	
РСетиЛЭ
160	
357 469	
6,02	
6,01	
6,01	
6,04	
6,01
UWGN	
ОВК ао
82	
353 022	
232,3	
230,2	
230,2	
233,2	
232,1
NAUK	
iНПОНаука
65	
341 662	
203,4	
203,6	
201,8	
205,4	
204
TUZA	
ТЗА ао
75	
334 360	
106	
106	
103	
108	
107
DZRDP	
iДонскЗР п
70	
322 520	
1 890	
1 900	
1 860	
1 910	
1 900
RDRB	
РДБанк ао
36	
297 700	
235	
230	
230	
235	
235
UTAR	
ЮТэйр ао
79	
290 445	
7,15	
7,18	
7,12	
7,2	
7,13
MRKK	
Россети СК
64	
272 975	
25,68	
25,96	
25,6	
26,08	
25,7
PMSB	
ПермьЭнСб
49	
264 280	
133,5	
133,1	
132,2	
134,6	
133,4
USBN	
УралСиб ао
61	
255 396	
0,0692	
0,0687	
0,0687	
0,0696	
0,0691
RZSB	
РязЭнСб
18	
253 580	
9,4	
9,36	
9,32	
9,5	
9,38
DVEC	
ДЭК ао
80	
252 877	
0,926	
0,932	
0,92	
0,933	
0,924
AVAN	
Авангрд-ао
36	
252 805	
855	
855	
850	
860	
860
KAZTP	
Куйбазот-п
16	
236 998	
147,2	
147,4	
147	
148,4	
148,4
ARSA	
Арсагера
31	
233 930	
4,18	
4,26	
4,14	
4,26	
4,16
VLHZ	
ВХЗ-ао
101	
227 454	
54,7	
54,9	
54	
55,3	
55,15
KRSB	
Красэсб ао
13	
226 180	
7,07	
7,11	
7,04	
7,2	
7,2
TGKDP	
Квадра-п
60	
224 775	
0,004145	
0,00419	
0,004105	
0,004235	
0,00413
KBSB	
ТНСэКубань
60	
224 710	
145	
145	
143,5	
147	
145,5
MRKY	
РоссЮг ао
89	
223 249	
0,05015	
0,0498	
0,0498	
0,0511	
0,05045
KGKCP	
КурганГКап
30	
223 055	
55,5	
55	
54	
57,5	
57
JNOSP	
Слав-ЯНОСп
41	
216 956	
14,46	
14,18	
14,18	
14,54	
14,38
ZILL	
ЗИЛ ао
22	
211 700	
2 615	
2 605	
2 600	
2 625	
2 615
JNOS	
Славн-ЯНОС
49	
198 165	
19,25	
18,8	
18,8	
19,6	
19,2
KGKC	
КурганГКао
50	
195 285	
58	
56,5	
55	
60	
60
NNSBP	
ТНСэнНН ап
29	
180 585	
681	
682	
680	
689	
681
SAREP	
СаратЭн-ап
49	
152 470	
0,1208	
0,1216	
0,1192	
0,1222	
0,1214
RLMN	
Роллман
73	
143 841	
18,9	
19	
18,75	
19,1	
18,8
VJGZ	
Варьеган
66	
142 157	
646	
659	
637	
659	
657
LVHK	
Левенгук
44	
135 556	
8,17	
8,13	
8,04	
8,24	
8,2
UKUZ	
ЮжКузб. ао
28	
133 196	
542	
544	
536	
548	
540
VSYD	
ВыбСудЗ ао
21	
119 695	
4 125	
4 060	
4 060	
4 150	
4 145
TASB	
ТамбЭнСб
24	
118 860	
0,44	
0,448	
0,436	
0,448	
0,4465
BLNG	
Белон ао
59	
114 633	
4,376	
4,372	
4,31	
4,44	
4,41
MRKS	
РсетСиб ао
12	
102 960	
0,2395	
0,239	
0,238	
0,24	
0,2385
MFGSP	
Мегион-ап
11	
98 580	
318	
318	
318	
318	
318
MFGS	
Мегион-ао
21	
98 460	
378,5	
386	
370,5	
386	
375
ASSB	
АстрЭнСб
30	
98 290	
0,7865	
0,785	
0,785	
0,788	
0,7855
KRKN	
СаратНПЗ
6	
89 650	
12 800	
12 850	
12 800	
12 850	
12 800
KMEZ	
КМЗ
27	
87 594	
518,5	
519,5	
515	
520	
518,5
MGNZ	
СМЗ-ао
7	
67 150	
4 800	
4 800	
4 790	
4 810	
4 790
VJGZP	
Варьеган-п
11	
63 460	
373	
372	
372	
377	
375
OMZZP	
ОМЗ-ап
8	
61 805	
3 635	
3 585	
3 585	
3 685	
3 640
GAZAP	
ГАЗ ап
9	
59 040	
310,5	
310,5	
310	
311,5	
311,5
DZRD	
iДонскЗР
11	
54 875	
2 285	
2 275	
2 275	
2 300	
2 295
VSYDP	
ВыбСудЗ ап
11	
52 980	
4 080	
4 040	
4 040	
4 100	
4 080
KTSB	
КСБ ао
20	
45 548	
0,734	
0,732	
0,726	
0,75	
0,726
NNSB	
ТНСэнНН ао
20	
39 750	
1 805	
1 835	
1 790	
1 835	
1 795
TORS	
ТРК ао
8	
39 550	
0,439	
0,449	
0,429	
0,449	
0,437
MISB	
ТНСэнМарЭл
15	
39 450	
12,3	
12,1	
12,1	
12,5	
12,4
ZVEZ	
ЗВЕЗДА ао
8	
37 435	
4,68	
4,69	
4,625	
4,695	
4,65
KRSBP	
Красэсб ап
5	
35 980	
7,2	
7,12	
7,12	
7,22	
7,22
ROST	
РОСИНТЕРао
21	
32 416	
62,4	
62,8	
62	
63	
62,2
RTGZ	
ГазпРнД ао
1	
27 100	
27 100	
27 100	
27 100	
27 100	
27 100
MISBP	
ТНСэМаЭл-п
17	
24 850	
11,8	
11,9	
11,7	
11,9	
11,8
TORSP	
ТРК ап
3	
19 700	
0,2815	
0,2815	
0,281	
0,2815	
0,2815
RLMNP	
Роллман-п
19	
19 076	
18,88	
19,14	
18,76	
19,14	
18,9
KCHE	
КамчатЭ ао
8	
17 270	
0,216	
0,2165	
0,2115	
0,218	
0,2165
YRSB	
ТНСэнЯр
6	
16 180	
180	
180	
178	
180	
180
KCHEP	
КамчатЭ ап
2	
7 840	
0,392	
0,392	
0,392	
0,392	
0,392
YRSBP	
ТНСэнЯр-п
4	
6 620	
94,5	
94	
94	
95	
95
KUNF	
КУЗОЦМ ао
0	
0	
-	
-	
-	
-	
-
PRTK	
ПРОТЕК ао
0	
0	
-	
-	
-	
-	
99,6
GAZC	
ГАЗКОН-ао
0	
0	
-	
-	
-	
-	
295
GTSS	
ГЕОТЕК ао
0	
0	
-	
-	
-	
-	
-
NPOF	
Физика ао
0	
0	
-	
-	
-	
-	
11 850
TRCN	
ТрансК ао
0	
0	
-	
-	
-	
-	
8 595
KMTZ	
КосогМЗ ао
0	
0	
-	
-	
-	
-	
-
KZMS	
КЗМС ао
0	
0	
-	
-	
-	
-	
226
TRFM	
ТрансФ ао
0	
0	
-	
-	
-	
-	
-
GAZS	
ГАЗ-сервис
0	
0	
-	
-	
-	
-	
293
HIMC	
Химпром ао
0	
0	
-	
-	
-	
-	
0,99
GAZT	
ГАЗ-Тек ао
0	
0	
-	
-	
-	
-	
85
KSGR	
Кокс ао
0	
0	
-	
-	
-	
-	
-
MOBB	
МосОблБанк
0	
0	
-	
-	
-	
-	
0,698
URKA	
Уркалий-ао
0	
0	
-	
-	
-	
-	
119,04
VZRZ	
Возрожд-ао
0	
0	
-	
-	
-	
-	
480
BISV	
БашИнСв ао
0	
0	
-	
-	
-	
-	
8,7
MFON	
МегаФон ао
0	
0	
-	
-	
-	
-	
650,6
KRKO	
ТКЗКК ао
0	
0	
-	
-	
-	
-	
11,8
MORI	
Морион ао
0	
0	
-	
-	
-	
-	
4,31