SBER	
Сбербанк
82 827	
12 523 196 338	
212,54	
213,4	
210,5	
214,45	
211,8
GAZP	
ГАЗПРОМ ао
102 715	
8 719 183 618	
162,97	
164,44	
161,1	
164,96	
162,11
GMKN	
ГМКНорНик
24 417	
5 505 760 076	
19 630	
19 780	
19 420	
19 838	
19 512
LKOH	
ЛУКОЙЛ
29 115	
3 768 731 217	
4 259	
4 289,5	
4 205	
4 301,5	
4 225,5
YNDX	
Yandex clA
37 805	
2 798 071 118	
4 482,2	
4 499,8	
4 450,2	
4 540,6	
4 457,8
MAIL	
MAIL-гдр
34 679	
1 930 167 078	
2 224,8	
2 227,6	
2 150	
2 320	
2 211
SBERP	
Сбербанк-п
24 120	
1 582 102 410	
199,28	
199,5	
197,55	
200,5	
198,93
PLZL	
Полюс
13 234	
1 575 748 069	
16 270	
16 468	
16 078	
16 568,5	
16 078,5
TATN	
Татнфт 3ао
34 389	
1 487 128 471	
432,7	
436	
426,4	
437,3	
430,8
MOEX	
МосБиржа
24 937	
1 467 529 970	
141,37	
141,99	
140	
142,26	
141,2
AFLT	
Аэрофлот
43 645	
1 326 770 827	
59,12	
59,72	
58,04	
60,3	
58,28
MGNT	
Магнит ао
13 554	
1 234 627 877	
4 841,5	
4 820	
4 760	
4 894	
4 842
FIVE	
FIVE-гдр
22 253	
1 171 815 356	
2 942,5	
2 999	
2 840,5	
3 087	
2 873
ROSN	
Роснефть
11 597	
1 065 246 274	
375,75	
376,8	
373,6	
378	
375,6
IRAO	
ИнтерРАОао
14 458	
981 195 425	
5,2485	
5,275	
5,168	
5,357	
5,2505
POLY	
Polymetal
13 629	
957 147 477	
1 757	
1 762	
1 741,5	
1 776	
1 750
TCSG	
TCS-гдр
20 199	
920 337 341	
1 874	
1 821,8	
1 796,2	
1 898	
1 889,4
VTBR	
ВТБ ао
38 983	
916 579 869	
0,03435	
0,034725	
0,033885	
0,03473	
0,034085
NLMK	
НЛМК ао
11 589	
857 871 414	
179,66	
179,88	
178,02	
181	
180,64
CHMF	
СевСт-ао
15 457	
816 531 645	
1 064	
1 064	
1 042	
1 071,6	
1 069
MTSS	
МТС-ао
11 191	
748 469 385	
318,75	
318,35	
316,3	
319,95	
318
MAGN	
ММК
12 464	
694 868 674	
36,97	
37,07	
36,51	
37,315	
36,82
ALRS	
АЛРОСА ао
21 805	
682 443 831	
75	
74,72	
74,02	
75,89	
74,36
NVTK	
Новатэк ао
10 930	
671 056 007	
1 047	
1 054	
1 031,2	
1 063	
1 039
SNGS	
Сургнфгз
6 954	
657 068 117	
34,035	
33,955	
33,8	
34,275	
34,1
FEES	
ФСК ЕЭС ао
8 428	
514 577 196	
0,19162	
0,19288	
0,18764	
0,1937	
0,19
SNGSP	
Сургнфгз-п
8 270	
509 661 854	
37,285	
37,295	
37,17	
37,43	
37,3
RSTI	
Россети ао
10 458	
474 118 342	
1,4838	
1,5019	
1,465	
1,5024	
1,4771
AFKS	
Система ао
9 319	
437 786 930	
25,448	
25,712	
25,03	
25,712	
25,374
TATNP	
Татнфт 3ап
14 630	
407 161 998	
412,1	
411,1	
407,4	
416,6	
412,8
HYDR	
РусГидро
12 083	
370 948 289	
0,7303	
0,7251	
0,7218	
0,7356	
0,729
POGR	
Petropavl
11 552	
335 465 712	
27,36	
27,8	
26,655	
28,425	
27
CBOM	
МКБ ао
6 278	
277 435 773	
5,572	
5,609	
5,55	
5,61	
5,584
FLOT	
Совкомфлот
11 744	
230 438 177	
97,6	
96,16	
95,51	
99,57	
99,1
DSKY	
ДетскийМир
10 052	
220 447 483	
115,44	
115,02	
114,14	
117	
114,68
LSRG	
ЛСР ао
13 663	
220 263 060	
924,6	
956,8	
904,8	
959,2	
910
RTKM	
Ростел -ао
7 286	
203 709 983	
95,57	
95,1	
94,55	
95,98	
95,5
UPRO	
Юнипро ао
3 606	
199 155 429	
2,668	
2,668	
2,651	
2,682	
2,665
SIBN	
Газпрнефть
4 236	
192 509 241	
282	
282,8	
279,3	
284,6	
280,85
TRNFP	
Транснф ап
880	
190 980 850	
135 350	
135 000	
134 400	
136 150	
135 150
RUAL	
РУСАЛ ао
11 024	
122 432 429	
32,645	
32,685	
32,33	
33	
32,75
PIKK	
ПИК ао
2 703	
95 519 520	
587,1	
598,1	
578	
598,1	
579,3
PHOR	
ФосАгро ао
2 835	
89 158 796	
2 789	
2 785	
2 752	
2 814	
2 783
ETLN	
ETLN-гдр
12 511	
84 190 573	
131,28	
132	
130	
132,5	
130,5
QIWI	
iQIWI
6 556	
76 941 520	
1 175,5	
1 198	
1 151	
1 209	
1 167,5
LNTA	
Лента др
18 220	
63 099 205	
220,2	
218,5	
218	
221,7	
220,3
OGKB	
ОГК-2 ао
3 089	
62 257 236	
0,7291	
0,7338	
0,7212	
0,74	
0,7285
AKRN	
Акрон
1 260	
59 874 110	
6 098	
6 016	
5 990	
6 156	
6 130
MVID	
М.видео
1 487	
58 249 413	
677,3	
680	
669,1	
688,5	
678,4
TGKA	
ТГК-1
2 031	
53 547 621	
0,010786	
0,0107	
0,010608	
0,010892	
0,010856
BSPB	
БСП ао
6 648	
40 517 515	
45,28	
45	
44,59	
45,85	
45,02
MTLR	
Мечел ао
6 450	
35 365 420	
58,68	
59,43	
57,76	
59,59	
58,02
LSNGP	
РСетиЛЭ-п
1 496	
30 156 146	
150,75	
152,95	
149,75	
153,05	
150,3
LNZL	
Лензолото
81	
28 705 120	
19 400	
19 420	
19 330	
19 420	
19 400
AGRO	
AGRO-гдр
2 909	
27 669 931	
763,6	
769,8	
758,8	
769,8	
763,6
ENRU	
ЭнелРос ао
1 900	
22 971 483	
0,9185	
0,919	
0,911	
0,9245	
0,9135
RASP	
Распадская
710	
22 492 746	
114,98	
115	
114,04	
115,8	
114,84
BANEP	
Башнефт ап
1 496	
20 907 832	
1 196	
1 196,5	
1 190,5	
1 203	
1 193,5
MRKP	
МРСК ЦП
735	
18 096 936	
0,2271	
0,23	
0,222	
0,2307	
0,2222
RSTIP	
Россети ап
1 314	
16 439 958	
2,059	
2,073	
2,022	
2,084	
2,024
ENPG	
ЭН+ГРУП ао
2 683	
15 393 261	
699	
699,5	
693,5	
704	
698,5
RUSP	
Русполимет
2 141	
13 689 581	
0,7395	
0,641	
0,641	
0,837	
0,691
NMTP	
НМТП ао
2 239	
13 515 427	
8,055	
8,05	
8,03	
8,105	
8,04
FESH	
ДВМП ао
867	
13 012 109	
9,69	
9,83	
9,5	
9,9	
9,84
HHRU	
iHHRU-адр
171	
12 746 887	
1 752,4	
1 750,4	
1 740,4	
1 774,8	
1 750,6
RTKMP	
Ростел -ап
1 254	
12 624 584	
85,9	
85	
85	
86,6	
85,5
MSTT	
Мостотрест
1 622	
11 165 385	
115,2	
112,55	
111,45	
119,6	
112,75
BANE	
Башнефт ао
1 065	
8 865 620	
1 565,5	
1 574	
1 550,5	
1 584,5	
1 563,5
SVAV	
СОЛЛЕРС
330	
8 851 555	
284	
277	
271	
369	
277
MTLRP	
Мечел ап
780	
8 144 021	
66,8	
66,3	
66,3	
67,25	
66,7
OBUV	
ОР ао
3 676	
7 784 252	
30,5	
30,85	
29,95	
31	
30,5
ISKJ	
iИСКЧ ао
797	
7 715 279	
28,22	
28,68	
27,71	
28,96	
27,9
AQUA	
РусАква ао
586	
7 543 320	
230,5	
234,5	
228,5	
234,5	
230
INGR	
ИНГРАД ао
492	
7 454 049	
955	
950	
948	
980	
953
SELGP	
Селигдар-п
337	
6 762 280	
39,45	
39,5	
39,1	
39,75	
39,65
VSMO	
ВСМПО-АВСМ
210	
5 703 280	
16 580	
16 700	
16 300	
16 880	
16 400
TRMK	
ТМК ао
1 100	
5 548 504	
60,72	
60,8	
60,22	
61,16	
60,5
MRSB	
МордЭнСб
223	
5 229 580	
0,442	
0,437	
0,437	
0,446	
0,446
MSNG	
+МосЭнерго
422	
5 075 735	
2,05	
2,0515	
2,042	
2,0595	
2,05
NKNCP	
НКНХ ап
916	
4 917 558	
75,36	
75,5	
75,12	
75,58	
75,36
APTK	
Аптеки36и6
9 862	
4 686 036	
13,968	
13,908	
13,894	
14	
13,928
RZSB	
РязЭнСб
576	
4 566 144	
9,24	
9,42	
8,84	
10,26	
9,1
SELG	
Селигдар
361	
4 198 444	
44,81	
44,06	
44,06	
45,25	
44,6
RNFT	
РуссНфт ао
2 416	
4 136 269	
300,6	
308,6	
290,4	
308,8	
299,2
KRKNP	
СаратНПЗ-п
158	
3 946 260	
14 940	
15 140	
14 800	
15 160	
14 840
GCHE	
ЧеркизГ-ао
577	
3 750 735	
1 852	
1 850	
1 846,5	
1 861	
1 847
MRKV	
РсетВол ао
589	
3 650 779	
0,0712	
0,0714	
0,0706	
0,072	
0,07085
RLMN	
Роллман
1 100	
3 400 010	
13,55	
14,5	
13	
14,65	
13,5
KZOS	
ОргСинт ао
616	
3 152 424	
77,3	
77,8	
76	
79,3	
76,6
LIFE	
iФармсинтз
472	
3 130 959	
6,555	
6,65	
6,475	
6,685	
6,56
AMEZ	
АшинскийМЗ
1 525	
3 087 465	
4,555	
4,615	
4,495	
4,635	
4,55
TNSE	
ТНСэнрг ао
158	
3 031 110	
995	
975	
960	
1 030	
1 005
TGKD	
Квадра
1 731	
2 790 910	
0,003875	
0,003935	
0,0038	
0,00395	
0,003835
EELT	
ЕвроЭлтех
587	
2 551 014	
8,66	
8,3	
8,3	
9	
8,58
MSRS	
РСетиМР ао
257	
2 427 374	
1,2015	
1,2165	
1,1905	
1,229	
1,2
NKNC	
НКНХ ао
681	
2 127 346	
85,25	
85,85	
84,05	
86	
86
LNZLP	
Лензол. ап
213	
2 098 465	
4 005	
3 985	
3 970	
4 045	
3 975
NNSB	
ТНСэнНН ао
298	
2 002 315	
2 710	
2 870	
2 500	
2 905	
2 600
CNTLP	
Телеграф-п
341	
1 901 034	
13,12	
13,2	
13,06	
13,2	
13,1
MRKY	
РоссЮг ао
607	
1 723 517	
0,0461	
0,04645	
0,04575	
0,0465	
0,0458
NNSBP	
ТНСэнНН ап
360	
1 607 082	
720	
750	
692	
764	
706
MRKC	
МРСК Центр
1 157	
1 548 286	
0,3042	
0,3068	
0,3016	
0,3068	
0,3032
UNAC	
iАвиастКао
636	
1 495 516	
0,4145	
0,4135	
0,4085	
0,422	
0,409
GEMA	
iММЦБ ао
196	
1 448 136	
572,5	
587	
567	
587	
567
HALS	
Галс-Девел
81	
1 435 545	
1 179	
1 156	
1 156	
1 198	
1 190
MGTSP	
МГТС-4ап
225	
1 410 882	
1 842	
1 832	
1 828	
1 854	
1 838
MRKS	
РсетСиб ао
80	
1 347 865	
0,2905	
0,2805	
0,2805	
0,2955	
0,293
RAVN	
Raven
100	
1 304 610	
25,45	
27,35	
24,9	
27,6	
25,15
KMAZ	
КАМАЗ
836	
1 265 789	
61,3	
61,6	
60,7	
61,9	
61,1
MRKU	
МРСК Ур
101	
1 260 518	
0,1346	
0,1358	
0,134	
0,1374	
0,1342
CHEP	
ЧТПЗ ао
176	
1 245 820	
213,5	
213	
212	
214	
214
TGKB	
ТГК-2
98	
1 100 100	
0,003915	
0,003935	
0,00389	
0,00395	
0,003905
ABRD	
АбрауДюрсо
259	
1 063 005	
193	
192	
190,5	
196	
194
SFIN	
САФМАР ао
79	
1 054 584	
483,8	
470	
470	
489	
479,2
YAKG	
ЯТЭК ао
58	
1 040 760	
50,05	
50,85	
49,85	
50,85	
50,25
MRKZ	
МРСК СЗ
485	
970 591	
0,0496	
0,04915	
0,0489	
0,0509	
0,0497
TGKN	
ТГК-14
59	
957 620	
0,00305	
0,0031	
0,00301	
0,0031	
0,00307
LSNG	
РСетиЛЭ
633	
955 874	
5,2	
5,28	
5,11	
5,48	
5,21
NSVZ	
НаукаСвяз
185	
942 585	
194,5	
197	
191,5	
199,5	
193,5
BELU	
Белуга ао
311	
915 607	
1 241	
1 270	
1 231	
1 270	
1 235
RGSS	
РГС СК ао
165	
860 315	
0,1386	
0,1406	
0,135	
0,1414	
0,139
UWGN	
ОВК ао
1 700	
856 151	
178	
183	
176,3	
183	
176,4
KBTK	
КузбТК ао
148	
834 016	
141,6	
138,6	
138,6	
146	
139,8
IRKT	
ИРКУТ-3
133	
813 388	
32,28	
32,24	
31,7	
32,96	
31,96
HIMCP	
Химпром ап
186	
804 677	
7,01	
6,98	
6,92	
7,06	
6,94
GTRK	
ГТМ ао
1 342	
770 904	
42,05	
41,4	
41,4	
42,25	
42,05
IRGZ	
ИркЭнерго
133	
760 386	
11,08	
11,28	
10,84	
11,34	
10,98
KRKOP	
ТКЗКК ап
208	
746 655	
9,25	
8,9	
8,895	
9,49	
9,02
BISVP	
БашИнСв ап
270	
745 703	
9,5	
9,2	
9,2	
9,79	
9,38
RUGR	
Русгрэйн
1 843	
742 892	
9	
9	
8,978	
9,026	
8,994
ZILL	
ЗИЛ ао
15	
742 240	
2 595	
2 620	
2 575	
2 620	
2 605
UNKL	
ЮУНК ао
61	
728 920	
6 450	
6 550	
6 400	
6 550	
6 440
KZOSP	
ОргСинт ап
2 320	
706 729	
10,84	
10,73	
10,72	
11,25	
10,75
TTLK	
Таттел. ао
77	
701 885	
0,346	
0,347	
0,343	
0,3495	
0,344
ALNU	
АЛРОСА-Нюр
9	
686 600	
57 200	
57 000	
57 000	
57 400	
57 400
CNTL	
Телеграф
115	
603 565	
15,85	
15,75	
15,75	
15,95	
15,8
BRZL	
БурЗолото
110	
599 860	
990	
978	
978	
1 010	
984
CHKZ	
ЧКПЗ ао
66	
548 540	
5 380	
5 200	
5 200	
5 580	
5 260
AVAN	
Авангрд-ао
107	
523 470	
820	
825	
805	
850	
820
NFAZ	
Нефтекамск
87	
482 662	
212,6	
206,4	
204,6	
220	
209
KGKCP	
КурганГКап
101	
473 760	
60,5	
61	
60	
61	
60,5
MISB	
ТНСэнМарЭл
100	
428 540	
12,5	
12,1	
12	
13	
12,9
KGKC	
КурганГКао
39	
427 800	
54	
54,5	
54	
54,5	
54
MFGSP	
Мегион-ап
42	
415 160	
266	
276,5	
260	
276,5	
270,5
VRSB	
ТНСэнВорон
48	
414 700	
69,2	
70	
67,6	
71,2	
68,6
MRKK	
Россети СК
110	
404 799	
24,78	
24,5	
24,2	
25	
24,98
USBN	
УралСиб ао
70	
397 006	
0,0666	
0,0651	
0,0651	
0,0699	
0,0655
RBCM	
РБК ао
83	
389 609	
3,218	
3,24	
3,202	
3,24	
3,208
SAGO	
СамарЭн-ао
32	
384 300	
0,542	
0,558	
0,536	
0,558	
0,552
KAZT	
Куйбазот
27	
381 438	
146,8	
147,8	
146	
148	
146,6
URKZ	
УрКузница
19	
364 740	
15 860	
15 840	
15 600	
16 140	
15 820
RTGZ	
ГазпРнД ао
7	
347 050	
26 700	
27 300	
26 550	
27 300	
26 550
TGKDP	
Квадра-п
97	
332 577	
0,0051	
0,00508	
0,004915	
0,00526	
0,00496
STSB	
СтаврЭнСб
98	
331 913	
0,533	
0,5325	
0,525	
0,5425	
0,5335
YKEN	
Якутскэнрг
11	
318 510	
0,3835	
0,3875	
0,3805	
0,3875	
0,382
NKHP	
НКХП ао
53	
306 135	
255	
258,5	
253,5	
259	
256
JNOSP	
Слав-ЯНОСп
27	
293 870	
13,66	
13,98	
13,56	
13,98	
13,6
KMEZ	
КМЗ
207	
292 559	
559,5	
569,5	
550	
578,5	
550,5
DIOD	
ЗаводДИОД
96	
266 336	
7,01	
6,91	
6,91	
7,17	
6,97
PMSBP	
ПермьЭнС-п
57	
264 582	
129,6	
129,2	
129,2	
129,8	
129,8
RKKE	
ЭнергияРКК
37	
260 220	
6 200	
6 220	
6 130	
6 240	
6 230
VRSBP	
ТНСэнВор-п
26	
247 900	
44,5	
44,5	
44	
45	
44,5
RLMNP	
Роллман-п
172	
241 591	
16,04	
16,62	
15,5	
16,74	
16,1
NKSH	
Нижкамшина
33	
237 642	
21,8	
21,72	
21,72	
22,08	
21,86
DVEC	
ДЭК ао
188	
224 672	
0,899	
0,882	
0,882	
0,911	
0,89
TASB	
ТамбЭнСб
50	
217 915	
0,3755	
0,3855	
0,344	
0,3915	
0,383
ROLO	
Русолово
21	
215 688	
6,344	
6,27	
6,27	
6,42	
6,316
JNOS	
Славн-ЯНОС
27	
209 355	
17,6	
18,15	
17,05	
18,25	
17,4
UTAR	
ЮТэйр ао
39	
208 124	
6,69	
6,67	
6,64	
6,74	
6,71
RUSI	
ИКРУСС-ИНВ
25	
205 570	
38,1	
37,5	
37,5	
38,7	
38,2
CHMK	
ЧМК ао
60	
189 590	
2 460	
2 465	
2 450	
2 485	
2 480
LPSB	
ЛЭСК ао
63	
185 725	
8,1	
8,1	
7,95	
8,25	
8,1
SAGOP	
СамарЭн-ап
24	
183 320	
0,436	
0,442	
0,432	
0,442	
0,439
ROSB	
Росбанк ао
78	
181 938	
77,4	
78,2	
76	
79	
77,2
VZRZP	
Возрожд-п
44	
179 782	
285,4	
285,6	
284	
287,4	
285,4
ZVEZ	
ЗВЕЗДА ао
29	
170 720	
3,97	
3,96	
3,905	
4	
4
PMSB	
ПермьЭнСб
58	
162 694	
130,2	
131,9	
129,1	
131,9	
130,2
RTSB	
ТНСэнРст
14	
159 750	
0,535	
0,545	
0,52	
0,545	
0,54
GAZA	
ГАЗ ао
27	
157 790	
394,5	
399,5	
389	
402	
394
KROT	
КрасОкт-ао
35	
156 540	
364	
361	
361	
367	
362
SLEN	
Сахэнер ао
16	
154 487	
6,06	
6,115	
6	
6,19	
6
ELTZ	
Электрцинк
87	
151 229	
156	
157,5	
155	
158,5	
155,5
TORSP	
ТРК ап
12	
144 630	
0,278	
0,2785	
0,2775	
0,28	
0,278
TGKBP	
ТГК-2 ап
182	
144 166	
0,00671	
0,00671	
0,00663	
0,00679	
0,00667
KUBE	
Кубанэнр
40	
140 191	
68,1	
68,6	
67,6	
68,6	
68,3
MISBP	
ТНСэМаЭл-п
9	
120 620	
11,8	
11,8	
11,8	
11,9	
11,9
KBSB	
ТНСэКубань
34	
117 450	
130,5	
131,5	
130	
131,5	
131
STSBP	
СтаврЭнСбп
90	
109 747	
0,3355	
0,339	
0,333	
0,339	
0,3345
BLNG	
Белон ао
39	
109 738	
4,204	
4,26	
4,136	
4,288	
4,28
KRSB	
Красэсб ао
16	
104 408	
7,3	
7,36	
7,28	
7,36	
7,3
ALBK	
БестЭфБ ао
37	
102 330	
57	
57,5	
56,5	
58	
58
NAUK	
iНПОНаука
28	
100 956	
194,2	
193,4	
193	
196	
194,4
MFGS	
Мегион-ао
13	
96 115	
300,5	
300	
300	
305	
300
VGSB	
ВолгЭнСб
19	
93 065	
3,725	
3,75	
3,64	
3,855	
3,64
VJGZP	
Варьеган-п
24	
92 830	
320	
324	
317	
324	
319
KLSB	
КалужскСК
38	
86 746	
12,95	
12,92	
12,85	
12,99	
12,95
YKENP	
Якутскэн-п
10	
83 395	
0,3625	
0,3665	
0,36	
0,3685	
0,3685
RDRB	
РДБанк ао
21	
80 750	
220	
220	
215	
220	
220
VLHZ	
ВХЗ-ао
16	
77 023	
53,85	
53,3	
53,3	
54,05	
54,05
VGSBP	
ВолгЭнСб-п
27	
76 890	
1,67	
1,725	
1,645	
1,725	
1,67
KUZB	
КузнецкийБ
109	
73 326	
0,01307	
0,01322	
0,01302	
0,01322	
0,01308
TORS	
ТРК ао
5	
64 700	
0,381	
0,381	
0,38	
0,382	
0,38
VSYD	
ВыбСудЗ ао
14	
58 425	
3 895	
4 000	
3 860	
4 000	
3 895
SARE	
СаратЭн-ао
33	
56 658	
0,1232	
0,1242	
0,1208	
0,1256	
0,1242
UKUZ	
ЮжКузб. ао
26	
55 348	
486	
486	
484	
488	
484
VSYDP	
ВыбСудЗ ап
4	
53 920	
3 860	
3 740	
3 740	
3 860	
3 860
MAGE	
МагадЭн ао
8	
52 580	
5,84	
5,94	
5,76	
5,94	
5,76
PAZA	
ПавлАвт ао
6	
47 430	
7 910	
7 780	
7 780	
7 970	
7 970
ROST	
РОСИНТЕРао
17	
42 934	
63,2	
63,8	
62,6	
64	
63,4
GAZAP	
ГАЗ ап
13	
42 870	
306	
306	
302	
308,5	
307
MGTS	
МГТС-5ао
15	
42 640	
2 130	
2 100	
2 100	
2 150	
2 120
WTCMP	
ЦМТ ап
16	
40 650	
8,14	
8,14	
8,08	
8,18	
8,08
DZRD	
iДонскЗР
15	
40 385	
2 020	
1 985	
1 985	
2 030	
2 025
ARSA	
Арсагера
10	
40 380	
3,67	
3,61	
3,61	
3,79	
3,67
ASSB	
АстрЭнСб
19	
38 692	
0,774	
0,7745	
0,7725	
0,7765	
0,7735
MAGEP	
МагадЭн ап
5	
35 020	
5,73	
5,87	
5,82	
5,87	
5,82
IGSTP	
Ижсталь ап
21	
29 615	
779	
791	
769	
791	
770
PRMB	
Приморье
1	
25 200	
25 200	
25 200	
25 200	
25 200	
25 200
TASBP	
ТамбЭнСб-п
9	
24 805	
0,2755	
0,277	
0,273	
0,277	
0,274
KRKN	
СаратНПЗ
2	
24 300	
12 150	
12 250	
12 050	
12 250	
12 050
DZRDP	
iДонскЗР п
16	
23 640	
1 480	
1 490	
1 470	
1 500	
1 480
WTCM	
ЦМТ ао
17	
22 560	
8,68	
8,72	
8,64	
8,72	
8,64
KROTP	
КрасОкт-1п
8	
20 880	
261	
257	
257	
264,5	
264
IGST	
Ижсталь2ао
15	
17 422	
830	
837	
819	
837	
829
OMZZP	
ОМЗ-ап
5	
16 860	
3 370	
3 375	
3 350	
3 380	
3 380
KRSBP	
Красэсб ап
10	
16 772	
7,3	
7,26	
7,22	
7,32	
7,32
SAREP	
СаратЭн-ап
7	
15 796	
0,1054	
0,106	
0,104	
0,106	
0,104
KCHEP	
КамчатЭ ап
4	
15 240	
0,381	
0,391	
0,376	
0,391	
0,376
TUZA	
ТЗА ао
13	
14 340	
102	
102	
102	
103	
103
VJGZ	
Варьеган
9	
13 919	
605	
602	
602	
606	
605
KTSB	
КСБ ао
11	
13 312	
0,606	
0,604	
0,602	
0,61	
0,61
YRSB	
ТНСэнЯр
3	
9 940	
166	
166	
164	
166	
166
UCSS	
ОКС ао
5	
8 600	
1 430	
1 430	
1 430	
1 450	
1 450
KCHE	
КамчатЭ ао
3	
8 305	
0,2075	
0,207	
0,2065	
0,2085	
0,2085
KAZTP	
Куйбазот-п
1	
7 490	
149,8	
149,8	
149,8	
149,8	
149,8
LVHK	
Левенгук
7	
7 316	
8,13	
8,11	
8,04	
8,15	
8,04
MGNZ	
СМЗ-ао
1	
4 820	
4 820	
4 820	
4 820	
4 820	
4 820
KTSBP	
КСБ ап
1	
2 900	
0,29	
0,29	
0,29	
0,29	
0,29
YRSBP	
ТНСэнЯр-п
2	
1 760	
88	
88	
88	
88	
88
MFON	
МегаФон ао
0	
0	
-	
-	
-	
-	
650,6
RTSBP	
ТНСэнРст-п
0	
0	
0,645	
-	
-	
-	
0,495
KRKO	
ТКЗКК ао
0	
0	
-	
-	
-	
-	
11,8
MORI	
Морион ао
0	
0	
-	
-	
-	
-	
4,31
DERZP	
Держава ап
0	
0	
-	
-	
-	
-	
-
GAZC	
ГАЗКОН-ао
0	
0	
-	
-	
-	
-	
295
GTSS	
ГЕОТЕК ао
0	
0	
-	
-	
-	
-	
-
KUNF	
КУЗОЦМ ао
0	
0	
-	
-	
-	
-	
-
PRTK	
ПРОТЕК ао
0	
0	
-	
-	
-	
-	
99,6
CHGZ	
РН-ЗапСиб
0	
0	
-	
-	
-	
-	
52,6
NPOF	
Физика ао
0	
0	
-	
-	
-	
-	
11 850
TRCN	
ТрансК ао
0	
0	
-	
-	
-	
-	
8 595
BISV	
БашИнСв ао
0	
0	
-	
-	
-	
-	
8,7
GAZS	
ГАЗ-сервис
0	
0	
-	
-	
-	
-	
293
KMTZ	
КосогМЗ ао
0	
0	
-	
-	
-	
-	
-
KZMS	
КЗМС ао
0	
0	
-	
-	
-	
-	
226
TRFM	
ТрансФ ао
0	
0	
-	
-	
-	
-	
-
GAZT	
ГАЗ-Тек ао
0	
0	
-	
-	
-	
-	
85
HIMC	
Химпром ао
0	
0	
-	
-	
-	
-	
0,99
KOGK	
КоршГОК ао
0	
0	
-	
-	
-	
-	
44 800
KSGR	
Кокс ао
0	
0	
-	
-	
-	
-	
-
TRFM	
ТрансФ ао
0	
0	
-	
-	
-	
-	
-
URKA	
Уркалий-ао
0	
0	
-	
-	
-	
-	
119,04
VZRZ	
Возрожд-ао
0	
0	
-	
-	
-	
-	
480