SBER	
Сбербанк
142 539	
22 860 566 656	
196,95	
194	
193,32	
198,97	
198,51
GAZP	
ГАЗПРОМ ао
79 780	
10 802 544 099	
195,26	
196,05	
193,15	
197,75	
194,73
LKOH	
ЛУКОЙЛ
53 109	
9 402 052 755	
5 395,5	
5 424	
5 285	
5 515,5	
5 352,5
GMKN	
ГМКНорНик
34 411	
6 970 287 000	
22 226	
22 098	
21 724	
22 680	
22 110
ROSN	
Роснефть
31 711	
4 562 913 864	
374,15	
373,8	
366,35	
380	
374,9
AFLT	
Аэрофлот
79 917	
4 471 610 380	
77,3	
74,46	
74,16	
79,7	
77,9
PLZL	
Полюс
35 838	
3 398 186 200	
11 218	
11 600	
11 020	
11 620	
11 262,5
MGNT	
Магнит ао
31 499	
3 174 216 575	
3 706	
3 616	
3 608,5	
3 779	
3 744,5
SNGS	
Сургнфгз
27 360	
3 094 486 661	
40,865	
41,5	
39,79	
41,815	
40,685
TATN	
Татнфт 3ао
32 871	
2 789 152 148	
560,1	
557,1	
546,2	
572,2	
559,8
NVTK	
Новатэк ао
25 479	
2 578 015 084	
1 077,4	
1 088	
1 051	
1 103,8	
1 068
SBERP	
Сбербанк-п
52 072	
2 447 012 630	
178,63	
177,22	
176,4	
179,87	
178,8
RSTI	
Россети ао
40 096	
2 006 961 149	
1,6036	
1,61	
1,5505	
1,649	
1,5765
YNDX	
Yandex clA
26 503	
1 983 259 155	
2 879,4	
2 905,8	
2 817,2	
2 942,8	
2 826
MTSS	
МТС-ао
24 004	
1 789 765 445	
330,8	
331,45	
326,3	
337,7	
326,5
ALRS	
АЛРОСА ао
41 276	
1 777 281 134	
66,15	
64,95	
64,71	
67,21	
65,84
IRAO	
ИнтерРАОао
21 587	
1 606 152 474	
5,064	
5,11	
4,963	
5,158	
5,078
MOEX	
МосБиржа
28 041	
1 431 155 645	
114,9	
115,3	
113,77	
116,4	
114,59
POLY	
Polymetal
30 007	
1 353 853 379	
1 403,2	
1 447,7	
1 383,6	
1 448	
1 408,4
NLMK	
НЛМК ао
22 328	
1 325 207 496	
136,46	
134,02	
134,02	
138,26	
135,7
FEES	
ФСК ЕЭС ао
24 209	
1 315 338 470	
0,1935	
0,195	
0,1916	
0,19828	
0,19216
VTBR	
ВТБ ао
33 155	
1 287 902 295	
0,035345	
0,03509	
0,03505	
0,03565	
0,03539
CHMF	
СевСт-ао
18 989	
1 131 840 732	
916	
911,8	
906,4	
923	
919,4
SNGSP	
Сургнфгз-п
17 576	
1 088 274 728	
36,275	
36,355	
35,935	
36,55	
36,365
FIVE	
FIVE-гдр
14 678	
947 235 510	
2 210,5	
2 236	
2 193	
2 239	
2 239
HYDR	
РусГидро
15 876	
799 461 894	
0,6879	
0,6919	
0,68	
0,6955	
0,6934
TRNFP	
Транснф ап
3 358	
766 938 600	
131 800	
132 300	
130 400	
133 100	
132 000
SIBN	
Газпрнефть
12 170	
714 482 435	
333,5	
333,8	
330	
335,45	
334
TCSG	
TCS-гдр
14 467	
617 489 627	
1 251,2	
1 222	
1 211	
1 277,8	
1 245,8
RUAL	
РУСАЛ ао
36 410	
611 970 679	
27,86	
27,45	
27,105	
28,7	
27,695
TATNP	
Татнфт 3ап
10 586	
611 814 288	
526	
528	
515,5	
536	
519,1
AFKS	
Система ао
12 245	
561 466 290	
15,034	
14,921	
14,776	
15,188	
14,99
MAGN	
ММК
8 904	
489 646 138	
39,555	
39,4	
38,5	
39,945	
39,685
TRMK	
ТМК ао
2 076	
450 537 891	
59,34	
59,28	
59,04	
59,4	
59,36
CBOM	
МКБ ао
8 571	
297 480 823	
5,324	
5,346	
5,29	
5,363	
5,296
TGKA	
ТГК-1
13 540	
259 988 825	
0,013264	
0,01335	
0,0129	
0,013846	
0,013076
RTKM	
Ростел -ао
9 173	
245 006 937	
81,32	
81,52	
80,24	
82,6	
81,21
OGKB	
ОГК-2 ао
9 616	
223 183 082	
0,6708	
0,666	
0,6622	
0,6838	
0,6675
BANEP	
Башнефт ап
4 875	
210 151 419	
1 425	
1 420	
1 410,5	
1 435,5	
1 418,5
UPRO	
Юнипро ао
5 019	
189 446 701	
2,684	
2,684	
2,665	
2,705	
2,677
DSKY	
ДетскийМир
11 084	
189 317 910	
97,26	
97,78	
95,64	
98,42	
96
PHOR	
ФосАгро ао
4 117	
167 275 118	
2 815	
2 801	
2 797	
2 833	
2 812
KRKNP	
СаратНПЗ-п
3 396	
163 436 400	
20 220	
20 640	
19 600	
21 000	
19 960
MTLR	
Мечел ао
7 085	
114 165 555	
64,65	
64,23	
64,1	
65,1	
64,82
MRKP	
МРСК ЦП
4 418	
103 114 710	
0,1911	
0,1825	
0,1778	
0,195	
0,1949
MVID	
М.видео
4 501	
100 998 082	
349,9	
349,5	
345,6	
355	
348,4
LNTA	
Лента др
7 040	
80 039 332	
152,9	
153,5	
151	
155	
152,1
LSRG	
ЛСР ао
5 043	
75 183 852	
590	
588,4	
583,6	
593,8	
589,2
ENPG	
ЭН+ГРУП ао
349	
70 945 707	
611	
610,5	
607,5	
613,5	
612,5
MSNG	
+МосЭнерго
2 073	
67 468 845	
2,0295	
2,018	
2,0015	
2,0495	
2,029
PIKK	
ПИК ао
1 766	
67 211 183	
372,9	
371,5	
369,1	
375	
372,2
RSTIP	
Россети ап
3 154	
64 105 635	
2,344	
2,385	
2,305	
2,388	
2,312
AKRN	
Акрон
2 206	
64 005 764	
6 088	
6 086	
6 000	
6 298	
6 034
LSNGP	
РСетиЛЭ-п
2 845	
60 692 515	
169,35	
171,7	
165,55	
171,7	
168,2
QIWI	
iQIWI
3 084	
57 413 298	
1 008,5	
1 019,5	
992,5	
1 029,5	
1 003
AGRO	
AGRO-гдр
3 205	
51 101 061	
659,2	
663	
642	
666,6	
653,4
RZSB	
РязЭнСб
2 134	
49 154 460	
14,98	
16,1	
12,6	
18,52	
12,8
RASP	
Распадская
1 442	
45 853 277	
110,68	
110	
109,54	
111,4	
110,88
ETLN	
ETLN-гдр
2 186	
44 458 561	
91,32	
91,08	
89,76	
92,46	
90,2
BSPB	
БСП ао
3 554	
42 926 667	
40,44	
40,49	
39,94	
41,1	
40,72
ENRU	
ЭнелРос ао
2 103	
37 144 302	
0,9745	
0,97	
0,968	
0,9795	
0,9725
MRKC	
МРСК Центр
2 572	
33 004 337	
0,264	
0,2576	
0,257	
0,2686	
0,2634
MTLRP	
Мечел ап
1 506	
32 826 307	
74,1	
74,5	
73,45	
75,05	
74,35
MRKV	
РсетВол ао
2 033	
31 374 624	
0,0668	
0,06655	
0,0652	
0,0684	
0,06565
ISKJ	
iИСКЧ ао
2 123	
23 534 365	
31,53	
30,88	
30,21	
32,77	
31,17
RTKMP	
Ростел -ап
1 728	
23 153 892	
73,95	
75	
73,35	
75	
73,7
NKNCP	
НКНХ ап
1 362	
20 911 022	
77,96	
77,78	
77,66	
78,36	
77,9
BANE	
Башнефт ао
872	
18 730 440	
1 818,5	
1 821,5	
1 805,5	
1 829	
1 816,5
APTK	
Аптеки36и6
5 215	
17 929 202	
14,006	
14,124	
13,85	
14,2	
13,9
VSMO	
ВСМПО-АВСМ
344	
16 069 580	
18 640	
18 960	
18 500	
19 200	
18 560
NMTP	
НМТП ао
1 085	
15 404 474	
9,13	
9,155	
9,1	
9,17	
9,125
TASB	
ТамбЭнСб
1 479	
15 079 350	
0,3765	
0,338	
0,323	
0,409	
0,35
LIFE	
iФармсинтз
1 736	
14 286 924	
7,605	
7,8	
7,465	
7,8	
7,64
MGTSP	
МГТС-4ап
1 159	
11 345 452	
2 098	
2 118	
2 060	
2 132	
2 082
ASSB	
АстрЭнСб
2 280	
10 755 770	
0,8765	
0,858	
0,7505	
0,9755	
0,804
SELG	
Селигдар
614	
9 909 040	
24,12	
24,1	
23,87	
24,57	
24
LNZL	
Лензолото
334	
9 363 120	
8 560	
8 650	
8 450	
8 650	
8 580
OBUV	
ОР ао
1 382	
8 915 125	
29,9	
30	
29,65	
30,05	
29,9
MSRS	
РСетиМР ао
540	
8 296 484	
1,163	
1,1825	
1,12	
1,1845	
1,155
FESH	
ДВМП ао
505	
7 826 460	
7,04	
6,89	
6,89	
7,14	
7,1
NKNC	
НКНХ ао
594	
7 014 374	
93,8	
92,5	
92,15	
95,4	
93,45
SFIN	
САФМАР ао
711	
6 790 330	
407,8	
412,6	
406,6	
415,6	
408,4
BELU	
Белуга ао
505	
6 540 452	
1 363	
1 434	
1 312	
1 434	
1 375
PRMB	
Приморье
221	
6 463 200	
26 400	
21 800	
21 800	
30 000	
27 600
PMSBP	
ПермьЭнС-п
860	
6 274 922	
156,2	
162	
150,4	
162	
157,4
GEMA	
iММЦБ ао
534	
6 043 779	
628,5	
650	
622	
650	
629
MRKU	
МРСК Ур
738	
5 636 142	
0,1722	
0,174	
0,1682	
0,175	
0,1708
MRKS	
РсетСиб ао
317	
5 588 370	
0,239	
0,2205	
0,2205	
0,279	
0,2535
RNFT	
РуссНфт ао
1 631	
5 505 749	
421,8	
422,4	
419,8	
424	
420
KLSB	
КалужскСК
590	
4 888 511	
11,68	
11,39	
11,11	
12	
11,92
TGKB	
ТГК-2
303	
4 854 635	
0,00445	
0,00447	
0,00438	
0,00452	
0,00441
DVEC	
ДЭК ао
607	
4 487 395	
0,838	
0,81	
0,81	
0,874	
0,826
KRKN	
СаратНПЗ
181	
4 450 300	
15 400	
16 350	
14 900	
16 350	
15 200
KRSBP	
Красэсб ап
254	
4 245 680	
8,6	
9,32	
8,26	
9,34	
8,5
RUGR	
Русгрэйн
1 980	
4 031 815	
7,89	
8,078	
7,71	
8,212	
7,864
LSNG	
РСетиЛЭ
751	
3 945 838	
6,26	
6,35	
6,19	
6,35	
6,26
TASBP	
ТамбЭнСб-п
397	
3 934 920	
0,3455	
0,241	
0,241	
0,369	
0,343
KZOS	
ОргСинт ао
563	
3 919 941	
88,1	
89,1	
87,1	
89,2	
88,2
AMEZ	
АшинскийМЗ
704	
3 692 126	
4,26	
4,19	
4,19	
4,345	
4,255
KRSB	
Красэсб ао
231	
3 618 950	
8,52	
8,76	
8,13	
9,2	
8,35
GCHE	
ЧеркизГ-ао
450	
3 232 687	
1 707,5	
1 719	
1 700	
1 719	
1 700,5
TORS	
ТРК ао
387	
3 199 140	
0,417	
0,371	
0,371	
0,449	
0,422
AQUA	
РусАква ао
257	
3 167 945	
204,5	
209,5	
199	
209,5	
202
TORSP	
ТРК ап
334	
3 134 765	
0,281	
0,2755	
0,266	
0,297	
0,271
SVAV	
СОЛЛЕРС
166	
2 941 765	
258,5	
256	
255,5	
261	
257
ALNU	
АЛРОСА-Нюр
40	
2 842 600	
49 000	
49 800	
48 600	
49 800	
49 200
GAZAP	
ГАЗ ап
231	
2 831 725	
322	
330	
315	
335,5	
325
PMSB	
ПермьЭнСб
501	
2 760 860	
159,8	
161	
158	
164	
158,5
KZOSP	
ОргСинт ап
1 095	
2 760 750	
12,02	
11,7	
11,7	
12,38	
11,99
TRCN	
ТрансК ао
85	
2 756 240	
8 380	
8 220	
8 185	
8 490	
8 300
KTSB	
КСБ ао
660	
2 257 630	
0,608	
0,57	
0,558	
0,65	
0,586
MSTT	
Мостотрест
349	
2 242 204	
161,55	
162,9	
160,95	
162,9	
161,55
KTSBP	
КСБ ап
250	
2 241 120	
0,2755	
0,269	
0,2605	
0,297	
0,27
INGR	
ИНГРАД ао
362	
2 184 142	
795	
799	
779	
814	
791
MRKZ	
МРСК СЗ
388	
2 160 178	
0,05255	
0,0522	
0,05165	
0,05325	
0,05265
SELGP	
Селигдар-п
287	
2 058 415	
26,7	
27,2	
26,4	
27,2	
26,5
CNTLP	
Телеграф-п
298	
1 841 190	
17,26	
17,12	
17,12	
17,48	
17,2
YAKG	
ЯТЭК ао
145	
1 814 045	
40,3	
39,9	
39,75	
41,15	
40,25
UNAC	
iАвиастКао
292	
1 681 735	
0,474	
0,4755	
0,47	
0,4795	
0,4725
RBCM	
РБК ао
316	
1 672 494	
3,26	
3,278	
3,24	
3,288	
3,262
KMAZ	
КАМАЗ
374	
1 632 716	
55,6	
55,5	
55,1	
56,2	
55,6
USBN	
УралСиб ао
98	
1 556 850	
0,0696	
0,0694	
0,069	
0,0703	
0,0695
CHMK	
ЧМК ао
196	
1 524 950	
2 510	
2 520	
2 485	
2 570	
2 545
RGSS	
РГС СК ао
227	
1 449 085	
0,154	
0,1534	
0,151	
0,156	
0,1538
URKZ	
УрКузница
42	
1 418 640	
11 080	
10 840	
10 840	
11 300	
11 000
LNZLP	
Лензол. ап
137	
1 406 615	
3 680	
3 695	
3 665	
3 695	
3 685
VLHZ	
ВХЗ-ао
146	
1 370 644	
48,4	
48	
48	
48,8	
48,45
GTRK	
ГТМ ао
383	
1 287 690	
43,15	
43,7	
43	
43,8	
43,05
IRGZ	
ИркЭнерго
162	
1 259 564	
12,54	
12,8	
12,34	
12,8	
12,6
KROT	
КрасОкт-ао
137	
1 119 015	
347,5	
346,5	
342	
362,5	
344,5
UWGN	
ОВК ао
150	
1 034 922	
242	
245	
240	
245	
242,7
TTLK	
Таттел. ао
128	
1 005 790	
0,295	
0,292	
0,291	
0,299	
0,295
KCHEP	
КамчатЭ ап
100	
911 150	
0,372	
0,337	
0,336	
0,393	
0,38
CHEP	
ЧТПЗ ао
112	
907 795	
204,5	
205	
201,5	
205,5	
204,5
ABRD	
АбрауДюрсо
137	
890 755	
132	
132	
131,5	
132,5	
132
MRKY	
РоссЮг ао
206	
830 113	
0,05155	
0,0518	
0,0511	
0,0518	
0,0514
MRSB	
МордЭнСб
89	
763 930	
0,38	
0,355	
0,355	
0,39	
0,359
NFAZ	
Нефтекамск
124	
731 628	
152,8	
150,2	
148,4	
157	
152
GAZA	
ГАЗ ао
59	
729 810	
392,5	
395,5	
387	
402	
396,5
KRKOP	
ТКЗКК ап
189	
714 683	
5,82	
5,86	
5,805	
5,875	
5,81
PRTK	
ПРОТЕК ао
141	
694 368	
97,9	
98,9	
97,5	
98,9	
98,4
PAZA	
ПавлАвт ао
32	
687 480	
7 640	
7 750	
7 600	
7 800	
7 630
TGKN	
ТГК-14
76	
679 610	
0,00332	
0,00333	
0,00329	
0,00333	
0,00331
TGKBP	
ТГК-2 ап
55	
667 760	
0,00718	
0,0071	
0,0071	
0,00729	
0,00716
RUSP	
Русполимет
65	
647 850	
0,629	
0,642	
0,6195	
0,648	
0,624
DIOD	
ЗаводДИОД
128	
644 178	
5,93	
6	
5,89	
6,01	
5,92
ARSA	
Арсагера
30	
617 700	
3,2	
3,25	
3,18	
3,32	
3,22
KCHE	
КамчатЭ ао
128	
610 755	
0,2065	
0,1855	
0,1855	
0,219	
0,2005
KUBE	
Кубанэнр
133	
595 889	
68,2	
66,6	
66,6	
70,4	
68,2
STSBP	
СтаврЭнСбп
152	
566 778	
0,3125	
0,306	
0,297	
0,3205	
0,3095
YKEN	
Якутскэнрг
59	
548 825	
0,3565	
0,368	
0,3475	
0,368	
0,349
IRKT	
ИРКУТ-3
72	
517 646	
31	
30,48	
30,48	
31,3	
30,98
JNOS	
Славн-ЯНОС
118	
515 365	
19,3	
20,05	
18,75	
21,15	
20,1
SAGOP	
СамарЭн-ап
97	
497 360	
0,411	
0,393	
0,362	
0,465	
0,403
BISVP	
БашИнСв ап
109	
496 607	
7,62	
7,29	
7,29	
7,8	
7,56
VGSB	
ВолгЭнСб
117	
485 710	
1,65	
1,64	
1,6	
1,745	
1,68
KROTP	
КрасОкт-1п
45	
483 325	
276	
285	
274,5	
285	
277
YKENP	
Якутскэн-п
56	
479 930	
0,331	
0,3315	
0,3205	
0,347	
0,324
DZRD	
iДонскЗР
80	
453 805	
1 860	
1 885	
1 840	
1 900	
1 880
HIMCP	
Химпром ап
98	
443 103	
5,85	
5,9	
5,81	
5,98	
5,82
CNTL	
Телеграф
59	
399 900	
21,05	
20,95	
20,75	
21,25	
21,15
BRZL	
БурЗолото
60	
396 189	
829	
828	
828	
833	
828
NKHP	
НКХП ао
51	
389 295	
234,5	
234	
233	
236	
235
KOGK	
КоршГОК ао
8	
369 600	
46 200	
46 400	
45 800	
46 400	
45 800
VZRZP	
Возрожд-п
61	
349 274	
296	
296	
291,2	
309	
295
SAGO	
СамарЭн-ао
53	
343 300	
0,42	
0,408	
0,4	
0,432	
0,412
MOBB	
МосОблБанк
95	
334 897	
2,682	
2,698	
2,654	
2,726	
2,678
UTAR	
ЮТэйр ао
73	
334 389	
6,56	
6,65	
6,51	
6,7	
6,6
TGKD	
Квадра
80	
328 584	
0,003115	
0,003125	
0,003085	
0,00313	
0,003095
KAZT	
Куйбазот
64	
322 734	
138	
137,6	
137	
138,4	
138
MRKK	
Россети СК
121	
321 954	
26,52	
26,18	
26,16	
26,8	
26,32
MGTS	
МГТС-5ао
36	
309 885	
2 650	
2 665	
2 615	
2 685	
2 615
SARE	
СаратЭн-ао
43	
297 318	
0,122	
0,12	
0,119	
0,1236	
0,1202
VJGZP	
Варьеган-п
41	
294 140	
327	
333	
323	
333	
326
OMZZP	
ОМЗ-ап
56	
270 475	
3 425	
3 450	
3 400	
3 470	
3 440
MAGE	
МагадЭн ао
29	
263 160	
4,97	
4,97	
4,93	
5,09	
4,93
ROLO	
Русолово
35	
254 998	
3,75	
3,722	
3,704	
3,792	
3,712
AVAN	
Авангрд-ао
45	
250 150	
775	
770	
760	
785	
780
EELT	
ЕвроЭлтех
102	
245 466	
7,58	
7,64	
7,52	
7,68	
7,58
ELTZ	
Электрцинк
75	
237 023	
174,5	
176	
173	
176	
173,5
SLEN	
Сахэнер ао
88	
229 474	
4,06	
3,985	
3,985	
4,12	
4,08
STSB	
СтаврЭнСб
90	
229 154	
0,35	
0,353	
0,3445	
0,357	
0,353
VRSBP	
ТНСэнВор-п
35	
228 450	
33	
33	
32	
34,5	
33
LPSB	
ЛЭСК ао
49	
208 255	
8	
8,05	
8	
8,15	
8
HALS	
Галс-Девел
46	
204 401	
774	
797	
756	
798	
775
SZPR	
СЗПароход
60	
192 654	
730	
722	
722	
744	
728
VSYD	
ВыбСудЗ ао
26	
178 335	
4 145	
4 175	
4 040	
4 215	
4 190
RAVN	
Raven
25	
169 175	
29,7	
29,7	
29,35	
30	
29,7
MISBP	
ТНСэМаЭл-п
44	
168 800	
9,8	
9,8	
9,6	
10	
9,6
ZILL	
ЗИЛ ао
24	
164 010	
1 425	
1 415	
1 415	
1 445	
1 435
VGSBP	
ВолгЭнСб-п
54	
155 050	
1,1	
1,1	
1,06	
1,14	
1,06
LVHK	
Левенгук
52	
145 518	
8,22	
8,34	
8,14	
8,37	
8,18
CHKZ	
ЧКПЗ ао
24	
144 960	
5 360	
5 340	
5 280	
5 480	
5 300
SAREP	
СаратЭн-ап
54	
142 356	
0,0944	
0,0934	
0,0928	
0,096	
0,0948
RDRB	
РДБанк ао
52	
135 200	
260	
265	
255	
265	
260
KMEZ	
КМЗ
44	
134 244	
455	
457	
451,5	
459,5	
456
NKSH	
Нижкамшина
14	
133 474	
23,02	
23,02	
22,9	
23,46	
22,9
RTSB	
ТНСэнРст
19	
119 950	
0,345	
0,34	
0,34	
0,35	
0,35
MGNZ	
СМЗ-ао
19	
118 990	
4 100	
4 090	
4 050	
4 150	
4 150
KBTK	
КузбТК ао
36	
117 586	
156,8	
156,8	
156	
158,6	
156,6
TGKDP	
Квадра-п
26	
104 707	
0,00409	
0,0041	
0,00403	
0,00412	
0,00412
KUZB	
КузнецкийБ
112	
96 502	
0,01664	
0,0166	
0,01645	
0,01689	
0,01654
RKKE	
ЭнергияРКК
13	
94 450	
4 970	
4 980	
4 930	
5 000	
4 990
RUSI	
ИКРУСС-ИНВ
17	
94 080	
37,6	
38	
37,2	
38,1	
37,7
ROST	
РОСИНТЕРао
18	
90 270	
60,2	
60	
59,8	
60,8	
59,8
UKUZ	
ЮжКузб. ао
30	
89 586	
536	
548	
534	
548	
538
NAUK	
iНПОНаука
41	
88 846	
174,2	
176	
173,6	
176	
175,6
KBSB	
ТНСэКубань
21	
87 645	
137	
135	
132	
139,5	
134,5
YRSB	
ТНСэнЯр
24	
87 380	
166	
168	
162	
170	
166
RLMN	
Роллман
88	
87 087	
20,05	
19,9	
19,9	
20,3	
20,15
WTCMP	
ЦМТ ап
42	
85 108	
8,18	
8,26	
8,08	
8,28	
8,2
UCSS	
ОКС ао
31	
84 080	
1 450	
1 460	
1 440	
1 470	
1 460
NSVZ	
НаукаСвяз
23	
82 070	
222	
229	
219	
229	
221,5
TUZA	
ТЗА ао
22	
81 130	
95	
96	
95	
97	
96
MISB	
ТНСэнМарЭл
17	
80 620	
11,5	
11,6	
11,2	
11,6	
11,5
ROSB	
Росбанк ао
18	
74 666	
71,2	
71,8	
70,2	
71,8	
71
IGST	
Ижсталь2ао
25	
73 729	
867	
880	
863	
883	
864
UNKL	
ЮУНК ао
20	
70 290	
3 520	
3 540	
3 490	
3 560	
3 490
KAZTP	
Куйбазот-п
21	
64 458	
140,2	
140	
139,4	
140,8	
140,2
BLNG	
Белон ао
23	
61 038	
4,016	
4,006	
4	
4,04	
4
YRSBP	
ТНСэнЯр-п
14	
59 920	
88	
91	
87,5	
91	
88
VSYDP	
ВыбСудЗ ап
12	
59 180	
4 220	
4 260	
4 140	
4 320	
4 160
VRSB	
ТНСэнВорон
9	
47 940	
48	
48,4	
47,2	
48,4	
47,6
JNOSP	
Слав-ЯНОСп
11	
45 856	
14,8	
14,9	
14,66	
14,96	
14,8
CHGZ	
РН-ЗапСиб
4	
41 080	
31,6	
31,4	
31,4	
31,8	
31,6
IGSTP	
Ижсталь ап
32	
39 085	
698	
696	
692	
703	
699
WTCM	
ЦМТ ао
20	
38 726	
9,02	
9,16	
8,92	
9,16	
9
VJGZ	
Варьеган
11	
37 746	
599	
609	
598	
609	
598
MAGEP	
МагадЭн ап
4	
35 565	
7,115	
7,17	
7,09	
7,17	
7,1
RLMNP	
Роллман-п
65	
35 426	
19,9	
20,02	
19,7	
20,14	
19,7
ZVEZ	
ЗВЕЗДА ао
5	
22 630	
4,525	
4,54	
4,505	
4,565	
4,505
RTSBP	
ТНСэнРст-п
6	
20 930	
0,299	
0,297	
0,297	
0,301	
0,3
TNSE	
ТНСэнрг ао
8	
19 580	
980	
965	
965	
990	
980
NNSB	
ТНСэнНН ао
9	
16 560	
1 275	
1 275	
1 270	
1 290	
1 270
MFGSP	
Мегион-ап
2	
16 125	
322,5	
322,5	
322,5	
322,5	
322,5
DZRDP	
iДонскЗР п
8	
14 380	
1 600	
1 590	
1 590	
1 610	
1 600
MFGS	
Мегион-ао
4	
13 945	
348,5	
348	
348	
349	
349
ALBK	
БестЭфБ ао
13	
9 920	
55	
55	
54,5	
55,5	
55,5
KGKCP	
КурганГКап
7	
5 860	
53,5	
54	
53	
54	
54
KGKC	
КурганГКао
8	
5 240	
52	
52	
52	
53	
53
NNSBP	
ТНСэнНН ап
1	
554	
554	
554	
554	
554	
554
GAZC	
ГАЗКОН-ао
0	
0	
-	
-	
-	
-	
295
GTSS	
ГЕОТЕК ао
0	
0	
-	
-	
-	
-	
-
TRFM	
ТрансФ ао
0	
0	
-	
-	
-	
-	
-
KMTZ	
КосогМЗ ао
0	
0	
-	
-	
-	
-	
-
KZMS	
КЗМС ао
0	
0	
-	
-	
-	
-	
226
GAZS	
ГАЗ-сервис
0	
0	
-	
-	
-	
-	
293
HIMC	
Химпром ао
0	
0	
-	
-	
-	
-	
0,99
URKA	
Уркалий-ао
0	
0	
-	
-	
-	
-	
119,04
VZRZ	
Возрожд-ао
0	
0	
-	
-	
-	
-	
480
GAZT	
ГАЗ-Тек ао
0	
0	
-	
-	
-	
-	
85
KSGR	
Кокс ао
0	
0	
-	
-	
-	
-	
-
MFON	
МегаФон ао
0	
0	
-	
-	
-	
-	
650,6
MORI	
Морион ао
0	
0	
-	
-	
-	
-	
4,31
BISV	
БашИнСв ао
0	
0	
-	
-	
-	
-	
8,7
KRKO	
ТКЗКК ао
0	
0	
-	
-	
-	
-	
11,8
RTGZ	
ГазпРнД ао
0	
0	
-	
-	
-	
-	
20 850
KUNF	
КУЗОЦМ ао
0	
0	
-	
-	
-	
-	
-
NPOF	
Физика ао
0	
0	
-	
-	
-	
-	
11 850