PLZL	
Полюс
69 270	
10 271 684 497	
16 551,5	
15 570	
15 477	
17 490	
16 865
SBER	
Сбербанк
49 283	
8 310 553 242	
216,86	
216,7	
215,15	
218,38	
215,49
GMKN	
ГМКНорНик
42 332	
8 238 580 598	
19 554	
19 196	
19 128	
19 796	
19 704
LKOH	
ЛУКОЙЛ
28 582	
4 817 316 205	
5 008	
4 992,5	
4 978	
5 039	
4 990
GAZP	
ГАЗПРОМ ао
48 834	
4 215 052 781	
184,95	
185,52	
184,2	
185,92	
184,26
POLY	
Polymetal
50 429	
3 685 277 901	
1 772,7	
1 715,1	
1 700,1	
1 823	
1 783
VTBR	
ВТБ ао
62 435	
3 544 192 885	
0,03912	
0,0381	
0,038045	
0,0395	
0,03874
IRAO	
ИнтерРАОао
30 282	
2 755 853 211	
5,9815	
6,0305	
5,833	
6,1705	
5,903
MGNT	
Магнит ао
24 974	
2 635 425 060	
4 747,5	
4 786	
4 680	
4 854,5	
4 710
POGR	
Petropavl
36 933	
2 229 010 809	
38,815	
39,4	
37	
39,9	
37
YNDX	
Yandex clA
27 862	
2 179 411 364	
4 077,2	
4 035	
4 012	
4 155	
4 070
NVTK	
Новатэк ао
16 276	
1 663 123 990	
1 078	
1 100	
1 066,2	
1 100	
1 079
ROSN	
Роснефть
15 531	
1 610 830 331	
358,7	
361	
356,3	
361	
356,9
MOEX	
МосБиржа
27 350	
1 506 930 320	
130,63	
127,91	
127,5	
132,24	
131,5
AFLT	
Аэрофлот
28 417	
1 401 185 392	
87,76	
88,64	
86,44	
89,5	
87,3
TATN	
Татнфт 3ао
20 543	
1 290 446 073	
560,7	
566,8	
556,6	
567,1	
559
ALRS	
АЛРОСА ао
26 008	
1 257 168 585	
66,16	
65,44	
64,93	
66,84	
66,54
SNGS	
Сургнфгз
10 685	
1 082 007 188	
37,795	
38,255	
37,49	
38,26	
37,655
SBERP	
Сбербанк-п
17 356	
1 049 219 190	
200,63	
199,99	
198,74	
201,67	
200,57
MTSS	
МТС-ао
13 311	
953 955 241	
322,4	
321,75	
321	
323,7	
321,35
SNGSP	
Сургнфгз-п
11 252	
877 202 854	
36,48	
36,35	
36,105	
36,87	
36,645
NLMK	
НЛМК ао
11 604	
871 816 916	
144,64	
144,46	
143,46	
145,98	
145,2
MAGN	
ММК
11 356	
841 455 781	
39,375	
39,3	
39,06	
39,83	
39,125
CHMF	
СевСт-ао
18 647	
814 026 076	
906,6	
894,8	
893,8	
912,6	
909
HYDR	
РусГидро
17 103	
659 299 108	
0,7432	
0,746	
0,739	
0,7494	
0,743
LNZL	
Лензолото
14 334	
543 822 720	
15 640	
12 790	
12 580	
17 420	
16 550
FEES	
ФСК ЕЭС ао
10 386	
534 048 397	
0,19776	
0,196	
0,19414	
0,1992	
0,19414
TRNFP	
Транснф ап
1 494	
440 563 650	
134 500	
133 900	
133 450	
135 550	
135 250
AFKS	
Система ао
7 845	
432 318 854	
19,081	
18,752	
18,737	
19,335	
19,053
FIVE	
FIVE-гдр
4 706	
402 859 157	
2 782,5	
2 790	
2 760	
2 798	
2 780
TCSG	
TCS-гдр
10 354	
364 099 827	
1 812,6	
1 787,6	
1 752,2	
1 845,4	
1 832
RUAL	
РУСАЛ ао
11 994	
353 510 844	
26,865	
26,595	
26,355	
27,1	
26,98
MAIL	
MAIL-гдр
11 548	
351 418 920	
1 918,6	
1 915,8	
1 905,2	
1 935	
1 915
LNTA	
Лента др
17 832	
309 221 501	
195,9	
189,7	
188,2	
200	
200
SIBN	
Газпрнефть
4 447	
285 467 073	
323,5	
323,85	
321,75	
324,9	
323,1
CBOM	
МКБ ао
8 727	
274 532 688	
5,827	
5,83	
5,767	
5,861	
5,824
NMTP	
НМТП ао
17 619	
261 182 709	
9,495	
9,655	
9	
9,655	
9,58
RSTI	
Россети ао
4 626	
257 373 968	
1,6211	
1,6124	
1,6024	
1,6393	
1,6024
DSKY	
ДетскийМир
8 624	
254 807 982	
114,48	
115,16	
113,54	
115,98	
115,04
PHOR	
ФосАгро ао
4 247	
225 083 870	
2 626	
2 615	
2 604	
2 642	
2 620
SELG	
Селигдар
10 229	
198 712 601	
37,36	
35,5	
34,5	
41	
38,9
MVID	
М.видео
3 782	
166 085 046	
443,8	
446,4	
435	
451,5	
443,5
UPRO	
Юнипро ао
4 382	
153 654 805	
2,832	
2,84	
2,805	
2,858	
2,818
TATNP	
Татнфт 3ап
5 405	
147 655 728	
538,3	
538	
536,6	
541,2	
538
RTKM	
Ростел -ао
4 553	
130 842 217	
90,06	
90,26	
89,47	
90,65	
90
LNZLP	
Лензол. ап
7 603	
128 612 480	
5 345	
4 415	
4 360	
5 900	
5 790
BRZL	
БурЗолото
11 168	
127 557 863	
1 161	
890	
890	
1 238	
1 238
CNTL	
Телеграф
4 457	
118 836 280	
28,4	
27,75	
27,1	
29,65	
29,15
CNTLP	
Телеграф-п
3 775	
91 351 136	
27,88	
27,02	
26,92	
28,5	
28,3
OGKB	
ОГК-2 ао
3 855	
90 464 656	
0,7389	
0,7411	
0,7314	
0,7457	
0,7332
SFIN	
САФМАР ао
141	
81 453 636	
519,2	
518,2	
518	
520,8	
518
AGRO	
AGRO-гдр
3 176	
75 488 819	
697,8	
686	
685,8	
707	
703,6
MTLR	
Мечел ао
6 363	
72 011 320	
67,09	
66,08	
65,67	
67,6	
66,89
ETLN	
ETLN-гдр
3 275	
71 656 725	
111,78	
111,86	
109,2	
113,5	
112
ROLO	
Русолово
4 470	
69 590 302	
5,4	
4,9	
4,836	
5,838	
5,68
LSNGP	
РСетиЛЭ-п
3 134	
59 392 342	
149,25	
150,9	
147,45	
151,4	
150,8
PIKK	
ПИК ао
1 088	
52 177 054	
457,7	
457	
454,9	
463,6	
463,6
ENRU	
ЭнелРос ао
3 558	
50 291 813	
0,9365	
0,935	
0,93	
0,9455	
0,933
MTLRP	
Мечел ап
2 087	
49 549 633	
85,4	
83,2	
83,15	
85,95	
85,95
ENPG	
ЭН+ГРУП ао
2 482	
48 885 627	
722,5	
686	
660,5	
746,5	
731,5
SELGP	
Селигдар-п
1 762	
47 711 375	
29,55	
28,7	
28,3	
30,6	
29,95
MSNG	
+МосЭнерго
1 205	
44 338 138	
2,162	
2,16	
2,1285	
2,181	
2,1285
LSRG	
ЛСР ао
3 307	
44 292 980	
735,8	
732,4	
732,4	
739,6	
735
QIWI	
iQIWI
2 418	
43 951 813	
1 315	
1 330	
1 299	
1 330	
1 311
TGKA	
ТГК-1
2 950	
42 890 957	
0,012142	
0,012	
0,012	
0,012226	
0,01206
TRMK	
ТМК ао
1 941	
42 050 614	
56,6	
55,96	
55,34	
58,16	
57,6
BANEP	
Башнефт ап
2 425	
41 152 742	
1 350,5	
1 359,5	
1 346	
1 359,5	
1 346,5
RTKMP	
Ростел -ап
3 016	
36 802 813	
84,15	
84,4	
83,2	
84,65	
84,1
RASP	
Распадская
888	
34 255 140	
108,22	
107,36	
107,36	
109,28	
108
NKNCP	
НКНХ ап
2 928	
28 296 015	
79,16	
78,84	
78,62	
79,84	
79,26
MSRS	
РСетиМР ао
1 150	
26 217 637	
1,2115	
1,193	
1,173	
1,245	
1,213
MRKP	
МРСК ЦП
743	
24 083 623	
0,2092	
0,2068	
0,2068	
0,2098	
0,2097
BSPB	
БСП ао
2 118	
19 202 175	
42,75	
42,98	
42,46	
43	
42,71
TGKB	
ТГК-2
827	
14 401 595	
0,004195	
0,00407	
0,00405	
0,00428	
0,00422
AQUA	
РусАква ао
730	
13 918 940	
191	
191	
190	
192	
191,5
LIFE	
iФармсинтз
1 152	
13 747 392	
7,77	
8	
7,605	
8,01	
7,69
OBUV	
ОР ао
1 199	
11 647 797	
33,8	
33,8	
33,5	
34,05	
33,6
KRKNP	
СаратНПЗ-п
336	
11 078 160	
16 340	
16 400	
16 180	
16 680	
16 240
UNKL	
ЮУНК ао
935	
10 286 740	
6 210	
6 140	
5 930	
6 600	
6 200
MAGE	
МагадЭн ао
117	
10 141 200	
6,91	
7,34	
6,88	
7,34	
6,9
RSTIP	
Россети ап
873	
9 818 377	
2,071	
2,091	
2,04	
2,1	
2,062
NKNC	
НКНХ ао
928	
9 669 552	
92,75	
93	
92,2	
93,75	
92,6
VSMO	
ВСМПО-АВСМ
246	
8 901 480	
18 360	
18 300	
18 300	
18 460	
18 300
RTSB	
ТНСэнРст
158	
8 111 250	
0,41	
0,405	
0,39	
0,42	
0,405
BANE	
Башнефт ао
514	
7 937 672	
1 749	
1 742	
1 742	
1 755,5	
1 748,5
AKRN	
Акрон
399	
7 764 392	
5 656	
5 664	
5 636	
5 686	
5 662
ISKJ	
iИСКЧ ао
685	
7 156 885	
25,33	
25,51	
25,1	
25,99	
25,28
MRKV	
РсетВол ао
650	
6 487 920	
0,07345	
0,073	
0,07255	
0,07425	
0,07335
APTK	
Аптеки36и6
1 977	
6 235 233	
13,524	
13,598	
13,45	
13,624	
13,522
SVAV	
СОЛЛЕРС
183	
5 691 725	
268,5	
267,5	
266,5	
270,5	
269
RNFT	
РуссНфт ао
1 479	
4 917 921	
509,6	
510,2	
506,2	
513,8	
508,2
FESH	
ДВМП ао
634	
4 904 976	
7,67	
7,57	
7,57	
7,8	
7,72
GCHE	
ЧеркизГ-ао
499	
4 656 884	
1 766,5	
1 755,5	
1 747	
1 776	
1 758,5
MAGEP	
МагадЭн ап
123	
4 517 585	
6,635	
6,225	
6	
7	
6,985
IRKT	
ИРКУТ-3
451	
4 361 098	
36,74	
37,96	
36,2	
37,96	
36,42
DVEC	
ДЭК ао
447	
4 353 139	
1,066	
1,06	
1,045	
1,089	
1,054
BELU	
Белуга ао
462	
3 870 894	
1 333	
1 348	
1 319	
1 355	
1 339
KROT	
КрасОкт-ао
326	
3 732 050	
379,5	
354	
353	
395	
393
KZOS	
ОргСинт ао
543	
3 701 438	
86,5	
87,1	
86	
87,7	
86,4
MGNZ	
СМЗ-ао
408	
3 677 420	
4 990	
4 940	
4 830	
5 280	
4 900
MRKC	
МРСК Центр
470	
3 605 318	
0,2924	
0,292	
0,29	
0,2938	
0,2928
MRKZ	
МРСК СЗ
548	
3 595 642	
0,05205	
0,05025	
0,05025	
0,0527	
0,0522
VLHZ	
ВХЗ-ао
846	
3 528 268	
54	
52,7	
51,4	
57,25	
53,85
INGR	
ИНГРАД ао
404	
3 263 823	
742	
750	
732	
760	
740
MGTSP	
МГТС-4ап
341	
3 136 130	
1 982	
1 992	
1 974	
1 992	
1 982
KMAZ	
КАМАЗ
496	
3 088 958	
57,7	
57,4	
57,2	
58,2	
57,9
EELT	
ЕвроЭлтех
330	
2 797 634	
8,8	
8,74	
8,52	
9,3	
8,82
RUSI	
ИКРУСС-ИНВ
260	
2 714 420	
40,1	
43,7	
38,7	
43,7	
40,6
RUSP	
Русполимет
185	
2 682 545	
0,631	
0,665	
0,6215	
0,665	
0,622
TGKN	
ТГК-14
200	
2 644 470	
0,00309	
0,00308	
0,00305	
0,00313	
0,00309
RUGR	
Русгрэйн
1 938	
2 443 025	
8,484	
8,55	
8,39	
8,83	
8,396
PAZA	
ПавлАвт ао
210	
2 370 620	
8 290	
8 390	
8 100	
8 580	
8 130
SLEN	
Сахэнер ао
98	
2 294 145	
5,595	
5,57	
5,44	
5,72	
5,695
KRKOP	
ТКЗКК ап
524	
2 264 033	
7,44	
7,655	
7,165	
7,655	
7,42
PMSB	
ПермьЭнСб
77	
2 233 982	
129,8	
128,5	
128,5	
131,4	
129,5
DIOD	
ЗаводДИОД
251	
2 155 413	
6,37	
6,45	
6,33	
6,45	
6,37
CHEP	
ЧТПЗ ао
318	
2 112 060	
207,5	
208	
204,5	
210	
208
IRGZ	
ИркЭнерго
176	
2 062 080	
11,6	
11,8	
11,5	
11,8	
11,72
UNAC	
iАвиастКао
295	
2 024 265	
0,482	
0,485	
0,4785	
0,4885	
0,485
VRSBP	
ТНСэнВор-п
121	
1 935 650	
47,5	
45,5	
45,5	
50	
47
RGSS	
РГС СК ао
210	
1 913 698	
0,151	
0,1492	
0,1492	
0,1522	
0,15
GEMA	
iММЦБ ао
352	
1 870 789	
599,5	
601,5	
597	
605	
598
TGKBP	
ТГК-2 ап
137	
1 838 110	
0,00712	
0,007	
0,00692	
0,0073	
0,00713
RBCM	
РБК ао
433	
1 610 333	
3,372	
3,362	
3,338	
3,41	
3,366
MSTT	
Мостотрест
188	
1 571 201	
154,8	
155,2	
153,65	
155,85	
154
KROTP	
КрасОкт-1п
225	
1 546 540	
290,5	
288	
272,5	
315	
288,5
BLNG	
Белон ао
521	
1 513 984	
4,606	
4,668	
4,46	
4,8	
4,59
RZSB	
РязЭнСб
100	
1 466 960	
9,4	
9,58	
9,26	
9,58	
9,28
KLSB	
КалужскСК
143	
1 458 915	
11,55	
11,77	
11,48	
11,77	
11,59
GTRK	
ГТМ ао
266	
1 385 826	
42,9	
42,9	
42,5	
43,8	
43,35
MRKU	
МРСК Ур
138	
1 245 548	
0,1552	
0,1548	
0,1542	
0,1568	
0,155
KRKN	
СаратНПЗ
62	
1 195 100	
12 600	
12 550	
11 000	
13 000	
12 600
CHMK	
ЧМК ао
134	
1 179 310	
2 545	
2 545	
2 535	
2 575	
2 565
ALNU	
АЛРОСА-Нюр
16	
1 138 200	
54 200	
53 800	
53 800	
54 600	
54 200
HALS	
Галс-Девел
173	
1 040 118	
1 079	
1 099	
1 051	
1 107	
1 057
ZILL	
ЗИЛ ао
58	
988 560	
2 590	
2 595	
2 570	
2 615	
2 575
STSBP	
СтаврЭнСбп
286	
986 794	
0,3575	
0,3635	
0,3475	
0,3635	
0,36
HIMCP	
Химпром ап
98	
957 363	
6,09	
5,99	
5,99	
6,15	
6,09
PMSBP	
ПермьЭнС-п
204	
903 612	
129,4	
130,4	
126	
131,6	
130
UWGN	
ОВК ао
147	
900 499	
238,4	
237	
237	
240,3	
237,9
VSYD	
ВыбСудЗ ао
102	
900 430	
4 000	
4 000	
3 835	
4 220	
3 895
VRSB	
ТНСэнВорон
72	
854 420	
53,8	
53,2	
51,2	
55	
54
KAZT	
Куйбазот
105	
778 078	
143,6	
147,2	
139	
147,8	
144,8
UTAR	
ЮТэйр ао
104	
668 482	
7,24	
7,29	
7,17	
7,39	
7,2
LSNG	
РСетиЛЭ
235	
659 282	
6,05	
6,03	
6,01	
6,1	
6,02
KMEZ	
КМЗ
203	
602 609	
487	
493	
483	
495	
485,5
TTLK	
Таттел. ао
106	
598 355	
0,285	
0,2845	
0,2825	
0,287	
0,2855
RDRB	
РДБанк ао
124	
590 850	
240	
240	
235	
245	
240
AMEZ	
АшинскийМЗ
196	
584 274	
4,15	
4,175	
4,11	
4,18	
4,175
MISB	
ТНСэнМарЭл
57	
564 200	
13,1	
13	
12,7	
13,2	
13
YAKG	
ЯТЭК ао
20	
519 575	
41,65	
41,55	
41,55	
41,6	
41,6
TORS	
ТРК ао
71	
512 230	
0,413	
0,41	
0,393	
0,439	
0,418
IGSTP	
Ижсталь ап
172	
508 782	
758	
763	
744	
773	
760
URKZ	
УрКузница
24	
498 400	
16 620	
16 860	
16 300	
17 120	
16 700
KZOSP	
ОргСинт ап
320	
491 844	
12,02	
12,16	
11,95	
12,16	
11,98
MGTS	
МГТС-5ао
63	
482 675	
2 265	
2 280	
2 255	
2 295	
2 260
KRSB	
Красэсб ао
50	
450 790	
6,53	
6,61	
6,46	
6,78	
6,56
KUBE	
Кубанэнр
110	
450 337	
69,2	
69,8	
65,8	
71	
69,5
NAUK	
iНПОНаука
84	
446 120	
179,2	
179	
178	
180,8	
180,6
WTCM	
ЦМТ ао
60	
422 388	
8,76	
8,82	
8,72	
8,86	
8,8
NSVZ	
НаукаСвяз
41	
407 660	
218	
218,5	
216	
221	
219
TGKD	
Квадра
70	
398 174	
0,003095	
0,003085	
0,003075	
0,003125	
0,00312
KOGK	
КоршГОК ао
8	
393 400	
49 200	
47 800	
47 800	
49 800	
49 800
NKHP	
НКХП ао
71	
379 080	
231	
230,5	
229	
232	
230,5
ARSA	
Арсагера
47	
373 700	
3,46	
3,37	
3,33	
3,67	
3,5
KUZB	
КузнецкийБ
347	
345 484	
0,01542	
0,01512	
0,01501	
0,0159	
0,01539
ROSB	
Росбанк ао
82	
315 548	
69,4	
70,2	
65,6	
71,2	
71
KBSB	
ТНСэКубань
64	
314 585	
138,5	
138	
137,5	
141,5	
139
RAVN	
Raven
24	
305 060	
30,5	
30,25	
30,05	
30,8	
30,75
USBN	
УралСиб ао
75	
300 523	
0,0683	
0,0684	
0,0679	
0,0685	
0,0685
UKUZ	
ЮжКузб. ао
30	
278 384	
538	
534	
534	
546	
540
ABRD	
АбрауДюрсо
72	
263 945	
129,5	
130	
129	
130	
130
SAGO	
СамарЭн-ао
21	
258 780	
0,454	
0,46	
0,448	
0,46	
0,46
RLMN	
Роллман
124	
258 613	
19,5	
19,5	
19,35	
19,7	
19,5
GAZA	
ГАЗ ао
18	
246 775	
391,5	
390	
387	
396,5	
388,5
YRSBP	
ТНСэнЯр-п
43	
245 510	
88,5	
87,5	
85,5	
90	
86,5
RKKE	
ЭнергияРКК
31	
237 910	
5 170	
5 130	
5 130	
5 240	
5 220
VJGZP	
Варьеган-п
10	
227 580	
350	
350	
348	
352	
348
TGKDP	
Квадра-п
50	
209 276	
0,003905	
0,003845	
0,0038	
0,00395	
0,00383
NKSH	
Нижкамшина
23	
201 916	
22,2	
22,08	
22,08	
22,5	
22,18
TASB	
ТамбЭнСб
27	
198 465	
0,4225	
0,4215	
0,421	
0,428	
0,422
BISVP	
БашИнСв ап
60	
193 956	
8,22	
8,25	
8,07	
8,32	
8,21
VJGZ	
Варьеган
61	
190 465	
581	
593	
571	
593	
582
MISBP	
ТНСэМаЭл-п
50	
182 980	
13	
12,8	
12,6	
13	
12,8
VSYDP	
ВыбСудЗ ап
25	
175 860	
4 100	
4 120	
4 040	
4 120	
4 080
IGST	
Ижсталь2ао
44	
174 237	
979	
988	
969	
997	
969
YKENP	
Якутскэн-п
21	
173 445	
0,3335	
0,335	
0,3305	
0,3375	
0,3305
KBTK	
КузбТК ао
33	
165 024	
151,4	
152	
151	
152,2	
151,6
MRKY	
РоссЮг ао
83	
162 888	
0,0506	
0,0513	
0,0501	
0,0513	
0,0505
RTGZ	
ГазпРнД ао
6	
162 150	
23 150	
23 400	
23 000	
23 400	
23 000
MRKS	
РсетСиб ао
34	
157 250	
0,242	
0,2415	
0,241	
0,2435	
0,242
TORSP	
ТРК ап
42	
153 400	
0,269	
0,267	
0,2655	
0,272	
0,2705
KRSBP	
Красэсб ап
17	
151 660	
6,6	
6,54	
6,5	
6,7	
6,6
JNOSP	
Слав-ЯНОСп
26	
150 290	
14,18	
14,06	
14	
14,32	
14,2
OMZZP	
ОМЗ-ап
21	
149 005	
3 465	
3 460	
3 460	
3 515	
3 500
SAGOP	
СамарЭн-ап
25	
145 770	
0,405	
0,406	
0,4	
0,414	
0,408
ZVEZ	
ЗВЕЗДА ао
23	
141 400	
4,56	
4,585	
4,505	
4,6	
4,56
ELTZ	
Электрцинк
73	
133 430	
163,5	
161,5	
161,5	
165	
163,5
GAZAP	
ГАЗ ап
28	
133 055	
309,5	
310	
308	
311	
309
KAZTP	
Куйбазот-п
29	
123 038	
146,6	
149,2	
145,4	
149,2	
147,6
STSB	
СтаврЭнСб
61	
122 337	
0,3945	
0,396	
0,389	
0,399	
0,3915
LVHK	
Левенгук
59	
120 093	
7,9	
8,02	
7,76	
8,03	
7,91
NFAZ	
Нефтекамск
12	
113 998	
165,2	
169	
165	
169	
165,2
KCHEP	
КамчатЭ ап
15	
110 590	
0,346	
0,351	
0,343	
0,351	
0,343
VZRZP	
Возрожд-п
16	
108 622	
339,4	
337,8	
335,4	
345	
345
LPSB	
ЛЭСК ао
38	
105 330	
7,7	
7,7	
7,6	
7,75	
7,65
UCSS	
ОКС ао
34	
104 570	
1 450	
1 470	
1 440	
1 470	
1 450
CHKZ	
ЧКПЗ ао
18	
103 360	
5 440	
5 340	
5 340	
5 580	
5 380
ROST	
РОСИНТЕРао
14	
102 732	
60,4	
60,6	
60,2	
60,8	
60,8
YKEN	
Якутскэнрг
24	
101 465	
0,35	
0,3495	
0,347	
0,354	
0,3535
MRSB	
МордЭнСб
15	
99 980	
0,345	
0,342	
0,341	
0,347	
0,345
CHGZ	
РН-ЗапСиб
22	
94 560	
33,8	
35,6	
32,8	
35,6	
34,4
TNSE	
ТНСэнрг ао
9	
84 300	
970	
965	
965	
975	
975
ASSB	
АстрЭнСб
41	
83 965	
0,7495	
0,7475	
0,7435	
0,757	
0,745
TASBP	
ТамбЭнСб-п
24	
80 965	
0,324	
0,3265	
0,3215	
0,327	
0,3235
KGKCP	
КурганГКап
35	
80 500	
53,5	
55	
53,5	
55	
53,5
DZRD	
iДонскЗР
15	
71 270	
1 980	
1 975	
1 975	
2 005	
1 990
RLMNP	
Роллман-п
60	
69 796	
20,3	
20,22	
19,9	
20,76	
20,22
VGSBP	
ВолгЭнСб-п
20	
68 865	
1,13	
1,155	
1,115	
1,155	
1,115
KGKC	
КурганГКао
14	
55 720	
52	
52	
52	
54	
52
VGSB	
ВолгЭнСб
16	
55 435	
1,63	
1,67	
1,62	
1,67	
1,635
AVAN	
Авангрд-ао
23	
53 790	
700	
700	
690	
710	
700
TUZA	
ТЗА ао
15	
53 370	
92	
92	
91	
93	
93
WTCMP	
ЦМТ ап
15	
52 786	
8,12	
8,14	
8,1	
8,16	
8,16
MFGS	
Мегион-ао
10	
50 705	
362	
371,5	
360	
371,5	
361
MRKK	
Россети СК
24	
50 375	
25,98	
25,88	
25,88	
26,08	
26,02
KTSB	
КСБ ао
35	
49 520	
0,612	
0,614	
0,596	
0,628	
0,606
MFGSP	
Мегион-ап
11	
45 000	
321,5	
323,5	
321	
323,5	
321,5
SARE	
СаратЭн-ао
11	
40 088	
0,118	
0,1166	
0,1166	
0,1198	
0,1174
JNOS	
Славн-ЯНОС
12	
38 930	
18,55	
18,3	
18,3	
18,65	
18,65
DZRDP	
iДонскЗР п
11	
28 760	
1 600	
1 590	
1 590	
1 600	
1 590
SAREP	
СаратЭн-ап
9	
25 054	
0,0928	
0,0924	
0,092	
0,093	
0,093
NNSB	
ТНСэнНН ао
9	
24 995	
1 315	
1 320	
1 305	
1 320	
1 315
PRMB	
Приморье
1	
22 200	
22 200	
22 200	
22 200	
22 200	
22 200
KTSBP	
КСБ ап
5	
15 405	
0,257	
0,2555	
0,2555	
0,258	
0,258
ALBK	
БестЭфБ ао
9	
11 090	
53	
53	
52	
53	
53
KCHE	
КамчатЭ ао
3	
10 040	
0,201	
0,2005	
0,2005	
0,202	
0,202
RTSBP	
ТНСэнРст-п
2	
5 920	
0,296	
0,296	
0,296	
0,296	
0,296
YRSB	
ТНСэнЯр
3	
5 120	
172	
172	
170	
172	
170
NNSBP	
ТНСэнНН ап
2	
1 165	
583	
580	
580	
585	
585
BISV	
БашИнСв ао
0	
0	
-	
-	
-	
-	
8,7
GAZC	
ГАЗКОН-ао
0	
0	
-	
-	
-	
-	
295
GAZS	
ГАЗ-сервис
0	
0	
-	
-	
-	
-	
293
GAZT	
ГАЗ-Тек ао
0	
0	
-	
-	
-	
-	
85
GTSS	
ГЕОТЕК ао
0	
0	
-	
-	
-	
-	
-
HIMC	
Химпром ао
0	
0	
-	
-	
-	
-	
0,99
KMTZ	
КосогМЗ ао
0	
0	
-	
-	
-	
-	
-
KRKO	
ТКЗКК ао
0	
0	
-	
-	
-	
-	
11,8
KSGR	
Кокс ао
0	
0	
-	
-	
-	
-	
-
KUNF	
КУЗОЦМ ао
0	
0	
-	
-	
-	
-	
-
KZMS	
КЗМС ао
0	
0	
-	
-	
-	
-	
226
MFON	
МегаФон ао
0	
0	
-	
-	
-	
-	
650,6
MOBB	
МосОблБанк
0	
0	
-	
-	
-	
-	
0,698
MORI	
Морион ао
0	
0	
-	
-	
-	
-	
4,31
NPOF	
Физика ао
0	
0	
-	
-	
-	
-	
11 850
PRTK	
ПРОТЕК ао
0	
0	
-	
-	
-	
-	
99,6
TRCN	
ТрансК ао
0	
0	
-	
-	
-	
-	
8 595
TRFM	
ТрансФ ао
0	
0	
-	
-	
-	
-	
-
URKA	
Уркалий-ао
0	
0	
-	
-	
-	
-	
119,04
VZRZ	
Возрожд-ао
0	
0	
-	
-	
-	
-	
480