YNDX	
Yandex clA
104 050	
12 787 807 400	
4 905,4	
4 993,6	
4 791	
5 022,8	
4 874,8
SBER	
Сбербанк
67 017	
11 613 583 692	
227,58	
227,87	
225,6	
229,98	
226,57
GAZP	
ГАЗПРОМ ао
74 722	
7 055 441 449	
184,74	
187,5	
182,62	
188,01	
184,48
LKOH	
ЛУКОЙЛ
28 609	
5 359 853 097	
5 199,5	
5 286	
5 154	
5 292,5	
5 187
GMKN	
ГМКНорНик
24 842	
4 915 215 310	
19 736	
20 000	
19 602	
20 020	
19 618
PLZL	
Полюс
18 347	
3 177 878 951	
18 253	
18 200	
18 077,5	
18 470	
18 175
POLY	
Polymetal
31 050	
2 548 561 616	
1 966,6	
1 977,8	
1 927,8	
2 004,2	
1 934,9
MAIL	
MAIL-гдр
59 672	
2 434 836 611	
2 376,8	
2 348	
2 304	
2 448	
2 335,2
MGNT	
Магнит ао
21 150	
1 992 448 821	
4 718,5	
4 669	
4 652,5	
4 746	
4 737,5
SNGS	
Сургнфгз
23 807	
1 784 048 259	
38,265	
38,505	
37,68	
38,74	
37,8
SBERP	
Сбербанк-п
26 223	
1 534 130 127	
216,72	
217,85	
215,66	
218,08	
216,6
ROSN	
Роснефть
16 310	
1 528 480 738	
393	
397,95	
388,3	
399	
390,65
TATN	
Татнфт 3ао
20 754	
1 349 559 481	
563,7	
572	
560	
574	
561,5
HYDR	
РусГидро
26 912	
1 336 550 542	
0,7541	
0,7601	
0,7407	
0,7674	
0,7462
MTSS	
МТС-ао
15 602	
1 270 226 637	
348,05	
347	
345,85	
349,7	
348
NVTK	
Новатэк ао
17 881	
1 240 424 097	
1 116,4	
1 134,2	
1 101	
1 140,2	
1 113,2
NLMK	
НЛМК ао
14 623	
1 011 772 086	
158,96	
159,84	
157,54	
160,94	
159
SNGSP	
Сургнфгз-п
19 664	
997 485 257	
38,195	
38,595	
38	
38,595	
38,285
IRAO	
ИнтерРАОао
12 586	
979 654 348	
5,3015	
5,35	
5,252	
5,374	
5,3005
MOEX	
МосБиржа
18 291	
931 306 377	
142,16	
143,65	
140,67	
143,9	
141,8
POGR	
Petropavl
31 391	
910 883 778	
34,35	
34,25	
33,71	
35,205	
34
VTBR	
ВТБ ао
22 454	
808 870 492	
0,036125	
0,03605	
0,03595	
0,03637	
0,03618
ALRS	
АЛРОСА ао
15 427	
799 101 063	
67,65	
67,55	
67,21	
68,14	
67,81
CHMF	
СевСт-ао
15 506	
754 265 804	
955,4	
963	
948,6	
964,8	
952,2
AFKS	
Система ао
12 155	
563 691 109	
21,41	
21,359	
21,18	
21,72	
21,348
MAGN	
ММК
10 648	
503 672 400	
39,055	
39,55	
38,585	
39,67	
38,74
TCSG	
TCS-гдр
17 863	
491 147 031	
1 915,2	
1 984,8	
1 870	
1 989,2	
1 899,4
FIVE	
FIVE-гдр
8 368	
467 833 403	
2 792	
2 840	
2 766	
2 840	
2 768
SIBN	
Газпрнефть
5 968	
395 450 356	
319,65	
320,85	
318,1	
322,3	
320
AFLT	
Аэрофлот
10 216	
349 538 316	
82,92	
83,38	
82,38	
83,4	
82,9
RSTI	
Россети ао
7 003	
335 586 993	
1,524	
1,5164	
1,5025	
1,544	
1,514
DSKY	
ДетскийМир
12 615	
323 093 801	
124,08	
122,9	
122,62	
125,4	
124,82
CBOM	
МКБ ао
7 241	
312 350 233	
5,9	
5,911	
5,855	
5,935	
5,93
PHOR	
ФосАгро ао
5 681	
274 447 031	
2 768	
2 813	
2 745	
2 813	
2 769
FEES	
ФСК ЕЭС ао
6 839	
271 158 330	
0,20042	
0,2004	
0,19956	
0,2015	
0,2
TRNFP	
Транснф ап
908	
237 030 850	
141 850	
142 700	
140 850	
142 750	
142 150
MVID	
М.видео
6 042	
215 515 825	
574,8	
594	
565,4	
594	
573
RUAL	
РУСАЛ ао
8 327	
188 670 347	
31,97	
32,3	
31,31	
32,32	
31,85
RTKM	
Ростел -ао
5 432	
176 282 007	
97,47	
98,01	
96,91	
98,28	
97,5
TATNP	
Татнфт 3ап
5 994	
151 732 397	
545,1	
551	
540,2	
551,9	
543,7
QIWI	
iQIWI
4 515	
100 731 453	
1 380,5	
1 384	
1 347,5	
1 403,5	
1 352,5
PIKK	
ПИК ао
1 994	
90 185 621	
499,8	
498,4	
496	
504	
500,7
LNTA	
Лента др
4 771	
80 011 150	
207,4	
210,5	
204,5	
211,2	
207,7
BANEP	
Башнефт ап
2 371	
65 069 702	
1 345,5	
1 353	
1 340,5	
1 353	
1 348,5
UPRO	
Юнипро ао
1 931	
64 946 883	
2,719	
2,722	
2,706	
2,731	
2,719
OGKB	
ОГК-2 ао
3 736	
62 421 311	
0,7514	
0,7551	
0,7461	
0,763	
0,7497
SELG	
Селигдар
2 477	
55 985 454	
46,77	
46,25	
45,41	
47,3	
46,05
LSRG	
ЛСР ао
3 181	
53 651 742	
773,2	
772	
768,4	
777	
774,6
BSPB	
БСП ао
3 094	
46 633 881	
44,93	
45,38	
44,36	
45,38	
44,64
RASP	
Распадская
1 168	
38 708 775	
117,26	
119,1	
116,24	
119,1	
117,72
ALBK	
БестЭфБ ао
4 838	
37 585 670	
86	
85	
73	
99,5	
75,5
MTLRP	
Мечел ап
1 737	
34 820 457	
72,35	
72,85	
71,85	
72,95	
72,05
AGRO	
AGRO-гдр
1 953	
34 020 810	
761,2	
765	
752,6	
770,8	
756,4
RTKMP	
Ростел -ап
2 074	
30 250 866	
89,85	
89,65	
89	
90,2	
89,65
ENRU	
ЭнелРос ао
1 671	
29 229 692	
0,9225	
0,923	
0,92	
0,9265	
0,922
MTLR	
Мечел ао
2 287	
24 457 921	
65,62	
65,88	
65,43	
65,95	
65,56
RDRB	
РДБанк ао
2 239	
24 396 950	
290	
235	
230	
320	
275
TGKA	
ТГК-1
2 132	
24 264 024	
0,01171	
0,01173	
0,01165	
0,011818	
0,01169
ETLN	
ETLN-гдр
2 346	
23 521 373	
117,86	
118,9	
116,84	
119,32	
117,8
NMTP	
НМТП ао
2 202	
22 581 147	
9	
9,065	
8,92	
9,095	
8,98
MSNG	
+МосЭнерго
668	
21 363 117	
2,0945	
2,1	
2,086	
2,1125	
2,0895
NSVZ	
НаукаСвяз
2 509	
19 824 450	
241	
218,5	
218,5	
264	
247
AQUA	
РусАква ао
1 141	
19 494 620	
222	
221	
219,5	
224	
221
SELGP	
Селигдар-п
521	
16 349 830	
35,3	
35,2	
34,7	
35,9	
35,2
ENPG	
ЭН+ГРУП ао
712	
12 760 752	
687,5	
699,5	
678,5	
699,5	
684,5
RSTIP	
Россети ап
608	
11 883 015	
2,078	
2,079	
2,05	
2,094	
2,062
MRKP	
МРСК ЦП
666	
11 565 409	
0,221	
0,2209	
0,2198	
0,2227	
0,2207
LSNGP	
РСетиЛЭ-п
759	
10 626 548	
151,55	
151,9	
151	
152,7	
151,2
LIFE	
iФармсинтз
891	
10 417 847	
7,28	
7,37	
7,15	
7,49	
7,29
OBUV	
ОР ао
1 231	
10 142 632	
35,75	
36	
35,3	
36,9	
35,55
LNZL	
Лензолото
227	
9 696 260	
18 060	
18 190	
17 960	
18 190	
17 980
AKRN	
Акрон
397	
9 425 724	
5 936	
5 980	
5 910	
5 990	
5 948
KTSBP	
КСБ ап
68	
9 384 480	
0,326	
0,31	
0,3075	
0,3355	
0,311
NAUK	
iНПОНаука
957	
7 767 772	
217,8	
206	
204,6	
228,6	
212
VSMO	
ВСМПО-АВСМ
193	
7 616 260	
17 680	
17 620	
17 620	
17 780	
17 620
NKNCP	
НКНХ ап
918	
7 456 748	
80,4	
80,44	
80,18	
80,96	
80,22
KMAZ	
КАМАЗ
781	
6 816 895	
64,7	
63,5	
63,1	
65,6	
64,7
BELU	
Белуга ао
350	
6 787 123	
1 326	
1 320	
1 310	
1 336	
1 327
BANE	
Башнефт ао
570	
6 338 719	
1 741	
1 736	
1 732,5	
1 746,5	
1 743
DIOD	
ЗаводДИОД
576	
6 285 101	
8,78	
8,78	
8,65	
8,9	
8,76
RNFT	
РуссНфт ао
607	
6 238 562	
473,6	
481,4	
470	
489,6	
472,2
KUZB	
КузнецкийБ
2 762	
5 361 409	
0,0166	
0,01572	
0,01572	
0,01756	
0,01632
PRMB	
Приморье
151	
5 099 200	
29 000	
28 400	
28 000	
30 600	
28 600
NKSH	
Нижкамшина
577	
4 984 864	
25,28	
23,24	
23,04	
27	
24,42
GCHE	
ЧеркизГ-ао
375	
4 316 921	
1 898,5	
1 912	
1 883	
1 912	
1 898,5
CNTLP	
Телеграф-п
569	
4 311 712	
16,26	
16,48	
16,1	
16,48	
16,22
TGKB	
ТГК-2
282	
4 217 895	
0,00442	
0,00441	
0,00437	
0,004455	
0,00441
AMEZ	
АшинскийМЗ
342	
3 926 473	
4,97	
4,935	
4,85	
5	
4,925
LNZLP	
Лензол. ап
200	
3 849 210	
4 765	
4 800	
4 700	
4 805	
4 780
FESH	
ДВМП ао
238	
3 804 227	
7,57	
7,6	
7,52	
7,64	
7,61
APTK	
Аптеки36и6
1 214	
3 741 612	
13,43	
13,36	
13,322	
13,5	
13,448
MFGS	
Мегион-ао
67	
3 587 655	
394	
388	
377	
395,5	
386
MRKC	
МРСК Центр
356	
3 497 286	
0,297	
0,2978	
0,2956	
0,2988	
0,2968
RUGR	
Русгрэйн
1 503	
3 071 033	
9,504	
9,592	
9,422	
9,72	
9,488
USBN	
УралСиб ао
395	
2 958 369	
0,0705	
0,0689	
0,0689	
0,0734	
0,0691
BRZL	
БурЗолото
403	
2 950 154	
1 143	
1 154	
1 052	
1 162	
1 141
KRKNP	
СаратНПЗ-п
97	
2 841 780	
15 620	
15 640	
15 600	
15 700	
15 620
MSRS	
РСетиМР ао
246	
2 721 351	
1,1585	
1,1675	
1,1505	
1,177	
1,157
MGTSP	
МГТС-4ап
123	
2 611 392	
2 030	
2 042	
2 026	
2 042	
2 034
ROSB	
Росбанк ао
621	
2 571 876	
82,4	
78	
77,4	
86	
81,8
UNAC	
iАвиастКао
278	
2 547 645	
0,49	
0,495	
0,4875	
0,495	
0,491
CNTL	
Телеграф
305	
2 393 605	
18,15	
18,1	
18,1	
18,25	
18,1
URKZ	
УрКузница
57	
2 266 200	
16 300	
17 140	
16 100	
17 140	
16 200
NKHP	
НКХП ао
210	
2 169 390	
289,5	
291	
282,5	
294	
285
SFIN	
САФМАР ао
38	
2 100 478	
529	
528,8	
528,8	
529,2	
529
CHGZ	
РН-ЗапСиб
120	
2 066 860	
60,4	
59,2	
58,4	
62,8	
61,4
MRKV	
РсетВол ао
333	
2 008 093	
0,07215	
0,07195	
0,0717	
0,0724	
0,07215
ISKJ	
iИСКЧ ао
133	
1 921 757	
23,02	
23,25	
22,97	
23,25	
23
IRGZ	
ИркЭнерго
177	
1 917 612	
12,46	
12,7	
12,28	
12,7	
12,48
ALNU	
АЛРОСА-Нюр
18	
1 881 800	
55 400	
55 200	
55 200	
55 800	
55 400
VJGZP	
Варьеган-п
131	
1 810 220	
361	
369	
355	
370	
362
BISVP	
БашИнСв ап
306	
1 780 820	
10,52	
10,85	
10,11	
10,88	
10,65
TTLK	
Таттел. ао
175	
1 774 240	
0,336	
0,342	
0,3215	
0,3495	
0,3325
NKNC	
НКНХ ао
311	
1 767 410	
92,4	
92	
92	
92,75	
92,45
SVAV	
СОЛЛЕРС
53	
1 766 410	
283,5	
282,5	
282,5	
284,5	
283,5
STSBP	
СтаврЭнСбп
362	
1 749 906	
0,418	
0,4305	
0,4125	
0,4305	
0,4155
HIMCP	
Химпром ап
248	
1 748 046	
6,29	
6,19	
6,17	
6,39	
6,31
YAKG	
ЯТЭК ао
69	
1 588 445	
42,6	
42,6	
42,3	
42,95	
42,5
ABRD	
АбрауДюрсо
237	
1 576 935	
203,5	
208	
202	
208	
202
GEMA	
iММЦБ ао
166	
1 491 234	
599,5	
603,5	
594	
608	
599,5
TRMK	
ТМК ао
189	
1 417 844	
58,68	
58,56	
58,4	
58,9	
58,88
IRKT	
ИРКУТ-3
142	
1 398 054	
35,94	
35,8	
35,4	
36,2	
35,92
VRSBP	
ТНСэнВор-п
106	
1 349 400	
47,5	
49,5	
46	
50	
47
ROLO	
Русолово
131	
1 329 174	
7,032	
7,024	
6,956	
7,096	
6,974
GAZA	
ГАЗ ао
83	
1 293 280	
422,5	
424,5	
416,5	
425,5	
418,5
UWGN	
ОВК ао
96	
1 218 202	
234	
232,6	
232	
235,1	
232
RTSB	
ТНСэнРст
112	
1 201 400	
0,685	
0,725	
0,65	
0,725	
0,685
TUZA	
ТЗА ао
213	
1 152 770	
111	
108	
105	
117	
109
MRKU	
МРСК Ур
170	
1 116 290	
0,1476	
0,151	
0,146	
0,151	
0,1484
YKEN	
Якутскэнрг
108	
1 110 425	
0,4205	
0,435	
0,411	
0,438	
0,422
UNKL	
ЮУНК ао
79	
1 082 920	
7 900	
7 980	
7 810	
8 040	
7 810
SLEN	
Сахэнер ао
140	
1 074 745	
6,795	
7,1	
6,595	
7,1	
6,7
INGR	
ИНГРАД ао
189	
1 048 355	
819	
813	
810	
839	
821
RGSS	
РГС СК ао
190	
1 043 320	
0,1488	
0,148	
0,1474	
0,1498	
0,1494
CHEP	
ЧТПЗ ао
164	
990 600	
210,5	
209,5	
209	
212	
212
TGKN	
ТГК-14
105	
962 250	
0,00327	
0,00329	
0,00326	
0,00329	
0,00329
VZRZP	
Возрожд-п
97	
935 440	
312,8	
320	
310	
322,2	
315,4
KROT	
КрасОкт-ао
117	
908 950	
393,5	
397,5	
385	
405	
388
KZOS	
ОргСинт ао
159	
869 550	
86,6	
86,8	
86,4	
86,9	
86,5
VGSB	
ВолгЭнСб
112	
832 945	
4,36	
4,6	
4,3	
4,6	
4,34
MSTT	
Мостотрест
81	
810 434	
158,9	
160	
158,05	
160	
158,6
YKENP	
Якутскэн-п
44	
808 765	
0,4045	
0,426	
0,4005	
0,426	
0,416
RTSBP	
ТНСэнРст-п
83	
799 100	
0,629	
0,62	
0,612	
0,65	
0,633
KLSB	
КалужскСК
155	
785 001	
13,44	
13,47	
13,24	
13,7	
13,38
PMSBP	
ПермьЭнС-п
76	
756 450	
130,6	
130,2	
130	
131,4	
130,6
SAGO	
СамарЭн-ао
70	
748 500	
0,486	
0,476	
0,46	
0,5	
0,478
KRKOP	
ТКЗКК ап
230	
741 297	
8,19	
8,535	
8	
8,575	
8,49
TGKD	
Квадра
92	
679 128	
0,003485	
0,003515	
0,00342	
0,003525	
0,003455
VRSB	
ТНСэнВорон
72	
656 860	
79,2	
80	
78	
81	
78,8
MRKK	
Россети СК
108	
650 546	
25,8	
25,88	
25,3	
26	
25,44
MRKY	
РоссЮг ао
120	
589 202	
0,05005	
0,0502	
0,04975	
0,05045	
0,0499
KRKN	
СаратНПЗ
20	
586 700	
12 750	
12 900	
12 700	
12 950	
12 800
MRSB	
МордЭнСб
60	
557 900	
0,407	
0,407	
0,403	
0,419	
0,404
HALS	
Галс-Девел
109	
553 703	
1 325	
1 358	
1 310	
1 358	
1 325
ZVEZ	
ЗВЕЗДА ао
78	
545 025	
4,62	
4,625	
4,525	
4,7	
4,605
LSNG	
РСетиЛЭ
151	
531 421	
6,01	
6	
5,99	
6,04	
6,03
RKKE	
ЭнергияРКК
39	
520 380	
7 770	
7 790	
7 690	
7 890	
7 820
ZILL	
ЗИЛ ао
20	
506 615	
2 600	
2 620	
2 580	
2 625	
2 600
NNSB	
ТНСэнНН ао
24	
502 415	
1 800	
1 800	
1 800	
1 835	
1 815
SAGOP	
СамарЭн-ап
30	
489 570	
0,422	
0,42	
0,418	
0,425	
0,421
TASBP	
ТамбЭнСб-п
61	
473 840	
0,346	
0,36	
0,338	
0,36	
0,346
RUSP	
Русполимет
53	
468 595	
0,6415	
0,6365	
0,6365	
0,6485	
0,641
RBCM	
РБК ао
159	
452 338	
3,394	
3,384	
3,372	
3,422	
3,386
STSB	
СтаврЭнСб
191	
434 917	
0,574	
0,588	
0,56	
0,588	
0,585
DZRDP	
iДонскЗР п
41	
434 720	
1 890	
1 900	
1 860	
1 900	
1 880
ELTZ	
Электрцинк
214	
426 374	
187	
190,5	
183,5	
192	
185,5
NFAZ	
Нефтекамск
49	
423 880	
169,6	
173	
168,6	
173	
172
KZOSP	
ОргСинт ап
227	
418 033	
11,87	
11,9	
11,81	
12	
11,84
MGTS	
МГТС-5ао
50	
359 935	
2 280	
2 330	
2 240	
2 330	
2 270
RZSB	
РязЭнСб
19	
345 560	
9,34	
9,36	
9,3	
9,42	
9,42
AVAN	
Авангрд-ао
45	
344 785	
855	
855	
850	
860	
855
PAZA	
ПавлАвт ао
26	
325 130	
9 030	
9 080	
8 930	
9 080	
8 950
CHKZ	
ЧКПЗ ао
39	
316 660	
5 760	
5 880	
5 660	
5 960	
5 800
WTCM	
ЦМТ ао
44	
312 280	
9,3	
9,3	
9,22	
9,38	
9,26
MAGE	
МагадЭн ао
34	
291 880	
6,21	
6,38	
6,1	
6,38	
6,26
SARE	
СаратЭн-ао
72	
278 580	
0,1582	
0,1582	
0,1562	
0,1604	
0,1562
NNSBP	
ТНСэнНН ап
38	
266 499	
658	
679	
650	
686	
650
RAVN	
Raven
24	
257 585	
30,3	
30,2	
30,05	
30,5	
30,05
MRKZ	
МРСК СЗ
94	
248 482	
0,0504	
0,0504	
0,0501	
0,0509	
0,0505
KBSB	
ТНСэКубань
61	
244 955	
145	
145	
143,5	
146	
144
JNOS	
Славн-ЯНОС
34	
240 630	
19,1	
19,05	
18,9	
19,25	
18,95
VJGZ	
Варьеган
73	
232 007	
646	
664	
635	
664	
646
WTCMP	
ЦМТ ап
47	
231 714	
8,24	
8,26	
8,16	
8,28	
8,24
PMSB	
ПермьЭнСб
77	
231 365	
133	
134,5	
132,2	
134,5	
133
GTRK	
ГТМ ао
81	
220 510	
43,3	
43,15	
43	
43,5	
43,5
OMZZP	
ОМЗ-ап
23	
219 615	
3 600	
3 585	
3 580	
3 670	
3 590
KUBE	
Кубанэнр
67	
216 080	
74	
74	
73	
74,7	
74
ARSA	
Арсагера
32	
214 100	
4,12	
4,11	
4,08	
4,16	
4,14
IGSTP	
Ижсталь ап
47	
202 693	
905	
905	
892	
914	
900
CHMK	
ЧМК ао
46	
199 615	
2 660	
2 675	
2 645	
2 675	
2 660
RUSI	
ИКРУСС-ИНВ
36	
190 460	
39,7	
39,6	
39,4	
40	
39,5
UTAR	
ЮТэйр ао
54	
190 327	
7,13	
7,14	
7,12	
7,17	
7,12
VLHZ	
ВХЗ-ао
48	
185 043	
54,9	
54,25	
54,25	
55,45	
54,95
MFGSP	
Мегион-ап
33	
182 895	
326,5	
321,5	
321,5	
330	
323,5
DVEC	
ДЭК ао
48	
178 032	
0,922	
0,93	
0,92	
0,93	
0,923
KROTP	
КрасОкт-1п
25	
177 120	
281	
280	
276	
285,5	
276
GAZAP	
ГАЗ ап
23	
168 920	
313	
313	
310,5	
313,5	
312,5
KMEZ	
КМЗ
69	
152 269	
527	
527	
520,5	
529,5	
523
RLMN	
Роллман
78	
150 359	
18,9	
18,9	
18,75	
19,05	
18,85
JNOSP	
Слав-ЯНОСп
23	
149 284	
14,64	
14,44	
14,36	
14,7	
14,68
KTSB	
КСБ ао
41	
145 642	
0,732	
0,732	
0,726	
0,75	
0,734
VGSBP	
ВолгЭнСб-п
36	
141 690	
2,115	
2,185	
2,1	
2,185	
2,13
UCSS	
ОКС ао
44	
136 110	
1 480	
1 470	
1 450	
1 500	
1 470
EELT	
ЕвроЭлтех
49	
135 093	
8,14	
8,12	
8,1	
8,18	
8,14
LVHK	
Левенгук
57	
132 952	
8,11	
8,15	
8,06	
8,19	
8,17
LPSB	
ЛЭСК ао
23	
122 125	
8,35	
8,4	
8,35	
8,45	
8,35
KAZTP	
Куйбазот-п
17	
121 884	
148,6	
148,2	
148,2	
149,2	
149
RTGZ	
ГазпРнД ао
4	
106 200	
26 550	
26 750	
26 250	
26 750	
26 250
KCHE	
КамчатЭ ао
18	
104 210	
0,217	
0,2185	
0,2125	
0,2195	
0,2185
TASB	
ТамбЭнСб
14	
96 055	
0,4365	
0,438	
0,4325	
0,44	
0,433
TGKBP	
ТГК-2 ап
13	
94 910	
0,0073	
0,00729	
0,00727	
0,00734	
0,0073
DZRD	
iДонскЗР
27	
93 960	
2 290	
2 335	
2 280	
2 340	
2 290
TORSP	
ТРК ап
5	
90 275	
0,282	
0,2815	
0,2805	
0,2825	
0,282
KBTK	
КузбТК ао
17	
80 596	
152	
152,6	
151,6	
155	
151,6
VSYD	
ВыбСудЗ ао
13	
77 975	
4 105	
4 085	
4 075	
4 150	
4 080
KAZT	
Куйбазот
10	
76 828	
153,6	
153,8	
151,2	
153,8	
153,8
IGST	
Ижсталь2ао
23	
71 589	
1 023	
1 011	
1 005	
1 027	
1 005
MAGEP	
МагадЭн ап
9	
70 930	
7,09	
7,23	
6,85	
7,23	
7,09
MGNZ	
СМЗ-ао
6	
53 010	
4 820	
4 840	
4 760	
4 840	
4 800
KOGK	
КоршГОК ао
1	
48 400	
48 400	
48 400	
48 400	
48 400	
48 400
TNSE	
ТНСэнрг ао
24	
47 790	
1 060	
1 075	
1 050	
1 075	
1 070
MRKS	
РсетСиб ао
5	
45 330	
0,2385	
0,239	
0,238	
0,239	
0,238
TGKDP	
Квадра-п
37	
43 802	
0,004095	
0,004105	
0,004075	
0,00413	
0,004085
RLMNP	
Роллман-п
27	
43 224	
19,12	
19,14	
18,9	
19,26	
18,92
MISB	
ТНСэнМарЭл
15	
39 370	
12,3	
12,5	
12,2	
12,5	
12,3
TORS	
ТРК ао
7	
38 860	
0,432	
0,437	
0,426	
0,439	
0,427
UKUZ	
ЮжКузб. ао
14	
36 758	
540	
540	
536	
542	
536
SAREP	
СаратЭн-ап
28	
33 520	
0,1198	
0,12	
0,1186	
0,1212	
0,1206
KGKC	
КурганГКао
12	
31 520	
58,5	
57,5	
57,5	
59	
58,5
ROST	
РОСИНТЕРао
13	
24 240	
62,2	
62,6	
61,6	
62,6	
61,6
BLNG	
Белон ао
19	
22 448	
4,404	
4,418	
4,354	
4,428	
4,376
ASSB	
АстрЭнСб
10	
22 061	
0,788	
0,784	
0,784	
0,7895	
0,7865
MISBP	
ТНСэМаЭл-п
9	
18 800	
11,8	
11,7	
11,7	
11,9	
11,8
KRSB	
Красэсб ао
2	
14 120	
7,06	
7,07	
7,05	
7,07	
7,05
VSYDP	
ВыбСудЗ ап
3	
12 220	
4 080	
4 100	
4 040	
4 100	
4 040
KGKCP	
КурганГКап
10	
11 770	
56	
57,5	
55,5	
57,5	
55,5
KCHEP	
КамчатЭ ап
3	
11 720	
0,391	
0,388	
0,388	
0,392	
0,392
YRSBP	
ТНСэнЯр-п
3	
11 305	
94	
95	
93,5	
95	
93,5
KRSBP	
Красэсб ап
1	
7 120	
7,12	
7,12	
7,12	
7,12	
7,12
YRSB	
ТНСэнЯр
1	
1 800	
180	
180	
180	
180	
180
BISV	
БашИнСв ао
0	
0	
-	
-	
-	
-	
8,7
GAZC	
ГАЗКОН-ао
0	
0	
-	
-	
-	
-	
295
GAZS	
ГАЗ-сервис
0	
0	
-	
-	
-	
-	
293
GAZT	
ГАЗ-Тек ао
0	
0	
-	
-	
-	
-	
85
GTSS	
ГЕОТЕК ао
0	
0	
-	
-	
-	
-	
-
HIMC	
Химпром ао
0	
0	
-	
-	
-	
-	
0,99
KMTZ	
КосогМЗ ао
0	
0	
-	
-	
-	
-	
-
KRKO	
ТКЗКК ао
0	
0	
-	
-	
-	
-	
11,8
KSGR	
Кокс ао
0	
0	
-	
-	
-	
-	
-
KUNF	
КУЗОЦМ ао
0	
0	
-	
-	
-	
-	
-
KZMS	
КЗМС ао
0	
0	
-	
-	
-	
-	
226
MFON	
МегаФон ао
0	
0	
-	
-	
-	
-	
650,6
MOBB	
МосОблБанк
0	
0	
-	
-	
-	
-	
0,698
MORI	
Морион ао
0	
0	
-	
-	
-	
-	
4,31
NPOF	
Физика ао
0	
0	
-	
-	
-	
-	
11 850
PRTK	
ПРОТЕК ао
0	
0	
-	
-	
-	
-	
99,6
TRCN	
ТрансК ао
0	
0	
-	
-	
-	
-	
8 595
TRFM	
ТрансФ ао
0	
0	
-	
-	
-	
-	
-
URKA	
Уркалий-ао
0	
0	
-	
-	
-	
-	
119,04
VZRZ	
Возрожд-ао
0	
0	
-	
-	
-	
-	
480