SBER	
Сбербанк
126 637	
20 992 083 169	
183,69	
188,05	
180,17	
188,97	
180,38
GAZP	
ГАЗПРОМ ао
85 674	
9 801 164 178	
176,21	
181,24	
172	
181,37	
174,5
LKOH	
ЛУКОЙЛ
61 456	
9 523 766 887	
4 545,5	
4 699	
4 401,5	
4 745	
4 430
GMKN	
ГМКНорНик
48 126	
9 041 211 374	
19 676	
20 100	
19 020	
20 274	
19 306
ROSN	
Роснефть
51 078	
4 229 992 798	
305,45	
315,9	
296,3	
322	
302,8
SNGS	
Сургнфгз
40 402	
4 150 997 009	
31,53	
32,65	
30,055	
33,365	
30,925
TATN	
Татнфт 3ао
38 809	
3 087 027 158	
535,1	
563	
514,4	
567	
530
AFLT	
Аэрофлот
74 490	
3 055 399 511	
67,72	
71	
65,8	
72	
66,78
MTSS	
МТС-ао
34 978	
2 953 035 502	
288,85	
288,55	
281,35	
293	
290
NVTK	
Новатэк ао
32 769	
2 323 090 722	
870,2	
921,2	
834,6	
924	
869,6
PLZL	
Полюс
24 454	
2 130 502 059	
10 786	
11 053	
10 503,5	
11 053	
10 820,5
YNDX	
Yandex clA
26 433	
2 081 740 719	
2 602,2	
2 650	
2 552,6	
2 668	
2 597
SNGSP	
Сургнфгз-п
19 030	
2 055 161 572	
35,775	
36,195	
35,375	
36,5	
35,405
MGNT	
Магнит ао
29 166	
2 019 831 816	
3 148,5	
3 251	
3 063,5	
3 272	
3 140
MOEX	
МосБиржа
41 440	
2 009 705 249	
91,64	
93	
90,15	
94	
91,73
VTBR	
ВТБ ао
56 430	
1 921 554 769	
0,031605	
0,03295	
0,030855	
0,03295	
0,0311
SBERP	
Сбербанк-п
38 353	
1 905 198 905	
175,38	
180	
173	
180,67	
173
IRAO	
ИнтерРАОао
24 990	
1 626 928 817	
4,6255	
4,8	
4,4415	
4,8295	
4,55
ALRS	
АЛРОСА ао
40 609	
1 468 209 912	
58,37	
61	
56,04	
61,44	
56,9
RSTI	
Россети ао
44 814	
1 329 172 251	
1,1815	
1,175	
1,142	
1,2479	
1,1525
SIBN	
Газпрнефть
20 660	
970 438 868	
295,4	
299,95	
278,7	
351,95	
290
HYDR	
РусГидро
20 951	
886 337 408	
0,6056	
0,6235	
0,5974	
0,6257	
0,5974
TATNP	
Татнфт 3ап
21 738	
875 929 636	
503,8	
524,6	
487,8	
526	
503
CHMF	
СевСт-ао
17 111	
850 003 987	
831,4	
841	
819	
847,6	
825,4
POLY	
Polymetal
16 419	
823 283 974	
1 240	
1 259	
1 211	
1 275	
1 270,1
AFKS	
Система ао
23 878	
776 227 371	
12,248	
12,45	
11,931	
12,748	
12,16
NLMK	
НЛМК ао
13 203	
742 177 759	
118,26	
120,02	
115,12	
120,38	
116,4
FEES	
ФСК ЕЭС ао
21 391	
713 642 051	
0,15774	
0,16148	
0,15304	
0,162	
0,15506
MAGN	
ММК
10 657	
571 524 424	
35,955	
36,9	
35,22	
36,965	
35,75
FIVE	
FIVE-гдр
10 746	
484 764 856	
1 971	
2 021	
1 930	
2 021	
1 978
CBOM	
МКБ ао
15 001	
425 638 812	
5,322	
5,421	
5,242	
5,436	
5,266
MTLR	
Мечел ао
22 766	
337 907 990	
59,71	
62,29	
57,61	
62,3	
58,3
RUAL	
RUSAL plc
14 378	
253 286 336	
24,68	
25,42	
24,04	
25,57	
24,44
PHOR	
ФосАгро ао
4 356	
242 040 639	
2 397	
2 435	
2 361	
2 435	
2 408
RTKM	
Ростел -ао
10 476	
232 050 250	
68,7	
70,81	
67,05	
71,86	
67,19
TRNFP	
Транснф ап
1 110	
215 784 800	
138 650	
142 000	
136 600	
142 000	
138 350
LSRG	
ЛСР ао
14 340	
212 775 549	
550,2	
555	
532	
563,8	
550
DSKY	
ДетскийМир
17 274	
200 546 573	
88,94	
90	
87,12	
91,46	
88,5
OGKB	
ОГК-2 ао
14 097	
193 196 274	
0,5654	
0,58	
0,5541	
0,588	
0,56
TCSG	
TCS-гдр
13 235	
184 275 918	
910,4	
939	
882	
970	
882
QIWI	
iQIWI
5 979	
143 874 827	
813,5	
830,5	
797	
830,5	
812
TGKA	
ТГК-1
11 973	
141 525 810	
0,00969	
0,01005	
0,009452	
0,01005	
0,0095
BANEP	
Башнефт ап
4 336	
138 152 565	
1 294	
1 326,5	
1 267	
1 334,5	
1 272
AKRN	
Акрон
1 242	
135 300 012	
5 960	
6 020	
5 842	
6 030	
5 970
TRMK	
ТМК ао
7 600	
133 898 672	
41,02	
42,7	
40,16	
42,7	
40,4
MTLRP	
Мечел ап
4 901	
122 070 258	
59,8	
61,95	
58,15	
62	
58,9
UPRO	
Юнипро ао
8 197	
106 944 714	
2,503	
2,566	
2,456	
2,566	
2,499
RASP	
Распадская
2 668	
97 367 054	
96,3	
100,5	
94,2	
100,5	
94,54
MSNG	
+МосЭнерго
2 925	
66 166 586	
1,785	
1,846	
1,747	
1,847	
1,77
RTKMP	
Ростел -ап
3 050	
56 778 196	
61,2	
63	
60,05	
63	
61
RSTIP	
Россети ап
1 716	
45 429 735	
1,364	
1,33	
1,301	
1,439	
1,371
LNTA	
Лента др
5 947	
43 529 802	
150,5	
154	
145,2	
155,3	
148
AGRO	
AGRO-гдр
2 896	
35 513 793	
560,8	
567	
543	
574,8	
550
NKNCP	
НКНХ ап
2 764	
33 428 107	
79,94	
81	
77,58	
82,26	
78,54
APTK	
Аптеки36и6
7 540	
28 865 192	
13,614	
13,68	
13,13	
13,97	
13,3
ENRU	
ЭнелРос ао
1 637	
28 017 411	
0,8755	
0,8845	
0,863	
0,8945	
0,868
MVID	
М.видео
1 160	
25 959 488	
396,3	
403,8	
387,4	
408,9	
387,4
BANE	
Башнефт ао
1 739	
24 667 976	
1 537	
1 560	
1 503,5	
1 594	
1 511,5
PIKK	
ПИК ао
903	
24 618 397	
405,2	
409,7	
402,3	
409,7	
406
LNZL	
Лензолото
1 220	
21 176 750	
8 020	
7 940	
7 350	
8 500	
7 660
MRKP	
МРСК ЦП
1 391	
20 006 692	
0,1424	
0,1545	
0,14	
0,1545	
0,1416
VSMO	
ВСМПО-АВСМ
455	
18 472 880	
19 460	
20 320	
18 820	
20 320	
19 200
NMTP	
НМТП ао
1 555	
15 787 034	
8,215	
8,33	
8	
8,5	
8,26
LIFE	
iФармсинтз
1 178	
10 736 497	
6,1	
6,375	
5,925	
6,465	
6,01
GCHE	
ЧеркизГ-ао
1 146	
8 726 344	
1 816,5	
1 844	
1 801	
1 859,5	
1 805,5
ENPG	
ЭН+ГРУП ао
187	
8 424 391	
569,7	
571	
560	
577	
562
TGKB	
ТГК-2
659	
8 338 890	
0,003595	
0,00366	
0,00353	
0,00375	
0,003545
NKNC	
НКНХ ао
918	
8 318 220	
91,75	
93,25	
89,5	
93,75	
89,85
SELG	
Селигдар
617	
8 034 560	
14,94	
14,99	
14,5	
15,33	
15,09
ETLN	
ETLN-гдр
388	
7 749 200	
104,76	
105	
103,78	
106,82	
104,36
MRKV	
МРСКВол
698	
7 153 810	
0,06375	
0,06505	
0,0626	
0,0659	
0,06285
SFIN	
САФМАР ао
531	
6 440 866	
460,4	
477	
453	
477	
453
TTLK	
Таттел. ао
342	
5 518 305	
0,2495	
0,251	
0,2395	
0,2555	
0,247
BSPB	
БСП ао
1 355	
5 323 467	
43,45	
44,44	
43,3	
44,44	
43,31
LNZLP	
Лензол. ап
555	
5 304 300	
3 405	
3 295	
3 255	
3 500	
3 310
RNFT	
РуссНфт ао
1 351	
5 060 825	
450,6	
440	
440	
452	
448,8
OBUV	
ОР ао
1 382	
4 842 668	
31,1	
32,1	
30,15	
32,2	
30,65
SVAV	
СОЛЛЕРС
250	
4 828 820	
239	
245,5	
235	
246,5	
237
MSRS	
МОЭСК
449	
4 136 089	
0,969	
1,02	
0,949	
1,02	
0,957
ENPL	
ENPL-гдр
430	
3 993 066	
544,2	
568,6	
530	
568,6	
530
VLHZ	
ВХЗ-ао
859	
3 565 528	
56,5	
49,85	
49,1	
61	
53
MRKC	
МРСК Центр
829	
3 416 363	
0,2282	
0,238	
0,2246	
0,238	
0,2266
HIMCP	
Химпром ап
365	
3 344 138	
5,59	
5,65	
5,29	
6,3	
5,52
FESH	
ДВМП ао
436	
3 332 085	
5,63	
5,75	
5,49	
5,75	
5,64
BRZL	
БурЗолото
340	
3 070 196	
815	
800	
796	
838	
797
AMEZ	
АшинскийМЗ
1 003	
2 947 345	
3,485	
3,455	
3,39	
3,55	
3,465
TRCN	
ТрансК ао
109	
2 617 085	
8 440	
8 430	
8 030	
8 795	
8 405
ALNU	
АЛРОСА-Нюр
43	
2 597 800	
46 400	
44 000	
43 800	
47 800	
46 000
MGTSP	
МГТС-4ап
279	
2 582 066	
2 178	
2 162	
2 148	
2 256	
2 184
MSTT	
Мостотрест
440	
2 566 769	
138,9	
139,3	
136,6	
141,9	
138,6
KRKNP	
СаратНПЗ-п
114	
2 539 200	
15 120	
15 500	
14 800	
15 500	
15 040
TGKN	
ТГК-14
207	
2 514 580	
0,00266	
0,00269	
0,00261	
0,00278	
0,0027
RUGR	
Русгрэйн
1 782	
2 463 376	
5,806	
5,908	
5,58	
6,19	
5,648
KZOS	
ОргСинт ао
485	
2 264 143	
84,6	
85,5	
84	
85,6	
84,1
GEMA	
iММЦБ ао
8	
2 145 391	
733	
736	
729,5	
736	
730
MRKZ	
МРСК СЗ
315	
2 052 785	
0,04355	
0,0448	
0,0427	
0,04545	
0,043
ROLO	
Русолово
200	
2 051 592	
3,962	
3,882	
3,878	
4	
3,95
CNTLP	
Телеграф-п
205	
1 997 914	
15,68	
15,6	
15,44	
15,9	
15,46
GTRK	
ГТМ ао
609	
1 743 572	
29,35	
28,8	
28	
29,95	
29,4
TGKD	
Квадра
403	
1 681 932	
0,00289	
0,00298	
0,002765	
0,003045	
0,002825
SAGOP	
СамарЭн-ап
38	
1 662 640	
0,35	
0,341	
0,34	
0,357	
0,357
MRKS	
МРСКСиб
140	
1 561 305	
0,2075	
0,2005	
0,1965	
0,22	
0,2115
JNOS	
Славн-ЯНОС
130	
1 528 450	
15,2	
16,05	
14,65	
16,05	
15,15
IRGZ	
ИркЭнерго
263	
1 464 644	
9,06	
9,14	
8,94	
9,46	
9,04
PRTK	
ПРОТЕК ао
226	
1 447 854	
95,5	
95,6	
94,3	
97	
95,2
MOBB	
МосОблБанк
472	
1 399 351	
2,138	
2,314	
2,02	
2,314	
2,12
UNAC	
iАвиастКао
224	
1 266 168	
0,451	
0,459	
0,444	
0,4675	
0,4495
MAGE	
МагадЭн ао
27	
1 235 750	
3,76	
3,9	
3,71	
3,97	
3,95
VJGZP	
Варьеган-п
102	
1 223 740	
310	
309	
296	
323	
313
RKKE	
ЭнергияРКК
138	
1 223 320	
4 870	
4 570	
4 570	
5 000	
4 830
USBN	
УралСиб ао
192	
1 212 184	
0,0685	
0,0699	
0,066	
0,071	
0,068
YAKG	
ЯТЭК ао
163	
1 108 284	
44,52	
45,54	
43	
45,98	
44,1
RBCM	
РБК ао
437	
1 092 965	
2,92	
2,958	
2,884	
2,97	
2,954
TGKDP	
Квадра-п
297	
1 061 762	
0,003595	
0,003585	
0,0033	
0,004005	
0,003325
TGKBP	
ТГК-2 ап
98	
1 050 020	
0,00636	
0,00642	
0,0063	
0,0065	
0,00632
KMAZ	
КАМАЗ
375	
1 025 609	
54,6	
56,6	
53,6	
56,6	
53,8
RAVN	
Raven
55	
959 560	
28,2	
29,2	
27	
30,4	
28,4
RGSS	
РГС СК ао
181	
950 630	
0,1348	
0,135	
0,1312	
0,137	
0,1344
VJGZ	
Варьеган
219	
880 706	
587	
642	
554	
650	
578
IRKT	
ИРКУТ-3
142	
872 288	
27,26	
27,48	
26,52	
28,92	
27,28
CNTL	
Телеграф
132	
871 405	
19,4	
20,2	
18,85	
20,2	
19
AQUA	
РусАква ао
82	
859 790	
231,5	
235	
223	
253	
223
SLEN	
Сахэнер ао
27	
697 941	
3,925	
4,005	
3,815	
4,085	
3,855
BELU	
Белуга ао
49	
682 430	
1 119	
1 157	
1 100	
1 157	
1 122
DASB	
ДагСб ао
163	
655 485	
0,0818	
0,0843	
0,08	
0,0852	
0,0801
DVEC	
ДЭК ао
148	
626 558	
0,739	
0,731	
0,708	
0,775	
0,73
ELTZ	
Электрцинк
183	
601 556	
166,5	
177,5	
161,5	
179	
161,5
TASB	
ТамбЭнСб
64	
595 470	
0,266	
0,263	
0,2495	
0,283	
0,251
BLNG	
Белон ао
165	
552 052	
3,902	
3,994	
3,7	
4,02	
3,706
VZRZP	
Возрожд-п
52	
540 908	
281,8	
290,8	
276,2	
294,2	
276,2
MRKU	
МРСК Ур
107	
517 468	
0,1304	
0,1322	
0,128	
0,1336	
0,129
KZOSP	
ОргСинт ап
653	
497 115	
10,71	
10,91	
10,45	
10,99	
10,63
OPIN	
ИНГРАД ао
53	
467 399	
705	
700	
680	
725	
707
KAZT	
Куйбазот
45	
440 064	
145,8	
146,4	
141,6	
150	
149
PMSBP	
ПермьЭнС-п
122	
433 552	
120,2	
122	
119	
124,8	
119,4
CHEP	
ЧТПЗ ао
78	
427 810	
187,5	
185	
183,5	
191	
188
ABRD	
АбрауДюрсо
117	
421 450	
131,5	
133	
128	
133	
131,5
NAUK	
iНПОНаука
111	
397 570	
154,8	
160,8	
150	
160,8	
152,2
MRKY	
РоссЮг ао
97	
381 453	
0,0475	
0,04755	
0,0466	
0,0484	
0,04805
NKHP	
НКХП ао
76	
379 315	
214,5	
212,5	
212	
217	
213
ISKJ	
iИСКЧ ао
109	
360 950	
11,28	
11,68	
10,66	
11,68	
11,42
KLSB	
КалужскСК
62	
360 185	
9,31	
9,5	
9,16	
9,5	
9,22
MGTS	
МГТС-5ао
48	
352 790	
2 520	
2 625	
2 405	
2 650	
2 440
KOGK	
КоршГОК ао
8	
341 600	
42 800	
43 200	
41 600	
43 400	
41 800
SELGP	
Селигдар-п
58	
331 030	
25,25	
25,5	
25,05	
25,7	
25,3
WTCMP	
ЦМТ ап
59	
329 312	
7,48	
8,02	
7,1	
8,2	
7,3
GAZA	
ГАЗ ао
59	
322 245	
362	
354,5	
352	
383	
367,5
RUSP	
Русполимет
31	
303 790	
0,524	
0,5355	
0,512	
0,536	
0,522
BISVP	
БашИнСв ап
57	
301 761	
6,55	
6,58	
6,43	
6,68	
6,47
TORS	
ТРК ао
65	
294 840	
0,364	
0,392	
0,342	
0,392	
0,37
RUSI	
ИКРУСС-ИНВ
41	
291 390	
34,3	
35,2	
31,5	
36,8	
34,7
HALS	
Галс-Девел
52	
258 204	
729	
767	
717	
767	
718
KROT	
КрасОкт-ао
36	
251 505	
296	
291	
291	
306,5	
292,5
NSVZ	
НаукаСвяз
77	
212 740	
177,5	
176,5	
174	
183,5	
179,5
UTAR	
ЮТэйр ао
56	
205 833	
6,18	
6,33	
6,02	
6,33	
6,27
YKEN	
Якутскэнрг
33	
193 055	
0,3165	
0,323	
0,299	
0,3345	
0,305
PAZA	
ПавлАвт ао
27	
183 690	
5 250	
5 290	
5 100	
5 400	
5 120
UWGN	
ОВК ао
136	
181 220	
227,9	
226	
226	
231,1	
227,8
PMSB	
ПермьЭнСб
49	
181 042	
119,9	
124	
117,4	
124	
120,3
NNSB	
ТНСэнНН ао
23	
180 595	
1 190	
1 180	
1 150	
1 205	
1 200
NKSH	
Нижкамшина
23	
167 826	
20,48	
20,96	
20,18	
20,96	
20,84
WTCM	
ЦМТ ао
37	
163 886	
8,28	
8,48	
8,16	
8,7	
8,34
KRKN	
СаратНПЗ
11	
160 100	
11 450	
11 650	
11 200	
11 650	
11 300
YRSB	
ТНСэнЯр
32	
152 580	
158	
152	
152	
168	
158
VRSB	
ТНСэнВорон
23	
140 120	
42,6	
49,6	
41	
49,6	
43,6
PRMB	
Приморье
8	
139 800	
17 400	
16 800	
15 200	
18 400	
18 000
VRSBP	
ТНСэнВор-п
11	
133 350	
23	
23	
22,5	
23	
23
KAZTP	
Куйбазот-п
54	
129 716	
145,8	
144,8	
142,4	
150,8	
147,8
STSBP	
СтаврЭнСбп
31	
129 560	
0,2836	
0,303	
0,28	
0,303	
0,2948
CHMK	
ЧМК ао
27	
111 540	
2 185	
2 185	
2 155	
2 225	
2 155
MAGEP	
МагадЭн ап
17	
106 650	
3,81	
3,86	
3,63	
3,945	
3,73
RTGZ	
ГазпРнД ао
5	
105 050	
21 000	
20 850	
20 850	
21 350	
21 350
UNKL	
ЮУНК ао
22	
100 120	
2 950	
3 000	
2 870	
3 000	
2 950
SZPR	
СЗПароход
44	
95 398	
728	
726	
688	
742	
688
RLMN	
Роллман
63	
86 697	
15,7	
16,15	
15,3	
16,2	
15,5
ZILL	
ЗИЛ ао
19	
84 870	
1 230	
1 256	
1 202	
1 280	
1 222
GAZAP	
ГАЗ ап
17	
76 585	
294,5	
299,5	
290,5	
299,5	
296,5
NFAZ	
Нефтекамск
23	
76 266	
129,4	
134,8	
127,2	
134,8	
128,8
ROSB	
Росбанк ао
41	
76 246	
62	
63	
60	
63	
62
URKZ	
УрКузница
7	
69 660	
9 960	
10 080	
9 800	
10 200	
9 880
UKUZ	
ЮжКузб. ао
22	
68 628	
470	
490	
464	
490	
470
YKENP	
Якутскэн-п
14	
68 600	
0,286	
0,298	
0,275	
0,298	
0,275
KBTK	
КузбТК ао
22	
68 316	
148,6	
150,6	
148	
150,6	
148
KRSB	
Красэсб ао
11	
67 770	
5,21	
5,37	
5,07	
5,37	
5,19
JNOSP	
Слав-ЯНОСп
15	
66 708	
12,36	
12,46	
12,14	
12,46	
12,44
OMZZP	
ОМЗ-ап
19	
66 015	
2 640	
2 770	
2 580	
2 770	
2 650
MFGS	
Мегион-ао
10	
59 755	
299	
308	
297	
308	
298,5
RZSB	
РязЭнСб
8	
51 500	
5,72	
5,95	
5,59	
5,95	
5,63
KUBE	
Кубанэнр
37	
47 643	
60,3	
61,7	
59	
62,2	
59,9
KRSBP	
Красэсб ап
6	
47 540	
5,28	
5,46	
5,1	
5,46	
5,2
ROST	
РОСИНТЕРао
17	
47 246	
55,6	
54,8	
54,8	
56	
55
MRKK	
Россети СК
46	
46 700	
24,72	
25,04	
24,36	
25,4	
24,84
KROTP	
КрасОкт-1п
8	
44 725	
213	
212	
210	
216,5	
212
RTSBP	
ТНСэнРст-п
5	
43 930	
0,258	
0,261	
0,239	
0,261	
0,239
RLMNP	
Роллман-п
65	
43 877	
16,5	
17,9	
14,2	
17,9	
17,1
ZVEZ	
ЗВЕЗДА ао
10	
43 840	
3,985	
4,085	
3,87	
4,09	
3,92
CHKZ	
ЧКПЗ ао
8	
40 880	
4 080	
4 160	
4 020	
4 160	
4 020
ASSB	
АстрЭнСб
41	
39 635	
0,5285	
0,5285	
0,515	
0,5385	
0,522
MISB	
ТНСэнМарЭл
16	
36 510	
9,4	
9,3	
9,3	
10	
9,6
UCSS	
ОКС ао
16	
32 500	
1 480	
1 500	
1 470	
1 510	
1 470
VSYD	
ВыбСудЗ ао
12	
31 975	
2 665	
2 710	
2 505	
2 800	
2 585
IGST	
Ижсталь2ао
17	
31 764	
662	
660	
655	
670	
660
KTSB	
КСБ ао
20	
31 160	
0,44	
0,442	
0,432	
0,478	
0,45
DZRD	
iДонскЗР
10	
28 958	
1 932	
2 000	
1 872	
2 000	
1 872
DIOD	
ЗаводДИОД
21	
28 747	
4,87	
4,84	
4,84	
4,93	
4,92
ARSA	
Арсагера
6	
27 950	
3,11	
3,1	
3,1	
3,14	
3,1
LVHK	
Левенгук
14	
27 179	
7,35	
7,58	
7,07	
7,67	
7,34
RDRB	
РДБанк ао
10	
26 250	
240	
240	
230	
245	
245
SARE	
СаратЭн-ао
9	
26 014	
0,1002	
0,101	
0,0984	
0,101	
0,1
KRKOP	
ТКЗКК ап
8	
23 500	
3,67	
3,655	
3,655	
3,89	
3,655
MRSB	
МордЭнСб
7	
21 700	
0,31	
0,314	
0,305	
0,314	
0,305
TUZA	
ТЗА ао
19	
21 300	
73	
74	
73	
74	
73
DZRDP	
iДонскЗР п
13	
20 600	
1 370	
1 420	
1 290	
1 420	
1 400
KUZB	
КузнецкийБ
29	
19 403	
0,01416	
0,01438	
0,01401	
0,01438	
0,01419
KCHEP	
КамчатЭ ап
6	
18 220	
0,304	
0,288	
0,288	
0,307	
0,307
AVAN	
Авангрд-ао
14	
18 160	
625	
625	
615	
630	
625
CHGZ	
РН-ЗапСиб
6	
17 560	
29,4	
28	
28	
29,8	
29,4
SAREP	
СаратЭн-ап
11	
16 740	
0,0798	
0,0812	
0,079	
0,0812	
0,0802
KGKC	
КурганГКао
7	
16 480	
52	
52	
48	
52	
48
VGSB	
ВолгЭнСб
8	
14 000	
1,4	
1,405	
1,39	
1,405	
1,39
LPSB	
ЛЭСК ао
19	
13 710	
7,2	
7,35	
7	
7,35	
7
VSYDP	
ВыбСудЗ ап
4	
12 760	
2 560	
2 500	
2 500	
2 620	
2 560
YRSBP	
ТНСэнЯр-п
7	
12 575	
70	
69,5	
69,5	
70	
70
RTSB	
ТНСэнРст
4	
11 700	
0,295	
0,3	
0,29	
0,3	
0,29
MFGSP	
Мегион-ап
4	
11 285	
282	
283,5	
280,5	
283,5	
281,5
TORSP	
ТРК ап
4	
10 370	
0,2595	
0,2555	
0,2555	
0,2625	
0,2605
TNSE	
ТНСэнрг ао
6	
9 885	
990	
1 040	
980	
1 040	
990
IGSTP	
Ижсталь ап
12	
9 151	
610	
627	
593	
638	
607
KMEZ	
КМЗ
17	
8 531	
426,5	
432	
421,5	
432	
423
KGKCP	
КурганГКап
9	
8 460	
53	
53,5	
51,5	
58	
51,5
ALBK	
БестЭфБ ао
12	
7 730	
48,5	
49	
48	
49	
48
STSB	
СтаврЭнСб
5	
7 271	
0,3305	
0,3285	
0,328	
0,3355	
0,3315
KTSBP	
КСБ ап
3	
6 260	
0,2085	
0,2055	
0,2055	
0,2135	
0,2105
KBSB	
ТНСэКубань
4	
6 140	
123	
124,5	
122	
124,5	
122,5
TASBP	
ТамбЭнСб-п
1	
1 910	
0,191	
0,191	
0,191	
0,191	
0,191
KCHE	
КамчатЭ ао
1	
1 550	
0,155	
0,155	
0,155	
0,155	
0,155
MISBP	
ТНСэМаЭл-п
1	
980	
9,8	
9,8	
9,8	
9,8	
9,8
NNSBP	
ТНСэнНН ап
2	
874	
437	
432	
432	
442	
442
FTRE	
БУДУЩЕЕ ао
0	
0	
-	
-	
-	
-	
80
KUNF	
КУЗОЦМ ао
0	
0	
-	
-	
-	
-	
-
GAZC	
ГАЗКОН-ао
0	
0	
-	
-	
-	
-	
295
GAZS	
ГАЗ-сервис
0	
0	
-	
-	
-	
-	
293
GAZT	
ГАЗ-Тек ао
0	
0	
-	
-	
-	
-	
85
GTSS	
ГЕОТЕК ао
0	
0	
-	
-	
-	
-	
-
HIMC	
Химпром ао
0	
0	
-	
-	
-	
-	
0,99
KMTZ	
КосогМЗ ао
0	
0	
-	
-	
-	
-	
-
KRKO	
ТКЗКК ао
0	
0	
-	
-	
-	
-	
11,8
KSGR	
Кокс ао
0	
0	
-	
-	
-	
-	
-
KUNF	
КУЗОЦМ ао
0	
0	
-	
-	
-	
-	
-
KZMS	
КЗМС ао
0	
0	
-	
-	
-	
-	
226
LSNG	
Ленэнерго
0	
0	
-	
-	
-	
-	
5,66
LSNGP	
Ленэнерг-п
0	
0	
-	
-	
-	
-	
119,95
MFON	
МегаФон ао
0	
0	
-	
-	
-	
-	
650,6
MGNZ	
СМЗ-ао
0	
0	
-	
-	
-	
-	
3 870
MORI	
Морион ао
0	
0	
-	
-	
-	
-	
4,31
NPOF	
Физика ао
0	
0	
-	
-	
-	
-	
11 850
SAGO	
СамарЭн-ао
0	
0	
-	
-	
-	
-	
0,368
TRFM	
ТрансФ ао
0	
0	
-	
-	
-	
-	
-
URKA	
Уркалий-ао
0	
0	
-	
-	
-	
-	
119,04
VGSBP	
ВолгЭнСб-п
0	
0	
-	
-	
-	
-	
0,88
VZRZ	
Возрожд-ао
0	
0	
-	
-	
-	
-	
480
RU000A0JVT35	
ИСУ ЕФГ-3
0	
0	
-	
-	
-	
-	
400