SBER	
Сбербанк
61 386	
8 280 718 574	
189,44	
189,98	
188,43	
190,5	
188,9
LKOH	
ЛУКОЙЛ
58 615	
7 932 888 862	
4 699,5	
4 745	
4 620	
4 790	
4 650
GAZP	
ГАЗПРОМ ао
53 400	
4 416 868 398	
186,98	
186,53	
185,69	
188,47	
186,29
GMKN	
ГМКНорНик
21 218	
3 890 677 284	
20 166	
20 300	
19 912	
20 470	
20 034
ROSN	
Роснефть
29 576	
3 328 787 881	
323,9	
322,2	
319,3	
327,3	
322,9
PLZL	
Полюс
18 978	
2 307 648 577	
12 214,5	
12 100	
12 055	
12 347,5	
12 081
YNDX	
Yandex clA
30 078	
2 125 656 371	
2 680,2	
2 651,6	
2 647	
2 715	
2 715
TATN	
Татнфт 3ао
23 514	
1 938 531 464	
521,2	
520	
514	
527,9	
516,7
POLY	
Polymetal
26 816	
1 824 920 371	
1 564,1	
1 578,2	
1 544,8	
1 597,8	
1 568
MOEX	
МосБиржа
30 410	
1 747 828 328	
119,32	
118,2	
117,85	
120,65	
120,1
MGNT	
Магнит ао
22 659	
1 698 834 882	
3 315,5	
3 230	
3 229	
3 356	
3 356
NVTK	
Новатэк ао
18 806	
1 451 470 702	
997,6	
970,2	
970,2	
1 011	
993,8
SNGS	
Сургнфгз
14 561	
1 318 342 098	
35,265	
35,055	
34,84	
35,635	
35
MTSS	
МТС-ао
11 822	
961 773 643	
309,9	
308	
307,3	
311,95	
311,4
ALRS	
АЛРОСА ао
17 406	
806 166 916	
61,9	
61,4	
61,32	
62,46	
61,76
NLMK	
НЛМК ао
16 625	
802 364 909	
124,48	
124,72	
123,16	
125,88	
123,16
CHMF	
СевСт-ао
17 728	
779 913 176	
869,2	
866,8	
863,2	
874,8	
869
VTBR	
ВТБ ао
22 941	
776 451 804	
0,03392	
0,0337	
0,03365	
0,034085	
0,0339
SNGSP	
Сургнфгз-п
11 663	
764 438 371	
36,645	
37,2	
36,36	
37,2	
36,415
TRNFP	
Транснф ап
3 430	
724 750 900	
135 300	
137 000	
133 500	
137 650	
134 050
SBERP	
Сбербанк-п
19 560	
709 206 143	
172,46	
172,8	
171,7	
173,16	
172,43
IRAO	
ИнтерРАОао
12 937	
700 409 395	
4,9835	
4,93	
4,918	
5,047	
5
TCSG	
TCS-гдр
12 956	
635 822 046	
922,6	
930,8	
874,2	
946	
940
AFLT	
Аэрофлот
15 395	
456 041 647	
74,34	
74	
73,8	
74,8	
74,38
MAGN	
ММК
9 743	
449 099 958	
40,46	
39,25	
39,21	
40,88	
40,7
AFKS	
Система ао
10 432	
424 807 197	
13,793	
13,51	
13,505	
13,949	
13,91
HYDR	
РусГидро
10 574	
377 658 702	
0,6201	
0,6135	
0,6133	
0,626	
0,6202
SIBN	
Газпрнефть
7 442	
367 144 319	
315,85	
314,3	
312	
318,5	
316
TATNP	
Татнфт 3ап
9 911	
343 690 044	
481,1	
480	
473,4	
487	
480,1
RASP	
Распадская
7 635	
284 673 560	
106,48	
105,78	
105,02	
108,44	
107,6
FEES	
ФСК ЕЭС ао
10 529	
279 797 861	
0,18112	
0,1825	
0,17912	
0,18368	
0,18
CBOM	
МКБ ао
17 648	
274 130 631	
5,26	
5,24	
5,222	
5,289	
5,273
FIVE	
FIVE-гдр
6 983	
257 853 858	
2 177	
2 160	
2 151,5	
2 201	
2 184
RUAL	
RUSAL plc
14 338	
248 578 715	
26,025	
25,795	
25,785	
26,245	
26,05
RSTI	
Россети ао
7 183	
222 467 422	
1,2478	
1,2303	
1,2273	
1,26	
1,257
MTLR	
Мечел ао
19 952	
213 234 645	
68,03	
68,4	
67	
69,46	
67,38
DSKY	
ДетскийМир
11 436	
180 115 637	
87,24	
88	
86,82	
88,14	
87,04
RTKM	
Ростел -ао
7 964	
176 472 833	
78,59	
77,89	
77,5	
79,19	
79,12
TGKA	
ТГК-1
8 891	
176 092 100	
0,011208	
0,011048	
0,01086	
0,011384	
0,011346
UPRO	
Юнипро ао
4 394	
171 650 953	
2,702	
2,709	
2,683	
2,721	
2,705
PHOR	
ФосАгро ао
4 223	
171 480 807	
2 737	
2 719	
2 719	
2 750	
2 735
MTLRP	
Мечел ап
4 640	
127 964 265	
76,75	
78,15	
74,75	
79,6	
75,7
NKNCP	
НКНХ ап
5 218	
107 895 547	
81,56	
82	
80,52	
82,22	
81,38
BANEP	
Башнефт ап
3 611	
101 138 273	
1 395,5	
1 376,5	
1 372	
1 409	
1 387
LSRG	
ЛСР ао
6 926	
97 617 539	
585,8	
577,6	
575,6	
596	
580
OGKB	
ОГК-2 ао
4 073	
65 885 555	
0,6011	
0,6034	
0,5979	
0,6047	
0,6018
TRMK	
ТМК ао
1 589	
59 171 946	
56,52	
56,8	
56,28	
56,84	
56,4
APTK	
Аптеки36и6
14 383	
54 986 794	
13,838	
13,742	
13,51	
14,158	
14,1
AGRO	
AGRO-гдр
3 042	
51 123 834	
612,6	
605,8	
603,2	
618,6	
618,4
MVID	
М.видео
1 432	
40 023 288	
360,7	
353,4	
353,4	
364,7	
360,6
AKRN	
Акрон
1 587	
36 364 278	
5 788	
5 886	
5 744	
5 886	
5 800
ENRU	
ЭнелРос ао
2 259	
35 255 876	
0,926	
0,9285	
0,9125	
0,9315	
0,928
QIWI	
iQIWI
2 342	
34 882 986	
899	
893,5	
887	
909	
902,5
PIKK	
ПИК ао
1 420	
34 213 188	
393,3	
392	
389,1	
400	
391,1
ISKJ	
iИСКЧ ао
2 096	
32 755 503	
29,74	
27,63	
27,63	
30,04	
30,04
ENPG	
ЭН+ГРУП ао
776	
31 736 144	
647,1	
624,9	
615,9	
679	
660
KRKNP	
СаратНПЗ-п
672	
25 440 900	
16 760	
16 480	
16 260	
17 000	
16 700
LNTA	
Лента др
3 470	
22 984 826	
151,4	
149	
149	
152,5	
150,6
MSNG	
+МосЭнерго
847	
20 234 594	
1,906	
1,91	
1,89	
1,918	
1,901
BANE	
Башнефт ао
1 194	
17 729 101	
1 726	
1 736	
1 707	
1 737	
1 718,5
LIFE	
iФармсинтз
1 543	
17 584 977	
8,525	
8,85	
8,415	
8,85	
8,465
VSYD	
ВыбСудЗ ао
1 787	
16 959 495	
4 110	
3 320	
3 270	
4 490	
4 490
RTKMP	
Ростел -ап
1 421	
16 809 691	
68,45	
68	
67,9	
68,95	
68,65
MGTSP	
МГТС-4ап
852	
15 710 012	
2 314	
2 306	
2 278	
2 334	
2 326
NMTP	
НМТП ао
1 538	
15 666 669	
8,6	
8,6	
8,52	
8,68	
8,6
GCHE	
ЧеркизГ-ао
1 528	
13 883 029	
1 698,5	
1 709	
1 688	
1 722	
1 698
NKNC	
НКНХ ао
1 056	
12 663 040	
100,1	
99,5	
99,1	
100,65	
100,1
MRKP	
МРСК ЦП
691	
12 413 534	
0,1779	
0,1783	
0,1749	
0,1798	
0,1775
LPSB	
ЛЭСК ао
2 296	
11 553 135	
8,75	
7,1	
7	
9,85	
8,4
MRKV	
МРСКВол
669	
10 903 944	
0,06855	
0,0685	
0,0681	
0,069	
0,06855
ETLN	
ETLN-гдр
875	
10 818 727	
80,08	
80,58	
79,6	
80,7	
80,04
BSPB	
БСП ао
2 273	
10 741 720	
41,12	
41	
40,73	
41,35	
41,01
TTLK	
Таттел. ао
892	
10 677 155	
0,3195	
0,307	
0,3065	
0,33	
0,325
RSTIP	
Россети ап
674	
9 915 411	
1,494	
1,477	
1,471	
1,509	
1,498
VSMO	
ВСМПО-АВСМ
254	
9 627 620	
18 620	
18 680	
18 460	
18 700	
18 500
SELG	
Селигдар
932	
8 852 240	
22,56	
22,93	
22,04	
23,14	
22,61
VSYDP	
ВыбСудЗ ап
618	
8 639 060	
5 040	
4 220	
4 220	
5 420	
5 420
LNZL	
Лензолото
386	
8 023 360	
8 820	
8 940	
8 670	
8 940	
8 750
RLMN	
Роллман
1 675	
6 796 223	
19,75	
17,2	
17,05	
22	
18,35
OBUV	
ОР ао
1 345	
6 546 717	
30,1	
30,4	
29,7	
30,55	
30
MRKC	
МРСК Центр
675	
6 322 012	
0,2436	
0,242	
0,24	
0,2466	
0,243
FESH	
ДВМП ао
623	
6 211 889	
6,3	
6,48	
6,2	
6,52	
6,38
SFIN	
САФМАР ао
532	
6 189 546	
434	
439,4	
430	
439,6	
430
TGKB	
ТГК-2
344	
6 130 225	
0,00369	
0,003655	
0,00364	
0,00375	
0,0037
DIOD	
ЗаводДИОД
591	
5 971 332	
6,11	
6,14	
6,01	
6,24	
6,09
TGKD	
Квадра
905	
5 968 698	
0,003105	
0,00318	
0,003035	
0,003215	
0,003075
KZOSP	
ОргСинт ап
1 842	
5 745 469	
13,99	
13,4	
13,31	
14,37	
13,71
CNTLP	
Телеграф-п
433	
5 572 432	
18,78	
18,44	
18,4	
19,24	
18,98
RNFT	
РуссНфт ао
1 802	
4 875 424	
412	
409,8	
409	
414	
411,2
TUZA	
ТЗА ао
688	
4 695 980	
108	
106	
96	
117	
106
RBCM	
РБК ао
702	
4 645 989	
3,11	
3,11	
3,002	
3,216	
3,086
AQUA	
РусАква ао
279	
4 492 320	
199,5	
199,5	
196	
203,5	
199,5
GEMA	
iММЦБ ао
829	
3 909 404	
741	
736	
725	
760	
736
TGKDP	
Квадра-п
827	
3 817 382	
0,004545	
0,004665	
0,00432	
0,004895	
0,004325
KZOS	
ОргСинт ао
427	
3 682 200	
94,8	
94,7	
93,5	
95	
94,6
YAKG	
ЯТЭК ао
335	
3 528 056	
43,4	
43,6	
42,1	
45,18	
43,78
RGSS	
РГС СК ао
565	
3 331 740	
0,1498	
0,1448	
0,144	
0,1548	
0,1502
KRKOP	
ТКЗКК ап
1 173	
3 282 269	
6,15	
6,595	
6,02	
6,89	
6,22
AMEZ	
АшинскийМЗ
439	
2 590 093	
4,04	
3,95	
3,885	
4,095	
4,09
SVAV	
СОЛЛЕРС
212	
2 558 760	
260,5	
261	
257	
264,5	
259
WTCMP	
ЦМТ ап
246	
2 545 122	
9,62	
9,8	
9,5	
10	
9,68
RLMNP	
Роллман-п
839	
2 397 409	
21,08	
18,6	
18,3	
22,7	
19,56
KMAZ	
КАМАЗ
503	
2 350 547	
55,3	
54,3	
53,9	
56	
55,1
KMEZ	
КМЗ
577	
2 252 085	
450,5	
432,5	
424	
471	
455,5
WTCM	
ЦМТ ао
211	
2 181 754	
10,1	
10,64	
9,96	
10,64	
9,96
MRKK	
Россети СК
219	
2 160 564	
26,28	
26,96	
25,88	
27,14	
26,18
TRCN	
ТрансК ао
96	
2 158 160	
8 205	
8 245	
8 100	
8 290	
8 220
MSTT	
Мостотрест
238	
2 127 605	
153,6	
152,4	
151,5	
154,8	
154,3
VLHZ	
ВХЗ-ао
236	
2 069 703	
49	
49,65	
48	
50	
49,05
KAZT	
Куйбазот
284	
1 946 834	
136,4	
142	
131	
142	
137,8
LNZLP	
Лензол. ап
246	
1 925 695	
3 850	
3 910	
3 760	
3 915	
3 825
AVAN	
Авангрд-ао
266	
1 786 855	
825	
855	
810	
855	
830
GTRK	
ГТМ ао
410	
1 785 148	
44,05	
44,2	
43,4	
45,25	
43,6
PMSBP	
ПермьЭнС-п
243	
1 764 946	
128,8	
132	
126,2	
132,2	
129,2
BELU	
Белуга ао
169	
1 702 290	
1 483	
1 496	
1 441	
1 500	
1 480
MRKZ	
МРСК СЗ
151	
1 676 799	
0,05005	
0,05005	
0,0492	
0,05105	
0,05
ALNU	
АЛРОСА-Нюр
25	
1 606 200	
47 200	
47 000	
47 000	
47 800	
47 200
MSRS	
МОЭСК
179	
1 550 329	
1,0115	
1,018	
1,004	
1,022	
1,012
RUGR	
Русгрэйн
1 416	
1 353 519	
7,904	
7,986	
7,8	
8,066	
7,898
UNAC	
iАвиастКао
169	
1 220 431	
0,4875	
0,4845	
0,483	
0,495	
0,487
PAZA	
ПавлАвт ао
111	
1 155 590	
7 860	
7 940	
7 650	
8 150	
7 780
TGKN	
ТГК-14
83	
1 151 560	
0,00318	
0,00316	
0,00315	
0,0032	
0,00317
RUSP	
Русполимет
91	
1 139 355	
0,6125	
0,595	
0,595	
0,6205	
0,6205
USBN	
УралСиб ао
138	
987 727	
0,0731	
0,0717	
0,0717	
0,0736	
0,0725
PRTK	
ПРОТЕК ао
132	
949 567	
98,4	
98,3	
97,7	
98,8	
98,2
ABRD	
АбрауДюрсо
123	
875 680	
133	
133,5	
132	
134	
133
MAGEP	
МагадЭн ап
81	
866 820	
5,1	
4,89	
4,7	
5,25	
5,035
YRSBP	
ТНСэнЯр-п
147	
833 705	
84,5	
81,5	
80,5	
89	
85
YKEN	
Якутскэнрг
56	
816 115	
0,328	
0,316	
0,316	
0,34	
0,326
IRKT	
ИРКУТ-3
111	
765 266	
29,22	
28,94	
28,92	
29,56	
29,14
IGSTP	
Ижсталь ап
106	
759 125	
702	
704	
695	
709	
704
MOBB	
МосОблБанк
184	
756 744	
2,338	
2,35	
2,28	
2,376	
2,36
CNTL	
Телеграф
123	
756 440	
22,8	
22,35	
22,25	
23,2	
22,5
PMSB	
ПермьЭнСб
180	
752 149	
131,3	
131	
129,6	
135,6	
131,7
DASB	
ДагСб ао
164	
734 541	
0,0933	
0,0922	
0,0913	
0,0959	
0,0925
MRKS	
МРСКСиб
79	
696 810	
0,218	
0,2155	
0,207	
0,2435	
0,22
UTAR	
ЮТэйр ао
67	
689 114	
6,36	
6,34	
6,31	
6,43	
6,35
MRKU	
МРСК Ур
121	
670 590	
0,1498	
0,1442	
0,144	
0,1552	
0,1502
KRSBP	
Красэсб ап
51	
618 040	
5,58	
5,44	
5,44	
5,8	
5,64
VJGZ	
Варьеган
181	
558 270	
607	
624	
597	
637	
608
KAZTP	
Куйбазот-п
167	
557 836	
137,2	
139,8	
135,8	
139,8	
138
KRKN	
СаратНПЗ
35	
535 000	
12 150	
12 750	
11 700	
12 750	
12 400
BRZL	
БурЗолото
87	
526 430	
828	
833	
827	
833	
827
SELGP	
Селигдар-п
69	
499 730	
27,6	
27,65	
27,3	
27,7	
27,65
YKENP	
Якутскэн-п
56	
472 565	
0,305	
0,3005	
0,296	
0,3195	
0,308
MGTS	
МГТС-5ао
92	
465 170	
2 555	
2 565	
2 505	
2 590	
2 575
TGKBP	
ТГК-2 ап
42	
460 470	
0,00658	
0,00646	
0,00646	
0,00663	
0,00654
ZVEZ	
ЗВЕЗДА ао
74	
450 210	
4,33	
4,13	
4,13	
4,45	
4,23
HIMCP	
Химпром ап
84	
445 850	
6,08	
6,15	
6,05	
6,15	
6,07
KLSB	
КалужскСК
108	
418 535	
10,54	
10,62	
10,5	
10,73	
10,56
URKZ	
УрКузница
17	
414 160	
10 100	
10 280	
10 000	
10 320	
10 100
NFAZ	
Нефтекамск
94	
385 626	
150,6	
151	
146,6	
153,8	
147
KROT	
КрасОкт-ао
49	
378 795	
324	
307,5	
307,5	
330	
321,5
VJGZP	
Варьеган-п
64	
366 800	
322	
322	
315	
333	
321
JNOS	
Славн-ЯНОС
53	
356 030	
17,45	
18	
17,3	
18,35	
17,65
ROSB	
Росбанк ао
85	
351 212	
76	
72	
71,2	
80	
74
NKHP	
НКХП ао
50	
344 160	
234	
234	
232	
235,5	
235,5
NSVZ	
НаукаСвяз
67	
335 255	
225	
221,5	
221	
232	
222
IRGZ	
ИркЭнерго
68	
323 306	
11,72	
11,7	
11,54	
11,82	
11,58
MRKY	
РоссЮг ао
114	
322 606	
0,0508	
0,0517	
0,05015	
0,05175	
0,05065
KRSB	
Красэсб ао
21	
321 580	
5,64	
5,75	
5,51	
5,75	
5,7
ROLO	
Русолово
38	
311 898	
3,804	
3,768	
3,758	
3,848	
3,788
KGKCP	
КурганГКап
50	
306 060	
55	
55,5	
53,5	
56	
54,5
ZILL	
ЗИЛ ао
32	
303 458	
1 398	
1 378	
1 378	
1 410	
1 400
VZRZP	
Возрожд-п
67	
300 272	
286	
286	
283,2	
288,2	
287,8
MAGE	
МагадЭн ао
30	
298 870	
4,82	
4,94	
4,76	
4,94	
4,79
UNKL	
ЮУНК ао
47	
294 770	
3 430	
3 410	
3 380	
3 500	
3 430
UWGN	
ОВК ао
98	
285 907	
240,1	
240,6	
235,4	
246,1	
242,9
GAZA	
ГАЗ ао
27	
271 390	
393,5	
397	
389	
398,5	
389
NKSH	
Нижкамшина
40	
267 218	
22,84	
25,02	
22,26	
25,02	
22,72
CHEP	
ЧТПЗ ао
73	
263 540	
195	
193,5	
193,5	
196,5	
195
KGKC	
КурганГКао
69	
245 220	
53	
53	
52	
54	
53
RUSI	
ИКРУСС-ИНВ
44	
240 990	
39,5	
39,6	
38,5	
40,5	
40,5
MGNZ	
СМЗ-ао
18	
233 740	
4 030	
4 190	
3 970	
4 190	
4 000
SLEN	
Сахэнер ао
44	
230 539	
4,185	
4,16	
4,115	
4,2	
4,16
IGST	
Ижсталь2ао
47	
227 510	
830	
849	
819	
850	
829
KROTP	
КрасОкт-1п
16	
223 995	
224	
220,5	
218,5	
225	
225
RTSBP	
ТНСэнРст-п
22	
220 350	
0,253	
0,248	
0,248	
0,274	
0,254
DVEC	
ДЭК ао
71	
210 145	
0,781	
0,8	
0,762	
0,8	
0,782
TORSP	
ТРК ап
17	
208 130	
0,257	
0,256	
0,256	
0,2575	
0,257
RTSB	
ТНСэнРст
41	
207 900	
0,32	
0,31	
0,305	
0,335	
0,31
LVHK	
Левенгук
100	
196 993	
7,88	
8,02	
7,63	
8,05	
7,94
NAUK	
iНПОНаука
25	
193 046	
168	
167,8	
167,6	
168,2	
167,6
KCHE	
КамчатЭ ао
42	
185 345	
0,1765	
0,1725	
0,1685	
0,1805	
0,17
BISVP	
БашИнСв ап
38	
174 053	
6,72	
6,61	
6,61	
6,8	
6,77
JNOSP	
Слав-ЯНОСп
27	
156 060	
13,94	
14,3	
13,62	
14,4	
13,98
KBTK	
КузбТК ао
32	
153 174	
161,2	
168	
158,2	
168	
159,4
YRSB	
ТНСэнЯр
39	
148 100	
162	
164	
154	
168	
166
CHKZ	
ЧКПЗ ао
16	
144 640	
4 980	
4 960	
4 960	
5 060	
5 020
MFGSP	
Мегион-ап
15	
140 870	
320	
318,5	
316	
331	
320,5
MRSB	
МордЭнСб
16	
140 110	
0,36	
0,352	
0,352	
0,365	
0,356
UKUZ	
ЮжКузб. ао
53	
139 318	
494	
510	
482	
512	
502
KOGK	
КоршГОК ао
3	
138 400	
46 200	
46 000	
46 000	
46 200	
46 200
HALS	
Галс-Девел
53	
136 501	
711	
709	
700	
718	
711
TORS	
ТРК ао
24	
135 910	
0,388	
0,376	
0,374	
0,405	
0,374
ALBK	
БестЭфБ ао
19	
134 660	
52,5	
51,5	
51,5	
53	
53
SAGO	
СамарЭн-ао
28	
133 260	
0,392	
0,384	
0,384	
0,4	
0,392
KUZB	
КузнецкийБ
119	
128 554	
0,01719	
0,01691	
0,0169	
0,0173	
0,0172
NNSB	
ТНСэнНН ао
12	
122 505	
1 235	
1 265	
1 230	
1 265	
1 255
ROST	
РОСИНТЕРао
41	
114 314	
58,4	
58,2	
57,6	
59,2	
58,8
TNSE	
ТНСэнрг ао
8	
111 415	
995	
990	
990	
995	
995
GAZAP	
ГАЗ ап
24	
110 445	
325	
331,5	
318	
331,5	
330
TASBP	
ТамбЭнСб-п
22	
109 980	
0,1965	
0,1915	
0,19	
0,2	
0,197
MISB	
ТНСэнМарЭл
32	
109 470	
10,6	
10,6	
10,3	
11,1	
10,7
RZSB	
РязЭнСб
12	
108 240	
6,37	
6,29	
6,24	
6,45	
6,45
BLNG	
Белон ао
30	
105 964	
4	
3,994	
3,994	
4,002	
4,002
VRSBP	
ТНСэнВор-п
23	
102 250	
31	
32	
30,5	
32	
31
CHMK	
ЧМК ао
22	
99 770	
2 375	
2 395	
2 355	
2 405	
2 380
STSB	
СтаврЭнСб
37	
97 812	
0,352	
0,3485	
0,3485	
0,3585	
0,3535
ASSB	
АстрЭнСб
40	
91 743	
0,57	
0,5655	
0,5655	
0,5755	
0,5695
RDRB	
РДБанк ао
23	
87 350	
250	
250	
245	
255	
245
NNSBP	
ТНСэнНН ап
12	
74 198	
550	
549	
539	
552	
547
VRSB	
ТНСэнВорон
12	
71 380	
47,6	
47,8	
47	
48,2	
47,4
ELTZ	
Электрцинк
46	
70 360	
167,5	
164	
164	
169,5	
166
SARE	
СаратЭн-ао
26	
66 014	
0,11	
0,1102	
0,1084	
0,1128	
0,1106
ARSA	
Арсагера
15	
64 990	
3,25	
3,25	
3,2	
3,28	
3,27
RAVN	
Raven
9	
59 490	
33,05	
33,3	
32,55	
33,3	
32,55
OMZZP	
ОМЗ-ап
12	
58 775	
3 455	
3 470	
3 405	
3 480	
3 475
MISBP	
ТНСэМаЭл-п
23	
58 200	
9,6	
9,4	
9,4	
9,8	
9,6
UCSS	
ОКС ао
17	
58 200	
1 460	
1 460	
1 440	
1 470	
1 460
STSBP	
СтаврЭнСбп
30	
51 986	
0,2842	
0,2864	
0,283	
0,2864	
0,284
DZRD	
iДонскЗР
16	
48 636	
2 212	
2 284	
2 172	
2 284	
2 198
RKKE	
ЭнергияРКК
6	
38 810	
4 850	
4 820	
4 820	
4 860	
4 860
INGR	
ИНГРАД ао
19	
37 338	
762	
721	
721	
775	
762
SAGOP	
СамарЭн-ап
10	
36 890	
0,369	
0,369	
0,366	
0,371	
0,369
VGSBP	
ВолгЭнСб-п
18	
35 600	
1,015	
1,035	
1,005	
1,04	
1,01
KTSBP	
КСБ ап
11	
34 325	
0,229	
0,226	
0,226	
0,235	
0,2305
SZPR	
СЗПароход
21	
32 378	
736	
744	
720	
744	
742
CHGZ	
РН-ЗапСиб
7	
31 420	
35	
35,6	
33	
36	
35
KUBE	
Кубанэнр
25	
30 162	
61,6	
61,9	
60,7	
61,9	
61,5
DZRDP	
iДонскЗР п
14	
27 800	
1 640	
1 630	
1 620	
1 640	
1 640
MFGS	
Мегион-ао
7	
23 935	
342	
333	
333	
347,5	
346,5
KTSB	
КСБ ао
17	
13 978	
0,482	
0,482	
0,474	
0,488	
0,488
VGSB	
ВолгЭнСб
2	
12 955	
1,44	
1,445	
1,42	
1,445	
1,42
KCHEP	
КамчатЭ ап
2	
6 940	
0,347	
0,341	
0,341	
0,353	
0,353
TASB	
ТамбЭнСб
2	
5 575	
0,279	
0,2815	
0,276	
0,2815	
0,276
SAREP	
СаратЭн-ап
5	
4 238	
0,0848	
0,0832	
0,0832	
0,0864	
0,0862
KBSB	
ТНСэКубань
2	
2 655	
133	
133	
132,5	
133	
132,5
KUNF	
КУЗОЦМ ао
0	
0	
-	
-	
-	
-	
-
NPOF	
Физика ао
0	
0	
-	
-	
-	
-	
11 850
GAZS	
ГАЗ-сервис
0	
0	
-	
-	
-	
-	
293
GAZT	
ГАЗ-Тек ао
0	
0	
-	
-	
-	
-	
85
GTSS	
ГЕОТЕК ао
0	
0	
-	
-	
-	
-	
-
HIMC	
Химпром ао
0	
0	
-	
-	
-	
-	
0,99
KMTZ	
КосогМЗ ао
0	
0	
-	
-	
-	
-	
-
KRKO	
ТКЗКК ао
0	
0	
-	
-	
-	
-	
11,8
KSGR	
Кокс ао
0	
0	
-	
-	
-	
-	
-
KUNF	
КУЗОЦМ ао
0	
0	
-	
-	
-	
-	
-
KZMS	
КЗМС ао
0	
0	
-	
-	
-	
-	
226
LSNG	
Ленэнерго
0	
0	
-	
-	
-	
-	
5,66
LSNGP	
Ленэнерг-п
0	
0	
-	
-	
-	
-	
119,95
MFON	
МегаФон ао
0	
0	
-	
-	
-	
-	
650,6
MORI	
Морион ао
0	
0	
-	
-	
-	
-	
4,31
NPOF	
Физика ао
0	
0	
-	
-	
-	
-	
11 850
PRMB	
Приморье
0	
0	
-	
-	
-	
-	
17 200
RTGZ	
ГазпРнД ао
0	
0	
-	
-	
-	
-	
22 000
TRFM	
ТрансФ ао
0	
0	
-	
-	
-	
-	
-
URKA	
Уркалий-ао
0	
0	
-	
-	
-	
-	
119,04
VZRZ	
Возрожд-ао
0	
0	
-	
-	
-	
-	
480