SBER	
Сбербанк
82 421	
12 740 888 700	
208,58	
211,5	
206,66	
212,29	
207,88
GAZP	
ГАЗПРОМ ао
106 626	
9 337 608 103	
160,19	
162,11	
158,21	
162,62	
159,08
GMKN	
ГМКНорНик
23 684	
5 642 583 442	
19 236	
19 502	
19 100	
19 526	
19 100
LKOH	
ЛУКОЙЛ
46 270	
5 150 760 495	
4 157,5	
4 235	
4 111	
4 249,5	
4 115
YNDX	
Yandex clA
38 935	
4 102 303 704	
4 547,4	
4 499,8	
4 475,6	
4 623	
4 584
MAIL	
MAIL-гдр
49 858	
2 781 582 348	
2 144	
2 175	
2 102	
2 180	
2 141
TATN	
Татнфт 3ао
32 203	
1 887 886 231	
423	
433,2	
417,9	
433,5	
420,1
PLZL	
Полюс
13 288	
1 644 161 380	
16 358,5	
16 050,5	
16 050,5	
16 543,5	
16 500
POLY	
Polymetal
27 120	
1 526 646 025	
1 767	
1 758,1	
1 745,5	
1 782,5	
1 780,9
CHMF	
СевСт-ао
20 505	
1 449 902 638	
1 072	
1 064	
1 059,6	
1 081	
1 067,4
AFLT	
Аэрофлот
40 343	
1 333 725 589	
57,72	
58,6	
57,1	
58,66	
57,78
MGNT	
Магнит ао
13 290	
1 268 356 269	
4 806	
4 815	
4 763	
4 862	
4 782
FIVE	
FIVE-гдр
21 456	
1 260 358 918	
2 819,5	
2 861,5	
2 782,5	
2 914	
2 825
NLMK	
НЛМК ао
15 391	
1 250 209 787	
181,48	
179,8	
179,24	
184,18	
181,16
ROSN	
Роснефть
12 017	
1 143 015 165	
373,95	
375	
372,05	
376,9	
373,55
TCSG	
TCS-гдр
21 635	
1 127 472 249	
1 929,4	
1 858,2	
1 839,2	
2 000	
1 959,8
MTSS	
МТС-ао
13 318	
1 082 582 449	
318,05	
317,75	
315,9	
319,35	
317,8
MAGN	
ММК
15 961	
941 809 819	
36,14	
36,83	
35,73	
36,92	
35,98
MOEX	
МосБиржа
16 883	
936 154 404	
140,55	
140,7	
139,39	
141,6	
140,98
SBERP	
Сбербанк-п
16 911	
914 707 828	
197,43	
197,9	
195,89	
199,25	
197,05
SNGS	
Сургнфгз
8 257	
851 044 698	
34,135	
34,105	
33,965	
34,52	
34,01
ALRS	
АЛРОСА ао
18 502	
819 077 058	
74,09	
74,35	
73,52	
74,92	
74,83
SNGSP	
Сургнфгз-п
9 380	
802 371 181	
37,155	
37,3	
37,055	
37,3	
37,055
VTBR	
ВТБ ао
33 214	
802 042 623	
0,033705	
0,03416	
0,0334	
0,034425	
0,03353
AFKS	
Система ао
14 297	
699 317 165	
24,782	
25,35	
24,535	
25,35	
24,7
NVTK	
Новатэк ао
9 998	
662 582 527	
1 034	
1 039	
1 027	
1 044,4	
1 034
IRAO	
ИнтерРАОао
8 231	
604 356 750	
5,203	
5,203	
5,151	
5,234	
5,2075
RSTI	
Россети ао
9 976	
457 408 348	
1,4513	
1,477	
1,431	
1,4907	
1,4501
POGR	
Petropavl
12 049	
434 860 140	
26,875	
27,15	
25,9	
27,8	
27,315
TATNP	
Татнфт 3ап
13 628	
416 669 263	
405,7	
412,8	
401,7	
412,9	
403
HYDR	
РусГидро
10 950	
412 613 961	
0,7258	
0,73	
0,717	
0,7329	
0,722
MVID	
М.видео
6 682	
353 265 944	
689,1	
682,3	
677,5	
775	
680
FEES	
ФСК ЕЭС ао
7 404	
347 747 202	
0,18952	
0,19	
0,18804	
0,19126	
0,1895
CBOM	
МКБ ао
5 666	
261 436 381	
5,575	
5,578	
5,534	
5,602	
5,552
UPRO	
Юнипро ао
4 701	
239 231 676	
2,658	
2,67	
2,633	
2,676	
2,66
RTKM	
Ростел -ао
6 137	
202 843 134	
94,48	
95,4	
93,64	
95,6	
94,14
FLOT	
Совкомфлот
8 798	
198 652 382	
98,48	
99,1	
97,95	
99,53	
98,6
RUAL	
РУСАЛ ао
16 055	
180 007 614	
31,985	
32,68	
31,56	
32,72	
31,77
LSRG	
ЛСР ао
12 527	
168 457 183	
896,6	
900,4	
885,2	
909,8	
903,2
TRNFP	
Транснф ап
634	
147 012 750	
134 750	
135 150	
134 200	
135 250	
135 000
SIBN	
Газпрнефть
3 926	
145 182 430	
277,75	
280,7	
275,85	
281,85	
277
DSKY	
ДетскийМир
5 447	
109 243 316	
114,88	
115,4	
114,06	
115,62	
114,7
OGKB	
ОГК-2 ао
5 018	
90 946 476	
0,7164	
0,7285	
0,7066	
0,7305	
0,7139
LNTA	
Лента др
13 910	
75 148 736	
218,2	
219,2	
217	
220,8	
219,9
PHOR	
ФосАгро ао
2 108	
73 457 640	
2 789	
2 776	
2 766	
2 806	
2 804
AKRN	
Акрон
1 118	
73 014 648	
6 108	
6 122	
6 032	
6 146	
6 142
PIKK	
ПИК ао
2 141	
59 677 072	
577,5	
583,5	
575	
584,5	
577
RASP	
Распадская
1 350	
49 052 119	
113,62	
114,96	
112,04	
115,68	
113,08
MTLR	
Мечел ао
7 980	
47 529 226	
57,72	
58,2	
57,22	
58,3	
58,1
QIWI	
iQIWI
3 907	
47 110 211	
1 159	
1 171	
1 150	
1 171	
1 167
ETLN	
ETLN-гдр
9 400	
43 613 502	
129,86	
130,5	
128,88	
131,5	
129,9
ENRU	
ЭнелРос ао
2 129	
40 989 225	
0,9125	
0,9125	
0,907	
0,917	
0,9135
TGKA	
ТГК-1
2 058	
37 686 598	
0,010916	
0,01099	
0,010802	
0,01105	
0,01104
BSPB	
БСП ао
5 190	
37 066 589	
44,3	
45,02	
43,93	
45,3	
44,11
SELGP	
Селигдар-п
1 354	
36 999 220	
37,35	
38,5	
36,5	
38,95	
38,05
NMTP	
НМТП ао
3 974	
29 306 572	
8	
8,04	
7,975	
8,075	
8,03
AGRO	
AGRO-гдр
2 263	
28 854 651	
756,8	
758	
748,6	
766	
752,4
SELG	
Селигдар
1 419	
26 516 267	
43,79	
44,58	
42,02	
45,36	
43,61
BANEP	
Башнефт ап
1 568	
24 606 936	
1 187,5	
1 194,5	
1 182	
1 197,5	
1 182,5
LSNGP	
РСетиЛЭ-п
1 382	
17 243 525	
149,3	
151,25	
148,4	
151,55	
149,5
MSNG	
+МосЭнерго
913	
16 847 213	
2,04	
2,045	
2,021	
2,057	
2,053
MRKP	
МРСК ЦП
978	
15 470 465	
0,2226	
0,2228	
0,2189	
0,2259	
0,2212
SVAV	
СОЛЛЕРС
158	
15 219 595	
274	
277,5	
272	
278	
272,5
RSTIP	
Россети ап
1 004	
12 748 015	
2,002	
2,053	
1,96	
2,053	
1,981
ENPG	
ЭН+ГРУП ао
1 264	
12 272 185	
690,5	
704,5	
686,5	
704,5	
686,5
ISKJ	
iИСКЧ ао
835	
11 723 322	
28,63	
28,1	
27,94	
29,38	
28,15
AQUA	
РусАква ао
620	
11 479 415	
226	
230,5	
222,5	
230,5	
227,5
FESH	
ДВМП ао
581	
10 957 678	
9,79	
9,82	
9,68	
9,93	
9,8
RUGR	
Русгрэйн
4 867	
10 681 568	
9,334	
9,06	
8,98	
9,6	
9,308
MTLRP	
Мечел ап
952	
10 288 853	
66,2	
66,7	
65,5	
66,9	
65,6
MRKV	
РсетВол ао
768	
9 725 210	
0,0691	
0,07065	
0,0683	
0,0714	
0,0683
RTKMP	
Ростел -ап
1 384	
9 119 139	
85,3	
85,1	
84,85	
85,9	
84,9
TRMK	
ТМК ао
992	
8 175 122	
59,96	
60,42	
59,28	
61,12	
60,32
MRKC	
МРСК Центр
1 373	
6 661 719	
0,3018	
0,303	
0,2984	
0,3066	
0,2998
HHRU	
iHHRU-адр
127	
6 559 256	
1 761,4	
1 755	
1 750,2	
1 776	
1 776
VSMO	
ВСМПО-АВСМ
226	
6 028 840	
16 260	
16 340	
16 020	
16 540	
16 200
NKNCP	
НКНХ ап
1 084	
5 879 095	
75,08	
75,76	
75	
75,76	
75
INGR	
ИНГРАД ао
452	
5 724 275	
955	
957	
950	
958	
950
MSRS	
РСетиМР ао
283	
5 520 625	
1,18	
1,194	
1,1685	
1,198	
1,18
MRSB	
МордЭнСб
242	
5 444 500	
0,445	
0,44	
0,433	
0,449	
0,444
BANE	
Башнефт ао
601	
4 686 636	
1 554	
1 573	
1 545,5	
1 573	
1 551
LIFE	
iФармсинтз
570	
4 473 801	
6,485	
6,545	
6,4	
6,575	
6,485
MRKZ	
МРСК СЗ
385	
4 104 213	
0,04935	
0,04915	
0,04855	
0,0502	
0,04995
MSTT	
Мостотрест
616	
4 021 170	
111,8	
113	
109,2	
113,7	
111,15
RUSP	
Русполимет
620	
3 685 764	
0,674	
0,688	
0,6575	
0,6995	
0,67
GCHE	
ЧеркизГ-ао
454	
3 583 891	
1 835	
1 840	
1 830	
1 845,5	
1 831
OBUV	
ОР ао
3 035	
3 475 608	
30,25	
30,45	
30,05	
30,55	
30,2
LNZL	
Лензолото
60	
3 403 260	
19 340	
19 450	
19 320	
19 450	
19 350
MAGE	
МагадЭн ао
265	
3 389 900	
5,67	
5,9	
3,57	
6	
5,74
DVEC	
ДЭК ао
663	
3 274 253	
0,925	
0,909	
0,887	
0,979	
0,89
KRKNP	
СаратНПЗ-п
134	
3 257 860	
14 880	
14 820	
14 780	
15 060	
14 800
NFAZ	
Нефтекамск
149	
3 247 832	
216	
214,4	
211	
220	
216,2
APTK	
Аптеки36и6
7 543	
2 913 244	
13,936	
13,864	
13,864	
13,984	
13,92
AMEZ	
АшинскийМЗ
1 474	
2 711 241	
4,55	
4,56	
4,51	
4,61	
4,525
TGKB	
ТГК-2
150	
2 547 015	
0,003865	
0,003905	
0,003845	
0,003915	
0,003855
NNSB	
ТНСэнНН ао
352	
2 513 890	
2 810	
2 540	
2 540	
3 070	
2 600
TGKD	
Квадра
1 933	
2 264 808	
0,003865	
0,003835	
0,00381	
0,00391	
0,003865
NNSBP	
ТНСэнНН ап
571	
2 084 772	
722	
713	
669	
755	
710
MRKS	
РсетСиб ао
139	
1 994 980	
0,302	
0,2965	
0,2935	
0,41	
0,2995
UNAC	
iАвиастКао
562	
1 962 125	
0,4025	
0,41	
0,4	
0,4145	
0,401
UWGN	
ОВК ао
1 802	
1 917 198	
175,7	
176,3	
174,1	
180	
175,1
LNZLP	
Лензол. ап
222	
1 896 695	
4 000	
4 040	
3 965	
4 040	
4 020
HALS	
Галс-Девел
75	
1 639 079	
1 170	
1 190	
1 160	
1 195	
1 170
BELU	
Белуга ао
320	
1 634 062	
1 229	
1 250	
1 220	
1 250	
1 228
NKNC	
НКНХ ао
383	
1 453 838	
85,55	
84,7	
84,7	
86,95	
85,25
SFIN	
САФМАР ао
62	
1 299 898	
478	
470,2	
470,2	
487,2	
472,8
GEMA	
iММЦБ ао
207	
1 283 161	
560	
566	
553,5	
578	
570
TTLK	
Таттел. ао
124	
1 280 375	
0,338	
0,34	
0,333	
0,3495	
0,335
IRKT	
ИРКУТ-3
155	
1 254 424	
31,06	
31,88	
30,6	
32	
30,76
CNTLP	
Телеграф-п
198	
1 234 052	
13,06	
13,08	
13,02	
13,14	
13,02
KZOS	
ОргСинт ао
426	
1 165 127	
77,3	
79,4	
76,2	
79,4	
76,4
RLMN	
Роллман
583	
1 096 224	
13,25	
13,55	
12,9	
13,8	
13,15
CHEP	
ЧТПЗ ао
198	
1 095 740	
213	
214	
211,5	
214,5	
213,5
KMAZ	
КАМАЗ
729	
1 042 914	
60,8	
61,2	
60,4	
61,3	
60,4
CNTL	
Телеграф
140	
941 095	
15,7	
15,85	
15,6	
15,9	
15,65
MRKY	
РоссЮг ао
636	
925 705	
0,04565	
0,04605	
0,0455	
0,04605	
0,04565
LSNG	
РСетиЛЭ
605	
890 242	
5,15	
5,21	
5,1	
5,3	
5,13
ZILL	
ЗИЛ ао
42	
855 770	
2 530	
2 515	
2 505	
2 575	
2 505
MGTSP	
МГТС-4ап
167	
830 986	
1 822	
1 854	
1 810	
1 854	
1 820
YKEN	
Якутскэнрг
74	
823 065	
0,3845	
0,383	
0,38	
0,397	
0,3865
YKENP	
Якутскэн-п
33	
771 630	
0,364	
0,36	
0,358	
0,374	
0,3645
ROLO	
Русолово
35	
760 006	
6,334	
6,274	
6,24	
6,352	
6,24
ABRD	
АбрауДюрсо
172	
632 035	
192	
191,5	
191	
194,5	
192,5
RNFT	
РуссНфт ао
673	
626 798	
297,4	
298	
291,8	
301,8	
297,2
URKZ	
УрКузница
19	
620 260	
15 900	
15 760	
15 760	
16 000	
15 980
GTRK	
ГТМ ао
870	
583 131	
41,9	
41,55	
41,05	
42,1	
41,9
DIOD	
ЗаводДИОД
81	
562 698	
7,05	
7,02	
6,97	
7,25	
7,03
RGSS	
РГС СК ао
153	
486 494	
0,138	
0,139	
0,136	
0,1398	
0,1372
STSBP	
СтаврЭнСбп
166	
481 435	
0,3285	
0,3315	
0,322	
0,3385	
0,33
MRKU	
МРСК Ур
76	
480 272	
0,133	
0,1338	
0,1324	
0,134	
0,1334
BISVP	
БашИнСв ап
98	
458 555	
9,23	
9,39	
9,13	
9,39	
9,23
TNSE	
ТНСэнрг ао
69	
430 965	
1 015	
1 015	
1 010	
1 035	
1 010
ZVEZ	
ЗВЕЗДА ао
62	
420 370	
3,89	
3,95	
3,8	
3,97	
3,94
KZOSP	
ОргСинт ап
1 467	
415 656	
10,73	
10,71	
10,67	
10,9	
10,7
KGKCP	
КурганГКап
83	
403 195	
60,5	
61	
59,5	
61	
60,5
TORSP	
ТРК ап
29	
399 255	
0,2715	
0,2765	
0,2695	
0,2765	
0,2695
JNOSP	
Слав-ЯНОСп
50	
397 990	
13,36	
13,54	
13,1	
13,6	
13,34
RBCM	
РБК ао
62	
364 471	
3,208	
3,214	
3,204	
3,24	
3,206
TGKN	
ТГК-14
47	
359 050	
0,00304	
0,00302	
0,00302	
0,00307	
0,00304
BRZL	
БурЗолото
90	
354 986	
978	
983	
971	
987	
972
KRKOP	
ТКЗКК ап
77	
354 443	
9,09	
9,24	
9	
9,39	
9,04
ALNU	
АЛРОСА-Нюр
6	
340 600	
56 800	
57 000	
56 200	
57 000	
56 200
HIMCP	
Химпром ап
115	
339 350	
6,94	
7,01	
6,9	
7,01	
6,91
MAGEP	
МагадЭн ап
37	
330 830	
5,91	
5,85	
5,75	
6,03	
5,8
RZSB	
РязЭнСб
43	
313 928	
9,02	
9,12	
8,86	
9,14	
8,94
NSVZ	
НаукаСвяз
56	
307 255	
195,5	
194	
193,5	
197	
194
KRSBP	
Красэсб ап
36	
307 072	
7,3	
7,46	
7,2	
7,5	
7,32
EELT	
ЕвроЭлтех
182	
304 271	
8,44	
8,88	
8,26	
8,88	
8,28
ROSB	
Росбанк ао
134	
301 254	
77,8	
77,8	
75,4	
81,8	
77,2
MISB	
ТНСэнМарЭл
70	
295 640	
12,5	
13,1	
12,3	
13,1	
12,5
NKHP	
НКХП ао
58	
287 330	
254,5	
254	
253	
257	
253
KAZT	
Куйбазот
81	
272 046	
144	
145,6	
142	
147,2	
145
UNKL	
ЮУНК ао
33	
270 040	
6 430	
6 430	
6 400	
6 470	
6 460
VRSB	
ТНСэнВорон
29	
269 880	
69,2	
70,4	
68	
70,6	
68,6
VJGZP	
Варьеган-п
49	
267 160	
311	
321	
303	
321	
305
BLNG	
Белон ао
32	
244 511	
4,252	
4,218	
4,214	
4,294	
4,214
RTSB	
ТНСэнРст
21	
236 200	
0,525	
0,525	
0,52	
0,54	
0,54
RDRB	
РДБанк ао
27	
234 500	
220	
225	
215	
225	
225
UTAR	
ЮТэйр ао
67	
231 988	
6,74	
6,77	
6,63	
6,94	
6,67
KMEZ	
КМЗ
139	
223 094	
565	
585	
554	
585	
565,5
IRGZ	
ИркЭнерго
64	
222 864	
10,92	
11,12	
10,82	
11,12	
10,84
PMSBP	
ПермьЭнС-п
79	
204 872	
129,6	
129,8	
129	
130	
129
USBN	
УралСиб ао
43	
194 390	
0,0659	
0,0652	
0,0652	
0,067	
0,0653
KGKC	
КурганГКао
36	
192 510	
54	
54	
54	
54,5	
54
KOGK	
КоршГОК ао
3	
179 000	
44 800	
44 800	
44 600	
44 800	
44 600
VGSB	
ВолгЭнСб
28	
173 365	
3,69	
3,74	
3,64	
3,765	
3,72
MRKK	
Россети СК
55	
170 250	
24,9	
25,02	
24,52	
25,02	
24,98
KRSB	
Красэсб ао
55	
169 017	
7,19	
7,3	
7,01	
7,31	
7,31
ELTZ	
Электрцинк
84	
160 312	
152,5	
155	
151	
155	
152
PMSB	
ПермьЭнСб
73	
151 325	
130,5	
128,9	
128,9	
131,4	
130,3
KAZTP	
Куйбазот-п
25	
147 950	
146,4	
147,2	
145	
148,6	
148,2
KLSB	
КалужскСК
37	
144 476	
12,9	
12,98	
12,85	
12,98	
12,86
SLEN	
Сахэнер ао
16	
139 313	
5,955	
5,99	
5,82	
5,99	
5,9
CHKZ	
ЧКПЗ ао
12	
129 580	
5 180	
5 240	
5 120	
5 260	
5 160
CHMK	
ЧМК ао
46	
126 045	
2 470	
2 485	
2 460	
2 490	
2 470
WTCMP	
ЦМТ ап
33	
119 890	
8,04	
8,08	
8,02	
8,08	
8,04
VZRZP	
Возрожд-п
25	
119 604	
284,8	
287	
282,8	
287	
286,4
KRKN	
СаратНПЗ
7	
118 700	
11 850	
12 000	
11 850	
12 000	
11 850
YAKG	
ЯТЭК ао
18	
105 315	
50,15	
50	
49,85	
50,8	
50,2
RKKE	
ЭнергияРКК
17	
105 150	
6 190	
6 050	
6 050	
6 240	
6 210
AVAN	
Авангрд-ао
38	
104 140	
815	
815	
810	
835	
820
KBTK	
КузбТК ао
36	
98 966	
139,4	
135,2	
135,2	
141,4	
139,2
CHGZ	
РН-ЗапСиб
10	
98 760	
52	
52	
51,8	
52,4	
52,4
KUZB	
КузнецкийБ
95	
97 585	
0,01305	
0,01302	
0,013	
0,01318	
0,01308
PAZA	
ПавлАвт ао
3	
96 000	
8 000	
8 010	
7 990	
8 010	
8 000
KTSBP	
КСБ ап
8	
94 065	
0,294	
0,295	
0,2875	
0,295	
0,2875
KROT	
КрасОкт-ао
17	
90 285	
361	
362	
357	
363,5	
361,5
ASSB	
АстрЭнСб
47	
90 134	
0,7705	
0,781	
0,752	
0,7815	
0,78
KCHEP	
КамчатЭ ап
17	
85 900	
0,373	
0,375	
0,368	
0,384	
0,369
SAGOP	
СамарЭн-ап
12	
83 140	
0,438	
0,436	
0,432	
0,442	
0,442
MGTS	
МГТС-5ао
15	
81 945	
2 100	
2 105	
2 095	
2 110	
2 095
TGKBP	
ТГК-2 ап
83	
75 698	
0,00658	
0,00666	
0,00649	
0,00671	
0,00657
TGKDP	
Квадра-п
23	
75 370	
0,005095	
0,005145	
0,00504	
0,005145	
0,00513
LPSB	
ЛЭСК ао
35	
74 245	
8	
8,1	
7,9	
8,1	
8,05
VGSBP	
ВолгЭнСб-п
31	
70 145	
1,67	
1,69	
1,65	
1,695	
1,695
DZRD	
iДонскЗР
16	
67 335	
1 980	
2 005	
1 950	
2 010	
1 985
UKUZ	
ЮжКузб. ао
19	
65 628	
480	
488	
478	
488	
486
SAGO	
СамарЭн-ао
11	
64 900	
0,54	
0,54	
0,53	
0,55	
0,548
STSB	
СтаврЭнСб
45	
61 651	
0,527	
0,5275	
0,5215	
0,5325	
0,5215
KBSB	
ТНСэКубань
20	
56 240	
131	
131	
130	
131,5	
130
MFGS	
Мегион-ао
3	
54 010	
300	
303	
298	
303	
298
GAZAP	
ГАЗ ап
5	
52 145	
306,5	
306,5	
306,5	
307,5	
307
ALBK	
БестЭфБ ао
13	
51 365	
57	
57	
56,5	
58	
57,5
SARE	
СаратЭн-ао
11	
48 534	
0,1244	
0,1246	
0,123	
0,1248	
0,1242
MFGSP	
Мегион-ап
12	
47 740	
265	
270	
263	
270	
267
SAREP	
СаратЭн-ап
23	
45 156	
0,1026	
0,1048	
0,1016	
0,1048	
0,103
YRSB	
ТНСэнЯр
5	
42 140	
162	
164	
162	
164	
162
ROST	
РОСИНТЕРао
10	
38 538	
62,2	
62,6	
62	
62,8	
62,8
KUBE	
Кубанэнр
20	
38 278	
67,2	
67,7	
65,6	
68	
68
NAUK	
iНПОНаука
15	
36 834	
193,8	
195,8	
193	
195,8	
193,2
YRSBP	
ТНСэнЯр-п
23	
35 295	
90,5	
88	
86,5	
92,5	
86,5
DZRDP	
iДонскЗР п
14	
34 190	
1 490	
1 490	
1 470	
1 490	
1 470
JNOS	
Славн-ЯНОС
8	
32 660	
17,2	
17,4	
17	
17,5	
17,15
LVHK	
Левенгук
21	
32 083	
8,02	
8,14	
8	
8,14	
8,07
VLHZ	
ВХЗ-ао
10	
31 113	
53,65	
53,3	
53,3	
53,95	
53,6
IGSTP	
Ижсталь ап
21	
29 285	
771	
770	
758	
776	
773
MGNZ	
СМЗ-ао
3	
28 920	
4 820	
4 820	
4 820	
4 820	
4 820
WTCM	
ЦМТ ао
7	
28 526	
8,64	
8,64	
8,62	
8,7	
8,7
MISBP	
ТНСэМаЭл-п
11	
27 230	
11,8	
12	
11,7	
12	
11,8
VSYDP	
ВыбСудЗ ап
1	
26 320	
3 760	
3 760	
3 760	
3 760	
3 760
UCSS	
ОКС ао
8	
25 800	
1 430	
1 440	
1 430	
1 450	
1 430
PRMB	
Приморье
1	
25 000	
25 000	
25 000	
25 000	
25 000	
25 000
NKSH	
Нижкамшина
5	
24 082	
21,9	
21,98	
21,8	
22,04	
21,8
VJGZ	
Варьеган
19	
21 695	
603	
611	
601	
611	
607
IGST	
Ижсталь2ао
13	
18 780	
817	
808	
808	
829	
817
RAVN	
Raven
2	
12 590	
25,2	
25,1	
25,1	
25,5	
25,5
TASBP	
ТамбЭнСб-п
4	
10 680	
0,267	
0,27	
0,266	
0,27	
0,266
KCHE	
КамчатЭ ао
5	
10 235	
0,2045	
0,2065	
0,202	
0,2065	
0,202
RTSBP	
ТНСэнРст-п
2	
9 550	
0,478	
0,475	
0,475	
0,48	
0,48
RLMNP	
Роллман-п
21	
8 987	
15,76	
16,3	
15,5	
16,3	
15,86
GAZA	
ГАЗ ао
2	
7 885	
394,5	
393	
393	
395,5	
395,5
TASB	
ТамбЭнСб
2	
7 790	
0,3895	
0,3895	
0,3895	
0,3895	
0,3895
VSYD	
ВыбСудЗ ао
2	
7 690	
3 845	
3 845	
3 845	
3 845	
3 845
TUZA	
ТЗА ао
7	
7 140	
102	
101	
101	
103	
102
RUSI	
ИКРУСС-ИНВ
1	
3 770	
37,7	
37,7	
37,7	
37,7	
37,7
OMZZP	
ОМЗ-ап
1	
3 360	
3 360	
3 360	
3 360	
3 360	
3 360
KROTP	
КрасОкт-1п
1	
2 620	
262	
262	
262	
262	
262
KTSB	
КСБ ао
2	
1 222	
0,612	
0,612	
0,61	
0,612	
0,61
MFON	
МегаФон ао
0	
0	
-	
-	
-	
-	
650,6
KRKO	
ТКЗКК ао
0	
0	
-	
-	
-	
-	
11,8
MORI	
Морион ао
0	
0	
-	
-	
-	
-	
4,31
DERZP	
Держава ап
0	
0	
-	
-	
-	
-	
-
TORS	
ТРК ао
0	
0	
-	
-	
-	
-	
0,38
VRSBP	
ТНСэнВор-п
0	
0	
-	
-	
-	
-	
44,5
GAZC	
ГАЗКОН-ао
0	
0	
-	
-	
-	
-	
295
GTSS	
ГЕОТЕК ао
0	
0	
-	
-	
-	
-	
-
KUNF	
КУЗОЦМ ао
0	
0	
-	
-	
-	
-	
-
PRTK	
ПРОТЕК ао
0	
0	
-	
-	
-	
-	
99,6
NPOF	
Физика ао
0	
0	
-	
-	
-	
-	
11 850
RTGZ	
ГазпРнД ао
0	
0	
-	
-	
-	
-	
26 550
TRCN	
ТрансК ао
0	
0	
-	
-	
-	
-	
8 595
BISV	
БашИнСв ао
0	
0	
-	
-	
-	
-	
8,7
GAZS	
ГАЗ-сервис
0	
0	
-	
-	
-	
-	
293
KMTZ	
КосогМЗ ао
0	
0	
-	
-	
-	
-	
-
KZMS	
КЗМС ао
0	
0	
-	
-	
-	
-	
226
TRFM	
ТрансФ ао
0	
0	
-	
-	
-	
-	
-
GAZT	
ГАЗ-Тек ао
0	
0	
-	
-	
-	
-	
85
HIMC	
Химпром ао
0	
0	
-	
-	
-	
-	
0,99
ARSA	
Арсагера
0	
0	
-	
-	
-	
-	
3,67
KSGR	
Кокс ао
0	
0	
-	
-	
-	
-	
-
URKA	
Уркалий-ао
0	
0	
-	
-	
-	
-	
119,04
VRSBP	
ТНСэнВор-п
0	
0	
-	
-	
-	
-	
44,5
VZRZ	
Возрожд-ао
0	
0	
-	
-	
-	
-	
480