SBER	
Сбербанк
105 090	
14 741 456 974	
228,48	
228,79	
227,35	
229,55	
228,32
YNDX	
Yandex clA
85 152	
8 892 190 478	
5 053,8	
4 958	
4 941,8	
5 119,8	
5 050
GAZP	
ГАЗПРОМ ао
82 229	
8 750 928 216	
173,13	
174,2	
171,29	
175,38	
172,09
LKOH	
ЛУКОЙЛ
30 805	
4 850 560 742	
4 603	
4 574,5	
4 552	
4 634,5	
4 605
GMKN	
ГМКНорНик
19 120	
3 356 457 054	
18 838	
18 900	
18 716	
19 010	
18 730
TATN	
Татнфт 3ао
56 581	
3 308 934 375	
466,3	
464,5	
456,6	
479,9	
470,5
PLZL	
Полюс
16 540	
2 433 260 182	
16 404	
16 320	
16 224,5	
16 645	
16 289
SBERP	
Сбербанк-п
43 282	
2 141 984 870	
221,22	
221	
220,33	
222,11	
221,39
POLY	
Polymetal
28 346	
1 797 352 331	
1 693,6	
1 667	
1 659	
1 723,7	
1 691,1
MAIL	
MAIL-гдр
41 075	
1 758 328 392	
2 204,6	
2 181,2	
2 170	
2 240	
2 186,2
MGNT	
Магнит ао
17 649	
1 756 594 565	
5 062	
5 040	
5 023	
5 114	
5 044
SNGSP	
Сургнфгз-п
17 939	
1 754 401 943	
38,6	
38,15	
38,115	
38,82	
38,56
IRAO	
ИнтерРАОао
15 189	
1 468 069 903	
5,7835	
5,6895	
5,6475	
5,86	
5,84
ROSN	
Роснефть
13 112	
1 320 764 781	
384,05	
382,35	
380,45	
386,45	
384,6
MOEX	
МосБиржа
20 243	
1 106 059 848	
147,1	
145,25	
144,89	
148,12	
146,76
TATNP	
Татнфт 3ап
27 154	
1 078 408 329	
447,8	
447,9	
440	
456,8	
450
NVTK	
Новатэк ао
10 341	
1 044 658 994	
1 087	
1 082,4	
1 078,6	
1 098,6	
1 086,6
NLMK	
НЛМК ао
13 380	
983 469 711	
170,92	
168,7	
168,36	
172	
171,02
MTSS	
МТС-ао
11 105	
953 484 166	
343	
340	
339,85	
345,2	
344,55
DSKY	
ДетскийМир
19 372	
918 088 500	
116,22	
114,64	
113,2	
118	
117,76
CHMF	
СевСт-ао
15 972	
870 994 273	
987	
985,8	
975,6	
995,2	
978
ALRS	
АЛРОСА ао
16 997	
858 054 576	
72,05	
71,98	
71,6	
72,76	
72,1
AFKS	
Система ао
13 885	
714 814 166	
21,282	
21,3	
21,017	
21,643	
21,18
AFLT	
Аэрофлот
21 444	
677 894 313	
75,12	
74,2	
73,24	
76,38	
75,3
SNGS	
Сургнфгз
8 257	
675 575 445	
35	
34,81	
34,655	
35,17	
35,035
VTBR	
ВТБ ао
26 270	
632 715 935	
0,03441	
0,034255	
0,03417	
0,03459	
0,034385
TCSG	
TCS-гдр
11 724	
630 264 079	
2 052,8	
2 028,4	
2 015,8	
2 085	
2 070,6
TRNFP	
Транснф ап
1 607	
591 032 700	
145 500	
144 150	
144 150	
146 750	
145 850
POGR	
Petropavl
10 358	
567 238 132	
34,335	
33,205	
33,205	
34,965	
34,32
MAGN	
ММК
7 086	
516 919 527	
38,875	
38,38	
38,315	
39,24	
38,895
FIVE	
FIVE-гдр
7 881	
472 718 401	
2 974	
2 982,5	
2 921	
3 015	
2 941
RUAL	
РУСАЛ ао
15 927	
398 852 472	
32,205	
31,5	
31,03	
33	
32,44
LNTA	
Лента др
20 411	
383 330 417	
221,1	
214,9	
213,8	
226,6	
226
MVID	
М.видео
6 976	
349 345 779	
650	
628	
628	
662,2	
653,5
CBOM	
МКБ ао
6 424	
300 027 857	
5,772	
5,716	
5,716	
5,816	
5,815
SIBN	
Газпрнефть
5 957	
298 602 465	
296,3	
293,05	
292,25	
298,5	
298,5
HYDR	
РусГидро
7 754	
228 672 200	
0,7582	
0,759	
0,7538	
0,7619	
0,755
FEES	
ФСК ЕЭС ао
5 163	
194 683 859	
0,2013	
0,1992	
0,1992	
0,2022	
0,2011
PHOR	
ФосАгро ао
4 330	
179 405 518	
2 796	
2 746	
2 745	
2 829	
2 821
RTKM	
Ростел -ао
5 823	
178 598 663	
98,77	
98,33	
98,01	
99,98	
99,6
RSTI	
Россети ао
3 549	
143 967 764	
1,4824	
1,4775	
1,4671	
1,4925	
1,48
ENPG	
ЭН+ГРУП ао
600	
142 635 391	
700,5	
697	
695,5	
706,5	
703
UPRO	
Юнипро ао
3 683	
136 184 425	
2,799	
2,764	
2,749	
2,839	
2,819
LSRG	
ЛСР ао
8 592	
106 257 814	
868,2	
868,8	
861,2	
872,8	
867,2
QIWI	
iQIWI
3 826	
103 662 486	
1 362	
1 349	
1 321	
1 378	
1 375,5
HHRU	
iHHRU-адр
1 222	
78 576 090	
1 899,4	
1 889,8	
1 859,6	
1 931	
1 925,8
ISKJ	
iИСКЧ ао
4 365	
69 278 415	
35,14	
35	
33,03	
37,37	
35,5
OGKB	
ОГК-2 ао
4 295	
64 348 378	
0,7604	
0,7605	
0,7552	
0,7685	
0,761
MTLR	
Мечел ао
6 129	
61 294 623	
60,88	
61	
60,21	
61,7	
61,28
ENRU	
ЭнелРос ао
1 742	
54 909 613	
0,9415	
0,9415	
0,9315	
0,948	
0,946
PIKK	
ПИК ао
1 604	
52 190 010	
563	
559	
559	
564,5	
564,5
ETLN	
ETLN-гдр
6 272	
44 373 841	
125,68	
124,56	
124,02	
126,7	
126,68
BANEP	
Башнефт ап
4 045	
42 960 492	
1 247	
1 262	
1 239	
1 262	
1 244
RASP	
Распадская
1 018	
37 861 918	
119,98	
119,14	
118,26	
121,8	
120,06
MTLRP	
Мечел ап
1 461	
33 224 487	
65,1	
64,25	
64,25	
65,65	
65,6
MRKP	
МРСК ЦП
715	
31 917 721	
0,2196	
0,218	
0,217	
0,2215	
0,2205
AKRN	
Акрон
673	
28 854 902	
6 160	
6 100	
6 052	
6 230	
6 218
AGRO	
AGRO-гдр
3 018	
28 049 926	
733	
731,2	
728,2	
739,4	
733
TGKA	
ТГК-1
2 558	
27 586 681	
0,011142	
0,01123	
0,011032	
0,011294	
0,011258
NMTP	
НМТП ао
2 129	
26 888 146	
8,61	
8,6	
8,57	
8,685	
8,585
FESH	
ДВМП ао
1 751	
22 916 684	
8,63	
8,63	
8,25	
8,82	
8,71
LSNGP	
РСетиЛЭ-п
2 027	
22 649 794	
152,5	
155,1	
151,7	
155,85	
152,3
AQUA	
РусАква ао
796	
21 201 075	
218	
216	
214,5	
222	
221,5
YAKG	
ЯТЭК ао
884	
17 372 145	
52,35	
48,5	
48,5	
54,95	
52,45
RTKMP	
Ростел -ап
1 655	
16 995 239	
89,15	
89,3	
88,4	
89,65	
89,15
LIFE	
iФармсинтз
974	
14 352 976	
7,25	
7,255	
7,15	
7,475	
7,22
SELG	
Селигдар
835	
11 264 205	
41,86	
42,23	
40,82	
42,86	
42,42
ARSA	
Арсагера
743	
11 120 840	
4,45	
4,13	
3,9	
4,95	
3,98
BSPB	
БСП ао
1 601	
10 656 294	
42,86	
42,8	
42,7	
43,24	
42,81
MSNG	
+МосЭнерго
624	
10 161 109	
2,0495	
2,048	
2,04	
2,058	
2,052
NKNCP	
НКНХ ап
1 307	
10 050 812	
77,1	
77,22	
76,9	
77,5	
77,36
VSMO	
ВСМПО-АВСМ
231	
9 583 720	
17 060	
17 040	
17 000	
17 140	
17 080
LNZL	
Лензолото
101	
8 788 410	
18 460	
18 560	
18 250	
18 600	
18 600
RSTIP	
Россети ап
539	
8 209 315	
2,022	
2,034	
2	
2,038	
2,018
BANE	
Башнефт ао
560	
8 001 655	
1 654	
1 663,5	
1 646	
1 663,5	
1 660
KRKNP	
СаратНПЗ-п
185	
7 329 860	
15 520	
15 500	
15 440	
15 620	
15 520
GCHE	
ЧеркизГ-ао
725	
6 304 581	
1 882	
1 874	
1 870	
1 905	
1 883,5
KMAZ	
КАМАЗ
908	
6 052 264	
59,5	
60,9	
59	
60,9	
59,9
MRKC	
МРСК Центр
528	
5 705 427	
0,2944	
0,2926	
0,2924	
0,2968	
0,296
LNZLP	
Лензол. ап
166	
5 567 065	
4 000	
4 000	
3 965	
4 040	
3 995
PRMB	
Приморье
154	
5 154 000	
28 000	
27 400	
27 000	
31 200	
27 800
BISVP	
БашИнСв ап
690	
5 117 861	
11,17	
10,89	
10,85	
11,79	
11,43
OBUV	
ОР ао
1 325	
5 092 781	
31,95	
31,55	
31,45	
32,2	
31,95
TRMK	
ТМК ао
237	
5 043 327	
60,94	
60,56	
60,56	
61	
60,96
APTK	
Аптеки36и6
2 454	
4 561 963	
13,66	
13,65	
13,546	
13,696	
13,64
TGKD	
Квадра
434	
4 482 257	
0,003675	
0,00359	
0,00358	
0,00376	
0,00369
UNAC	
iАвиастКао
674	
4 049 298	
0,417	
0,426	
0,4115	
0,426	
0,4215
SELGP	
Селигдар-п
333	
3 835 525	
35,9	
36,95	
35,35	
36,95	
36
SFIN	
САФМАР ао
63	
3 673 236	
501,8	
494,4	
490,2	
509	
499,8
CNTLP	
Телеграф-п
381	
3 582 824	
14,38	
14,42	
14,3	
14,52	
14,36
NKNC	
НКНХ ао
639	
3 436 943	
88,95	
90,05	
85,8	
90,45	
89
PAZA	
ПавлАвт ао
310	
3 434 040	
8 460	
8 150	
7 910	
8 830	
8 120
BELU	
Белуга ао
141	
3 321 577	
1 290	
1 297	
1 285	
1 297	
1 288
SVAV	
СОЛЛЕРС
89	
3 220 435	
288,5	
286,5	
286,5	
290,5	
290
LSNG	
РСетиЛЭ
524	
3 099 566	
5,54	
5,48	
5,45	
5,62	
5,54
ZILL	
ЗИЛ ао
176	
2 897 675	
2 590	
2 550	
2 500	
2 775	
2 575
ALNU	
АЛРОСА-Нюр
29	
2 855 600	
57 200	
57 000	
56 400	
58 600	
58 000
KZOS	
ОргСинт ао
527	
2 685 279	
82,1	
82,9	
81,8	
82,9	
82
MRSB	
МордЭнСб
104	
2 657 680	
0,43	
0,438	
0,427	
0,44	
0,439
TGKB	
ТГК-2
174	
2 631 395	
0,004015	
0,00401	
0,003995	
0,00405	
0,00403
RNFT	
РуссНфт ао
838	
2 455 894	
342,4	
345,6	
334,6	
346,8	
342,6
DIOD	
ЗаводДИОД
450	
2 317 860	
7,13	
6,86	
6,86	
7,29	
7,15
RAVN	
Raven
26	
2 254 490	
30,65	
30,4	
30,25	
30,7	
30,6
MRKV	
РсетВол ао
444	
2 074 596	
0,06855	
0,0678	
0,06775	
0,06905	
0,069
TTLK	
Таттел. ао
104	
2 061 825	
0,3295	
0,335	
0,3275	
0,335	
0,33
MGTSP	
МГТС-4ап
204	
1 953 582	
1 938	
1 944	
1 930	
1 948	
1 934
ABRD	
АбрауДюрсо
464	
1 787 210	
197,5	
200	
195	
201,5	
198
GEMA	
iММЦБ ао
222	
1 754 265	
615	
617,5	
610	
620	
610
UWGN	
ОВК ао
216	
1 712 763	
203,2	
207,9	
200,1	
207,9	
206,4
RDRB	
РДБанк ао
107	
1 688 850	
215	
215	
210	
225	
220
RTGZ	
ГазпРнД ао
4	
1 647 450	
26 150	
26 150	
26 150	
26 150	
26 150
IRGZ	
ИркЭнерго
120	
1 604 440	
11,62	
11,54	
11,52	
11,74	
11,62
HIMCP	
Химпром ап
325	
1 563 441	
7,95	
7,94	
7,89	
7,99	
7,99
IRKT	
ИРКУТ-3
106	
1 411 382	
33,68	
33,66	
33,5	
34,28	
33,52
NSVZ	
НаукаСвяз
198	
1 315 380	
203	
204,5	
202	
206	
203,5
ROLO	
Русолово
121	
1 161 238	
6,416	
6,398	
6,234	
6,49	
6,4
CNTL	
Телеграф
168	
1 127 460	
16,8	
16,6	
16,6	
16,9	
16,75
TNSE	
ТНСэнрг ао
109	
1 065 490	
1 035	
1 005	
1 000	
1 070	
1 030
CHEP	
ЧТПЗ ао
161	
1 033 680	
206	
206	
205	
207,5	
206,5
USBN	
УралСиб ао
66	
1 006 010	
0,068	
0,0671	
0,067	
0,069	
0,0678
BRZL	
БурЗолото
163	
942 491	
1 041	
1 041	
1 030	
1 059	
1 038
TGKDP	
Квадра-п
312	
886 193	
0,0046	
0,004395	
0,004395	
0,0048	
0,00454
WTCM	
ЦМТ ао
141	
869 088	
9,16	
9,14	
8,68	
9,98	
9,36
NFAZ	
Нефтекамск
150	
819 458	
209,6	
219	
196	
219,4	
205,2
RLMN	
Роллман
257	
816 647	
17,55	
17,75	
17,35	
17,85	
17,5
KZOSP	
ОргСинт ап
656	
796 693	
11,33	
11,5	
11,18	
11,5	
11,38
VZRZP	
Возрожд-п
54	
774 352	
318,6	
319,6	
310,2	
323	
315
RKKE	
ЭнергияРКК
57	
734 570	
6 930	
6 890	
6 890	
7 000	
6 990
RGSS	
РГС СК ао
157	
718 935	
0,146	
0,1478	
0,145	
0,1478	
0,1466
VRSB	
ТНСэнВорон
75	
717 520	
71,8	
73,2	
71	
73,2	
72,2
MSRS	
РСетиМР ао
122	
672 359	
1,1715	
1,1775	
1,166	
1,182	
1,17
RUGR	
Русгрэйн
1 379	
666 531	
9,15	
9,066	
9,064	
9,298	
9,086
RBCM	
РБК ао
114	
601 642	
3,284	
3,264	
3,25	
3,308	
3,298
WTCMP	
ЦМТ ап
45	
580 282	
8,12	
8,3	
8,1	
8,3	
8,2
VLHZ	
ВХЗ-ао
54	
546 848	
54	
53,55	
53,05	
54,9	
54,05
MFGS	
Мегион-ао
39	
536 725	
327,5	
337	
322	
337	
330
AMEZ	
АшинскийМЗ
334	
535 358	
4,625	
4,585	
4,57	
4,665	
4,62
KAZT	
Куйбазот
83	
488 152	
167,8	
159,8	
159,8	
198	
160,8
BLNG	
Белон ао
185	
474 799	
4,114	
4,15	
4,034	
4,246	
4,198
GTRK	
ГТМ ао
425	
432 478	
42,5	
42,05	
42,05	
42,85	
42,55
KRSB	
Красэсб ао
103	
423 533	
7,15	
7,04	
7,01	
7,35	
7,32
MRKU	
МРСК Ур
63	
423 196	
0,1382	
0,1392	
0,1376	
0,1392	
0,1382
UTAR	
ЮТэйр ао
74	
412 711	
6,9	
6,9	
6,86	
6,96	
6,9
LVHK	
Левенгук
104	
402 071	
8,43	
8,56	
8,26	
8,72	
8,36
HALS	
Галс-Девел
68	
396 722	
1 133	
1 120	
1 120	
1 149	
1 127
PMSBP	
ПермьЭнС-п
96	
391 518	
131	
131,6	
130	
131,6	
130,8
UNKL	
ЮУНК ао
44	
389 820	
6 610	
6 660	
6 580	
6 660	
6 610
NKHP	
НКХП ао
69	
389 545	
263	
261	
261	
266	
264,5
TGKN	
ТГК-14
47	
388 960	
0,00311	
0,00313	
0,0031	
0,00314	
0,00313
URKZ	
УрКузница
10	
368 160	
15 340	
15 100	
15 100	
15 500	
15 320
DZRDP	
iДонскЗР п
144	
365 090	
1 690	
1 680	
1 600	
1 720	
1 680
KBSB	
ТНСэКубань
70	
343 210	
134,5	
135,5	
133,5	
136,5	
135
AVAN	
Авангрд-ао
130	
334 300	
850	
865	
835	
880	
845
PMSB	
ПермьЭнСб
80	
315 389	
132,5	
132,2	
130,8	
134,2	
134
IGSTP	
Ижсталь ап
117	
309 381	
852	
830	
829	
881	
862
KRKOP	
ТКЗКК ап
125	
308 554	
8,405	
8,55	
8,315	
8,55	
8,495
MAGEP	
МагадЭн ап
31	
299 250	
5,44	
5,38	
5,31	
5,53	
5,39
KUZB	
КузнецкийБ
157	
291 178	
0,01504	
0,01501	
0,015	
0,01515	
0,01503
ALBK	
БестЭфБ ао
81	
284 410	
58,5	
59	
58	
59,5	
59
KROT	
КрасОкт-ао
30	
276 655	
369	
367,5	
367,5	
372,5	
370,5
KRKN	
СаратНПЗ
15	
272 800	
12 400	
12 150	
12 150	
12 550	
12 550
KRSBP	
Красэсб ап
66	
261 692	
7,44	
7,52	
7,08	
7,54	
7,48
OMZZP	
ОМЗ-ап
25	
251 305	
3 395	
3 415	
3 360	
3 420	
3 395
RUSP	
Русполимет
98	
250 448	
0,634	
0,634	
0,6265	
0,6375	
0,6355
VGSB	
ВолгЭнСб
24	
234 725	
4,045	
4,02	
4,005	
4,145	
4,02
VJGZP	
Варьеган-п
23	
221 560	
341	
342	
338	
342	
342
ZVEZ	
ЗВЕЗДА ао
27	
220 385	
4,59	
4,59	
4,545	
4,64	
4,585
KAZTP	
Куйбазот-п
48	
212 430	
151,8	
151	
150	
154,6	
150,4
RTSB	
ТНСэнРст
26	
207 300	
0,53	
0,535	
0,525	
0,54	
0,53
MISBP	
ТНСэМаЭл-п
31	
207 250	
12	
12	
11,9	
12,3	
12,1
INGR	
ИНГРАД ао
28	
206 293	
806	
808	
801	
808	
808
MGNZ	
СМЗ-ао
30	
204 680	
4 650	
4 730	
4 600	
4 730	
4 700
MGTS	
МГТС-5ао
43	
198 365	
2 280	
2 225	
2 195	
2 440	
2 205
KLSB	
КалужскСК
38	
191 929	
13,24	
13,17	
13,04	
13,37	
13,09
MAGE	
МагадЭн ао
19	
190 750	
5,6	
5,59	
5,56	
5,66	
5,61
NNSBP	
ТНСэнНН ап
60	
183 109	
642	
652	
634	
652	
642
MRKZ	
МРСК СЗ
111	
181 097	
0,0495	
0,04955	
0,0493	
0,04975	
0,04975
SLEN	
Сахэнер ао
58	
175 206	
6,28	
6,645	
6,21	
6,645	
6,26
SAGO	
СамарЭн-ао
14	
169 400	
0,584	
0,6	
0,576	
0,6	
0,58
STSBP	
СтаврЭнСбп
95	
167 704	
0,3745	
0,375	
0,3715	
0,3775	
0,373
KUBE	
Кубанэнр
44	
158 949	
70,6	
70	
70	
71,4	
70,8
ELTZ	
Электрцинк
100	
149 882	
170,5	
173,5	
168	
176,5	
168,5
CHGZ	
РН-ЗапСиб
20	
147 560	
52,8	
52,8	
52	
53,4	
52,2
MRKY	
РоссЮг ао
169	
142 837	
0,0481	
0,0478	
0,0478	
0,04855	
0,04815
ROST	
РОСИНТЕРао
29	
142 434	
61,4	
61,8	
61	
62	
61,2
TORS	
ТРК ао
34	
137 780	
0,405	
0,42	
0,399	
0,42	
0,401
DVEC	
ДЭК ао
68	
137 330	
0,909	
0,906	
0,905	
0,914	
0,908
TGKBP	
ТГК-2 ап
47	
120 093	
0,00702	
0,00708	
0,00698	
0,00708	
0,00701
VGSBP	
ВолгЭнСб-п
45	
116 570	
1,88	
1,985	
1,36	
1,985	
1,97
RZSB	
РязЭнСб
27	
114 970	
9,12	
9,18	
9,04	
9,2	
9,04
VJGZ	
Варьеган
53	
112 490	
628	
627	
620	
646	
627
SAGOP	
СамарЭн-ап
18	
109 770	
0,439	
0,444	
0,434	
0,444	
0,442
KROTP	
КрасОкт-1п
18	
104 570	
261,5	
264	
260	
264	
261
VSYD	
ВыбСудЗ ао
22	
103 335	
3 825	
3 835	
3 800	
3 890	
3 865
IGST	
Ижсталь2ао
28	
96 230	
982	
980	
944	
1 005	
981
TORSP	
ТРК ап
10	
95 435	
0,2805	
0,284	
0,279	
0,284	
0,2835
YKEN	
Якутскэнрг
19	
93 860	
0,391	
0,39	
0,39	
0,3945	
0,3935
MRKK	
Россети СК
30	
83 882	
25,42	
24,92	
24,92	
25,7	
25,34
KMEZ	
КМЗ
42	
83 745	
498,5	
492,5	
492,5	
503	
498
VSYDP	
ВыбСудЗ ап
12	
76 940	
3 840	
3 820	
3 820	
3 880	
3 880
MISB	
ТНСэнМарЭл
26	
76 860	
12,2	
12,2	
12,1	
12,5	
12,4
RLMNP	
Роллман-п
49	
75 652	
18,18	
18,24	
18,06	
18,48	
18,14
SARE	
СаратЭн-ао
37	
73 864	
0,1342	
0,1346	
0,1326	
0,1388	
0,138
NKSH	
Нижкамшина
11	
73 766	
22,32	
22,6	
22,18	
22,6	
22,3
TUZA	
ТЗА ао
21	
73 240	
105	
105	
104	
106	
105
RTSBP	
ТНСэнРст-п
10	
71 120	
0,508	
0,525	
0,502	
0,525	
0,518
GAZA	
ГАЗ ао
15	
67 450	
397	
392	
392	
400	
399,5
MRKS	
РсетСиб ао
11	
60 000	
0,2305	
0,2325	
0,23	
0,2325	
0,232
KBTK	
КузбТК ао
26	
59 424	
148,6	
149,4	
146,2	
150	
149
VRSBP	
ТНСэнВор-п
10	
58 600	
45	
44,5	
44,5	
45,5	
45,5
CHKZ	
ЧКПЗ ао
11	
58 580	
5 320	
5 280	
5 280	
5 380	
5 380
YKENP	
Якутскэн-п
12	
53 255	
0,3805	
0,383	
0,376	
0,383	
0,381
KTSB	
КСБ ао
27	
48 660	
0,632	
0,626	
0,626	
0,64	
0,636
DZRD	
iДонскЗР
10	
48 265	
2 100	
2 130	
2 090	
2 130	
2 095
NAUK	
iНПОНаука
18	
47 978	
200	
201	
199	
201	
200
KOGK	
КоршГОК ао
1	
46 600	
46 600	
46 600	
46 600	
46 600	
46 600
ROSB	
Росбанк ао
25	
45 244	
78	
77,4	
77,4	
78,8	
78,6
KCHE	
КамчатЭ ао
5	
42 935	
0,2145	
0,215	
0,2145	
0,2155	
0,2145
CHMK	
ЧМК ао
13	
41 340	
2 585	
2 590	
2 580	
2 590	
2 580
ASSB	
АстрЭнСб
20	
40 953	
0,7445	
0,7475	
0,742	
0,7475	
0,747
LPSB	
ЛЭСК ао
13	
38 800	
8,1	
8,1	
8,05	
8,15	
8,1
NNSB	
ТНСэнНН ао
8	
32 820	
1 725	
1 730	
1 720	
1 760	
1 760
YRSBP	
ТНСэнЯр-п
14	
32 500	
85,5	
85	
85	
87,5	
87,5
KGKC	
КурганГКао
10	
31 400	
55	
55,5	
55	
55,5	
55
UKUZ	
ЮжКузб. ао
20	
30 650	
502	
500	
500	
508	
504
JNOSP	
Слав-ЯНОСп
8	
29 470	
14,04	
14,3	
13,92	
14,3	
14,1
GAZAP	
ГАЗ ап
5	
24 795	
310	
312	
309,5	
312	
309,5
JNOS	
Славн-ЯНОС
5	
23 600	
18,15	
18,05	
18,05	
18,3	
18,3
TASB	
ТамбЭнСб
6	
23 385	
0,39	
0,383	
0,383	
0,3945	
0,3885
KGKCP	
КурганГКап
10	
21 100	
54	
54	
53,5	
54,5	
54,5
SAREP	
СаратЭн-ап
11	
17 542	
0,117	
0,1166	
0,1152	
0,1188	
0,1154
EELT	
ЕвроЭлтех
28	
17 166	
7,44	
7,4	
7,4	
7,46	
7,46
STSB	
СтаврЭнСб
20	
15 602	
0,557	
0,5635	
0,5495	
0,5665	
0,5595
TASBP	
ТамбЭнСб-п
5	
14 165	
0,2835	
0,284	
0,283	
0,284	
0,283
RUSI	
ИКРУСС-ИНВ
2	
7 680	
38,4	
38,2	
38,2	
38,6	
38,6
YRSB	
ТНСэнЯр
1	
5 040	
168	
168	
168	
168	
168
KCHEP	
КамчатЭ ап
1	
3 800	
0,38	
0,38	
0,38	
0,38	
0,38
KTSBP	
КСБ ап
1	
2 825	
0,2825	
0,2825	
0,2825	
0,2825	
0,2825
UCSS	
ОКС ао
1	
1 470	
1 470	
1 470	
1 470	
1 470	
1 470
BISV	
БашИнСв ао
0	
0	
-	
-	
-	
-	
8,7
GTSS	
ГЕОТЕК ао
0	
0	
-	
-	
-	
-	
-
KUNF	
КУЗОЦМ ао
0	
0	
-	
-	
-	
-	
-
PRTK	
ПРОТЕК ао
0	
0	
-	
-	
-	
-	
99,6
NPOF	
Физика ао
0	
0	
-	
-	
-	
-	
11 850
TRCN	
ТрансК ао
0	
0	
-	
-	
-	
-	
8 595
GAZS	
ГАЗ-сервис
0	
0	
-	
-	
-	
-	
293
KMTZ	
КосогМЗ ао
0	
0	
-	
-	
-	
-	
-
KZMS	
КЗМС ао
0	
0	
-	
-	
-	
-	
226
MSTT	
Мостотрест
0	
0	
-	
-	
-	
-	
161
TRFM	
ТрансФ ао
0	
0	
-	
-	
-	
-	
-
GAZT	
ГАЗ-Тек ао
0	
0	
-	
-	
-	
-	
85
HIMC	
Химпром ао
0	
0	
-	
-	
-	
-	
0,99
BISV	
БашИнСв ао
0	
0	
-	
-	
-	
-	
8,7
KSGR	
Кокс ао
0	
0	
-	
-	
-	
-	
-
MFGSP	
Мегион-ап
0	
0	
-	
-	
-	
-	
310
MOBB	
МосОблБанк
0	
0	
-	
-	
-	
-	
0,698
URKA	
Уркалий-ао
0	
0	
-	
-	
-	
-	
119,04
VZRZ	
Возрожд-ао
0	
0	
-	
-	
-	
-	
480
MFON	
МегаФон ао
0	
0	
-	
-	
-	
-	
650,6
KRKO	
ТКЗКК ао
0	
0	
-	
-	
-	
-	
11,8
MORI	
Морион ао
0	
0	
-	
-	
-	
-	
4,31