YNDX	
Yandex clA
101 273	
11 800 110 057	
4 851,4	
4 870,2	
4 761	
4 928,2	
4 866
SBER	
Сбербанк
54 129	
9 232 406 393	
226,57	
227	
225,19	
228,1	
225,99
GAZP	
ГАЗПРОМ ао
63 816	
6 297 790 665	
183,58	
184,95	
182,48	
185,22	
182,48
GMKN	
ГМКНорНик
32 811	
5 539 037 846	
19 422	
19 712	
19 300	
19 770	
19 350
PLZL	
Полюс
21 536	
4 229 032 435	
18 266,5	
18 300	
18 052	
18 442	
18 380
LKOH	
ЛУКОЙЛ
29 511	
3 962 123 670	
5 093,5	
5 170	
5 056,5	
5 178,5	
5 056,5
POLY	
Polymetal
34 939	
2 627 372 786	
1 990,5	
1 960	
1 942,6	
2 036	
2 020,2
MGNT	
Магнит ао
23 455	
2 226 200 019	
4 627,5	
4 735,5	
4 560	
4 735,5	
4 570
NVTK	
Новатэк ао
15 313	
1 533 237 301	
1 101	
1 117,8	
1 090,2	
1 117,8	
1 100
POGR	
Petropavl
24 117	
1 473 654 872	
35,59	
34,2	
34,05	
37	
36,95
MAIL	
MAIL-гдр
30 253	
1 387 423 369	
2 305,4	
2 324,4	
2 262,8	
2 359	
2 299
ROSN	
Роснефть
14 692	
1 342 262 443	
383,75	
389,9	
378,8	
391,2	
379,45
TATN	
Татнфт 3ао
21 942	
1 193 355 215	
556,7	
561,6	
553,3	
561,9	
553,7
SBERP	
Сбербанк-п
18 726	
1 188 533 834	
215,62	
217,16	
215	
217,16	
215,2
MOEX	
МосБиржа
20 608	
983 207 159	
139,91	
141,95	
138,15	
141,95	
139,21
MTSS	
МТС-ао
13 268	
972 141 214	
343,85	
349	
341,1	
349,1	
342,75
NLMK	
НЛМК ао
14 495	
941 074 831	
156,94	
159,66	
155,38	
159,66	
155,9
SNGSP	
Сургнфгз-п
21 023	
936 068 741	
37,625	
38,15	
37,13	
38,215	
37,535
SNGS	
Сургнфгз
16 806	
875 437 627	
37,24	
37,72	
36,97	
37,865	
37,13
DSKY	
ДетскийМир
18 599	
562 181 564	
120,74	
124,82	
118,26	
125,2	
118,9
VTBR	
ВТБ ао
18 227	
543 452 277	
0,03594	
0,036155	
0,0358	
0,036275	
0,035945
TRNFP	
Транснф ап
2 224	
526 976 700	
138 950	
141 100	
136 300	
141 550	
138 000
CHMF	
СевСт-ао
13 993	
520 093 760	
944,8	
954,4	
941	
954,4	
942
HYDR	
РусГидро
14 147	
490 185 413	
0,7447	
0,749	
0,7365	
0,752	
0,7428
IRAO	
ИнтерРАОао
7 196	
460 656 291	
5,2845	
5,31	
5,253	
5,318	
5,3
MAGN	
ММК
7 385	
403 559 329	
38,59	
38,9	
38,325	
38,9	
38,565
FIVE	
FIVE-гдр
9 601	
396 457 542	
2 716	
2 796	
2 690	
2 796	
2 719,5
ALRS	
АЛРОСА ао
10 610	
393 778 734	
67,17	
67,32	
66,8	
67,55	
67,45
AFKS	
Система ао
7 669	
384 033 333	
21,288	
21,348	
21,035	
21,45	
21,42
AFLT	
Аэрофлот
10 476	
365 390 434	
82,4	
83,02	
81,9	
83,08	
82,6
TCSG	
TCS-гдр
13 739	
361 371 645	
1 856,6	
1 930	
1 821	
1 930	
1 833,6
RTKM	
Ростел -ао
10 298	
338 153 644	
97,42	
97,06	
96,6	
98,4	
97,5
PHOR	
ФосАгро ао
6 162	
313 189 957	
2 734	
2 770	
2 701	
2 770	
2 716
SIBN	
Газпрнефть
5 839	
290 376 635	
317,95	
320	
317	
320,05	
317,55
FEES	
ФСК ЕЭС ао
6 501	
287 007 626	
0,1985	
0,20044	
0,19658	
0,20044	
0,1983
RSTI	
Россети ао
5 815	
259 525 661	
1,4932	
1,522	
1,4759	
1,522	
1,4844
CBOM	
МКБ ао
6 158	
254 250 410	
5,903	
5,904	
5,87	
5,932	
5,884
TATNP	
Татнфт 3ап
6 886	
228 002 060	
540,2	
544,5	
538,1	
544,9	
540
RUAL	
РУСАЛ ао
10 057	
196 102 665	
31,025	
31,89	
30,505	
31,89	
30,905
LSRG	
ЛСР ао
7 672	
179 872 466	
780,6	
780,8	
774,4	
786	
776,6
UPRO	
Юнипро ао
3 292	
154 842 905	
2,73	
2,721	
2,703	
2,753	
2,722
MVID	
М.видео
4 108	
147 853 683	
559,8	
575	
550,9	
576,7	
557
SELG	
Селигдар
3 337	
84 668 629	
47,94	
46,31	
46,31	
48,5	
47,88
OGKB	
ОГК-2 ао
3 187	
75 310 759	
0,7421	
0,7503	
0,7376	
0,7541	
0,7381
ETLN	
ETLN-гдр
2 180	
61 783 054	
116,4	
119,28	
115,56	
119,4	
116,94
QIWI	
iQIWI
3 380	
61 219 293	
1 342,5	
1 358,5	
1 325	
1 366,5	
1 337,5
LNTA	
Лента др
3 869	
51 318 278	
205,3	
208,2	
202,5	
208,6	
204,4
RTKMP	
Ростел -ап
3 412	
41 603 213	
89	
89,75	
88,55	
89,75	
88,95
BANEP	
Башнефт ап
2 338	
40 437 962	
1 340	
1 349	
1 335	
1 349,5	
1 341
PIKK	
ПИК ао
1 568	
36 427 018	
498,2	
499	
496	
500,5	
498,4
MTLR	
Мечел ао
3 056	
34 675 863	
65,55	
65,58	
65,22	
65,87	
65,32
RASP	
Распадская
961	
29 968 885	
116,08	
118,12	
115,1	
118,12	
115,22
TGKA	
ТГК-1
2 715	
29 902 864	
0,011602	
0,011814	
0,01156	
0,011814	
0,011562
NMTP	
НМТП ао
3 035	
27 798 151	
8,895	
9	
8,865	
9	
8,905
AGRO	
AGRO-гдр
1 638	
27 582 981	
751,6	
757,2	
746	
760,2	
752
BSPB	
БСП ао
2 148	
26 586 752	
44,66	
44,89	
44,32	
45,4	
44,42
AKRN	
Акрон
844	
23 602 270	
5 892	
5 962	
5 860	
5 962	
5 900
MTLRP	
Мечел ап
1 105	
19 537 322	
72,1	
72,3	
71,7	
72,45	
72
SELGP	
Селигдар-п
786	
18 893 880	
36,25	
35,15	
35,1	
36,7	
36,55
ENRU	
ЭнелРос ао
1 756	
17 982 735	
0,921	
0,923	
0,918	
0,924	
0,919
TRMK	
ТМК ао
258	
14 256 034	
58,6	
58,62	
58,5	
58,8	
58,6
OBUV	
ОР ао
1 103	
13 879 599	
35,45	
35,65	
35	
36,05	
35,55
AQUA	
РусАква ао
709	
13 306 525	
222	
221,5	
220,5	
223,5	
223
MRKP	
МРСК ЦП
712	
12 931 953	
0,2205	
0,2201	
0,2195	
0,222	
0,2198
NSVZ	
НаукаСвяз
1 583	
12 867 950	
252	
246	
232	
268,5	
236
LNZL	
Лензолото
255	
12 679 530	
17 990	
18 030	
17 910	
18 120	
18 000
NKNCP	
НКНХ ап
1 236	
10 393 795	
80,02	
80,22	
79,88	
80,6	
79,96
ENPG	
ЭН+ГРУП ао
521	
10 326 241	
680,5	
689,5	
672,5	
699,5	
688
VSMO	
ВСМПО-АВСМ
245	
10 279 280	
17 660	
17 760	
17 600	
17 760	
17 620
ALBK	
БестЭфБ ао
1 681	
10 194 530	
68	
76,5	
65,5	
78	
66
DIOD	
ЗаводДИОД
809	
9 527 049	
8,65	
8,89	
8,59	
8,89	
8,59
KTSBP	
КСБ ап
65	
7 420 480	
0,3115	
0,308	
0,3055	
0,3195	
0,3145
MSNG	
+МосЭнерго
484	
6 968 108	
2,0775	
2,0705	
2,0705	
2,09	
2,075
RSTIP	
Россети ап
599	
6 931 786	
2,059	
2,09	
2,05	
2,09	
2,055
LSNGP	
РСетиЛЭ-п
655	
6 775 281	
151,65	
151,45	
151,05	
152,1	
151,9
KAZT	
Куйбазот
13	
6 667 870	
151,2	
151	
148,4	
153	
152,6
BANE	
Башнефт ао
413	
6 604 875	
1 735,5	
1 744,5	
1 730	
1 744,5	
1 736
BISVP	
БашИнСв ап
1 254	
6 575 411	
10,58	
10,8	
10,14	
11	
10,3
LNZLP	
Лензол. ап
305	
6 322 560	
4 755	
4 850	
4 700	
4 850	
4 740
CNTLP	
Телеграф-п
657	
5 913 072	
16,34	
16,36	
16,1	
16,44	
16,34
RDRB	
РДБанк ао
834	
5 614 350	
260	
290	
240	
290	
250
KRKNP	
СаратНПЗ-п
154	
5 146 120	
15 600	
15 640	
15 540	
15 680	
15 560
GCHE	
ЧеркизГ-ао
480	
4 823 079	
1 902,5	
1 896	
1 892,5	
1 910	
1 900
VRSB	
ТНСэнВорон
409	
4 773 780	
85,6	
78,8	
78,6	
90	
85
SVAV	
СОЛЛЕРС
132	
4 714 340	
284,5	
284	
283	
286	
284
YAKG	
ЯТЭК ао
110	
4 632 295	
42,4	
42,8	
42	
43,1	
42,5
CNTL	
Телеграф
376	
4 466 285	
18,15	
18,1	
18,05	
18,2	
18,1
LIFE	
iФармсинтз
413	
4 274 511	
7,275	
7,33	
7,15	
7,395	
7,26
KBTK	
КузбТК ао
685	
4 267 562	
163,2	
151,4	
151,4	
176,6	
157,6
AMEZ	
АшинскийМЗ
649	
4 123 200	
4,97	
4,985	
4,895	
5,045	
4,965
MRKC	
МРСК Центр
419	
4 105 421	
0,2946	
0,2974	
0,2936	
0,2982	
0,2944
MSTT	
Мостотрест
166	
4 012 265	
156,3	
158,5	
155,95	
159,2	
157
RUGR	
Русгрэйн
1 869	
3 882 078	
9,574	
9,57	
9,422	
9,798	
9,556
VRSBP	
ТНСэнВор-п
312	
3 794 550	
49	
47	
47	
51,5	
49
GAZA	
ГАЗ ао
140	
3 531 310	
428,5	
424	
421	
441	
426,5
NKNC	
НКНХ ао
513	
3 126 801	
91,65	
92	
91,25	
92,5	
91,75
RNFT	
РуссНфт ао
715	
3 102 164	
465,8	
477,4	
463	
477,4	
463,8
CHEP	
ЧТПЗ ао
231	
2 863 020	
208	
212	
206	
212	
210
LSNG	
РСетиЛЭ
173	
2 854 597	
6	
6,03	
5,99	
6,04	
6
APTK	
Аптеки36и6
1 095	
2 841 046	
13,43	
13,496	
13,36	
13,498	
13,454
BRZL	
БурЗолото
360	
2 683 110	
1 156	
1 146	
1 140	
1 163	
1 160
ROLO	
Русолово
219	
2 586 470	
7,106	
7,1	
7,03	
7,2	
7,088
RAVN	
Raven
31	
2 428 320	
29,95	
30,1	
29,7	
30,25	
29,75
NNSBP	
ТНСэнНН ап
805	
2 407 533	
725	
663	
663	
763	
684
NNSB	
ТНСэнНН ао
391	
2 324 060	
1 940	
1 825	
1 815	
2 060	
1 935
UNKL	
ЮУНК ао
187	
2 281 400	
7 600	
7 920	
7 220	
7 920	
7 600
IRKT	
ИРКУТ-3
182	
2 174 246	
36,3	
35,86	
35,66	
36,82	
36,14
SLEN	
Сахэнер ао
177	
2 126 782	
6,945	
6,97	
6,755	
7,05	
6,965
MSRS	
РСетиМР ао
120	
2 080 652	
1,156	
1,17	
1,153	
1,17	
1,154
UNAC	
iАвиастКао
327	
2 064 655	
0,487	
0,49	
0,4835	
0,4925	
0,486
GEMA	
iММЦБ ао
138	
2 002 250	
596,5	
602,5	
594,5	
602,5	
597
USBN	
УралСиб ао
102	
1 947 626	
0,0693	
0,0693	
0,0685	
0,0705	
0,0685
MRKV	
РсетВол ао
377	
1 628 303	
0,0722	
0,072	
0,0719	
0,07265	
0,072
CHGZ	
РН-ЗапСиб
150	
1 602 900	
61,2	
60,2	
59	
73	
60
TGKN	
ТГК-14
117	
1 518 130	
0,00326	
0,00329	
0,00325	
0,0033	
0,00325
KZOS	
ОргСинт ао
252	
1 469 550	
86,3	
87,1	
86	
87,1	
86,4
MGTSP	
МГТС-4ап
127	
1 412 274	
2 024	
2 026	
2 012	
2 030	
2 022
HALS	
Галс-Девел
270	
1 333 890	
1 354	
1 350	
1 308	
1 400	
1 355
BELU	
Белуга ао
172	
1 283 919	
1 318	
1 330	
1 306	
1 339	
1 322
ISKJ	
iИСКЧ ао
188	
1 281 386	
22,88	
22,97	
22,67	
23,27	
22,8
NAUK	
iНПОНаука
189	
1 269 986	
211,6	
212	
208	
219	
210,6
TGKD	
Квадра
104	
1 191 861	
0,003485	
0,00342	
0,00341	
0,00352	
0,0035
NKSH	
Нижкамшина
143	
1 152 166	
23,6	
25	
23,2	
25	
23,48
NKHP	
НКХП ао
184	
1 110 860	
280,5	
283	
275	
289	
284
RBCM	
РБК ао
257	
1 105 482	
3,372	
3,386	
3,34	
3,416	
3,372
URKZ	
УрКузница
30	
1 104 360	
16 000	
16 260	
15 820	
16 260	
16 160
HIMCP	
Химпром ап
189	
1 094 958	
6,38	
6,22	
6,22	
6,49	
6,34
ABRD	
АбрауДюрсо
162	
1 056 910	
204	
206,5	
202	
208,5	
203,5
KMAZ	
КАМАЗ
342	
1 011 618	
64,1	
65	
63,7	
65,1	
63,9
RUSP	
Русполимет
98	
991 920	
0,644	
0,641	
0,6335	
0,654	
0,644
PRMB	
Приморье
33	
979 200	
28 000	
28 600	
27 000	
28 600	
27 600
TUZA	
ТЗА ао
159	
973 680	
106	
108	
101	
112	
103
TGKB	
ТГК-2
97	
952 675	
0,00439	
0,004405	
0,004375	
0,00442	
0,0044
IRGZ	
ИркЭнерго
108	
951 598	
12,52	
12,48	
12,36	
12,6	
12,5
MAGEP	
МагадЭн ап
74	
950 770	
7,26	
7,04	
7	
7,75	
7,24
GAZAP	
ГАЗ ап
104	
941 300	
317	
314	
311,5	
326,5	
316
STSBP	
СтаврЭнСбп
330	
921 991	
0,4125	
0,4165	
0,4045	
0,418	
0,41
RTSB	
ТНСэнРст
93	
904 300	
0,65	
0,675	
0,58	
0,685	
0,665
FESH	
ДВМП ао
133	
868 738	
7,59	
7,62	
7,56	
7,62	
7,58
SFIN	
САФМАР ао
20	
830 282	
528,8	
527	
527	
529,2	
529
KUZB	
КузнецкийБ
564	
792 519	
0,01603	
0,01639	
0,0159	
0,01657	
0,01604
TTLK	
Таттел. ао
101	
742 355	
0,327	
0,333	
0,325	
0,333	
0,327
SARE	
СаратЭн-ао
215	
664 512	
0,1514	
0,156	
0,1484	
0,1582	
0,1506
MRKK	
Россети СК
136	
661 308	
25,12	
25,66	
24,94	
26	
24,94
INGR	
ИНГРАД ао
107	
645 369	
808	
822	
802	
825	
807
MAGE	
МагадЭн ао
58	
597 670	
6,16	
6,12	
6	
6,26	
6,22
LPSB	
ЛЭСК ао
154	
583 945	
8,25	
8,45	
8	
8,45	
8,3
UKUZ	
ЮжКузб. ао
85	
581 658	
528	
544	
522	
544	
528
STSB	
СтаврЭнСб
268	
565 471	
0,563	
0,5705	
0,551	
0,58	
0,576
TNSE	
ТНСэнрг ао
41	
520 360	
1 045	
1 085	
1 040	
1 085	
1 050
DVEC	
ДЭК ао
75	
506 659	
0,915	
0,921	
0,91	
0,922	
0,917
KRKOP	
ТКЗКК ап
133	
475 166	
8,485	
8,565	
8,38	
8,615	
8,415
MRKU	
МРСК Ур
81	
472 246	
0,148	
0,15	
0,147	
0,1504	
0,1472
NFAZ	
Нефтекамск
47	
470 698	
173,6	
169,4	
169,4	
175	
174,8
ZILL	
ЗИЛ ао
23	
466 010	
2 590	
2 580	
2 575	
2 620	
2 580
VGSB	
ВолгЭнСб
58	
462 935	
4,21	
4,34	
3,975	
4,34	
4,195
YKENP	
Якутскэн-п
51	
459 125	
0,4025	
0,417	
0,395	
0,417	
0,396
VZRZP	
Возрожд-п
36	
454 162	
315,4	
316,6	
312	
316,6	
314
MRKY	
РоссЮг ао
85	
422 491	
0,04995	
0,0499	
0,0498	
0,05025	
0,04985
PAZA	
ПавлАвт ао
31	
402 530	
8 950	
9 020	
8 890	
9 040	
8 930
RTSBP	
ТНСэнРст-п
49	
392 050	
0,613	
0,618	
0,6	
0,628	
0,607
EELT	
ЕвроЭлтех
121	
382 266	
8,2	
8,6	
8,08	
8,6	
8,1
KZOSP	
ОргСинт ап
279	
369 018	
11,82	
11,85	
11,76	
11,92	
11,79
YKEN	
Якутскэнрг
18	
352 075	
0,419	
0,4275	
0,415	
0,4275	
0,4155
UWGN	
ОВК ао
102	
350 836	
232,2	
232,3	
231,5	
234,4	
231,6
RZSB	
РязЭнСб
32	
346 900	
9,38	
9,34	
9,28	
9,46	
9,32
RLMN	
Роллман
72	
342 432	
18,8	
18,9	
18,6	
19,05	
18,75
RGSS	
РГС СК ао
99	
336 616	
0,1494	
0,1498	
0,1488	
0,1504	
0,149
GTRK	
ГТМ ао
121	
322 373	
43,35	
42,6	
42,6	
43,5	
43,4
AVAN	
Авангрд-ао
38	
320 450	
855	
860	
850	
860	
855
MRKS	
РсетСиб ао
23	
317 205	
0,2385	
0,2395	
0,2375	
0,2405	
0,238
RKKE	
ЭнергияРКК
29	
303 670	
7 790	
7 860	
7 740	
7 860	
7 770
PMSBP	
ПермьЭнС-п
111	
297 626	
130,6	
130,2	
129,8	
131,6	
131
KMEZ	
КМЗ
208	
283 681	
532	
522	
522	
539	
523,5
ALNU	
АЛРОСА-Нюр
5	
277 400	
55 400	
55 800	
55 400	
55 800	
55 400
MGTS	
МГТС-5ао
48	
275 675	
2 280	
2 290	
2 240	
2 300	
2 275
VSYDP	
ВыбСудЗ ап
31	
270 760	
4 040	
4 100	
4 020	
4 100	
4 060
JNOSP	
Слав-ЯНОСп
69	
255 648	
14,12	
14,66	
13,7	
14,66	
14,56
MRSB	
МордЭнСб
37	
248 280	
0,407	
0,413	
0,403	
0,414	
0,408
MGNZ	
СМЗ-ао
24	
244 560	
4 800	
4 840	
4 720	
4 870	
4 800
CHKZ	
ЧКПЗ ао
24	
242 280	
5 760	
5 800	
5 700	
5 860	
5 700
ROSB	
Росбанк ао
68	
237 850	
80,6	
82	
80	
82	
81,2
SAGO	
СамарЭн-ао
14	
225 760	
0,49	
0,486	
0,486	
0,492	
0,49
IGSTP	
Ижсталь ап
53	
224 901	
896	
911	
887	
911	
892
KLSB	
КалужскСК
63	
214 671	
13,42	
13,41	
13,33	
13,55	
13,44
DZRDP	
iДонскЗР п
57	
205 120	
1 900	
1 890	
1 880	
1 910	
1 880
KOGK	
КоршГОК ао
4	
192 000	
48 000	
48 000	
48 000	
48 000	
48 000
RTGZ	
ГазпРнД ао
4	
185 850	
26 550	
26 500	
26 300	
26 900	
26 300
BLNG	
Белон ао
46	
181 591	
4,364	
4,398	
4,33	
4,398	
4,38
IGST	
Ижсталь2ао
36	
172 883	
999	
1 001	
986	
1 002	
989
VJGZP	
Варьеган-п
30	
166 770	
363	
360	
355	
365	
362
PMSB	
ПермьЭнСб
48	
163 284	
131,7	
133	
131	
133,5	
132,3
VLHZ	
ВХЗ-ао
60	
161 274	
54,85	
55,35	
54,3	
55,35	
55
ASSB	
АстрЭнСб
84	
158 962	
0,779	
0,7845	
0,7715	
0,7895	
0,772
JNOS	
Славн-ЯНОС
21	
156 600	
18,85	
18,95	
18,75	
19,15	
19
MRKZ	
МРСК СЗ
63	
135 087	
0,0504	
0,0508	
0,0501	
0,0508	
0,05045
KUBE	
Кубанэнр
29	
134 399	
73,4	
74,6	
73	
74,6	
74
VJGZ	
Варьеган
35	
130 458	
649	
635	
635	
655	
652
TGKBP	
ТГК-2 ап
17	
130 220	
0,00723	
0,00724	
0,00719	
0,00728	
0,0072
UCSS	
ОКС ао
14	
129 820	
1 460	
1 460	
1 450	
1 470	
1 460
UTAR	
ЮТэйр ао
30	
125 533	
7,13	
7,11	
7,11	
7,15	
7,12
SAREP	
СаратЭн-ап
42	
125 024	
0,1168	
0,1202	
0,1156	
0,1204	
0,1188
KROT	
КрасОкт-ао
27	
123 585	
386	
391	
384	
391	
386
TASB	
ТамбЭнСб
23	
120 045	
0,4285	
0,4335	
0,425	
0,4335	
0,4295
KBSB	
ТНСэКубань
42	
119 395	
144	
144,5	
143	
145	
143,5
OMZZP	
ОМЗ-ап
14	
110 180	
3 555	
3 570	
3 545	
3 570	
3 550
TASBP	
ТамбЭнСб-п
15	
107 310	
0,346	
0,346	
0,3415	
0,3475	
0,342
KRSB	
Красэсб ао
10	
106 690	
7,11	
7,03	
7,02	
7,17	
7,11
ELTZ	
Электрцинк
68	
104 929	
188,5	
189	
186	
190,5	
189
DZRD	
iДонскЗР
20	
103 695	
2 255	
2 280	
2 140	
2 285	
2 285
WTCMP	
ЦМТ ап
44	
101 156	
8,22	
8,24	
8,2	
8,26	
8,2
ROST	
РОСИНТЕРао
38	
100 656	
62,2	
61,6	
61,6	
62,8	
62
CHMK	
ЧМК ао
23	
98 350	
2 660	
2 660	
2 630	
2 670	
2 655
MISB	
ТНСэнМарЭл
21	
90 960	
12,1	
12,2	
12,1	
12,3	
12,2
KCHE	
КамчатЭ ао
18	
86 580	
0,2165	
0,2185	
0,2105	
0,2185	
0,217
VGSBP	
ВолгЭнСб-п
26	
85 750	
2,09	
2,075	
2,065	
2,145	
2,07
SAGOP	
СамарЭн-ап
13	
76 970	
0,428	
0,423	
0,423	
0,43	
0,426
TORS	
ТРК ао
11	
64 110	
0,423	
0,429	
0,42	
0,432	
0,431
WTCM	
ЦМТ ао
21	
61 914	
9,24	
9,26	
9,2	
9,3	
9,3
YRSBP	
ТНСэнЯр-п
15	
60 020	
92,5	
93,5	
91,5	
93,5	
91,5
KGKCP	
КурганГКап
9	
58 025	
56	
56	
55,5	
56	
55,5
ARSA	
Арсагера
13	
57 730	
4,12	
4,12	
4,1	
4,19	
4,11
TGKDP	
Квадра-п
27	
55 009	
0,004105	
0,004115	
0,004085	
0,00414	
0,004105
KTSB	
КСБ ао
27	
53 108	
0,728	
0,746	
0,704	
0,746	
0,73
MISBP	
ТНСэМаЭл-п
19	
42 490	
11,8	
11,9	
11,7	
11,9	
11,9
KRKN	
СаратНПЗ
3	
38 250	
12 750	
12 750	
12 750	
12 750	
12 750
LVHK	
Левенгук
26	
37 350	
8,12	
8,18	
8,09	
8,18	
8,1
YRSB	
ТНСэнЯр
8	
33 640	
178	
178	
176	
178	
176
RLMNP	
Роллман-п
23	
32 655	
19,2	
18,9	
18,84	
19,38	
19
KGKC	
КурганГКао
12	
30 030	
56,5	
56,5	
56,5	
58	
57,5
KRSBP	
Красэсб ап
4	
28 520	
7,14	
7,08	
7,08	
7,16	
7,16
RUSI	
ИКРУСС-ИНВ
7	
27 330	
39	
39,3	
38,8	
39,3	
39
MFGSP	
Мегион-ап
5	
26 180	
327,5	
328	
326	
328	
326,5
ZVEZ	
ЗВЕЗДА ао
4	
22 930	
4,585	
4,57	
4,57	
4,62	
4,62
VSYD	
ВыбСудЗ ао
4	
20 445	
4 090	
4 070	
4 070	
4 115	
4 075
KCHEP	
КамчатЭ ап
5	
19 280	
0,386	
0,388	
0,383	
0,388	
0,386
MFGS	
Мегион-ао
4	
15 260	
381,5	
380	
380	
385	
385
TORSP	
ТРК ап
4	
13 980	
0,2795	
0,28	
0,2785	
0,28	
0,279
KROTP	
КрасОкт-1п
1	
2 790	
279	
279	
279	
279	
279
BISV	
БашИнСв ао
0	
0	
-	
-	
-	
-	
8,7
GAZC	
ГАЗКОН-ао
0	
0	
-	
-	
-	
-	
295
GAZS	
ГАЗ-сервис
0	
0	
-	
-	
-	
-	
293
GAZT	
ГАЗ-Тек ао
0	
0	
-	
-	
-	
-	
85
GTSS	
ГЕОТЕК ао
0	
0	
-	
-	
-	
-	
-
HIMC	
Химпром ао
0	
0	
-	
-	
-	
-	
0,99
KAZTP	
Куйбазот-п
0	
0	
-	
-	
-	
-	
149
KMTZ	
КосогМЗ ао
0	
0	
-	
-	
-	
-	
-
KRKO	
ТКЗКК ао
0	
0	
-	
-	
-	
-	
11,8
KSGR	
Кокс ао
0	
0	
-	
-	
-	
-	
-
KUNF	
КУЗОЦМ ао
0	
0	
-	
-	
-	
-	
-
KZMS	
КЗМС ао
0	
0	
-	
-	
-	
-	
226
MFON	
МегаФон ао
0	
0	
-	
-	
-	
-	
650,6
MOBB	
МосОблБанк
0	
0	
-	
-	
-	
-	
0,698
MORI	
Морион ао
0	
0	
-	
-	
-	
-	
4,31
NPOF	
Физика ао
0	
0	
-	
-	
-	
-	
11 850
PRTK	
ПРОТЕК ао
0	
0	
-	
-	
-	
-	
99,6
TRCN	
ТрансК ао
0	
0	
-	
-	
-	
-	
8 595
TRFM	
ТрансФ ао
0	
0	
-	
-	
-	
-	
-
URKA	
Уркалий-ао
0	
0	
-	
-	
-	
-	
119,04
VZRZ	
Возрожд-ао
0	
0	
-	
-	
-	
-	
480