SBER	
Сбербанк
122 153	
23 677 007 418	
202,04	
199,31	
198,4	
205	
205
GAZP	
ГАЗПРОМ ао
50 560	
7 840 284 301	
196,08	
194,36	
194,17	
196,98	
196,86
LKOH	
ЛУКОЙЛ
39 564	
7 509 624 283	
5 391	
5 355	
5 309	
5 484,5	
5 392
GMKN	
ГМКНорНик
23 678	
5 469 022 620	
22 448	
22 272	
22 188	
22 614	
22 544
SBERP	
Сбербанк-п
42 107	
3 770 865 285	
182,51	
179,22	
179,11	
185,5	
185,5
ROSN	
Роснефть
19 864	
2 771 972 944	
375,95	
376,8	
372,5	
378,2	
377,45
TATN	
Татнфт 3ао
25 151	
2 404 356 934	
563,8	
568,2	
555,3	
569,7	
565
SNGS	
Сургнфгз
19 680	
2 237 153 773	
40,595	
40,68	
40,11	
41,2	
40,5
MTSS	
МТС-ао
28 621	
2 198 579 512	
325,1	
327,55	
321,7	
329,85	
324,05
PLZL	
Полюс
17 282	
2 146 546 608	
11 325	
11 358	
11 201,5	
11 424,5	
11 340
AFLT	
Аэрофлот
41 170	
1 976 288 952	
78,94	
78,58	
77,86	
79,7	
79,2
MGNT	
Магнит ао
21 419	
1 909 158 407	
3 798	
3 764	
3 735	
3 833	
3 827
YNDX	
Yandex clA
21 274	
1 800 337 196	
2 886,4	
2 876,8	
2 860,4	
2 916,8	
2 888
NVTK	
Новатэк ао
13 341	
1 469 554 351	
1 076,8	
1 068,2	
1 067,6	
1 085	
1 084
IRAO	
ИнтерРАОао
15 574	
1 448 690 862	
5,0695	
5,079	
5,0205	
5,114	
5,114
VTBR	
ВТБ ао
33 705	
1 434 052 661	
0,03574	
0,035595	
0,03541	
0,03606	
0,03597
ALRS	
АЛРОСА ао
29 749	
1 345 903 565	
67,22	
66,01	
65,9	
67,95	
67,95
CHMF	
СевСт-ао
21 911	
1 247 379 320	
928,2	
922	
915,4	
940	
940
MAGN	
ММК
15 844	
1 168 526 178	
41,19	
39,375	
39,37	
41,885	
41,825
NLMK	
НЛМК ао
16 815	
1 075 873 508	
138,12	
137,96	
135,94	
139,26	
138,8
FEES	
ФСК ЕЭС ао
23 833	
1 067 682 672	
0,1849	
0,1833	
0,183	
0,18676	
0,18676
POLY	
Polymetal
13 397	
844 558 795	
1 431,7	
1 424,6	
1 418,2	
1 443	
1 438,6
TRNFP	
Транснф ап
3 035	
768 035 550	
132 100	
131 050	
130 900	
133 200	
132 850
FIVE	
FIVE-гдр
12 620	
765 756 893	
2 174,5	
2 149	
2 135	
2 195	
2 189,5
TCSG	
TCS-гдр
20 359	
765 597 849	
1 275	
1 249,8	
1 249,8	
1 293,8	
1 273,2
SIBN	
Газпрнефть
11 866	
751 070 117	
335,55	
334,2	
332,4	
337,7	
336
MOEX	
МосБиржа
13 431	
701 274 578	
115,03	
114,59	
114,24	
115,46	
115,39
RSTI	
Россети ао
12 425	
648 056 742	
1,5811	
1,5909	
1,556	
1,608	
1,5812
SNGSP	
Сургнфгз-п
8 832	
609 100 401	
36,34	
36,45	
36,12	
36,575	
36,4
HYDR	
РусГидро
11 525	
481 587 553	
0,6926	
0,6934	
0,6863	
0,6989	
0,6957
TATNP	
Татнфт 3ап
6 340	
369 826 854	
527,4	
525,3	
519,4	
531,5	
529,7
PHOR	
ФосАгро ао
5 689	
344 952 893	
2 863	
2 805	
2 805	
2 880	
2 875
AFKS	
Система ао
9 286	
293 140 155	
15,074	
15,099	
14,927	
15,15	
15,07
RUAL	
РУСАЛ ао
13 386	
289 532 518	
28,02	
27,735	
27,45	
28,39	
28,3
MVID	
М.видео
6 762	
262 237 696	
348,4	
351,3	
346	
352	
348,5
OGKB	
ОГК-2 ао
11 524	
260 303 142	
0,69	
0,6812	
0,6751	
0,6999	
0,6891
RTKM	
Ростел -ао
6 167	
207 819 303	
81,89	
81,5	
80,77	
82,4	
82,4
TGKA	
ТГК-1
9 226	
195 693 464	
0,012954	
0,01313	
0,01282	
0,013194	
0,012894
DSKY	
ДетскийМир
8 573	
178 094 341	
97,18	
96,76	
96,2	
97,98	
97,98
UPRO	
Юнипро ао
4 548	
173 226 547	
2,703	
2,677	
2,677	
2,715	
2,707
MTLR	
Мечел ао
9 261	
151 338 858	
65,65	
65,42	
65,03	
66,37	
65,53
TRMK	
ТМК ао
743	
139 249 483	
59,34	
59,36	
59,26	
59,38	
59,36
CBOM	
МКБ ао
8 462	
111 233 356	
5,326	
5,302	
5,291	
5,357	
5,348
BANEP	
Башнефт ап
2 471	
111 095 350	
1 429,5	
1 425	
1 417	
1 435	
1 432,5
LSRG	
ЛСР ао
4 029	
81 738 566	
591,8	
592	
589	
594	
593,8
LNTA	
Лента др
5 741	
77 315 589	
152,5	
153,4	
151	
154,6	
152,8
MSNG	
+МосЭнерго
1 900	
66 768 482	
2,0425	
2,04	
2,031	
2,066	
2,04
KRKNP	
СаратНПЗ-п
1 708	
66 165 840	
19 540	
19 800	
18 400	
19 900	
19 620
QIWI	
iQIWI
3 652	
64 408 996	
1 000,5	
1 008,5	
992,5	
1 015	
996
RASP	
Распадская
1 580	
60 780 424	
110,72	
110,14	
109,98	
111,48	
110,98
PIKK	
ПИК ао
1 633	
56 297 807	
377,2	
373,1	
372,4	
381	
381
RSTIP	
Россети ап
1 771	
43 503 245	
2,34	
2,306	
2,302	
2,357	
2,346
BSPB	
БСП ао
2 743	
42 562 523	
40,69	
41	
40,5	
41,04	
41,04
AKRN	
Акрон
1 279	
37 721 018	
6 098	
6 078	
6 000	
6 138	
6 090
ENRU	
ЭнелРос ао
1 893	
35 392 412	
0,972	
0,9785	
0,9655	
0,9785	
0,974
MRKP	
МРСК ЦП
1 862	
35 370 924	
0,1912	
0,1959	
0,1887	
0,1975	
0,1901
AGRO	
AGRO-гдр
2 211	
32 691 922	
658,6	
653	
647,8	
664,6	
653
MTLRP	
Мечел ап
1 359	
31 243 296	
75,4	
74,6	
74,3	
76	
75,9
LSNGP	
РСетиЛЭ-п
1 777	
30 591 288	
168,85	
167,9	
167,9	
169,95	
168,15
NMTP	
НМТП ао
1 565	
25 047 079	
9,285	
9,125	
9,12	
9,41	
9,335
ETLN	
ETLN-гдр
2 156	
24 809 254	
90,24	
91	
89,22	
92,7	
90,18
MRKS	
РсетСиб ао
1 903	
23 303 010	
0,281	
0,26	
0,2285	
0,306	
0,2735
SFIN	
САФМАР ао
1 071	
22 749 068	
409,6	
409,4	
407	
414	
408,8
BANE	
Башнефт ао
890	
20 047 608	
1 822,5	
1 815	
1 808,5	
1 830	
1 813,5
RZSB	
РязЭнСб
1 035	
18 771 240	
11,14	
12,7	
10,38	
12,7	
11,22
RTKMP	
Ростел -ап
1 121	
17 619 825	
73,95	
73,75	
73,45	
74,35	
74
TASB	
ТамбЭнСб
1 715	
15 987 445	
0,4105	
0,341	
0,322	
0,487	
0,487
TGKB	
ТГК-2
929	
15 758 520	
0,00429	
0,00441	
0,004205	
0,004455	
0,004275
ISKJ	
iИСКЧ ао
1 848	
14 882 654	
30,77	
31,5	
30,04	
31,89	
30,96
TASBP	
ТамбЭнСб-п
1 369	
14 303 940	
0,404	
0,343	
0,3105	
0,4485	
0,425
ENPG	
ЭН+ГРУП ао
156	
13 805 308	
615,5	
614	
612,5	
621	
620
NKNCP	
НКНХ ап
862	
13 688 979	
78,04	
77,96	
77,66	
78,2	
77,9
MRKC	
МРСК Центр
1 128	
13 281 589	
0,2612	
0,2678	
0,2576	
0,2678	
0,2604
PRMB	
Приморье
302	
12 579 400	
29 600	
28 800	
26 800	
35 000	
30 000
VSMO	
ВСМПО-АВСМ
229	
11 781 720	
18 920	
18 700	
18 620	
19 080	
19 000
OBUV	
ОР ао
1 307	
11 471 167	
29,95	
30	
29,8	
30,1	
29,85
MGTSP	
МГТС-4ап
982	
10 906 040	
2 070	
2 086	
2 046	
2 106	
2 072
AMEZ	
АшинскийМЗ
1 139	
10 626 564	
4,105	
4,26	
4,07	
4,26	
4,105
MRKV	
РсетВол ао
875	
10 329 132	
0,0669	
0,0659	
0,0657	
0,06745	
0,06715
LIFE	
iФармсинтз
1 138	
9 884 228	
7,53	
7,67	
7,4	
7,67	
7,51
ASSB	
АстрЭнСб
2 760	
9 850 150	
0,7835	
0,812	
0,7	
0,89	
0,765
SELG	
Селигдар
502	
9 761 527	
24,43	
24,45	
24,18	
24,57	
24,38
PMSBP	
ПермьЭнС-п
915	
8 023 826	
158,8	
159,6	
152	
161	
159,8
MSRS	
РСетиМР ао
412	
7 391 098	
1,1675	
1,143	
1,143	
1,178	
1,172
FESH	
ДВМП ао
565	
7 167 591	
7,17	
7,15	
6,98	
7,29	
7,22
NKNC	
НКНХ ао
742	
6 942 000	
92,5	
93,2	
91	
94,4	
92,8
KUBE	
Кубанэнр
1 436	
6 765 754	
76,4	
68,9	
68,6	
84,4	
72,9
LNZL	
Лензолото
264	
6 157 090	
8 660	
8 620	
8 590	
8 750	
8 680
PMSB	
ПермьЭнСб
932	
6 117 953	
164,4	
160,2	
157	
168,8	
165,1
RNFT	
РуссНфт ао
1 264	
4 890 017	
423,6	
425,8	
419,4	
425,8	
424,8
APTK	
Аптеки36и6
2 357	
4 683 242	
13,89	
13,974	
13,806	
14	
13,828
EELT	
ЕвроЭлтех
104	
4 650 994	
7,54	
7,6	
7,46	
7,6	
7,5
GEMA	
iММЦБ ао
508	
4 373 993	
619,5	
629,5	
617	
629,5	
622,5
MRKZ	
МРСК СЗ
295	
3 930 404	
0,05295	
0,05275	
0,05255	
0,0536	
0,05305
IRKT	
ИРКУТ-3
244	
3 927 514	
31,92	
31,02	
31,02	
32,8	
32,64
LPSB	
ЛЭСК ао
791	
3 860 670	
8,8	
7,95	
7,95	
9,5	
8,6
BELU	
Белуга ао
445	
3 570 028	
1 357	
1 398	
1 345	
1 405	
1 348
DVEC	
ДЭК ао
407	
3 487 432	
0,855	
0,839	
0,827	
0,88	
0,85
KZOS	
ОргСинт ао
390	
2 863 551	
87,8	
87,9	
87	
88,2	
87,8
LSNG	
РСетиЛЭ
489	
2 830 696	
6,24	
6,25	
6,2	
6,29	
6,21
MRKU	
МРСК Ур
327	
2 813 740	
0,1686	
0,171	
0,164	
0,1718	
0,1706
KRKN	
СаратНПЗ
104	
2 663 650	
15 050	
14 600	
14 600	
15 650	
14 850
TORS	
ТРК ао
321	
2 592 990	
0,416	
0,436	
0,382	
0,455	
0,428
AQUA	
РусАква ао
277	
2 481 350	
206	
204,5	
203	
209	
204,5
USBN	
УралСиб ао
118	
2 471 912	
0,0702	
0,0696	
0,069	
0,0711	
0,0703
KLSB	
КалужскСК
393	
2 441 375	
11,71	
11,91	
11,48	
12,15	
11,61
MSTT	
Мостотрест
349	
2 432 686	
161,2	
162,8	
160,75	
162,8	
161,55
MRSB	
МордЭнСб
284	
2 383 740	
0,375	
0,356	
0,35	
0,41	
0,364
TGKN	
ТГК-14
108	
2 171 960	
0,00331	
0,0033	
0,00327	
0,00335	
0,00333
LNZLP	
Лензол. ап
175	
2 079 590	
3 700	
3 715	
3 670	
3 750	
3 695
MRKK	
Россети СК
426	
2 053 027	
26,6	
26,24	
25,52	
27,68	
26,44
IRGZ	
ИркЭнерго
264	
2 036 916	
12,46	
12,52	
12,2	
12,8	
12,4
PRTK	
ПРОТЕК ао
107	
2 017 095	
98,3	
97,7	
97,6	
98,6	
98,3
GCHE	
ЧеркизГ-ао
401	
1 973 874	
1 707,5	
1 704	
1 701	
1 715	
1 708
CNTLP	
Телеграф-п
277	
1 955 968	
17,02	
17,28	
16,92	
17,28	
17,08
UNAC	
iАвиастКао
251	
1 932 505	
0,4755	
0,473	
0,471	
0,4775	
0,475
SELGP	
Селигдар-п
228	
1 864 895	
26,4	
26,4	
26,15	
26,75	
26,45
KMAZ	
КАМАЗ
395	
1 695 062	
55,9	
55,8	
55,2	
56,2	
55,5
SVAV	
СОЛЛЕРС
99	
1 441 775	
260	
259,5	
258	
260,5	
259,5
KUZB	
КузнецкийБ
664	
1 430 261	
0,01793	
0,0165	
0,0165	
0,01904	
0,01693
KRSB	
Красэсб ао
76	
1 386 140	
8,5	
8,23	
8,12	
8,65	
8,48
SZPR	
СЗПароход
293	
1 382 998	
808	
726	
724	
934	
880
RBCM	
РБК ао
263	
1 283 115	
3,248	
3,236	
3,204	
3,288	
3,262
KRSBP	
Красэсб ап
91	
1 163 880	
8,56	
8,92	
8,3	
8,92	
8,38
TGKBP	
ТГК-2 ап
107	
1 156 080	
0,00705	
0,00715	
0,007	
0,0073	
0,00709
CHMK	
ЧМК ао
175	
1 134 120	
2 535	
2 530	
2 500	
2 575	
2 525
ALNU	
АЛРОСА-Нюр
22	
1 126 600	
49 000	
48 800	
48 800	
49 200	
48 800
GAZAP	
ГАЗ ап
61	
1 037 555	
318,5	
324,5	
315	
326	
323
NAUK	
iНПОНаука
145	
1 026 116	
178,6	
176	
173,6	
185,2	
182,8
GTRK	
ГТМ ао
289	
905 232	
43,25	
43,15	
43	
43,6	
43,05
TTLK	
Таттел. ао
146	
881 450	
0,294	
0,2945	
0,2925	
0,2975	
0,2925
RUGR	
Русгрэйн
761	
874 792	
7,814	
7,864	
7,78	
7,95	
7,796
KCHE	
КамчатЭ ао
182	
864 275	
0,2045	
0,1985	
0,185	
0,22	
0,204
MRKY	
РоссЮг ао
210	
844 483	
0,0518	
0,05185	
0,0515	
0,0521	
0,05155
YAKG	
ЯТЭК ао
97	
833 525	
39,9	
40,4	
39,5	
41	
39,8
NSVZ	
НаукаСвяз
121	
811 175	
233	
223,5	
221,5	
244,5	
234
VZRZP	
Возрожд-п
115	
800 444	
301	
298	
292,6	
312,8	
298,8
STSBP	
СтаврЭнСбп
78	
780 019	
0,313	
0,3145	
0,3055	
0,326	
0,325
MFGS	
Мегион-ао
13	
776 385	
349,5	
350	
346	
350	
346,5
DIOD	
ЗаводДИОД
190	
722 192	
5,88	
5,95	
5,81	
5,95	
5,89
RAVN	
Raven
23	
703 605	
29,8	
29,7	
29,45	
29,85	
29,8
KOGK	
КоршГОК ао
14	
696 200	
46 400	
46 000	
46 000	
46 800	
46 000
KROT	
КрасОкт-ао
70	
692 270	
346	
344	
341,5	
351	
347
KTSBP	
КСБ ап
125	
666 125	
0,2625	
0,27	
0,256	
0,2875	
0,264
CHEP	
ЧТПЗ ао
91	
644 320	
205	
204	
204	
207	
205
TGKD	
Квадра
88	
615 342	
0,00309	
0,00311	
0,00307	
0,003125	
0,003085
UWGN	
ОВК ао
136	
613 309	
242,2	
242,9	
240	
243	
242,9
PAZA	
ПавлАвт ао
50	
602 150	
7 720	
7 610	
7 600	
7 800	
7 770
ROST	
РОСИНТЕРао
59	
599 656	
59,6	
60,6	
59	
60,6	
59,2
RUSP	
Русполимет
43	
570 645	
0,6205	
0,611	
0,611	
0,624	
0,621
INGR	
ИНГРАД ао
138	
568 382	
799	
793	
783	
811	
802
VLHZ	
ВХЗ-ао
141	
562 995	
48,4	
48,5	
48,25	
48,85	
48,3
MAGE	
МагадЭн ао
48	
554 020	
5,04	
4,93	
4,93	
5,07	
5,07
LVHK	
Левенгук
164	
519 745	
8,08	
8,3	
8,01	
8,3	
8,07
KZOSP	
ОргСинт ап
517	
496 846	
11,92	
12,07	
11,8	
12,07	
12,02
YKEN	
Якутскэнрг
32	
493 955	
0,348	
0,347	
0,347	
0,357	
0,35
VRSBP	
ТНСэнВор-п
33	
487 250	
32,5	
33	
32	
33	
32,5
KRKOP	
ТКЗКК ап
166	
481 223	
5,835	
5,875	
5,805	
5,915	
5,805
JNOS	
Славн-ЯНОС
84	
478 415	
19,7	
19,15	
19,15	
20,55	
19,55
KTSB	
КСБ ао
116	
465 826	
0,586	
0,608	
0,57	
0,61	
0,596
ZILL	
ЗИЛ ао
39	
456 440	
1 420	
1 440	
1 400	
1 450	
1 425
MOBB	
МосОблБанк
70	
447 365	
2,696	
2,712	
2,668	
2,712	
2,7
RGSS	
РГС СК ао
110	
430 279	
0,153	
0,154	
0,1514	
0,1548	
0,1532
NKHP	
НКХП ао
67	
429 800	
233,5	
235	
232,5	
236,5	
233,5
HIMCP	
Химпром ап
51	
413 227	
5,85	
5,87	
5,82	
5,89	
5,82
BRZL	
БурЗолото
63	
399 668	
827	
829	
827	
832	
829
KCHEP	
КамчатЭ ап
54	
390 530	
0,372	
0,372	
0,349	
0,386	
0,386
TRCN	
ТрансК ао
35	
383 620	
8 340	
8 290	
8 280	
8 390	
8 335
RLMNP	
Роллман-п
83	
381 279	
19,48	
20,04	
19,38	
20,04	
19,42
URKZ	
УрКузница
24	
368 060	
11 160	
11 120	
11 080	
11 280	
11 080
SAREP	
СаратЭн-ап
58	
361 794	
0,0946	
0,0948	
0,0926	
0,095	
0,0938
ELTZ	
Электрцинк
164	
346 537	
175,5	
174,5	
173	
183	
176
BISVP	
БашИнСв ап
127	
343 565	
7,57	
7,41	
7,11	
7,99	
7,53
TORSP	
ТРК ап
82	
328 165	
0,2735	
0,265	
0,2645	
0,278	
0,2775
AVAN	
Авангрд-ао
72	
324 880	
765	
765	
760	
775	
770
MGTS	
МГТС-5ао
53	
299 180	
2 580	
2 615	
2 500	
2 615	
2 610
WTCM	
ЦМТ ао
62	
265 744	
8,9	
9	
8,8	
9	
8,92
SAGOP	
СамарЭн-ап
30	
262 600	
0,386	
0,396	
0,374	
0,404	
0,401
VJGZP	
Варьеган-п
28	
256 250	
324	
327	
321	
327	
327
RTGZ	
ГазпРнД ао
7	
251 950	
21 000	
21 000	
20 950	
21 000	
21 000
MISBP	
ТНСэМаЭл-п
47	
247 400	
10	
9,8	
9,8	
10,2	
10
YKENP	
Якутскэн-п
15	
237 715	
0,321	
0,3275	
0,32	
0,3275	
0,3245
ROLO	
Русолово
23	
233 306	
3,764	
3,748	
3,736	
3,794	
3,736
CNTL	
Телеграф
53	
222 190	
20,95	
21,1	
20,85	
21,1	
20,85
KROTP	
КрасОкт-1п
24	
220 900	
269,5	
266	
266	
276	
269
STSB	
СтаврЭнСб
69	
211 315	
0,3505	
0,357	
0,346	
0,357	
0,3545
SARE	
СаратЭн-ао
34	
208 540	
0,1212	
0,1196	
0,1186	
0,123	
0,119
CHKZ	
ЧКПЗ ао
32	
203 780	
5 360	
5 360	
5 260	
5 460	
5 360
RLMN	
Роллман
149	
175 907	
20,05	
20,25	
19,85	
20,4	
20,05
VGSB	
ВолгЭнСб
37	
173 010	
1,65	
1,635	
1,6	
1,7	
1,63
YRSBP	
ТНСэнЯр-п
49	
171 875	
85	
88	
82	
88	
86
RKKE	
ЭнергияРКК
23	
163 640	
4 960	
4 940	
4 900	
5 010	
4 990
JNOSP	
Слав-ЯНОСп
31	
163 108	
14,84	
14,86	
14,5	
15,16	
14,54
HALS	
Галс-Девел
41	
159 659	
768	
798	
745	
798	
763
YRSB	
ТНСэнЯр
23	
156 080	
166	
168	
164	
172	
170
UKUZ	
ЮжКузб. ао
14	
154 328	
536	
538	
530	
538	
530
SAGO	
СамарЭн-ао
28	
151 860	
0,4	
0,414	
0,388	
0,414	
0,408
VSYD	
ВыбСудЗ ао
22	
150 515	
4 070	
4 060	
4 000	
4 180	
4 140
ARSA	
Арсагера
6	
148 020	
3,21	
3,21	
3,18	
3,22	
3,22
NFAZ	
Нефтекамск
32	
147 174	
153,4	
149,4	
149,4	
155,6	
155
KAZT	
Куйбазот
32	
143 474	
138	
138,6	
136,6	
138,6	
138
VGSBP	
ВолгЭнСб-п
36	
130 965	
1,09	
1,055	
1,055	
1,12	
1,095
UNKL	
ЮУНК ао
21	
129 790	
3 510	
3 540	
3 480	
3 540	
3 480
DZRD	
iДонскЗР
27	
128 520	
1 890	
1 875	
1 870	
1 895	
1 895
ABRD	
АбрауДюрсо
48	
126 240	
131,5	
131,5	
131	
132	
131,5
SLEN	
Сахэнер ао
43	
125 254	
4,055	
4,085	
4,025	
4,085	
4,055
KBTK	
КузбТК ао
31	
121 318	
157,6	
158,4	
155,6	
158,6	
155,8
NKSH	
Нижкамшина
25	
106 516	
22,66	
22,72	
22,02	
23,74	
22,78
CHGZ	
РН-ЗапСиб
24	
94 060	
33,6	
32,6	
31	
36	
34
UTAR	
ЮТэйр ао
40	
93 674	
6,55	
6,59	
6,46	
6,62	
6,59
UCSS	
ОКС ао
22	
87 660	
1 460	
1 460	
1 440	
1 470	
1 460
VSYDP	
ВыбСудЗ ап
16	
83 220	
4 160	
4 140	
4 060	
4 240	
4 120
MGNZ	
СМЗ-ао
7	
81 700	
4 090	
4 110	
4 050	
4 140	
4 130
KAZTP	
Куйбазот-п
27	
81 562	
140,6	
140,8	
140	
140,8	
140,8
OMZZP	
ОМЗ-ап
15	
74 905	
3 405	
3 410	
3 395	
3 440	
3 400
ZVEZ	
ЗВЕЗДА ао
10	
71 995	
4,5	
4,45	
4,45	
4,535	
4,495
MISB	
ТНСэнМарЭл
12	
68 050	
11,3	
11,3	
11,1	
11,6	
11,4
IGSTP	
Ижсталь ап
28	
63 637	
699	
699	
696	
707	
704
BLNG	
Белон ао
13	
53 606	
4	
4	
4	
4,028	
4,028
TGKDP	
Квадра-п
40	
44 750	
0,00407	
0,00415	
0,004025	
0,00415	
0,00409
GAZA	
ГАЗ ао
7	
43 445	
395	
395	
394	
399	
395
IGST	
Ижсталь2ао
21	
43 151	
863	
867	
855	
871	
869
KGKCP	
КурганГКап
18	
37 435	
52,5	
54	
52,5	
54	
53,5
RDRB	
РДБанк ао
14	
36 900	
265	
265	
260	
265	
260
WTCMP	
ЦМТ ап
26	
35 718	
8,12	
8,08	
8,08	
8,22	
8,16
VJGZ	
Варьеган
14	
30 547	
599	
602	
598	
603	
598
TNSE	
ТНСэнрг ао
6	
29 395	
980	
980	
975	
980	
975
KMEZ	
КМЗ
28	
28 788	
457	
458	
454	
461	
458
VRSB	
ТНСэнВорон
5	
23 900	
47,8	
48,2	
47,4	
48,2	
47,4
RUSI	
ИКРУСС-ИНВ
6	
22 690	
37,8	
38,3	
37,6	
38,3	
37,6
MAGEP	
МагадЭн ап
2	
21 310	
7,105	
7,06	
7,06	
7,19	
7,19
TUZA	
ТЗА ао
9	
21 020	
96	
95	
95	
96	
95
KBSB	
ТНСэКубань
10	
17 120	
131,5	
133	
129,5	
135	
134
ROSB	
Росбанк ао
14	
17 056	
71,2	
70,6	
70,2	
71,8	
70,6
ALBK	
БестЭфБ ао
18	
15 965	
55	
57	
54,5	
57	
55,5
NNSBP	
ТНСэнНН ап
14	
13 383	
558	
546	
546	
570	
557
NNSB	
ТНСэнНН ао
3	
12 700	
1 270	
1 270	
1 270	
1 270	
1 270
KGKC	
КурганГКао
12	
10 960	
52	
52	
52	
53	
53
RTSB	
ТНСэнРст
2	
6 950	
0,35	
0,35	
0,345	
0,35	
0,345
MFGSP	
Мегион-ап
1	
3 210	
321	
321	
321	
321	
321
DZRDP	
iДонскЗР п
2	
3 200	
1 600	
1 600	
1 600	
1 600	
1 600
RTSBP	
ТНСэнРст-п
1	
2 910	
0,291	
0,291	
0,291	
0,291	
0,291
GAZC	
ГАЗКОН-ао
0	
0	
-	
-	
-	
-	
295
GTSS	
ГЕОТЕК ао
0	
0	
-	
-	
-	
-	
-
TRFM	
ТрансФ ао
0	
0	
-	
-	
-	
-	
-
KMTZ	
КосогМЗ ао
0	
0	
-	
-	
-	
-	
-
KZMS	
КЗМС ао
0	
0	
-	
-	
-	
-	
226
GAZS	
ГАЗ-сервис
0	
0	
-	
-	
-	
-	
293
HIMC	
Химпром ао
0	
0	
-	
-	
-	
-	
0,99
URKA	
Уркалий-ао
0	
0	
-	
-	
-	
-	
119,04
VZRZ	
Возрожд-ао
0	
0	
-	
-	
-	
-	
480
GAZT	
ГАЗ-Тек ао
0	
0	
-	
-	
-	
-	
85
KSGR	
Кокс ао
0	
0	
-	
-	
-	
-	
-
MFON	
МегаФон ао
0	
0	
-	
-	
-	
-	
650,6
MORI	
Морион ао
0	
0	
-	
-	
-	
-	
4,31
BISV	
БашИнСв ао
0	
0	
-	
-	
-	
-	
8,7
KRKO	
ТКЗКК ао
0	
0	
-	
-	
-	
-	
11,8
KUNF	
КУЗОЦМ ао
0	
0	
-	
-	
-	
-	
-
NPOF	
Физика ао
0	
0	
-	
-	
-	
-	
11 850