SBER	
Сбербанк
90 046	
15 058 997 719	
191,63	
188,5	
188,17	
194,22	
192,8
LKOH	
ЛУКОЙЛ
70 899	
12 983 189 665	
4 744,5	
4 624	
4 621	
4 808	
4 738,5
GAZP	
ГАЗПРОМ ао
60 221	
8 336 600 629	
188,68	
185,93	
185,76	
190,65	
188,5
ROSN	
Роснефть
49 164	
5 719 178 569	
325,25	
320,5	
318	
331,3	
325,1
GMKN	
ГМКНорНик
26 344	
5 204 964 348	
20 090	
20 066	
19 874	
20 330	
20 054
YNDX	
Yandex clA
55 226	
3 622 829 181	
2 778,2	
2 730,2	
2 716,4	
2 856,8	
2 754,8
MOEX	
МосБиржа
58 163	
3 404 463 664	
123,65	
120,3	
118,8	
125,35	
125,35
PLZL	
Полюс
26 407	
3 041 329 989	
11 973	
12 085	
11 811,5	
12 172	
11 916,5
TATN	
Татнфт 3ао
36 063	
3 004 347 987	
527,9	
513	
511,5	
538	
529,8
SNGS	
Сургнфгз
28 377	
2 926 838 252	
36,46	
35	
34,955	
37,48	
36,8
MGNT	
Магнит ао
34 886	
2 605 862 014	
3 426	
3 350	
3 336	
3 502,5	
3 380
NVTK	
Новатэк ао
28 230	
2 367 673 982	
1 028	
993,8	
991,8	
1 055,8	
1 034,2
ALRS	
АЛРОСА ао
37 962	
2 022 822 430	
63,88	
61,8	
61,8	
65,33	
63,77
VTBR	
ВТБ ао
46 982	
1 959 524 380	
0,0345	
0,033875	
0,033785	
0,035	
0,0345
POLY	
Polymetal
24 248	
1 891 831 455	
1 558,6	
1 550	
1 541,4	
1 576,9	
1 566,6
SBERP	
Сбербанк-п
33 252	
1 838 246 699	
175	
172,38	
171,78	
177,34	
176,12
MTSS	
МТС-ао
20 605	
1 602 724 276	
315,35	
310,5	
308,7	
319,65	
313,5
IRAO	
ИнтерРАОао
23 356	
1 555 104 896	
5,1515	
5	
4,98	
5,244	
5,1775
SIBN	
Газпрнефть
25 005	
1 349 788 619	
324,5	
321	
319	
344,9	
321,95
CHMF	
СевСт-ао
21 610	
1 103 382 853	
874,6	
871,8	
864,2	
886	
870
NLMK	
НЛМК ао
17 389	
1 086 691 871	
125,12	
123	
122,4	
126,46	
125,6
SNGSP	
Сургнфгз-п
15 850	
1 056 735 352	
36,63	
36,54	
36,3	
37,08	
36,41
TRNFP	
Транснф ап
5 122	
1 052 172 050	
135 800	
134 050	
133 350	
137 800	
135 050
TCSG	
TCS-гдр
21 680	
1 012 159 867	
979	
940	
936	
1 004,6	
999
AFLT	
Аэрофлот
22 621	
840 472 120	
75,24	
74,5	
74,1	
75,9	
75,44
FIVE	
FIVE-гдр
13 594	
839 797 805	
2 205,5	
2 180	
2 171,5	
2 240	
2 195
TATNP	
Татнфт 3ап
15 669	
836 485 276	
486,1	
477	
475	
497	
487
MAGN	
ММК
14 534	
827 283 728	
41,135	
40,6	
40,085	
41,945	
41,675
AFKS	
Система ао
16 634	
590 420 423	
14,039	
13,911	
13,8	
14,21	
13,881
HYDR	
РусГидро
13 471	
586 308 054	
0,6268	
0,6192	
0,6187	
0,6343	
0,6256
CBOM	
МКБ ао
20 691	
475 319 932	
5,334	
5,273	
5,261	
5,393	
5,302
RSTI	
Россети ао
13 997	
438 467 465	
1,2846	
1,252	
1,252	
1,3107	
1,2711
UPRO	
Юнипро ао
10 250	
418 594 546	
2,738	
2,71	
2,701	
2,789	
2,713
RTKM	
Ростел -ао
13 457	
409 236 816	
81,37	
79	
78,71	
82,2	
81,9
DSKY	
ДетскийМир
17 047	
395 667 387	
88	
87,48	
87,02	
89,76	
88,98
RUAL	
RUSAL plc
18 660	
389 079 399	
26,14	
26,05	
25,73	
26,5	
26,15
FEES	
ФСК ЕЭС ао
11 711	
374 729 159	
0,18224	
0,17856	
0,17856	
0,1849	
0,18214
PHOR	
ФосАгро ао
6 273	
301 779 499	
2 774	
2 730	
2 730	
2 800	
2 790
TGKA	
ТГК-1
8 402	
193 460 855	
0,011408	
0,011272	
0,011236	
0,011578	
0,011398
MTLR	
Мечел ао
20 227	
192 591 816	
67,27	
67,15	
66,5	
68,33	
67,23
MTLRP	
Мечел ап
5 652	
176 410 295	
74,45	
76	
71,2	
78,9	
74,6
NKNCP	
НКНХ ап
11 759	
161 449 731	
79,14	
79,2	
77,18	
80,4	
79,34
OGKB	
ОГК-2 ао
8 622	
161 343 255	
0,6106	
0,6018	
0,5993	
0,6217	
0,608
BANEP	
Башнефт ап
3 349	
130 084 460	
1 399,5	
1 385	
1 378,5	
1 409	
1 388,5
LSRG	
ЛСР ао
6 597	
122 673 460	
591	
591,6	
583,2	
597,4	
593,8
TRMK	
ТМК ао
2 286	
104 074 687	
56,7	
56,8	
56,42	
56,9	
56,64
MVID	
М.видео
3 918	
96 647 411	
369,2	
365	
362	
373,9	
362
RASP	
Распадская
2 224	
88 262 612	
106,92	
107,6	
106,4	
107,68	
106,64
AGRO	
AGRO-гдр
5 435	
67 576 399	
629,2	
630	
617,2	
635	
628
APTK	
Аптеки36и6
18 007	
64 975 529	
14,078	
14,124	
13,852	
14,25	
13,992
LNTA	
Лента др
6 617	
61 468 860	
151,3	
151,4	
148,5	
153,9	
150
RTKMP	
Ростел -ап
3 305	
58 080 416	
70,15	
68,85	
68,35	
71	
69,6
MRKP	
МРСК ЦП
2 510	
56 222 549	
0,176	
0,1779	
0,172	
0,1812	
0,175
ENRU	
ЭнелРос ао
2 856	
47 702 147	
0,932	
0,931	
0,924	
0,939	
0,928
BANE	
Башнефт ао
1 339	
41 467 475	
1 741	
1 710	
1 704	
1 761,5	
1 737
QIWI	
iQIWI
2 391	
41 245 283	
909,5	
907	
900	
918	
901
MSNG	
+МосЭнерго
1 788	
39 384 742	
1,9185	
1,9115	
1,895	
1,935	
1,925
KRKNP	
СаратНПЗ-п
525	
35 674 860	
16 580	
16 780	
16 300	
16 800	
16 540
PIKK	
ПИК ао
2 612	
32 809 836	
393,8	
393	
391,3	
396,1	
395,6
VSYD	
ВыбСудЗ ао
2 462	
31 990 940	
5 820	
4 935	
4 935	
6 280	
6 280
BSPB	
БСП ао
2 821	
29 185 067	
41,14	
40,9	
40,5	
41,49	
41,18
TTLK	
Таттел. ао
1 773	
24 418 365	
0,3375	
0,324	
0,315	
0,35	
0,3375
NKNC	
НКНХ ао
1 752	
20 672 976	
97,95	
98,1	
96,1	
99	
99
NMTP	
НМТП ао
1 901	
20 478 797	
8,595	
8,625	
8,545	
8,665	
8,58
AKRN	
Акрон
814	
18 110 056	
5 824	
5 850	
5 784	
5 870	
5 836
ETLN	
ETLN-гдр
812	
16 825 100	
80,7	
80,1	
79,5	
82	
82
OBUV	
ОР ао
2 309	
15 839 211	
30,2	
30,05	
29,9	
30,5	
30
ISKJ	
iИСКЧ ао
856	
15 115 508	
32,95	
32,15	
32,14	
33,03	
33,03
ZVEZ	
ЗВЕЗДА ао
1 600	
14 904 710	
4,87	
4,385	
4,27	
5,355	
4,5
TGKB	
ТГК-2
665	
14 593 420	
0,003755	
0,00368	
0,003655	
0,003845	
0,00377
LIFE	
iФармсинтз
1 282	
14 149 670	
8,455	
8,375	
8,32	
8,59	
8,425
MGTSP	
МГТС-4ап
986	
13 845 068	
2 396	
2 338	
2 332	
2 430	
2 398
KZOS	
ОргСинт ао
674	
10 229 319	
94,6	
94,9	
93,7	
95	
94,8
RGSS	
РГС СК ао
1 766	
9 816 795	
0,1574	
0,1504	
0,15	
0,168	
0,1522
MRKC	
МРСК Центр
875	
9 264 083	
0,2476	
0,244	
0,244	
0,2514	
0,248
SELG	
Селигдар
797	
8 545 083	
22,32	
22,59	
22,03	
22,8	
22,38
VSMO	
ВСМПО-АВСМ
261	
8 292 100	
18 460	
18 640	
18 140	
18 640	
18 480
FESH	
ДВМП ао
876	
8 255 513	
6,29	
6,37	
6,2	
6,42	
6,24
RSTIP	
Россети ап
620	
7 844 274	
1,529	
1,504	
1,496	
1,548	
1,533
KMAZ	
КАМАЗ
690	
7 816 034	
55,6	
55,2	
54,3	
56,7	
55,8
GCHE	
ЧеркизГ-ао
899	
7 616 104	
1 699	
1 718	
1 680	
1 718	
1 700
ENPG	
ЭН+ГРУП ао
449	
7 423 612	
647,8	
664,9	
635,2	
670,2	
636
MRKV	
МРСКВол
757	
7 004 112	
0,06965	
0,06885	
0,0686	
0,07055	
0,0692
LVHK	
Левенгук
1 754	
6 591 899	
9,1	
7,94	
7,87	
10	
8,45
GEMA	
iММЦБ ао
1 041	
6 333 506	
746,5	
731,5	
731,5	
773	
748
MRKZ	
МРСК СЗ
380	
6 183 859	
0,0511	
0,05	
0,0495	
0,05235	
0,04995
LNZL	
Лензолото
326	
5 786 920	
8 690	
8 850	
8 640	
8 850	
8 680
MSRS	
МОЭСК
372	
5 539 003	
1,031	
1,0125	
1,011	
1,04	
1,031
SFIN	
САФМАР ао
573	
5 534 168	
433,8	
435	
430	
435,4	
430
UNAC	
iАвиастКао
500	
5 314 071	
0,5035	
0,491	
0,486	
0,509	
0,5
RNFT	
РуссНфт ао
2 016	
5 162 738	
412,2	
413,4	
408,6	
415	
411
DVEC	
ДЭК ао
615	
4 579 673	
0,811	
0,782	
0,764	
0,857	
0,789
BELU	
Белуга ао
165	
4 467 208	
1 495	
1 500	
1 470	
1 500	
1 490
RUSP	
Русполимет
200	
3 968 525	
0,63	
0,601	
0,601	
0,65	
0,622
RUGR	
Русгрэйн
2 813	
3 934 813	
7,804	
7,888	
7,53	
7,92	
7,878
CNTLP	
Телеграф-п
452	
3 820 376	
18,66	
18,8	
18,42	
18,98	
18,72
DIOD	
ЗаводДИОД
487	
3 650 963	
6,1	
6,07	
6,03	
6,16	
6,12
AMEZ	
АшинскийМЗ
713	
3 628 615	
4,125	
4,09	
4,005	
4,2	
4,08
SVAV	
СОЛЛЕРС
174	
3 252 100	
260	
259	
256,5	
261,5	
260
VSYDP	
ВыбСудЗ ап
120	
3 234 400	
5 960	
5 960	
5 560	
5 960	
5 960
MRKU	
МРСК Ур
407	
3 107 180	
0,1496	
0,1538	
0,1402	
0,1564	
0,1498
WTCMP	
ЦМТ ап
241	
2 993 596	
9,92	
9,68	
9,68	
10,08	
9,9
RBCM	
РБК ао
587	
2 976 274	
3,092	
3,08	
3,014	
3,132	
3,116
KAZT	
Куйбазот
332	
2 878 988	
136,2	
136	
134,2	
139	
136,8
TGKD	
Квадра
420	
2 787 755	
0,00303	
0,003065	
0,002975	
0,0031	
0,003035
KRKOP	
ТКЗКК ап
563	
2 772 152	
6,23	
6,115	
6	
6,49	
6,145
PRTK	
ПРОТЕК ао
184	
2 554 532	
98	
97,2	
97,2	
99,2	
98,2
LNZLP	
Лензол. ап
266	
2 540 185	
3 770	
3 765	
3 725	
3 825	
3 785
RLMN	
Роллман
838	
2 410 280	
18,7	
18,35	
17,6	
19,5	
18,5
KRSB	
Красэсб ао
207	
2 344 590	
5,86	
5,99	
5,77	
5,99	
5,9
YAKG	
ЯТЭК ао
202	
2 286 770	
43,4	
43,78	
42,5	
44,38	
43,52
HIMCP	
Химпром ап
324	
2 266 183	
5,98	
6,11	
5,89	
6,11	
5,9
KZOSP	
ОргСинт ап
801	
2 165 435	
13,65	
13,65	
13,4	
13,93	
13,74
DASB	
ДагСб ао
274	
2 126 696	
0,0969	
0,0927	
0,0927	
0,0995	
0,0954
AQUA	
РусАква ао
216	
2 057 850	
199,5	
200	
198	
202	
201
SELGP	
Селигдар-п
94	
2 013 335	
27,9	
27,85	
27,65	
28	
27,7
WTCM	
ЦМТ ао
189	
2 006 722	
10,04	
9,98	
9,96	
10,26	
10,1
GTRK	
ГТМ ао
455	
1 993 714	
43,65	
43,8	
43,3	
44	
43,45
LPSB	
ЛЭСК ао
455	
1 988 360	
8,05	
8,2	
7,9	
8,25	
8,05
PMSBP	
ПермьЭнС-п
201	
1 843 454	
129	
130,6	
127,8	
130,8	
128,6
TUZA	
ТЗА ао
182	
1 614 460	
103	
102	
101	
111	
104
ABRD	
АбрауДюрсо
195	
1 589 070	
132,5	
132,5	
131,5	
132,5	
132
TGKN	
ТГК-14
104	
1 426 860	
0,00318	
0,00315	
0,00315	
0,0032	
0,00317
IRKT	
ИРКУТ-3
157	
1 397 830	
29,06	
29,1	
28,8	
29,42	
29
VLHZ	
ВХЗ-ао
135	
1 338 196	
49	
48,65	
48,65	
49,8	
49,05
TGKDP	
Квадра-п
337	
1 338 166	
0,004205	
0,00434	
0,00406	
0,0044	
0,00423
KAZTP	
Куйбазот-п
161	
1 329 098	
136,6	
136	
135	
139,6	
136
TGKBP	
ТГК-2 ап
98	
1 285 180	
0,00662	
0,0065	
0,0065	
0,00678	
0,00663
IRGZ	
ИркЭнерго
102	
1 271 172	
11,66	
11,72	
11,5	
11,8	
11,74
YKEN	
Якутскэнрг
112	
1 258 395	
0,3425	
0,338	
0,33	
0,356	
0,3535
BRZL	
БурЗолото
68	
1 250 230	
827	
828	
827	
832	
828
KRSBP	
Красэсб ап
130	
1 205 280	
5,98	
5,9	
5,82	
6,16	
6,08
KMEZ	
КМЗ
314	
1 142 595	
442	
463,5	
431,5	
463,5	
446
ALNU	
АЛРОСА-Нюр
21	
1 142 000	
47 600	
47 600	
47 200	
47 800	
47 600
MOBB	
МосОблБанк
338	
1 111 910	
2,312	
2,34	
2,23	
2,38	
2,34
PAZA	
ПавлАвт ао
98	
1 088 370	
7 890	
7 940	
7 790	
8 020	
8 000
YKENP	
Якутскэн-п
80	
1 069 600	
0,312	
0,328	
0,3	
0,328	
0,3225
PMSB	
ПермьЭнСб
206	
991 723	
129,6	
131,1	
127,9	
131,6	
130,4
CHEP	
ЧТПЗ ао
80	
903 090	
196	
196	
194	
198,5	
197
IGSTP	
Ижсталь ап
200	
891 390	
700	
691	
676	
750	
702
KCHE	
КамчатЭ ао
85	
883 730	
0,173	
0,173	
0,165	
0,1785	
0,1785
JNOS	
Славн-ЯНОС
53	
880 765	
17,95	
17,4	
17,05	
18,55	
17,8
VRSBP	
ТНСэнВор-п
126	
810 500	
34,5	
31,5	
31	
39	
32,5
MSTT	
Мостотрест
174	
788 613	
153,15	
154,45	
152,05	
154,45	
153,35
RLMNP	
Роллман-п
271	
713 674	
19,48	
20,12	
18,54	
20,36	
19,52
TRCN	
ТрансК ао
31	
695 015	
8 175	
8 210	
8 135	
8 225	
8 160
NFAZ	
Нефтекамск
70	
682 214	
146,2	
147	
143,4	
150,4	
150
CNTL	
Телеграф
136	
679 360	
22,4	
22,4	
22,15	
23,15	
22,9
AVAN	
Авангрд-ао
80	
653 965	
820	
830	
810	
830	
825
NAUK	
iНПОНаука
167	
612 242	
174	
168,2	
166,8	
180	
172,6
VZRZP	
Возрожд-п
91	
596 856	
289,8	
288	
288	
295	
288,2
CHGZ	
РН-ЗапСиб
101	
577 220	
33,6	
33,2	
32,4	
36,4	
34,2
KLSB	
КалужскСК
125	
559 472	
10,62	
10,6	
10,5	
10,73	
10,62
URKZ	
УрКузница
14	
550 200	
10 380	
10 100	
10 100	
10 400	
10 400
MGTS	
МГТС-5ао
88	
545 035	
2 585	
2 550	
2 550	
2 605	
2 570
KROT	
КрасОкт-ао
92	
518 225	
330	
337	
317,5	
343,5	
331,5
RZSB	
РязЭнСб
39	
510 980	
6,55	
6,46	
6,4	
6,6	
6,59
UTAR	
ЮТэйр ао
92	
491 910	
6,35	
6,39	
6,24	
6,41	
6,38
IGST	
Ижсталь2ао
112	
486 697	
883	
849	
849	
925	
851
MRKS	
МРСКСиб
52	
483 700	
0,22	
0,222	
0,218	
0,229	
0,218
VRSB	
ТНСэнВорон
53	
478 500	
48,4	
48,2	
47	
50,2	
47,6
MRKK	
Россети СК
99	
466 582	
26,6	
26,22	
26,14	
26,94	
26,26
ARSA	
Арсагера
46	
432 140	
3,2	
3,23	
3,19	
3,28	
3,2
MAGEP	
МагадЭн ап
43	
398 925	
5,05	
5,04	
4,865	
5,17	
4,97
KRKN	
СаратНПЗ
22	
374 600	
12 500	
12 400	
12 250	
12 600	
12 450
NKHP	
НКХП ао
53	
359 170	
236,5	
233	
233	
237	
236,5
MAGE	
МагадЭн ао
27	
353 820	
4,72	
4,79	
4,69	
4,83	
4,82
USBN	
УралСиб ао
74	
352 343	
0,0729	
0,0736	
0,0722	
0,074	
0,0728
MGNZ	
СМЗ-ао
15	
328 720	
4 060	
4 000	
4 000	
4 080	
4 060
CHMK	
ЧМК ао
36	
326 440	
2 365	
2 375	
2 345	
2 385	
2 370
BISVP	
БашИнСв ап
45	
324 198	
6,73	
6,74	
6,68	
6,76	
6,7
KOGK	
КоршГОК ао
6	
275 800	
46 000	
46 600	
45 400	
46 600	
46 000
MRKY	
РоссЮг ао
89	
272 319	
0,0511	
0,0508	
0,05065	
0,05145	
0,0514
UWGN	
ОВК ао
100	
262 325	
245,4	
240,9	
240,9	
246,6	
243,7
STSBP	
СтаврЭнСбп
38	
251 314	
0,2856	
0,2832	
0,283	
0,2902	
0,287
NKSH	
Нижкамшина
39	
245 526	
22,74	
22,42	
22,38	
23,12	
22,9
BLNG	
Белон ао
45	
241 399	
4,004	
3,994	
3,994	
4,05	
3,998
VJGZP	
Варьеган-п
25	
239 920	
320	
325	
317	
325	
321
ALBK	
БестЭфБ ао
35	
239 005	
52,5	
52,5	
52	
54	
52
KROTP	
КрасОкт-1п
43	
234 830	
232,5	
229,5	
225	
236	
225
PRMB	
Приморье
11	
232 800	
18 000	
17 600	
17 600	
18 200	
17 600
NSVZ	
НаукаСвяз
63	
231 600	
225	
216	
215	
230	
225
UNKL	
ЮУНК ао
46	
224 090	
3 450	
3 470	
3 400	
3 530	
3 450
GAZA	
ГАЗ ао
29	
220 570	
394	
394	
390,5	
396	
391
MFGSP	
Мегион-ап
15	
208 395	
325,5	
324	
318	
330	
320
VJGZ	
Варьеган
44	
189 363	
615	
596	
596	
627	
621
SLEN	
Сахэнер ао
27	
180 253	
4,095	
4,16	
4,055	
4,185	
4,14
UCSS	
ОКС ао
36	
176 140	
1 460	
1 450	
1 450	
1 470	
1 460
ASSB	
АстрЭнСб
42	
170 847	
0,5735	
0,5665	
0,5665	
0,5775	
0,57
RKKE	
ЭнергияРКК
27	
162 590	
4 930	
4 860	
4 860	
5 010	
4 900
KTSB	
КСБ ао
47	
158 836	
0,496	
0,48	
0,48	
0,524	
0,486
TASBP	
ТамбЭнСб-п
14	
142 635	
0,198	
0,1915	
0,1915	
0,2005	
0,1995
ROLO	
Русолово
22	
136 662	
3,796	
3,8	
3,78	
3,824	
3,798
KTSBP	
КСБ ап
27	
132 930	
0,2375	
0,221	
0,221	
0,2405	
0,2355
JNOSP	
Слав-ЯНОСп
45	
132 400	
13,66	
13,7	
13,44	
13,88	
13,74
RUSI	
ИКРУСС-ИНВ
28	
127 690	
39,9	
40,4	
39	
40,4	
40,2
STSB	
СтаврЭнСб
32	
123 984	
0,351	
0,363	
0,3435	
0,3685	
0,3455
MISB	
ТНСэнМарЭл
19	
123 400	
10,5	
10,8	
10,4	
10,8	
10,7
INGR	
ИНГРАД ао
24	
119 923	
764	
750	
750	
768	
768
ROST	
РОСИНТЕРао
38	
117 704	
58,6	
59,2	
57,8	
59,6	
59,6
ELTZ	
Электрцинк
81	
115 568	
168	
169,5	
165,5	
169,5	
169
SAGOP	
СамарЭн-ап
21	
115 420	
0,372	
0,371	
0,368	
0,38	
0,368
KUZB	
КузнецкийБ
154	
109 671	
0,01698	
0,01681	
0,01681	
0,01738	
0,01705
UKUZ	
ЮжКузб. ао
33	
108 874	
500	
490	
490	
516	
500
SAGO	
СамарЭн-ао
19	
103 140	
0,398	
0,392	
0,39	
0,412	
0,396
YRSBP	
ТНСэнЯр-п
27	
101 445	
84	
84	
83	
85,5	
84
ROSB	
Росбанк ао
31	
99 356	
72,6	
72,8	
72	
73,8	
72,2
KGKCP	
КурганГКап
33	
98 125	
54	
53,5	
53,5	
55	
55
OMZZP	
ОМЗ-ап
20	
94 055	
3 485	
3 410	
3 410	
3 510	
3 510
VGSB	
ВолгЭнСб
30	
91 685	
1,5	
1,44	
1,44	
1,58	
1,535
NNSBP	
ТНСэнНН ап
13	
88 074	
537	
542	
535	
556	
536
HALS	
Галс-Девел
44	
86 641	
710	
700	
699	
714	
714
SZPR	
СЗПароход
30	
80 820	
742	
740	
730	
756	
746
YRSB	
ТНСэнЯр
21	
79 920	
158	
160	
150	
164	
164
KUBE	
Кубанэнр
26	
72 278	
61,8	
60,4	
60,4	
62,5	
61,1
GAZAP	
ГАЗ ап
11	
72 225	
328,5	
324	
324	
332,5	
331,5
RTSBP	
ТНСэнРст-п
22	
71 000	
0,254	
0,238	
0,238	
0,267	
0,251
TORSP	
ТРК ап
14	
69 155	
0,256	
0,255	
0,251	
0,258	
0,258
ZILL	
ЗИЛ ао
17	
65 926	
1 404	
1 418	
1 378	
1 418	
1 390
RAVN	
Raven
16	
65 040	
32,5	
32,65	
32,25	
32,8	
32,45
KBSB	
ТНСэКубань
15	
49 410	
133,5	
133	
129	
135	
133,5
VGSBP	
ВолгЭнСб-п
21	
46 190	
1,025	
1,02	
1,02	
1,035	
1,035
MFGS	
Мегион-ао
7	
44 585	
343	
348,5	
341	
348,5	
342
KBTK	
КузбТК ао
10	
41 642	
160,2	
161,2	
159,6	
161,2	
159,6
TASB	
ТамбЭнСб
8	
36 590	
0,2815	
0,288	
0,272	
0,288	
0,281
KGKC	
КурганГКао
6	
36 040	
53	
52	
52	
54	
54
MRSB	
МордЭнСб
5	
35 380	
0,354	
0,356	
0,35	
0,356	
0,355
KCHEP	
КамчатЭ ап
8	
27 470	
0,343	
0,343	
0,339	
0,346	
0,346
DZRDP	
iДонскЗР п
13	
22 890	
1 640	
1 630	
1 620	
1 650	
1 650
MISBP	
ТНСэМаЭл-п
10	
20 200	
9,6	
9,6	
9,4	
9,8	
9,4
CHKZ	
ЧКПЗ ао
4	
20 160	
5 040	
5 000	
5 000	
5 120	
5 120
NNSB	
ТНСэнНН ао
10	
19 025	
1 270	
1 230	
1 230	
1 280	
1 255
SARE	
СаратЭн-ао
6	
12 288	
0,1118	
0,1134	
0,1104	
0,1134	
0,1122
RTSB	
ТНСэнРст
2	
6 450	
0,325	
0,325	
0,32	
0,325	
0,32
SAREP	
СаратЭн-ап
6	
5 186	
0,0864	
0,0868	
0,0852	
0,0868	
0,0852
RDRB	
РДБанк ао
2	
4 950	
250	
245	
245	
250	
250
TORS	
ТРК ао
1	
3 790	
0,379	
0,379	
0,379	
0,379	
0,379
KUNF	
КУЗОЦМ ао
0	
0	
-	
-	
-	
-	
-
NPOF	
Физика ао
0	
0	
-	
-	
-	
-	
11 850
GAZC	
ГАЗКОН-ао
0	
0	
-	
-	
-	
-	
295
GTSS	
ГЕОТЕК ао
0	
0	
-	
-	
-	
-	
-
TRFM	
ТрансФ ао
0	
0	
-	
-	
-	
-	
-
KMTZ	
КосогМЗ ао
0	
0	
-	
-	
-	
-	
-
KZMS	
КЗМС ао
0	
0	
-	
-	
-	
-	
226
VZRZ	
Возрожд-ао
0	
0	
-	
-	
-	
-	
480
GAZS	
ГАЗ-сервис
0	
0	
-	
-	
-	
-	
293
HIMC	
Химпром ао
0	
0	
-	
-	
-	
-	
0,99
LSNG	
Ленэнерго
0	
0	
-	
-	
-	
-	
5,66
URKA	
Уркалий-ао
0	
0	
-	
-	
-	
-	
119,04
GAZT	
ГАЗ-Тек ао
0	
0	
-	
-	
-	
-	
85
KSGR	
Кокс ао
0	
0	
-	
-	
-	
-	
-
LSNGP	
Ленэнерг-п
0	
0	
-	
-	
-	
-	
119,95
MFON	
МегаФон ао
0	
0	
-	
-	
-	
-	
650,6
BISV	
БашИнСв ао
0	
0	
-	
-	
-	
-	
8,7
MORI	
Морион ао
0	
0	
-	
-	
-	
-	
4,31
TNSE	
ТНСэнрг ао
0	
0	
-	
-	
-	
-	
995
DZRD	
iДонскЗР
0	
0	
-	
-	
-	
-	
2 198
KRKO	
ТКЗКК ао
0	
0	
-	
-	
-	
-	
11,8
RTGZ	
ГазпРнД ао
0	
0	
-	
-	
-	
-	
22 000