PLZL	
Полюс
69 434	
9 255 804 206	
16 427	
17 092,5	
16 028	
17 097,5	
16 631,5
LKOH	
ЛУКОЙЛ
26 645	
5 519 774 462	
5 011,5	
5 021,5	
4 976,5	
5 050	
5 050
SBER	
Сбербанк
35 627	
5 319 231 657	
216,14	
216,81	
215,25	
217,42	
216,42
YNDX	
Yandex clA
64 779	
5 292 024 009	
4 075,6	
4 194	
3 971,8	
4 198,8	
4 112,2
GMKN	
ГМКНорНик
27 562	
5 051 865 330	
19 654	
19 800	
19 510	
19 826	
19 690
GAZP	
ГАЗПРОМ ао
48 031	
4 911 390 207	
184,33	
185,1	
183,6	
185,46	
184,3
AFLT	
Аэрофлот
65 455	
3 852 189 155	
84,14	
87,3	
82,86	
87,66	
83,6
POLY	
Polymetal
40 637	
3 086 939 768	
1 763,2	
1 773,1	
1 732,2	
1 802	
1 788,8
IRAO	
ИнтерРАОао
25 581	
1 976 707 105	
5,785	
5,941	
5,705	
5,962	
5,7345
MTSS	
МТС-ао
22 318	
1 592 025 315	
324,95	
323,25	
323	
326,95	
325,7
POGR	
Petropavl
22 098	
1 576 299 520	
36,95	
37	
35,025	
39,105	
39
ROSN	
Роснефть
13 035	
1 458 686 418	
356,5	
358,95	
355	
359,3	
356,75
SNGS	
Сургнфгз
16 298	
1 454 000 204	
37,435	
37,9	
37,025	
38,19	
37,25
MGNT	
Магнит ао
13 602	
1 446 887 645	
4 765	
4 755	
4 713,5	
4 795	
4 762
VTBR	
ВТБ ао
29 198	
1 255 526 768	
0,038955	
0,0393	
0,03874	
0,039515	
0,03883
MOEX	
МосБиржа
19 306	
1 162 589 187	
132,41	
132,07	
130,96	
133,99	
131,66
CHMF	
СевСт-ао
21 034	
1 078 766 439	
920,2	
912,6	
911,6	
925,2	
922,6
TATN	
Татнфт 3ао
14 625	
1 072 314 312	
557,6	
562	
554,4	
563	
558,6
NLMK	
НЛМК ао
15 007	
989 470 832	
147,84	
145,88	
145,38	
149,2	
147,1
MAGN	
ММК
10 390	
896 091 276	
39,88	
39,205	
39,205	
40,445	
40,395
NVTK	
Новатэк ао
12 593	
774 990 858	
1 080,2	
1 082	
1 070,8	
1 086,2	
1 085
SBERP	
Сбербанк-п
17 820	
758 041 559	
200,63	
201,5	
199,59	
202,01	
200,5
SNGSP	
Сургнфгз-п
9 369	
735 510 221	
36,795	
36,665	
36,535	
37,04	
36,78
ALRS	
АЛРОСА ао
18 645	
719 129 814	
66,07	
66,85	
65,45	
66,85	
65,85
LNTA	
Лента др
32 488	
658 908 564	
213,1	
200,5	
198,5	
220	
216,4
LNZL	
Лензолото
14 392	
644 964 190	
18 670	
16 880	
16 420	
20 380	
18 750
TCSG	
TCS-гдр
17 715	
616 313 581	
1 862,4	
1 832	
1 800,8	
1 909,6	
1 804,6
FIVE	
FIVE-гдр
6 121	
568 778 264	
2 820,5	
2 760,5	
2 760,5	
2 869	
2 869
RUAL	
РУСАЛ ао
13 597	
454 827 272	
27,595	
27,375	
27,005	
27,975	
27,75
CBOM	
МКБ ао
8 844	
362 057 957	
5,854	
5,836	
5,819	
5,899	
5,899
HYDR	
РусГидро
11 004	
356 558 873	
0,7413	
0,746	
0,7381	
0,7488	
0,7398
MAIL	
MAIL-гдр
10 871	
330 192 727	
1 961,4	
1 915,2	
1 915	
1 990,6	
1 985
SIBN	
Газпрнефть
4 339	
282 440 291	
323,55	
325,1	
322,25	
325,1	
324,85
AFKS	
Система ао
4 849	
262 166 259	
19,119	
19,106	
18,99	
19,306	
19,092
DSKY	
ДетскийМир
7 256	
243 674 280	
115,28	
115,54	
114,54	
116,92	
115,4
FEES	
ФСК ЕЭС ао
5 247	
235 134 905	
0,19672	
0,19846	
0,19524	
0,19846	
0,19572
RSTI	
Россети ао
3 917	
184 032 943	
1,5991	
1,6115	
1,586	
1,619	
1,5886
BRZL	
БурЗолото
15 779	
183 805 435	
1 274	
1 220	
1 035	
1 390	
1 217
TRNFP	
Транснф ап
710	
174 466 450	
134 600	
134 850	
134 100	
135 050	
135 000
SELG	
Селигдар
9 825	
169 022 198	
38,3	
39,67	
36,22	
42,87	
39
PHOR	
ФосАгро ао
2 935	
167 066 305	
2 635	
2 625	
2 610	
2 652	
2 652
UPRO	
Юнипро ао
5 237	
160 929 181	
2,795	
2,83	
2,775	
2,842	
2,775
RUGR	
Русгрэйн
46 860	
151 365 614	
10,22	
8,492	
8,33	
11,4	
10,79
MVID	
М.видео
3 793	
149 953 040	
440,8	
446,4	
431	
452	
432,2
UNKL	
ЮУНК ао
6 607	
145 227 430	
8 010	
6 270	
6 270	
8 670	
8 670
LNZLP	
Лензол. ап
5 845	
138 360 370	
6 065	
5 780	
5 530	
6 645	
5 810
RTKM	
Ростел -ао
5 163	
136 117 170	
90,67	
90	
90	
91,14	
90,23
OGKB	
ОГК-2 ао
4 469	
111 594 859	
0,7288	
0,737	
0,7152	
0,7401	
0,7192
CNTLP	
Телеграф-п
4 701	
110 794 910	
29,44	
28,5	
28,42	
29,96	
29,18
PIKK	
ПИК ао
2 217	
108 772 232	
472,6	
455	
455	
481	
480,5
TATNP	
Татнфт 3ап
3 629	
100 755 729	
538,4	
539,2	
536	
540,8	
537
CNTL	
Телеграф
3 278	
96 393 035	
29,7	
29,45	
28,5	
30,3	
29
AGRO	
AGRO-гдр
3 909	
87 338 158	
722	
708,8	
703,6	
729,8	
722
ENPG	
ЭН+ГРУП ао
1 827	
68 284 933	
720,5	
744	
680	
749,5	
747,5
SFIN	
САФМАР ао
191	
67 991 348	
518,8	
518,4	
518,4	
519,2	
518,4
ENRU	
ЭнелРос ао
3 768	
54 849 563	
0,936	
0,935	
0,928	
0,9485	
0,9415
NMTP	
НМТП ао
4 386	
50 754 840	
9,54	
9,565	
9,505	
9,59	
9,51
LSRG	
ЛСР ао
3 132	
47 654 606	
741,2	
739,2	
735,6	
745	
741
QIWI	
iQIWI
2 517	
46 836 036	
1 313	
1 311	
1 295,5	
1 330,5	
1 330,5
TGKA	
ТГК-1
2 691	
45 707 615	
0,012032	
0,01208	
0,011962	
0,01213	
0,01211
RTKMP	
Ростел -ап
3 258	
43 417 112	
85	
84,95	
84,1	
85,5	
85,45
MTLR	
Мечел ао
4 586	
41 874 793	
66,94	
67,29	
66,24	
67,82	
66,26
SELGP	
Селигдар-п
1 440	
28 935 025	
28,6	
30,5	
27,15	
30,95	
28,95
ETLN	
ETLN-гдр
2 090	
27 763 673	
111,02	
112,16	
110,16	
112,16	
111
MTLRP	
Мечел ап
1 302	
26 019 619	
86,85	
86	
85,75	
87,95	
86,7
LSNGP	
РСетиЛЭ-п
1 214	
25 409 868	
150,8	
150,9	
150,05	
151,5	
150,35
MSNG	
+МосЭнерго
952	
23 969 235	
2,143	
2,1455	
2,1295	
2,1595	
2,14
RASP	
Распадская
597	
23 607 599	
107,96	
108,4	
107,2	
108,88	
108
BANEP	
Башнефт ап
1 685	
22 789 716	
1 349	
1 348,5	
1 346	
1 353,5	
1 350
ROLO	
Русолово
1 664	
21 162 002	
5,536	
5,792	
5,27	
6	
5,41
NKNCP	
НКНХ ап
1 930	
20 765 920	
79	
79,24	
78,72	
79,36	
79,12
MRKP	
МРСК ЦП
1 026	
20 248 943	
0,2102	
0,2105	
0,2	
0,2145	
0,2127
YAKG	
ЯТЭК ао
449	
20 183 050	
42	
41,55	
41,55	
47,25	
42,25
TRMK	
ТМК ао
1 079	
19 855 840	
57,42	
57,3	
56,74	
58,2	
57,06
BSPB	
БСП ао
1 881	
18 948 577	
42,87	
42,73	
42,6	
43,05	
42,87
OBUV	
ОР ао
1 457	
16 046 599	
34,1	
33,7	
33,6	
34,65	
34,4
LIFE	
iФармсинтз
903	
13 336 833	
7,655	
7,695	
7,5	
7,75	
7,665
VSMO	
ВСМПО-АВСМ
262	
12 184 500	
18 360	
18 320	
18 300	
18 460	
18 300
RZSB	
РязЭнСб
651	
11 120 580	
9,78	
9,38	
9,14	
10,8	
9,3
AKRN	
Акрон
414	
9 625 844	
5 662	
5 680	
5 642	
5 700	
5 700
RSTIP	
Россети ап
573	
9 525 917	
2,08	
2,06	
2,052	
2,1	
2,06
ISKJ	
iИСКЧ ао
689	
8 166 831	
25,93	
25,41	
25,22	
26,34	
26,01
PAZA	
ПавлАвт ао
575	
7 765 080	
8 890	
8 060	
8 060	
9 490	
8 400
MSRS	
РСетиМР ао
549	
7 516 858	
1,209	
1,22	
1,1865	
1,2345	
1,1965
BANE	
Башнефт ао
695	
7 435 105	
1 739	
1 756,5	
1 731	
1 756,5	
1 739
AQUA	
РусАква ао
464	
7 298 585	
192	
191,5	
191	
192,5	
192,5
MAGE	
МагадЭн ао
349	
6 126 920	
7,16	
6,89	
6,82	
7,92	
6,9
FESH	
ДВМП ао
663	
5 996 650	
7,75	
7,67	
7,67	
7,81	
7,73
SVAV	
СОЛЛЕРС
262	
5 711 195	
271	
268,5	
268,5	
273,5	
272,5
KRKNP	
СаратНПЗ-п
171	
5 665 860	
16 240	
16 240	
16 180	
16 460	
16 280
RNFT	
РуссНфт ао
1 341	
5 640 176	
508,6	
506	
492,4	
511,4	
511,4
RTSB	
ТНСэнРст
165	
5 060 550	
0,42	
0,4	
0,395	
0,44	
0,405
KRKOP	
ТКЗКК ап
1 188	
4 946 997	
7,2	
7,255	
7,04	
7,5	
7,075
MRKC	
МРСК Центр
301	
4 944 453	
0,2922	
0,2908	
0,2902	
0,2938	
0,2926
IGSTP	
Ижсталь ап
1 043	
4 762 726	
858	
745	
744	
975	
862
KROT	
КрасОкт-ао
378	
4 093 530	
407,5	
398	
382	
445,5	
390
URKZ	
УрКузница
140	
4 013 700	
17 380	
16 940	
16 700	
18 280	
17 180
TGKB	
ТГК-2
318	
3 962 160	
0,004175	
0,00422	
0,00411	
0,004235	
0,004125
CHMK	
ЧМК ао
399	
3 956 455	
2 630	
2 570	
2 525	
2 740	
2 640
IGST	
Ижсталь2ао
762	
3 867 893	
1 074	
1 003	
975	
1 150	
1 082
GCHE	
ЧеркизГ-ао
417	
3 812 677	
1 771,5	
1 767,5	
1 765	
1 776	
1 772
ALNU	
АЛРОСА-Нюр
18	
3 522 400	
54 200	
54 200	
53 800	
54 400	
54 400
RBCM	
РБК ао
677	
2 946 049	
3,43	
3,36	
3,3	
3,498	
3,434
IRKT	
ИРКУТ-3
241	
2 930 766	
36,36	
36,5	
36	
36,84	
36,1
BELU	
Белуга ао
308	
2 903 635	
1 333	
1 340	
1 323	
1 345	
1 333
NKNC	
НКНХ ао
544	
2 845 616	
92,4	
92,65	
92,2	
92,8	
92,4
DIOD	
ЗаводДИОД
395	
2 835 811	
6,5	
6,4	
6,39	
6,58	
6,55
MAGEP	
МагадЭн ап
170	
2 575 900	
7,875	
7,185	
7,17	
9,485	
7,7
MRKV	
РсетВол ао
417	
2 512 277	
0,0732	
0,07365	
0,0726	
0,0737	
0,0733
KZOS	
ОргСинт ао
437	
2 481 088	
86,1	
87	
85,5	
87	
86,1
GEMA	
iММЦБ ао
362	
2 055 706	
596,5	
598	
593,5	
602	
598
MGTSP	
МГТС-4ап
262	
2 009 204	
1 978	
1 980	
1 966	
1 984	
1 976
UNAC	
iАвиастКао
291	
1 872 384	
0,483	
0,484	
0,4795	
0,4905	
0,4845
APTK	
Аптеки36и6
1 167	
1 851 008	
13,568	
13,52	
13,5	
13,602	
13,566
CHEP	
ЧТПЗ ао
184	
1 737 615	
210	
208	
207,5	
212,5	
210,5
RKKE	
ЭнергияРКК
179	
1 714 400	
5 440	
5 250	
5 190	
5 650	
5 570
ELTZ	
Электрцинк
415	
1 585 059	
168,5	
162,5	
161,5	
179	
178
VLHZ	
ВХЗ-ао
286	
1 557 442	
54,2	
54,6	
53,2	
55,75	
53,6
INGR	
ИНГРАД ао
127	
1 538 042	
742	
735	
735	
745	
742
IRGZ	
ИркЭнерго
147	
1 513 872	
11,64	
11,7	
11,5	
11,76	
11,62
BISVP	
БашИнСв ап
62	
1 486 184	
8,36	
8,27	
8,18	
8,4	
8,31
KROTP	
КрасОкт-1п
203	
1 437 985	
287	
289	
273,5	
308,5	
278,5
ZILL	
ЗИЛ ао
141	
1 431 865	
2 655	
2 600	
2 560	
2 740	
2 625
SLEN	
Сахэнер ао
95	
1 384 582	
5,665	
5,65	
5,5	
5,89	
5,75
KMAZ	
КАМАЗ
328	
1 377 853	
57,8	
57,7	
57,5	
58,2	
57,6
MSTT	
Мостотрест
174	
1 262 984	
154,8	
155	
153,05	
155,8	
155,7
MRKZ	
МРСК СЗ
169	
1 192 528	
0,0511	
0,052	
0,0505	
0,0525	
0,05105
OMZZP	
ОМЗ-ап
215	
1 060 510	
3 570	
3 455	
3 450	
3 800	
3 490
UWGN	
ОВК ао
124	
1 046 969	
236,4	
242,4	
235	
242,4	
236,9
GTRK	
ГТМ ао
257	
1 038 436	
42,95	
42,7	
42,55	
43,65	
43,2
BLNG	
Белон ао
277	
1 037 521	
4,516	
4,6	
4,466	
4,6	
4,556
DVEC	
ДЭК ао
115	
1 024 845	
1,049	
1,049	
1,042	
1,062	
1,05
EELT	
ЕвроЭлтех
170	
969 484	
8,68	
8,82	
8,6	
8,82	
8,64
RUSP	
Русполимет
105	
948 990	
0,6245	
0,622	
0,6155	
0,633	
0,6215
NAUK	
iНПОНаука
75	
902 068	
180,8	
180,8	
178,6	
181,2	
181
MISB	
ТНСэнМарЭл
83	
835 270	
13,2	
12,8	
12,8	
13,4	
13
RLMN	
Роллман
273	
824 188	
19,75	
19,3	
19,1	
20,45	
19,7
KLSB	
КалужскСК
189	
781 105	
11,5	
11,56	
11,31	
11,61	
11,59
NFAZ	
Нефтекамск
102	
764 680	
160,6	
164,6	
158,8	
164,6	
161
TTLK	
Таттел. ао
99	
761 775	
0,2865	
0,2845	
0,2835	
0,288	
0,2875
STSBP	
СтаврЭнСбп
193	
741 504	
0,362	
0,3625	
0,36	
0,3645	
0,3635
HIMCP	
Химпром ап
128	
733 262	
6,12	
6,01	
5,97	
6,19	
6,11
MGNZ	
СМЗ-ао
90	
708 870	
4 890	
4 850	
4 830	
4 990	
4 870
USBN	
УралСиб ао
79	
687 707	
0,0687	
0,0685	
0,0681	
0,0693	
0,0693
TGKD	
Квадра
108	
624 629	
0,003095	
0,00312	
0,00308	
0,00313	
0,003085
AMEZ	
АшинскийМЗ
168	
604 018	
4,145	
4,165	
4,125	
4,17	
4,125
MFGSP	
Мегион-ап
13	
579 330	
320	
321	
319	
321	
320
MISBP	
ТНСэМаЭл-п
65	
575 660	
13,2	
13	
12,8	
13,2	
13
ROST	
РОСИНТЕРао
105	
573 698	
61,6	
61	
60	
63	
61,4
STSB	
СтаврЭнСб
154	
550 990	
0,407	
0,399	
0,3915	
0,435	
0,4005
YKEN	
Якутскэнрг
53	
529 815	
0,3465	
0,354	
0,345	
0,354	
0,3455
KZOSP	
ОргСинт ап
340	
521 615	
12	
12	
11,91	
12,12	
12,02
TGKBP	
ТГК-2 ап
36	
516 740	
0,00708	
0,00707	
0,00704	
0,00716	
0,0071
LSNG	
РСетиЛЭ
172	
513 862	
6,03	
6,02	
6,01	
6,08	
6,03
RGSS	
РГС СК ао
124	
507 657	
0,1498	
0,1492	
0,149	
0,151	
0,1498
TGKN	
ТГК-14
65	
480 610	
0,00308	
0,00308	
0,00307	
0,0031	
0,00308
HALS	
Галс-Девел
115	
475 269	
1 049	
1 059	
1 028	
1 059	
1 055
GAZAP	
ГАЗ ап
66	
436 445	
305	
307	
302	
312	
307
MRKU	
МРСК Ур
64	
412 496	
0,1558	
0,155	
0,1542	
0,156	
0,1552
WTCM	
ЦМТ ао
92	
411 152	
8,98	
8,74	
8,74	
9,1	
8,86
NKHP	
НКХП ао
63	
408 515	
231	
230	
229	
232	
230
VRSBP	
ТНСэнВор-п
42	
405 200	
47	
47,5	
46	
48	
47
PMSBP	
ПермьЭнС-п
108	
397 218	
129,8	
129,4	
129,4	
130,2	
129,8
VJGZ	
Варьеган
56	
378 300	
578	
585	
571	
590	
588
RUSI	
ИКРУСС-ИНВ
55	
376 230	
41,3	
41,8	
40,5	
44	
40,8
KAZT	
Куйбазот
87	
374 774	
144,2	
143	
142,6	
146,2	
145,2
UTAR	
ЮТэйр ао
73	
355 945	
7,15	
7,18	
7,12	
7,2	
7,15
MGTS	
МГТС-5ао
34	
353 480	
2 265	
2 290	
2 255	
2 290	
2 280
RAVN	
Raven
20	
332 095	
30,75	
30,75	
30,35	
31	
30,75
KMEZ	
КМЗ
119	
305 563	
487,5	
483,5	
476,5	
496	
495,5
WTCMP	
ЦМТ ап
39	
300 904	
8,24	
8,2	
8,2	
8,48	
8,38
PMSB	
ПермьЭнСб
75	
299 379	
129,6	
129,5	
128,1	
131,5	
130,1
KUZB	
КузнецкийБ
161	
284 073	
0,01537	
0,0154	
0,01514	
0,0156	
0,01542
VRSB	
ТНСэнВорон
33	
283 240	
54,6	
55,2	
52,4	
55,2	
54
ABRD	
АбрауДюрсо
60	
281 020	
129,5	
129	
129	
130	
130
YKENP	
Якутскэн-п
46	
275 685	
0,328	
0,331	
0,324	
0,3345	
0,3285
NSVZ	
НаукаСвяз
71	
266 990	
215,5	
218,5	
212	
219	
216
ASSB	
АстрЭнСб
128	
262 167	
0,7385	
0,7445	
0,7215	
0,752	
0,7395
VSYD	
ВыбСудЗ ао
29	
249 360	
3 960	
3 885	
3 880	
4 000	
3 920
KBSB	
ТНСэКубань
32	
196 435	
138,5	
139	
138	
139,5	
138
LVHK	
Левенгук
88	
194 625	
8,04	
8	
7,88	
8,3	
7,94
DZRDP	
iДонскЗР п
56	
190 840	
1 580	
1 590	
1 550	
1 600	
1 570
MRKY	
РоссЮг ао
65	
184 985	
0,05055	
0,05075	
0,05035	
0,0508	
0,05045
KRKN	
СаратНПЗ
14	
178 700	
12 750	
13 000	
12 400	
13 000	
12 700
UCSS	
ОКС ао
32	
176 400	
1 450	
1 450	
1 440	
1 460	
1 450
KRSB	
Красэсб ао
19	
170 110	
6,54	
6,51	
6,5	
6,64	
6,59
TNSE	
ТНСэнрг ао
4	
165 880	
970	
965	
965	
980	
970
VJGZP	
Варьеган-п
17	
162 320	
353	
354	
348	
362	
348
SARE	
СаратЭн-ао
12	
158 374	
0,1192	
0,1174	
0,1174	
0,1194	
0,1194
MRSB	
МордЭнСб
24	
154 600	
0,344	
0,346	
0,34	
0,346	
0,345
VSYDP	
ВыбСудЗ ап
31	
154 240	
4 060	
4 040	
4 020	
4 140	
4 120
DZRD	
iДонскЗР
27	
141 215	
1 990	
1 995	
1 960	
2 015	
2 015
KGKCP	
КурганГКап
18	
137 575	
53	
53	
52,5	
53,5	
53,5
ARSA	
Арсагера
28	
123 100	
3,52	
3,47	
3,45	
3,65	
3,55
TORS	
ТРК ао
28	
122 870	
0,41	
0,415	
0,4	
0,428	
0,415
KAZTP	
Куйбазот-п
34	
122 736	
146,2	
149	
145	
149	
146,6
KCHEP	
КамчатЭ ап
18	
118 300	
0,338	
0,342	
0,333	
0,345	
0,345
RTGZ	
ГазпРнД ао
5	
117 550	
23 500	
23 350	
23 350	
23 600	
23 600
KUBE	
Кубанэнр
40	
110 924	
68,9	
69,8	
68	
69,8	
68,2
MRKS	
РсетСиб ао
15	
110 830	
0,241	
0,243	
0,2405	
0,2435	
0,2425
TORSP	
ТРК ап
32	
107 890	
0,2695	
0,271	
0,265	
0,2735	
0,271
TASB	
ТамбЭнСб
12	
101 575	
0,423	
0,43	
0,422	
0,43	
0,4225
LPSB	
ЛЭСК ао
26	
100 105	
7,65	
7,7	
7,6	
7,7	
7,7
KOGK	
КоршГОК ао
2	
99 400	
49 800	
49 600	
49 600	
49 800	
49 800
CHKZ	
ЧКПЗ ао
13	
92 440	
5 440	
5 360	
5 360	
5 600	
5 360
KRSBP	
Красэсб ап
11	
91 360	
6,54	
6,72	
6,44	
6,72	
6,6
RTSBP	
ТНСэнРст-п
28	
89 360	
0,298	
0,295	
0,29	
0,306	
0,302
PRMB	
Приморье
4	
87 600	
22 000	
21 400	
21 200	
22 600	
22 400
ALBK	
БестЭфБ ао
39	
84 865	
52,5	
53	
51,5	
53	
52,5
VZRZP	
Возрожд-п
21	
81 892	
341,2	
345,4	
338,4	
345,4	
343
SAGOP	
СамарЭн-ап
9	
80 900	
0,405	
0,405	
0,404	
0,408	
0,408
ROSB	
Росбанк ао
33	
76 428	
70,2	
69,2	
69,2	
71	
70,2
RLMNP	
Роллман-п
56	
76 371	
20,16	
20,46	
19,8	
20,7	
20,08
TASBP	
ТамбЭнСб-п
16	
65 085	
0,3255	
0,325	
0,323	
0,329	
0,326
JNOS	
Славн-ЯНОС
15	
63 145	
18,55	
18,45	
18,4	
18,65	
18,6
GAZA	
ГАЗ ао
9	
58 430	
389,5	
387,5	
387,5	
394,5	
391,5
UKUZ	
ЮжКузб. ао
28	
58 254	
540	
534	
534	
542	
542
TGKDP	
Квадра-п
27	
56 312	
0,00383	
0,00381	
0,00381	
0,003885	
0,003835
KBTK	
КузбТК ао
19	
54 858	
152,4	
153,6	
151,4	
153,6	
152
ZVEZ	
ЗВЕЗДА ао
5	
54 660	
4,555	
4,56	
4,55	
4,56	
4,55
KGKC	
КурганГКао
9	
48 770	
53	
53	
52	
54	
54
MFGS	
Мегион-ао
6	
43 350	
361,5	
368	
360	
368	
360,5
SAGO	
СамарЭн-ао
4	
42 000	
0,468	
0,47	
0,464	
0,47	
0,464
NNSBP	
ТНСэнНН ап
19	
37 903	
583	
574	
571	
597	
583
VGSBP	
ВолгЭнСб-п
15	
35 890	
1,12	
1,115	
1,11	
1,135	
1,125
RDRB	
РДБанк ао
12	
35 750	
240	
235	
235	
240	
240
NKSH	
Нижкамшина
8	
29 022	
22,32	
22,32	
22,2	
22,52	
22,3
VGSB	
ВолгЭнСб
5	
21 600	
1,66	
1,665	
1,64	
1,665	
1,655
MRKK	
Россети СК
44	
20 722	
25,9	
25,98	
25,74	
26	
25,96
YRSB	
ТНСэнЯр
5	
18 420	
168	
166	
166	
170	
168
KTSB	
КСБ ао
15	
12 736	
0,606	
0,616	
0,598	
0,618	
0,608
KCHE	
КамчатЭ ао
4	
12 055	
0,201	
0,2005	
0,2005	
0,203	
0,2005
CHGZ	
РН-ЗапСиб
3	
10 380	
34,6	
34,6	
34,6	
34,6	
34,6
AVAN	
Авангрд-ао
6	
8 300	
690	
690	
690	
700	
700
NNSB	
ТНСэнНН ао
3	
5 250	
1 315	
1 305	
1 305	
1 320	
1 320
YRSBP	
ТНСэнЯр-п
5	
4 360	
87	
87	
87	
87,5	
87,5
JNOSP	
Слав-ЯНОСп
2	
2 818	
14,1	
14,12	
14,06	
14,12	
14,06
TUZA	
ТЗА ао
2	
1 860	
93	
93	
93	
93	
93
KUNF	
КУЗОЦМ ао
0	
0	
-	
-	
-	
-	
-
PRTK	
ПРОТЕК ао
0	
0	
-	
-	
-	
-	
99,6
GAZC	
ГАЗКОН-ао
0	
0	
-	
-	
-	
-	
295
GTSS	
ГЕОТЕК ао
0	
0	
-	
-	
-	
-	
-
NPOF	
Физика ао
0	
0	
-	
-	
-	
-	
11 850
TRCN	
ТрансК ао
0	
0	
-	
-	
-	
-	
8 595
KMTZ	
КосогМЗ ао
0	
0	
-	
-	
-	
-	
-
KZMS	
КЗМС ао
0	
0	
-	
-	
-	
-	
226
TRFM	
ТрансФ ао
0	
0	
-	
-	
-	
-	
-
GAZS	
ГАЗ-сервис
0	
0	
-	
-	
-	
-	
293
HIMC	
Химпром ао
0	
0	
-	
-	
-	
-	
0,99
GAZT	
ГАЗ-Тек ао
0	
0	
-	
-	
-	
-	
85
KSGR	
Кокс ао
0	
0	
-	
-	
-	
-	
-
MOBB	
МосОблБанк
0	
0	
-	
-	
-	
-	
0,698
URKA	
Уркалий-ао
0	
0	
-	
-	
-	
-	
119,04
VZRZ	
Возрожд-ао
0	
0	
-	
-	
-	
-	
480
BISV	
БашИнСв ао
0	
0	
-	
-	
-	
-	
8,7
MFON	
МегаФон ао
0	
0	
-	
-	
-	
-	
650,6
KRKO	
ТКЗКК ао
0	
0	
-	
-	
-	
-	
11,8
KTSBP	
КСБ ап
0	
0	
-	
-	
-	
-	
0,258
MORI	
Морион ао
0	
0	
-	
-	
-	
-	
4,31
SAREP	
СаратЭн-ап
0	
0	
-	
-	
-	
-	
0,093