SBER	
Сбербанк
100 887	
14 346 698 389	
204,45	
206,94	
202,3	
206,94	
204,84
GAZP	
ГАЗПРОМ ао
134 859	
13 525 669 931	
155,65	
158,98	
153,7	
158,99	
153,79
LKOH	
ЛУКОЙЛ
68 765	
8 089 081 597	
4 026	
4 095	
3 961	
4 109,5	
4 016
GMKN	
ГМКНорНик
42 454	
7 072 059 588	
18 748	
19 104	
18 400	
19 210	
18 554
YNDX	
Yandex clA
55 618	
6 323 568 978	
4 553,8	
4 590	
4 500	
4 637	
4 547,2
TATN	
Татнфт 3ао
70 923	
3 701 741 039	
404,8	
417,2	
398,4	
417,5	
402,3
ROSN	
Роснефть
33 827	
3 519 650 016	
358,05	
371,85	
350,5	
371,85	
351,75
PLZL	
Полюс
23 666	
3 211 761 968	
15 941,5	
16 412	
15 455,5	
16 497,5	
15 919
POLY	
Polymetal
30 928	
2 629 538 807	
1 731,1	
1 770	
1 530	
1 783,8	
1 706,9
MOEX	
МосБиржа
38 443	
2 429 805 268	
137,84	
140,74	
134,8	
141,09	
138,5
SNGS	
Сургнфгз
30 770	
2 351 620 729	
33,15	
33,985	
32,055	
34,105	
32,295
AFLT	
Аэрофлот
64 368	
2 340 646 822	
56,04	
57,46	
55,02	
57,7	
55,3
TCSG	
TCS-гдр
44 329	
2 039 657 042	
1 994,6	
1 954	
1 859	
2 050	
1 925,8
NVTK	
Новатэк ао
30 815	
2 033 018 618	
1 001,8	
1 029,8	
980	
1 035	
989,2
MGNT	
Магнит ао
22 667	
1 894 709 436	
4 693,5	
4 776	
4 636	
4 783,5	
4 700
IRAO	
ИнтерРАОао
25 242	
1 848 614 096	
5,035	
5,18	
4,96	
5,182	
5,0115
MTSS	
МТС-ао
27 042	
1 753 901 087	
312,7	
316,6	
310,1	
316,75	
312,45
SBERP	
Сбербанк-п
36 908	
1 750 272 935	
192,81	
196,5	
191,01	
196,5	
193,2
AFKS	
Система ао
26 280	
1 614 603 197	
24,447	
24,595	
23,888	
25,274	
25
ALRS	
АЛРОСА ао
39 638	
1 602 724 539	
71,42	
74,56	
69,91	
74,65	
70,39
MAIL	
MAIL-гдр
31 389	
1 574 338 161	
2 111	
2 141	
2 071,2	
2 159	
2 117,2
CHMF	
СевСт-ао
25 868	
1 514 613 131	
1 045	
1 058,2	
1 035	
1 061	
1 043
NLMK	
НЛМК ао
20 203	
1 419 751 387	
178,46	
181,16	
175,62	
181,84	
178,76
SNGSP	
Сургнфгз-п
22 495	
1 418 284 662	
37,36	
37,125	
37,07	
37,76	
37,255
FIVE	
FIVE-гдр
21 124	
1 227 336 898	
2 773,5	
2 829,5	
2 701,5	
2 847,5	
2 787
VTBR	
ВТБ ао
49 402	
1 168 649 301	
0,03267	
0,033435	
0,0322	
0,033435	
0,03224
MAGN	
ММК
16 618	
964 346 651	
35,615	
35,88	
35,3	
36,08	
35,665
TATNP	
Татнфт 3ап
32 276	
891 379 790	
391,7	
401,2	
385,3	
403,7	
389,3
HYDR	
РусГидро
23 078	
756 718 019	
0,7178	
0,7248	
0,7055	
0,7248	
0,7181
DSKY	
ДетскийМир
18 496	
436 726 014	
111,96	
114,68	
109,56	
114,7	
113,8
FEES	
ФСК ЕЭС ао
9 449	
433 055 174	
0,18554	
0,18972	
0,1827	
0,18992	
0,1855
TRNFP	
Транснф ап
2 102	
424 155 150	
133 300	
134 150	
131 500	
135 850	
133 700
RSTI	
Россети ао
10 643	
404 640 790	
1,406	
1,45	
1,3711	
1,45	
1,3912
CBOM	
МКБ ао
8 165	
391 661 176	
5,463	
5,54	
5,411	
5,545	
5,442
UPRO	
Юнипро ао
8 784	
307 436 901	
2,611	
2,664	
2,588	
2,67	
2,612
RUAL	
РУСАЛ ао
22 914	
303 468 239	
30,64	
31,5	
29,9	
31,695	
30,05
SIBN	
Газпрнефть
7 121	
274 696 950	
272,7	
275,55	
270,45	
276,1	
272,5
PHOR	
ФосАгро ао
6 438	
242 927 346	
2 815	
2 799	
2 782	
2 850	
2 845
FLOT	
Совкомфлот
6 965	
234 371 018	
97,08	
96,7	
95,5	
98,59	
97,3
LNTA	
Лента др
19 801	
229 681 321	
213,8	
219,9	
207,3	
219,9	
208,8
RTKM	
Ростел -ао
9 965	
222 892 420	
92,21	
94,14	
91,38	
94,3	
92,73
POGR	
Petropavl
7 709	
219 448 111	
26,82	
27,37	
26,35	
27,55	
26,79
MVID	
М.видео
3 565	
157 970 449	
672,6	
674	
660	
687,6	
672,3
OGKB	
ОГК-2 ао
6 043	
137 596 830	
0,6894	
0,7101	
0,6726	
0,7129	
0,6759
LSRG	
ЛСР ао
8 163	
137 244 517	
880,2	
898,4	
870	
899,8	
880,8
GLTR	
GLTR-гдр
2 935	
133 316 748	
465,25	
486	
451,05	
486	
456,9
ETLN	
ETLN-гдр
10 505	
96 199 419	
127,18	
130,2	
126,18	
130,5	
126,56
RASP	
Распадская
2 206	
91 256 856	
111,08	
113,24	
108,4	
113,86	
111,08
PIKK	
ПИК ао
3 401	
90 367 138	
565,6	
579,5	
561	
579,5	
567,5
ENPG	
ЭН+ГРУП ао
2 270	
80 170 641	
650	
694	
630,5	
694	
639
MTLR	
Мечел ао
12 315	
75 266 158	
56,16	
57,49	
55	
57,6	
55,62
BANEP	
Башнефт ап
4 084	
69 482 663	
1 163	
1 180	
1 150,5	
1 188,5	
1 160
AKRN	
Акрон
1 187	
67 860 704	
6 176	
6 150	
6 012	
6 232	
6 220
ENRU	
ЭнелРос ао
4 469	
61 109 176	
0,9005	
0,912	
0,893	
0,915	
0,8945
TGKA	
ТГК-1
2 323	
60 580 067	
0,010804	
0,01105	
0,010634	
0,01105	
0,010756
AGRO	
AGRO-гдр
3 802	
60 526 959	
736,2	
753	
725,8	
755	
732
LSNGP	
РСетиЛЭ-п
3 566	
56 828 726	
144,95	
149	
142,65	
149,75	
143,35
RTKMP	
Ростел -ап
3 524	
52 466 929	
82,5	
84,65	
81,15	
85,45	
82
BSPB	
БСП ао
4 842	
48 879 682	
43,41	
44	
42,93	
44,41	
43,02
SELGP	
Селигдар-п
1 546	
48 273 345	
36,15	
38	
34,5	
38	
36,1
QIWI	
iQIWI
3 437	
42 164 995	
1 139	
1 160	
1 123,5	
1 169	
1 135
RSTIP	
Россети ап
1 976	
32 747 105	
1,908	
1,989	
1,871	
1,99	
1,906
NMTP	
НМТП ао
4 361	
30 645 287	
7,845	
7,99	
7,77	
8,03	
7,805
MRKP	
МРСК ЦП
1 920	
30 198 954	
0,2153	
0,2213	
0,212	
0,2217	
0,214
MSNG	
+МосЭнерго
1 555	
29 875 523	
2,025	
2,057	
2,0085	
2,057	
2,009
MTLRP	
Мечел ап
2 390	
29 294 167	
64,25	
65,45	
62	
65,7	
63,35
OBUV	
ОР ао
2 983	
18 122 677	
29,3	
30,25	
28,85	
30,4	
29,15
FESH	
ДВМП ао
1 182	
18 080 967	
9,36	
9,72	
9	
9,8	
9,1
SELG	
Селигдар
1 071	
17 203 721	
42,76	
43,71	
41,62	
44	
41,92
NKNCP	
НКНХ ап
2 263	
17 143 052	
73,7	
74,78	
72,94	
75,14	
73,12
HHRU	
iHHRU-адр
484	
16 961 587	
1 791,2	
1 750,8	
1 750,4	
1 810	
1 798,8
BANE	
Башнефт ао
1 709	
16 399 110	
1 512,5	
1 554	
1 500	
1 557,5	
1 511
ISKJ	
iИСКЧ ао
1 090	
13 972 500	
27,15	
28,1	
26,11	
29	
27,24
APTK	
Аптеки36и6
6 361	
13 077 917	
13,682	
13,92	
13,52	
13,984	
13,612
MRKV	
РсетВол ао
839	
10 880 074	
0,06775	
0,06845	
0,067	
0,06895	
0,067
LNZL	
Лензолото
89	
10 370 180	
19 350	
19 370	
19 280	
19 440	
19 320
TRMK	
ТМК ао
900	
9 687 693	
59,16	
60,32	
58,1	
60,32	
58,1
AQUA	
РусАква ао
558	
8 935 595	
222,5	
226,5	
220	
226,5	
221
CNTLP	
Телеграф-п
909	
8 325 092	
12,66	
13,02	
12,5	
13,12	
12,54
GCHE	
ЧеркизГ-ао
930	
7 585 541	
1 808	
1 831	
1 790	
1 831	
1 800
INGR	
ИНГРАД ао
420	
7 418 018	
952	
952	
948	
956	
951
VSMO	
ВСМПО-АВСМ
185	
7 115 220	
16 100	
16 160	
16 020	
16 340	
16 160
LNZLP	
Лензол. ап
432	
6 897 720	
4 015	
4 000	
3 980	
4 050	
3 995
MRKC	
МРСК Центр
1 505	
6 429 304	
0,2944	
0,2992	
0,2898	
0,2998	
0,2948
LIFE	
iФармсинтз
786	
6 068 844	
6,34	
6,465	
6,27	
6,54	
6,33
MSRS	
РСетиМР ао
542	
6 064 693	
1,192	
1,172	
1,172	
1,205	
1,1855
MRSB	
МордЭнСб
333	
5 652 520	
0,44	
0,443	
0,431	
0,445	
0,433
NKNC	
НКНХ ао
581	
5 271 921	
83,45	
85,5	
80,6	
85,55	
82,9
AMEZ	
АшинскийМЗ
1 210	
4 373 698	
4,435	
4,51	
4,38	
4,53	
4,395
SVAV	
СОЛЛЕРС
162	
4 260 550	
271,5	
273	
268	
276,5	
270
KRKNP	
СаратНПЗ-п
182	
4 139 700	
14 620	
14 860	
14 520	
14 860	
14 580
TGKB	
ТГК-2
286	
3 851 115	
0,003775	
0,003855	
0,00372	
0,003855	
0,00373
RUGR	
Русгрэйн
3 373	
3 736 478	
8,978	
9,308	
8,5	
9,58	
8,746
MSTT	
Мостотрест
634	
3 444 906	
108,5	
111,9	
105	
111,9	
108,5
MGTSP	
МГТС-4ап
449	
3 428 838	
1 796	
1 816	
1 780	
1 820	
1 796
BLNG	
Белон ао
614	
3 414 826	
4,404	
4,278	
4,276	
4,544	
4,29
TGKD	
Квадра
1 757	
3 309 009	
0,00375	
0,00383	
0,003685	
0,00387	
0,003695
BELU	
Белуга ао
401	
3 151 346	
1 202	
1 245	
1 191	
1 245	
1 195
TNSE	
ТНСэнрг ао
123	
3 067 505	
1 015	
1 015	
995	
1 035	
1 030
TTLK	
Таттел. ао
236	
2 977 140	
0,325	
0,3335	
0,31	
0,334	
0,3215
GTRK	
ГТМ ао
1 504	
2 923 302	
39,5	
42,2	
38	
42,2	
38,7
MRKS	
РсетСиб ао
167	
2 719 450	
0,3025	
0,3045	
0,296	
0,315	
0,298
RUSP	
Русполимет
894	
2 670 707	
0,7015	
0,6955	
0,6705	
0,733	
0,69
MRKZ	
МРСК СЗ
396	
2 619 708	
0,0486	
0,04915	
0,04835	
0,04945	
0,04845
YAKG	
ЯТЭК ао
52	
2 206 115	
49,45	
49,85	
48,1	
50,35	
48,95
CNTL	
Телеграф
331	
2 094 895	
15,25	
15,65	
15	
15,65	
15,2
UNAC	
iАвиастКао
660	
2 039 210	
0,393	
0,4015	
0,388	
0,402	
0,39
VRSB	
ТНСэнВорон
159	
1 910 520	
69,2	
70,4	
65,2	
76,8	
67,2
NFAZ	
Нефтекамск
125	
1 871 258	
209,8	
215	
206	
215	
207,6
CHEP	
ЧТПЗ ао
244	
1 836 910	
208,5	
214	
206	
214	
209
MRKU	
МРСК Ур
199	
1 809 876	
0,1308	
0,1348	
0,1292	
0,1348	
0,1306
UNKL	
ЮУНК ао
130	
1 719 690	
6 350	
6 440	
6 230	
6 460	
6 300
KZOS	
ОргСинт ао
546	
1 709 853	
75,4	
77,1	
75	
77,1	
75
RNFT	
РуссНфт ао
1 136	
1 686 044	
291	
297,4	
289,8	
297,4	
290
BRZL	
БурЗолото
319	
1 682 453	
951	
973	
926	
983	
933
IRKT	
ИРКУТ-3
184	
1 682 220	
30,48	
30,68	
30	
31,14	
30,06
UWGN	
ОВК ао
1 471	
1 674 071	
172,7	
177	
170	
180,9	
170,9
MRKY	
РоссЮг ао
741	
1 655 824	
0,04515	
0,0465	
0,04475	
0,0465	
0,04495
KMAZ	
КАМАЗ
831	
1 633 297	
59,3	
60,3	
58,8	
60,4	
59
RBCM	
РБК ао
418	
1 464 478	
3,118	
3,22	
3,08	
3,22	
3,094
JNOSP	
Слав-ЯНОСп
82	
1 309 564	
12,96	
13,5	
12,78	
13,52	
12,78
MISB	
ТНСэнМарЭл
186	
1 292 140	
12	
12,5	
11,5	
12,8	
11,9
SAGO	
СамарЭн-ао
166	
1 277 280	
0,556	
0,54	
0,504	
0,64	
0,51
TGKN	
ТГК-14
119	
1 220 110	
0,00297	
0,00305	
0,00291	
0,00305	
0,00291
KGKCP	
КурганГКап
161	
1 184 085	
58,5	
60,5	
56,5	
60,5	
57
SFIN	
САФМАР ао
43	
1 172 752	
474,8	
465,8	
465,8	
478	
469
YKENP	
Якутскэн-п
58	
1 100 400	
0,3435	
0,358	
0,335	
0,358	
0,3415
GEMA	
iММЦБ ао
193	
1 040 034	
559,5	
561,5	
540	
565	
547,5
RLMN	
Роллман
378	
1 032 780	
12,9	
13,05	
12,7	
13,2	
12,9
ALNU	
АЛРОСА-Нюр
11	
1 016 800	
56 400	
56 800	
56 000	
56 800	
56 000
ABRD	
АбрауДюрсо
167	
980 195	
190	
191,5	
188	
193	
189
KZOSP	
ОргСинт ап
2 276	
917 175	
10,59	
10,78	
10,45	
10,79	
10,45
HIMCP	
Химпром ап
239	
915 182	
6,84	
6,9	
6,75	
6,91	
6,77
NNSBP	
ТНСэнНН ап
315	
901 432	
693	
720	
650	
727	
675
VRSBP	
ТНСэнВор-п
129	
841 300	
44,5	
45	
41,5	
47	
44
HALS	
Галс-Девел
71	
803 155	
1 167	
1 170	
1 144	
1 179	
1 170
YKEN	
Якутскэнрг
92	
781 120	
0,365	
0,3865	
0,355	
0,3865	
0,3565
MGTS	
МГТС-5ао
93	
732 725	
2 025	
2 095	
2 000	
2 095	
2 050
SAREP	
СаратЭн-ап
149	
731 158	
0,0958	
0,1026	
0,0944	
0,103	
0,095
NAUK	
iНПОНаука
121	
692 190	
185	
192,4	
180,2	
192,4	
183,2
LSNG	
РСетиЛЭ
391	
686 212	
5,09	
5,15	
5,07	
5,16	
5,08
KRKOP	
ТКЗКК ап
131	
682 691	
8,785	
9,295	
8,6	
9,295	
8,875
CHKZ	
ЧКПЗ ао
66	
593 920	
5 260	
5 120	
5 100	
5 500	
5 100
URKZ	
УрКузница
37	
585 660	
15 420	
15 900	
14 960	
15 900	
15 040
KAZT	
Куйбазот
98	
583 030	
142,6	
145,2	
139	
145,2	
140,4
SLEN	
Сахэнер ао
92	
560 264	
5,675	
6,065	
5,2	
6,065	
5,625
ROLO	
Русолово
45	
552 920	
6,212	
6,344	
6,152	
6,344	
6,202
VJGZP	
Варьеган-п
94	
522 580	
297	
306	
283	
307	
295
KLSB	
КалужскСК
116	
512 927	
12,51	
12,86	
12,21	
12,86	
12,37
NSVZ	
НаукаСвяз
117	
464 490	
192	
194,5	
190	
195	
191,5
MAGEP	
МагадЭн ап
39	
441 530	
5,97	
5,89	
5,82	
6,35	
5,85
NKHP	
НКХП ао
77	
429 820	
251,5	
255,5	
250	
255,5	
250,5
VLHZ	
ВХЗ-ао
81	
426 843	
53,2	
53,3	
52,8	
54	
53
PMSBP	
ПермьЭнС-п
135	
421 074	
128,4	
129,2	
127	
129,6	
127,4
ALBK	
БестЭфБ ао
157	
420 005	
55	
57	
53	
57,5	
55
NNSB	
ТНСэнНН ао
77	
414 905	
2 675	
2 585	
2 580	
2 830	
2 590
KROT	
КрасОкт-ао
54	
407 210	
351	
358	
340	
359,5	
347,5
MAGE	
МагадЭн ао
58	
406 120	
5,72	
5,74	
5,6	
5,9	
5,68
RZSB	
РязЭнСб
63	
401 696	
8,82	
9	
8,8	
9	
8,9
DVEC	
ДЭК ао
177	
384 073	
0,879	
0,888	
0,87	
0,899	
0,872
USBN	
УралСиб ао
82	
366 237	
0,0638	
0,0653	
0,0629	
0,0653	
0,063
TGKDP	
Квадра-п
38	
351 767	
0,00497	
0,005035	
0,00492	
0,005035	
0,004935
RAVN	
Raven
20	
348 790	
25,45	
26	
24,95	
26	
25,1
RGSS	
РГС СК ао
168	
345 732	
0,1362	
0,137	
0,1342	
0,1378	
0,1354
CHMK	
ЧМК ао
65	
342 520	
2 445	
2 475	
2 410	
2 495	
2 410
PAZA	
ПавлАвт ао
35	
339 960	
7 730	
8 040	
7 500	
8 040	
7 750
TUZA	
ТЗА ао
90	
336 750	
98	
101	
95	
103	
97
GAZA	
ГАЗ ао
40	
335 070	
389,5	
392	
384,5	
394,5	
394,5
TGKBP	
ТГК-2 ап
152	
332 915	
0,00645	
0,00662	
0,00638	
0,00662	
0,00641
STSB	
СтаврЭнСб
194	
328 786	
0,509	
0,524	
0,5	
0,5255	
0,508
KOGK	
КоршГОК ао
7	
308 400	
44 000	
44 200	
44 000	
44 200	
44 000
UTAR	
ЮТэйр ао
70	
304 291	
6,56	
6,74	
6,52	
6,74	
6,54
SAGOP	
СамарЭн-ап
54	
295 080	
0,44	
0,436	
0,429	
0,459	
0,43
DIOD	
ЗаводДИОД
94	
284 202	
6,91	
7,1	
6,86	
7,1	
6,87
WTCMP	
ЦМТ ап
57	
271 372	
7,88	
8,04	
7,76	
8,04	
7,82
ROSB	
Росбанк ао
55	
265 352	
74,6	
77,2	
73,8	
77,2	
73,8
KMEZ	
КМЗ
145	
264 760	
542,5	
556	
531	
560,5	
536
IRGZ	
ИркЭнерго
127	
256 642	
10,88	
11	
10,7	
11,02	
10,76
RKKE	
ЭнергияРКК
27	
255 900	
6 090	
6 150	
6 010	
6 190	
6 010
VSYDP	
ВыбСудЗ ап
22	
248 180	
3 700	
3 740	
3 520	
3 740	
3 600
ZILL	
ЗИЛ ао
19	
240 570	
2 505	
2 510	
2 455	
2 530	
2 470
ZVEZ	
ЗВЕЗДА ао
30	
238 965	
3,915	
3,94	
3,88	
3,955	
3,92
MRKK	
Россети СК
54	
237 291	
24,82	
24,72	
24,44	
25	
24,88
KRKN	
СаратНПЗ
12	
231 650	
11 600	
11 850	
11 450	
11 850	
11 550
GAZAP	
ГАЗ ап
39	
229 720	
306,5	
308	
301	
309,5	
309
BISVP	
БашИнСв ап
94	
213 428	
9,04	
9,25	
8,92	
9,25	
9,05
NKSH	
Нижкамшина
25	
195 264	
21,7	
21,78	
21,4	
21,78	
21,46
RDRB	
РДБанк ао
22	
192 800	
215	
225	
210	
225	
220
PMSB	
ПермьЭнСб
49	
188 952	
129,4	
129	
129	
130	
129,2
KBSB	
ТНСэКубань
38	
183 650	
127,5	
130	
125,5	
130	
127
RLMNP	
Роллман-п
154	
179 521	
14,86	
16	
14,6	
16	
14,8
KRSBP	
Красэсб ап
48	
176 528	
7,2	
7,3	
7,12	
7,3	
7,12
SARE	
СаратЭн-ао
55	
175 314	
0,119	
0,1214	
0,1164	
0,1214	
0,1184
KGKC	
КурганГКао
45	
175 240	
53,5	
54,5	
51,5	
54,5	
52,5
EELT	
ЕвроЭлтех
177	
174 561	
8,38	
8,38	
8,28	
8,58	
8,38
PRMB	
Приморье
7	
170 800	
24 400	
24 400	
24 400	
24 400	
24 400
TORS	
ТРК ао
24	
169 500	
0,368	
0,372	
0,36	
0,372	
0,369
KBTK	
КузбТК ао
52	
163 592	
137,4	
140,8	
136	
140,8	
136,4
STSBP	
СтаврЭнСбп
127	
156 859	
0,3225	
0,3305	
0,317	
0,3305	
0,3205
MFGS	
Мегион-ао
28	
151 620	
291,5	
298	
285,5	
300	
288
RTSB	
ТНСэнРст
13	
151 150	
0,52	
0,53	
0,51	
0,535	
0,51
DZRDP	
iДонскЗР п
50	
147 310	
1 430	
1 480	
1 410	
1 490	
1 430
ASSB	
АстрЭнСб
40	
145 893	
0,764	
0,7795	
0,76	
0,7795	
0,763
KUBE	
Кубанэнр
57	
131 697	
65,8	
67,2	
65	
67,7	
65,6
AVAN	
Авангрд-ао
40	
125 730	
805	
805	
795	
815	
810
KUZB	
КузнецкийБ
172	
120 921	
0,01288	
0,01297	
0,01255	
0,01323	
0,01262
ELTZ	
Электрцинк
55	
112 559	
151	
152,5	
149,5	
153,5	
149,5
VZRZP	
Возрожд-п
34	
106 828	
281,2	
281,6	
279,6	
282,8	
281,6
MFGSP	
Мегион-ап
17	
103 715	
259,5	
268	
257	
268	
260
KRSB	
Красэсб ао
27	
102 669	
7,18	
7,25	
7,11	
7,25	
7,12
KCHEP	
КамчатЭ ап
9	
94 860	
0,365	
0,364	
0,364	
0,369	
0,366
TORSP	
ТРК ап
23	
84 415	
0,264	
0,2695	
0,261	
0,27	
0,265
IGSTP	
Ижсталь ап
46	
82 871	
753	
774	
743	
774	
763
LVHK	
Левенгук
21	
76 841	
8	
8,01	
8	
8,03	
8
VGSBP	
ВолгЭнСб-п
37	
72 700	
1,615	
1,61	
1,6	
1,66	
1,6
MGNZ	
СМЗ-ао
9	
67 160	
4 800	
4 780	
4 750	
4 830	
4 750
KTSBP	
КСБ ап
9	
61 785	
0,281	
0,292	
0,28	
0,292	
0,2805
UCSS	
ОКС ао
15	
58 100	
1 420	
1 430	
1 410	
1 430	
1 410
KROTP	
КрасОкт-1п
10	
56 480	
256,5	
257	
256	
261	
256
RTGZ	
ГазпРнД ао
2	
52 300	
26 150	
26 000	
26 000	
26 300	
26 300
KAZTP	
Куйбазот-п
16	
50 788	
145,2	
145,4	
144,2	
148,2	
144,6
VGSB	
ВолгЭнСб
5	
47 720	
3,67	
3,73	
3,65	
3,735	
3,705
TASBP	
ТамбЭнСб-п
16	
46 935	
0,261	
0,265	
0,251	
0,265	
0,2625
CHGZ	
РН-ЗапСиб
7	
46 720	
52	
52,2	
51,8	
52,2	
52
UKUZ	
ЮжКузб. ао
23	
43 478	
478	
488	
470	
488	
474
IGST	
Ижсталь2ао
25	
43 100	
813	
817	
807	
830	
809
VJGZ	
Варьеган
23	
40 680	
598	
597	
594	
604	
599
ARSA	
Арсагера
9	
40 150	
3,65	
3,64	
3,62	
3,69	
3,62
WTCM	
ЦМТ ао
24	
36 378	
8,46	
8,62	
8,32	
8,62	
8,52
LPSB	
ЛЭСК ао
21	
32 660	
7,95	
8,05	
7,9	
8,05	
8,05
MISBP	
ТНСэМаЭл-п
16	
25 720	
11,7	
11,7	
11,4	
11,9	
11,7
ROST	
РОСИНТЕРао
13	
23 990	
61,6	
62,6	
61,4	
62,6	
61,6
JNOS	
Славн-ЯНОС
10	
22 495	
17,3	
17,4	
16,7	
17,45	
17,2
RUSI	
ИКРУСС-ИНВ
3	
22 480	
37,5	
37,5	
37,3	
37,5	
37,3
DZRD	
iДонскЗР
8	
22 155	
2 015	
2 000	
1 975	
2 025	
1 975
YRSB	
ТНСэнЯр
6	
20 980	
162	
162	
160	
162	
160
KCHE	
КамчатЭ ао
2	
4 140	
0,207	
0,2075	
0,2065	
0,2075	
0,2065
VSYD	
ВыбСудЗ ао
1	
3 800	
3 800	
3 800	
3 800	
3 800	
3 800
TASB	
ТамбЭнСб
1	
3 780	
0,378	
0,378	
0,378	
0,378	
0,378
KSGR	
Кокс ао
0	
0	
-	
-	
-	
-	
-
MOBB	
МосОблБанк
0	
0	
-	
-	
-	
-	
0,698
URKA	
Уркалий-ао
0	
0	
-	
-	
-	
-	
119,04
VZRZ	
Возрожд-ао
0	
0	
-	
-	
-	
-	
480
KTSB	
КСБ ао
0	
0	
-	
-	
-	
-	
0,61
MFON	
МегаФон ао
0	
0	
-	
-	
-	
-	
650,6
RTSBP	
ТНСэнРст-п
0	
0	
-	
-	
-	
-	
0,48
YRSBP	
ТНСэнЯр-п
0	
0	
-	
-	
-	
-	
86,5
DERZP	
Держава ап
0	
0	
-	
-	
-	
-	
-
KRKO	
ТКЗКК ао
0	
0	
-	
-	
-	
-	
11,8
MORI	
Морион ао
0	
0	
-	
-	
-	
-	
4,31
OMZZP	
ОМЗ-ап
0	
0	
-	
-	
-	
-	
3 360
GAZC	
ГАЗКОН-ао
0	
0	
-	
-	
-	
-	
295
GTSS	
ГЕОТЕК ао
0	
0	
-	
-	
-	
-	
-
KUNF	
КУЗОЦМ ао
0	
0	
-	
-	
-	
-	
-
PRTK	
ПРОТЕК ао
0	
0	
-	
-	
-	
-	
99,6
BISV	
БашИнСв ао
0	
0	
-	
-	
-	
-	
8,7
GAZS	
ГАЗ-сервис
0	
0	
-	
-	
-	
-	
293
NPOF	
Физика ао
0	
0	
-	
-	
-	
-	
11 850
TRCN	
ТрансК ао
0	
0	
-	
-	
-	
-	
8 595
GAZT	
ГАЗ-Тек ао
0	
0	
-	
-	
-	
-	
85
KMTZ	
КосогМЗ ао
0	
0	
-	
-	
-	
-	
-
KZMS	
КЗМС ао
0	
0	
-	
-	
-	
-	
226
TRFM	
ТрансФ ао
0	
0	
-	
-	
-	
-	
-
HIMC	
Химпром ао
0	
0	
-	
-	
-	
-	
0,99