GAZP	
ГАЗПРОМ ао
76 123	
8 941 665 154	
195,07	
192,64	
192,58	
198,1	
197,64
SBER	
Сбербанк
56 294	
8 775 787 316	
203,7	
201	
200,97	
205,86	
205,4
GMKN	
ГМКНорНик
43 314	
8 685 328 970	
19 218	
19 600	
18 986	
19 600	
19 088
LKOH	
ЛУКОЙЛ
29 373	
5 173 237 735	
5 296,5	
5 303	
5 266,5	
5 327	
5 310
AFLT	
Аэрофлот
51 492	
3 014 232 010	
79,76	
79	
77,44	
83	
82,5
PLZL	
Полюс
19 998	
2 604 991 343	
11 889,5	
11 750	
11 718	
12 010	
11 896
YNDX	
Yandex clA
24 019	
1 920 744 558	
3 422,6	
3 431,2	
3 380,2	
3 483,2	
3 472,8
TATN	
Татнфт 3ао
28 698	
1 708 955 172	
565,3	
570	
561,3	
572,1	
567,2
ROSN	
Роснефть
16 388	
1 576 093 204	
364,3	
365,5	
361,7	
367,45	
364,05
MGNT	
Магнит ао
14 532	
1 381 481 715	
4 153,5	
4 184	
4 114	
4 208,5	
4 153
NVTK	
Новатэк ао
15 076	
1 378 334 378	
1 038	
1 045	
1 028,4	
1 052,6	
1 040
POLY	
Polymetal
18 757	
1 296 144 196	
1 359,4	
1 352,8	
1 200	
1 377	
1 364,8
SBERP	
Сбербанк-п
23 134	
1 159 114 512	
188,6	
187,59	
186,02	
190,7	
189,94
MTSS	
МТС-ао
12 037	
1 142 274 769	
325,7	
324,95	
324,5	
326,65	
326,35
IRAO	
ИнтерРАОао
13 937	
925 866 155	
4,867	
4,88	
4,8165	
4,934	
4,8365
SNGS	
Сургнфгз
9 721	
883 955 886	
38,29	
38,255	
37,83	
38,635	
38,54
HYDR	
РусГидро
20 665	
818 445 071	
0,7496	
0,744	
0,7345	
0,7588	
0,7547
ALRS	
АЛРОСА ао
21 475	
788 540 013	
63,64	
62,91	
62,91	
64,5	
64,34
MOEX	
МосБиржа
17 653	
771 695 538	
113,22	
113,01	
112,24	
114,2	
113,09
SIBN	
Газпрнефть
9 327	
745 556 460	
333,1	
333,95	
328,85	
336,25	
335,55
CHMF	
СевСт-ао
22 745	
739 818 505	
848,2	
850	
841	
855	
851,2
VTBR	
ВТБ ао
25 420	
682 569 633	
0,035155	
0,035175	
0,034845	
0,03551	
0,03542
AFKS	
Система ао
16 525	
665 534 703	
17,297	
17,3	
17,063	
17,581	
17,45
POGR	
Petropavl
15 918	
553 145 215	
27,66	
27,455	
27,15	
28,48	
27,49
FIVE	
FIVE-гдр
9 727	
552 454 296	
2 503,5	
2 486	
2 460,5	
2 540	
2 518
SNGSP	
Сургнфгз-п
7 684	
452 455 079	
34,76	
34,695	
34,585	
34,895	
34,715
MAGN	
ММК
7 700	
449 031 470	
37,385	
37,48	
37,16	
37,855	
37,2
NLMK	
НЛМК ао
7 858	
426 808 928	
138,28	
136,9	
136,86	
139,32	
138,62
TCSG	
TCS-гдр
11 537	
414 174 893	
1 450,4	
1 450	
1 413,6	
1 479	
1 458
RTKM	
Ростел -ао
9 850	
337 436 433	
88,57	
89,19	
87,54	
90,37	
87,7
CNTLP	
Телеграф-п
10 523	
322 139 518	
25,08	
20,66	
20,66	
26,24	
26,24
TRNFP	
Транснф ап
1 257	
295 766 800	
134 350	
134 500	
133 600	
135 100	
134 850
RSTI	
Россети ао
5 548	
278 083 967	
1,5214	
1,51	
1,508	
1,5373	
1,5289
OGKB	
ОГК-2 ао
13 626	
270 867 020	
0,7799	
0,7667	
0,7632	
0,789	
0,787
FEES	
ФСК ЕЭС ао
6 119	
258 558 632	
0,1869	
0,18588	
0,184	
0,18838	
0,188
CBOM	
МКБ ао
9 122	
242 511 193	
5,538	
5,549	
5,502	
5,581	
5,581
TRMK	
ТМК ао
1 123	
219 856 188	
60	
59,82	
59,82	
60,06	
60
DSKY	
ДетскийМир
8 048	
202 152 583	
100,48	
101,7	
99,8	
101,7	
100,54
TATNP	
Татнфт 3ап
5 434	
177 566 252	
546,1	
549,9	
541	
551,1	
549
PHOR	
ФосАгро ао
5 624	
167 107 145	
2 612	
2 608	
2 602	
2 629	
2 603
BANEP	
Башнефт ап
6 100	
164 636 972	
1 442	
1 442,5	
1 432	
1 449,5	
1 442,5
RUAL	
РУСАЛ ао
8 062	
115 124 693	
26,165	
26,115	
25,755	
26,44	
26,44
LNTA	
Лента др
6 845	
114 951 158	
164,8	
164	
162	
168,5	
167,1
UPRO	
Юнипро ао
3 381	
112 866 779	
2,738	
2,712	
2,705	
2,758	
2,75
NMTP	
НМТП ао
8 101	
102 490 218	
10,41	
10,375	
10,265	
10,5	
10,45
CNTL	
Телеграф
4 113	
96 909 210	
29,35	
24,05	
24,05	
30,6	
30,6
LSRG	
ЛСР ао
4 692	
93 948 159	
707,6	
703,2	
697,6	
719	
713
ISKJ	
iИСКЧ ао
7 037	
87 084 845	
28,72	
24,89	
23,8	
31,11	
28,18
MVID	
М.видео
2 111	
83 295 406	
403	
407	
398,2	
407,1	
404,7
MTLR	
Мечел ао
7 832	
75 462 589	
64,77	
65,3	
63,96	
65,77	
65,52
TGKA	
ТГК-1
4 350	
67 376 077	
0,013024	
0,013088	
0,01296	
0,013088	
0,01307
RASP	
Распадская
1 455	
60 730 743	
109,94	
111,02	
108,6	
112,36	
109,96
APTK	
Аптеки36и6
9 161	
56 378 010	
14,016	
14,058	
13,76	
14,4	
13,99
QIWI	
iQIWI
1 752	
46 642 997	
1 205,5	
1 205	
1 188,5	
1 222	
1 219,5
NKNCP	
НКНХ ап
3 014	
44 545 308	
89,78	
89,52	
89,04	
90,48	
89,62
ENRU	
ЭнелРос ао
3 301	
40 679 918	
1,0025	
1,001	
0,997	
1,0125	
1
RTKMP	
Ростел -ап
2 295	
39 952 424	
77,9	
77	
77	
81	
78
PIKK	
ПИК ао
1 300	
36 981 957	
425,9	
423,2	
422	
428,2	
427,5
ETLN	
ETLN-гдр
1 372	
32 961 513	
97,08	
97,3	
96,02	
97,8	
97,66
YAKG	
ЯТЭК ао
142	
29 417 985	
40,9	
40,8	
40,8	
41,15	
40,9
AKRN	
Акрон
924	
28 175 788	
5 472	
5 468	
5 420	
5 534	
5 530
MSNG	
+МосЭнерго
977	
24 921 800	
2,1265	
2,124	
2,11	
2,1375	
2,133
LSNGP	
РСетиЛЭ-п
1 702	
24 489 126	
155	
155,3	
153,7	
158	
154,8
SELG	
Селигдар
1 587	
22 686 474	
24,95	
25,61	
24,5	
25,9	
24,57
BANE	
Башнефт ао
1 498	
20 573 750	
1 853	
1 842	
1 838,5	
1 863,5	
1 855
LIFE	
iФармсинтз
2 270	
19 575 542	
6,81	
6,675	
6,55	
6,98	
6,805
BSPB	
БСП ао
1 890	
18 364 208	
41,01	
41,2	
40,8	
41,88	
40,9
MTLRP	
Мечел ап
932	
16 021 316	
83,55	
84,45	
83,1	
84,95	
83,55
MRKP	
МРСК ЦП
978	
13 117 667	
0,1884	
0,1885	
0,1863	
0,1899	
0,1894
OBUV	
ОР ао
1 645	
12 916 246	
30,8	
31,05	
30,15	
31,4	
30,9
RSTIP	
Россети ап
746	
12 201 813	
2,049	
2,036	
2,02	
2,067	
2,021
AGRO	
AGRO-гдр
1 339	
10 577 988	
645,4	
642,2	
642,2	
650,4	
647,2
ENPG	
ЭН+ГРУП ао
256	
10 303 721	
589,5	
591	
585	
596,5	
596
VSMO	
ВСМПО-АВСМ
213	
8 854 800	
18 960	
19 140	
18 640	
19 140	
18 920
FESH	
ДВМП ао
516	
8 593 868	
7,28	
7,2	
7,16	
7,44	
7,39
KRKNP	
СаратНПЗ-п
398	
8 427 140	
15 880	
15 800	
15 780	
16 000	
15 880
SAREP	
СаратЭн-ап
108	
8 096 016	
0,0916	
0,0924	
0,0908	
0,0924	
0,0914
NKNC	
НКНХ ао
683	
7 349 543	
99	
100,55	
98,05	
100,55	
99
MRKC	
МРСК Центр
640	
7 275 031	
0,2772	
0,2744	
0,272	
0,2824	
0,279
SFIN	
САФМАР ао
287	
6 995 358	
459	
463,6	
456	
465	
456
INGR	
ИНГРАД ао
420	
5 160 101	
741	
719	
710	
750	
749
RNFT	
РуссНфт ао
1 071	
5 116 241	
532,2	
523,4	
523,2	
537	
533,8
MGTSP	
МГТС-4ап
406	
4 735 628	
1 992	
2 026	
1 980	
2 026	
2 000
MRKV	
РсетВол ао
593	
4 616 606	
0,07495	
0,0764	
0,0741	
0,0764	
0,07515
MOBB	
МосОблБанк
1 186	
4 194 057	
0,972	
1,002	
0,95	
1,022	
0,968
TGKB	
ТГК-2
289	
4 097 075	
0,004055	
0,00408	
0,00402	
0,0041	
0,004055
GEMA	
iММЦБ ао
336	
3 395 155	
618,5	
612	
606	
629	
623,5
KLSB	
КалужскСК
425	
3 304 833	
11,64	
11,69	
11,5	
11,85	
11,83
KBSB	
ТНСэКубань
585	
3 217 490	
200	
186	
181,5	
218	
187
SVAV	
СОЛЛЕРС
158	
3 108 810	
259,5	
256	
255,5	
261	
260
ZILL	
ЗИЛ ао
223	
2 735 005	
2 600	
2 665	
2 500	
2 760	
2 695
VRSBP	
ТНСэнВор-п
278	
2 702 900	
41	
48	
38,5	
48	
40,5
LNZL	
Лензолото
157	
2 662 140	
8 530	
8 650	
8 470	
8 650	
8 550
KZOS	
ОргСинт ао
435	
2 439 067	
89,3	
90,3	
89	
90,3	
89,3
GCHE	
ЧеркизГ-ао
397	
2 418 461	
1 733,5	
1 745	
1 723	
1 745	
1 742
PRTK	
ПРОТЕК ао
82	
2 284 487	
99,5	
99,4	
99,1	
99,6	
99,6
UNAC	
iАвиастКао
413	
2 195 176	
0,466	
0,4655	
0,462	
0,47	
0,4655
MSTT	
Мостотрест
314	
2 151 619	
154,9	
161,8	
152,25	
161,8	
155,8
MSRS	
РСетиМР ао
260	
2 040 499	
1,099	
1,119	
1,09	
1,119	
1,0995
IRKT	
ИРКУТ-3
155	
1 897 870	
33,18	
33,7	
32,4	
33,76	
33,5
MRKU	
МРСК Ур
137	
1 892 464	
0,1594	
0,1594	
0,1572	
0,1606	
0,1604
URKZ	
УрКузница
54	
1 745 720	
11 960	
12 000	
11 800	
12 100	
12 000
ALNU	
АЛРОСА-Нюр
18	
1 702 800	
53 200	
53 400	
53 000	
54 000	
53 000
ASSB	
АстрЭнСб
196	
1 670 915	
0,831	
0,852	
0,83	
0,852	
0,839
VRSB	
ТНСэнВорон
159	
1 466 680	
49,4	
50,8	
48,4	
53,8	
48,4
PMSBP	
ПермьЭнС-п
291	
1 447 200	
128	
131,8	
126,4	
131,8	
128,2
VSYD	
ВыбСудЗ ао
117	
1 376 540	
3 900	
4 050	
3 845	
4 050	
3 870
AQUA	
РусАква ао
144	
1 348 965	
204,5	
205	
202,5	
207	
204,5
PMSB	
ПермьЭнСб
211	
1 332 101	
128,8	
133,9	
127	
133,9	
128,7
GTRK	
ГТМ ао
268	
1 293 744	
42,6	
42,05	
42,05	
43,5	
42,05
KMAZ	
КАМАЗ
303	
1 277 506	
57,1	
57,3	
56,3	
57,8	
57
KAZT	
Куйбазот
172	
1 177 464	
140,8	
140,4	
138	
145,8	
141
CHEP	
ЧТПЗ ао
162	
1 133 115	
194,5	
195,5	
192	
196	
194,5
SELGP	
Селигдар-п
124	
1 018 105	
26,1	
26,25	
25,9	
26,3	
26,1
DIOD	
ЗаводДИОД
97	
868 702	
5,7	
5,72	
5,64	
5,76	
5,74
GAZAP	
ГАЗ ап
94	
862 425	
319,5	
331	
318	
331	
323
BELU	
Белуга ао
94	
856 630	
1 338	
1 340	
1 331	
1 350	
1 340
MRSB	
МордЭнСб
71	
829 090	
0,367	
0,347	
0,346	
0,39	
0,347
DVEC	
ДЭК ао
86	
763 212	
0,917	
0,947	
0,906	
0,947	
0,923
CHKZ	
ЧКПЗ ао
31	
737 440	
5 240	
5 240	
5 120	
5 240	
5 220
CHMK	
ЧМК ао
75	
735 880	
2 455	
2 470	
2 435	
2 470	
2 465
TGKBP	
ТГК-2 ап
51	
734 500	
0,0072	
0,00718	
0,00715	
0,00732	
0,0072
RGSS	
РГС СК ао
197	
734 213	
0,1472	
0,146	
0,145	
0,149	
0,1462
MRKZ	
МРСК СЗ
118	
702 286	
0,049	
0,0485	
0,04825	
0,04945	
0,0494
JNOSP	
Слав-ЯНОСп
28	
683 014	
13,84	
13,86	
13,7	
14	
14
LSNG	
РСетиЛЭ
229	
664 590	
6	
6	
5,99	
6,04	
6,03
ROLO	
Русолово
108	
658 868	
3,876	
3,822	
3,8	
3,998	
3,872
RUGR	
Русгрэйн
1 062	
649 981	
7,088	
7,062	
6,956	
7,238	
7,052
UTAR	
ЮТэйр ао
114	
635 426	
7,08	
7,05	
7,01	
7,14	
7,07
TTLK	
Таттел. ао
100	
608 635	
0,282	
0,2825	
0,28	
0,284	
0,282
LNZLP	
Лензол. ап
59	
597 000	
3 620	
3 635	
3 600	
3 635	
3 620
ABRD	
АбрауДюрсо
122	
590 160	
130,5	
131	
130	
131	
130,5
TASBP	
ТамбЭнСб-п
71	
565 525	
0,36	
0,37	
0,35	
0,372	
0,3605
RTSB	
ТНСэнРст
90	
551 300	
0,39	
0,395	
0,375	
0,41	
0,41
TRCN	
ТрансК ао
35	
542 280	
8 475	
8 360	
8 000	
8 565	
8 565
AMEZ	
АшинскийМЗ
155	
537 415	
4,06	
4,06	
4,02	
4,12	
4,05
TGKN	
ТГК-14
62	
522 210	
0,00313	
0,00312	
0,00311	
0,00317	
0,00312
KAZTP	
Куйбазот-п
60	
498 526	
144,2	
142,6	
142,4	
147,6	
147,2
RBCM	
РБК ао
167	
485 596	
3,198	
3,186	
3,176	
3,25	
3,208
UNKL	
ЮУНК ао
79	
476 520	
3 640	
3 700	
3 520	
3 770	
3 770
KRKN	
СаратНПЗ
17	
474 650	
13 200	
13 350	
13 000	
13 350	
13 000
WTCMP	
ЦМТ ап
88	
470 412	
8,08	
8,2	
7,9	
8,5	
8
RZSB	
РязЭнСб
45	
464 120	
9,88	
9,6	
9,6	
10	
9,96
UWGN	
ОВК ао
144	
434 571	
236,4	
234	
234	
237,8	
237,5
KRSB	
Красэсб ао
38	
432 230	
7,09	
7,34	
6,99	
7,34	
7,08
KZOSP	
ОргСинт ап
327	
432 147	
11,9	
11,98	
11,7	
12,04	
11,89
YKEN	
Якутскэнрг
76	
429 575	
0,349	
0,355	
0,341	
0,356	
0,356
ROST	
РОСИНТЕРао
51	
423 296	
61,2	
59	
59	
61,6	
61,6
RAVN	
Raven
58	
411 490	
28,8	
30,45	
27,75	
30,5	
30,35
MRKS	
РсетСиб ао
12	
395 070	
0,2425	
0,243	
0,242	
0,2435	
0,242
RUSP	
Русполимет
41	
389 030	
0,608	
0,6155	
0,5985	
0,6155	
0,605
KMEZ	
КМЗ
123	
381 094	
450,5	
460,5	
444,5	
463,5	
450,5
HIMCP	
Химпром ап
79	
368 182	
5,89	
5,93	
5,85	
5,93	
5,92
MISB	
ТНСэнМарЭл
102	
361 100	
11,4	
11,6	
11,1	
12	
11,6
ELTZ	
Электрцинк
114	
343 082	
164	
161,5	
159	
165,5	
160
NFAZ	
Нефтекамск
85	
330 080	
166	
168,8	
161	
173,4	
162
NKHP	
НКХП ао
79	
318 365	
229	
230,5	
227,5	
231	
230
RTGZ	
ГазпРнД ао
12	
311 600	
22 250	
21 850	
21 850	
22 500	
22 450
VJGZP	
Варьеган-п
32	
303 570	
334	
338	
320	
340	
332
BISVP	
БашИнСв ап
82	
292 153	
8,14	
8,16	
8	
8,28	
8,2
MRKY	
РоссЮг ао
83	
291 278	
0,05005	
0,0499	
0,0498	
0,0502	
0,0501
VLHZ	
ВХЗ-ао
52	
290 246	
48,95	
49	
48,75	
49,25	
49,15
RTSBP	
ТНСэнРст-п
72	
286 310	
0,286	
0,3	
0,278	
0,3	
0,296
KOGK	
КоршГОК ао
6	
273 000	
45 600	
45 200	
45 000	
46 200	
45 600
UCSS	
ОКС ао
32	
263 100	
1 430	
1 450	
1 420	
1 450	
1 430
VSYDP	
ВыбСудЗ ап
31	
255 680	
4 060	
4 160	
4 000	
4 160	
4 080
IRGZ	
ИркЭнерго
51	
243 580	
11,82	
12	
11,76	
12	
11,9
TASB	
ТамбЭнСб
40	
214 230	
0,4465	
0,4705	
0,422	
0,4705	
0,43
KUZB	
КузнецкийБ
208	
211 953	
0,01567	
0,01576	
0,01551	
0,01591	
0,0157
USBN	
УралСиб ао
59	
208 573	
0,0693	
0,0698	
0,0688	
0,0699	
0,0694
AVAN	
Авангрд-ао
62	
195 020	
695	
705	
690	
710	
700
RKKE	
ЭнергияРКК
19	
189 180	
4 980	
5 030	
4 920	
5 030	
4 940
SAGO	
СамарЭн-ао
25	
176 740	
0,432	
0,418	
0,418	
0,44	
0,44
STSBP	
СтаврЭнСбп
49	
176 271	
0,3375	
0,3345	
0,3305	
0,345	
0,336
RLMN	
Роллман
93	
166 566	
18,75	
18,7	
18,6	
18,95	
18,8
KCHE	
КамчатЭ ао
29	
162 195	
0,2105	
0,213	
0,2085	
0,213	
0,2105
DZRD	
iДонскЗР
44	
158 335	
1 910	
1 925	
1 860	
1 925	
1 920
STSB	
СтаврЭнСб
64	
157 563	
0,4	
0,407	
0,394	
0,416	
0,4015
BRZL	
БурЗолото
27	
146 611	
824	
824	
823	
826	
823
KRSBP	
Красэсб ап
14	
145 400	
7,28	
7,3	
7,16	
7,32	
7,32
ZVEZ	
ЗВЕЗДА ао
14	
139 600	
4,505	
4,515	
4,47	
4,515	
4,515
MGTS	
МГТС-5ао
26	
135 170	
2 370	
2 370	
2 355	
2 390	
2 370
NSVZ	
НаукаСвяз
23	
133 010	
233,5	
225,5	
225,5	
239	
232,5
JNOS	
Славн-ЯНОС
36	
132 335	
18,4	
18,1	
18,1	
18,8	
18,75
SAGOP	
СамарЭн-ап
24	
129 470	
0,392	
0,399	
0,385	
0,405	
0,403
GAZA	
ГАЗ ао
11	
127 685	
387	
382,5	
382,5	
391,5	
390
PRMB	
Приморье
5	
119 800	
24 000	
23 800	
23 800	
24 200	
24 200
NNSB	
ТНСэнНН ао
46	
113 790	
1 370	
1 315	
1 295	
1 465	
1 350
IGSTP	
Ижсталь ап
29	
112 841	
645	
645	
642	
646	
646
MAGE	
МагадЭн ао
10	
112 290	
8,02	
8,25	
7,94	
8,25	
8
NAUK	
iНПОНаука
35	
109 036	
178,8	
179	
177,2	
180	
178,6
KUBE	
Кубанэнр
44	
106 214	
69	
69	
68,5	
70	
69,3
YRSB	
ТНСэнЯр
19	
103 080	
176	
180	
170	
184	
172
MISBP	
ТНСэМаЭл-п
40	
95 140	
11,2	
11,2	
11	
11,6	
11,6
WTCM	
ЦМТ ао
31	
87 322	
8,84	
8,9	
8,74	
8,92	
8,9
LPSB	
ЛЭСК ао
32	
86 040	
7,75	
7,7	
7,7	
7,8	
7,8
RDRB	
РДБанк ао
13	
85 600	
245	
245	
240	
245	
245
LVHK	
Левенгук
43	
83 481	
7,88	
7,92	
7,8	
7,92	
7,81
KTSBP	
КСБ ап
13	
77 610	
0,2425	
0,244	
0,2415	
0,2445	
0,242
PAZA	
ПавлАвт ао
9	
77 170	
7 720	
7 720	
7 700	
7 780	
7 710
KROT	
КрасОкт-ао
15	
76 145	
346	
345	
344,5	
348	
346
YRSBP	
ТНСэнЯр-п
24	
74 700	
88	
87	
87	
89	
88
TORSP	
ТРК ап
9	
63 215	
0,2635	
0,2685	
0,2625	
0,2685	
0,263
TGKD	
Квадра
41	
63 022	
0,00309	
0,0031	
0,003065	
0,0031	
0,00309
KROTP	
КрасОкт-1п
9	
61 135	
254,5	
254	
253,5	
261,5	
261
KBTK	
КузбТК ао
20	
60 130	
154,2	
157,8	
152	
157,8	
154,8
MAGEP	
МагадЭн ап
9	
59 855	
6,65	
6,855	
6,485	
6,855	
6,59
SLEN	
Сахэнер ао
13	
55 989	
4,085	
4,065	
4,06	
4,105	
4,095
KGKC	
КурганГКао
6	
55 130	
53	
53	
53	
54	
53
VGSBP	
ВолгЭнСб-п
23	
52 505	
1,095	
1,095	
1,08	
1,115	
1,09
VZRZP	
Возрожд-п
13	
52 236	
307,4	
307,2	
306,8	
308,2	
308
MFGS	
Мегион-ао
13	
49 400	
353	
352	
349	
356,5	
356
VJGZ	
Варьеган
17	
47 737	
589	
594	
585	
594	
590
TUZA	
ТЗА ао
6	
47 190	
94	
95	
94	
95	
94
RUSI	
ИКРУСС-ИНВ
7	
45 210	
37,7	
37,7	
37,5	
38	
37,6
NNSBP	
ТНСэнНН ап
23	
42 438	
566	
559	
558	
580	
569
KTSB	
КСБ ао
12	
41 736	
0,572	
0,576	
0,568	
0,576	
0,568
TORS	
ТРК ао
11	
40 910	
0,372	
0,377	
0,369	
0,377	
0,37
MFGSP	
Мегион-ап
11	
39 470	
329	
332,5	
324	
332,5	
332
KRKOP	
ТКЗКК ап
19	
37 112	
5,71	
5,71	
5,705	
5,755	
5,725
MGNZ	
СМЗ-ао
7	
36 190	
4 020	
4 010	
4 000	
4 050	
4 040
KGKCP	
КурганГКап
6	
35 840	
56	
56	
56	
56	
56
HALS	
Галс-Девел
13	
32 766	
745	
745	
739	
758	
758
IGST	
Ижсталь2ао
10	
32 420	
831	
821	
821	
834	
830
TGKDP	
Квадра-п
24	
32 125	
0,00392	
0,00388	
0,00388	
0,00398	
0,003965
UKUZ	
ЮжКузб. ао
17	
31 886	
524	
540	
520	
540	
524
MRKK	
Россети СК
27	
28 049	
26,22	
26,16	
26,14	
26,48	
26,36
SARE	
СаратЭн-ао
7	
27 032	
0,1176	
0,1176	
0,1174	
0,118	
0,1176
YKENP	
Якутскэн-п
5	
23 425	
0,3345	
0,3335	
0,3325	
0,3385	
0,335
NKSH	
Нижкамшина
8	
22 452	
22,46	
22,4	
22,16	
22,68	
22,36
ROSB	
Росбанк ао
19	
20 328	
70,2	
70	
69,8	
71	
70
DZRDP	
iДонскЗР п
7	
17 640	
1 600	
1 600	
1 600	
1 620	
1 600
BLNG	
Белон ао
11	
16 434	
4,008	
4,006	
4,004	
4,022	
4,008
OMZZP	
ОМЗ-ап
2	
16 325	
3 265	
3 270	
3 245	
3 270	
3 245
TNSE	
ТНСэнрг ао
4	
15 470	
965	
970	
965	
970	
965
ALBK	
БестЭфБ ао
9	
14 340	
53	
54	
53	
54	
53
KCHEP	
КамчатЭ ап
3	
10 640	
0,355	
0,354	
0,354	
0,356	
0,356
VGSB	
ВолгЭнСб
4	
7 990	
1,6	
1,6	
1,595	
1,6	
1,595
CHGZ	
РН-ЗапСиб
2	
6 700	
33,6	
33	
33	
34	
34
RLMNP	
Роллман-п
10	
3 549	
19,72	
19,66	
19,62	
19,86	
19,66
ARSA	
Арсагера
1	
3 250	
3,25	
3,25	
3,25	
3,25	
3,25
GAZC	
ГАЗКОН-ао
0	
0	
-	
-	
-	
-	
295
GTSS	
ГЕОТЕК ао
0	
0	
-	
-	
-	
-	
-
KMTZ	
КосогМЗ ао
0	
0	
-	
-	
-	
-	
-
KZMS	
КЗМС ао
0	
0	
-	
-	
-	
-	
226
SZPR	
СЗПароход
0	
0	
-	
-	
-	
-	
782
TRFM	
ТрансФ ао
0	
0	
-	
-	
-	
-	
-
GAZS	
ГАЗ-сервис
0	
0	
-	
-	
-	
-	
293
HIMC	
Химпром ао
0	
0	
-	
-	
-	
-	
0,99
GAZT	
ГАЗ-Тек ао
0	
0	
-	
-	
-	
-	
85
KSGR	
Кокс ао
0	
0	
-	
-	
-	
-	
-
MFON	
МегаФон ао
0	
0	
-	
-	
-	
-	
650,6
URKA	
Уркалий-ао
0	
0	
-	
-	
-	
-	
119,04
VZRZ	
Возрожд-ао
0	
0	
-	
-	
-	
-	
480
MORI	
Морион ао
0	
0	
-	
-	
-	
-	
4,31
BISV	
БашИнСв ао
0	
0	
-	
-	
-	
-	
8,7
KRKO	
ТКЗКК ао
0	
0	
-	
-	
-	
-	
11,8
KUNF	
КУЗОЦМ ао
0	
0	
-	
-	
-	
-	
-
NPOF	
Физика ао
0	
0	
-	
-	
-	
-	
11 850