SBER	
Сбербанк
155 198	
20 396 145 374	
225,58	
228,88	
223,1	
228,88	
224,9
GAZP	
ГАЗПРОМ ао
71 391	
8 383 320 258	
171,82	
172,75	
170	
173,47	
170,63
YNDX	
Yandex clA
68 189	
7 497 736 163	
5 052,6	
5 071	
4 940	
5 131	
5 093,4
LKOH	
ЛУКОЙЛ
46 803	
7 242 326 318	
4 536	
4 629	
4 484	
4 644,5	
4 500
GMKN	
ГМКНорНик
17 727	
3 216 470 020	
18 716	
18 800	
18 570	
18 868	
18 740
SNGSP	
Сургнфгз-п
27 542	
3 030 999 034	
39,2	
38,795	
38,525	
39,875	
39,555
SBERP	
Сбербанк-п
61 574	
2 914 415 105	
219,81	
221,81	
218,1	
221,9	
219,47
MGNT	
Магнит ао
24 029	
2 456 423 023	
4 989,5	
5 068,5	
4 926	
5 086,5	
4 940
MAIL	
MAIL-гдр
50 285	
2 185 396 808	
2 159,2	
2 218	
2 135	
2 219,4	
2 143
TATN	
Татнфт 3ао
34 256	
2 100 572 479	
468,4	
474,8	
461,1	
478,4	
465,9
MOEX	
МосБиржа
26 460	
2 001 716 104	
147,8	
147,6	
145,18	
149,33	
148,35
PLZL	
Полюс
13 137	
1 950 001 726	
16 472,5	
16 500	
16 273	
16 699,5	
16 419
ROSN	
Роснефть
15 588	
1 747 493 195	
384,55	
386	
380,8	
389,4	
384,2
POLY	
Polymetal
23 784	
1 720 478 200	
1 702,4	
1 705	
1 685,1	
1 734	
1 699,4
CHMF	
СевСт-ао
28 196	
1 686 509 066	
1 000	
984	
981,2	
1 013,8	
1 005,8
NVTK	
Новатэк ао
14 342	
1 458 100 170	
1 079	
1 090,2	
1 063,8	
1 104,2	
1 065,6
IRAO	
ИнтерРАОао
14 439	
1 323 820 203	
5,791	
5,8445	
5,7	
5,8865	
5,77
ALRS	
АЛРОСА ао
20 159	
1 160 350 411	
72,24	
72,54	
71,22	
73,46	
71,8
VTBR	
ВТБ ао
37 675	
1 152 861 540	
0,0343	
0,0345	
0,03363	
0,03488	
0,03467
MTSS	
МТС-ао
13 526	
1 042 935 822	
341,5	
345	
338,15	
346,2	
340,9
SNGS	
Сургнфгз
10 761	
998 502 058	
35,16	
35,125	
34,65	
35,4	
35,25
TRNFP	
Транснф ап
3 382	
994 668 700	
147 400	
146 000	
145 550	
149 450	
148 200
NLMK	
НЛМК ао
16 628	
961 797 362	
173,2	
171,6	
171,06	
175,16	
174,64
AFLT	
Аэрофлот
18 605	
725 218 651	
74,66	
76,44	
73,58	
76,44	
74,2
TATNP	
Татнфт 3ап
18 011	
642 274 568	
448,2	
454,1	
442,4	
457	
445
MAGN	
ММК
9 605	
590 397 561	
38,91	
38,91	
38,205	
39,35	
39,11
MVID	
М.видео
11 929	
582 520 484	
670,1	
660	
653,4	
688,7	
656,6
DSKY	
ДетскийМир
13 932	
567 532 699	
115,86	
117,48	
114,4	
117,52	
115,9
AFKS	
Система ао
10 386	
504 068 885	
21,07	
21,349	
20,855	
21,41	
21,19
FEES	
ФСК ЕЭС ао
12 284	
474 421 781	
0,19912	
0,20066	
0,1966	
0,2035	
0,1975
POGR	
Petropavl
8 108	
442 385 705	
34,055	
34,8	
33,5	
34,87	
34,15
FIVE	
FIVE-гдр
8 845	
441 828 979	
2 920	
2 950	
2 895	
2 960	
2 914,5
LNTA	
Лента др
22 875	
438 098 626	
228,8	
226,2	
222,2	
235	
224
RSTI	
Россети ао
8 056	
428 199 897	
1,4662	
1,48	
1,452	
1,4985	
1,4737
HYDR	
РусГидро
10 221	
359 448 930	
0,7572	
0,7581	
0,7475	
0,7626	
0,7578
CBOM	
МКБ ао
6 500	
281 646 400	
5,812	
5,807	
5,762	
5,846	
5,826
TCSG	
TCS-гдр
8 119	
269 299 593	
2 067,4	
2 083,8	
2 036	
2 088,2	
2 074,6
PHOR	
ФосАгро ао
5 369	
258 224 049	
2 847	
2 795	
2 795	
2 868	
2 866
SIBN	
Газпрнефть
6 226	
251 796 117	
297,35	
299,05	
293,6	
302	
293,6
RTKM	
Ростел -ао
8 249	
251 793 001	
99,27	
99,6	
97,36	
100,02	
99,38
RUAL	
РУСАЛ ао
10 839	
232 844 285	
32,24	
32,505	
31,58	
32,99	
31,96
PIKK	
ПИК ао
1 862	
106 969 233	
567,3	
564,5	
564	
570	
566,8
QIWI	
iQIWI
2 904	
95 350 851	
1 372,5	
1 362,5	
1 350,5	
1 390	
1 386,5
ETLN	
ETLN-гдр
5 784	
92 925 241	
126,06	
126,82	
124,14	
127,68	
125,26
RASP	
Распадская
1 929	
87 047 509	
121,2	
120,12	
119,2	
122,5	
120,92
UPRO	
Юнипро ао
2 274	
73 319 546	
2,803	
2,824	
2,777	
2,84	
2,805
LSRG	
ЛСР ао
4 571	
69 307 369	
876,4	
871,8	
867,6	
883,8	
877
OGKB	
ОГК-2 ао
4 452	
68 807 575	
0,7548	
0,761	
0,7501	
0,766	
0,7521
MTLR	
Мечел ао
7 053	
66 111 454	
61,31	
61,35	
60,6	
62,46	
61,13
HHRU	
iHHRU-адр
1 466	
58 563 946	
1 955,2	
1 955	
1 930,2	
2 108	
1 938
ENRU	
ЭнелРос ао
1 398	
53 645 387	
0,946	
0,9465	
0,9405	
0,9515	
0,945
FESH	
ДВМП ао
2 418	
46 452 834	
9,21	
8,75	
8,74	
9,36	
9,25
AQUA	
РусАква ао
1 834	
45 871 140	
226,5	
223,5	
220	
231	
229
ISKJ	
iИСКЧ ао
2 919	
37 421 059	
34,95	
37	
33,61	
37	
34,11
BANEP	
Башнефт ап
1 633	
35 681 091	
1 246	
1 252	
1 236	
1 256,5	
1 249
AGRO	
AGRO-гдр
2 525	
34 228 056	
739	
737	
730,6	
748,4	
742
TGKA	
ТГК-1
2 263	
30 920 756	
0,011212	
0,011288	
0,011102	
0,011344	
0,011278
NMTP	
НМТП ао
1 985	
30 723 346	
8,58	
8,61	
8,54	
8,635	
8,54
AKRN	
Акрон
735	
28 304 292	
6 238	
6 240	
6 124	
6 310	
6 300
TRMK	
ТМК ао
406	
27 378 830	
60,94	
60,9	
60,84	
61,04	
60,92
LSNGP	
РСетиЛЭ-п
1 315	
18 456 924	
151,9	
155,3	
151	
155,3	
151,8
MTLRP	
Мечел ап
1 325	
18 311 978	
66,15	
65,7	
65,35	
67,2	
66,2
RTKMP	
Ростел -ап
1 782	
17 661 488	
89,15	
89	
88,35	
89,7	
89
NKNCP	
НКНХ ап
1 195	
15 037 636	
77,18	
77,36	
76,9	
77,84	
77,06
MSNG	
+МосЭнерго
597	
14 476 026	
2,0515	
2,058	
2,0405	
2,065	
2,057
ENPG	
ЭН+ГРУП ао
387	
13 939 071	
701	
701,5	
700	
707	
701,5
APTK	
Аптеки36и6
5 057	
12 691 831	
13,86	
13,642	
13,54	
14,138	
13,862
RSTIP	
Россети ап
628	
10 294 825	
2,014	
2,033	
2	
2,035	
2,026
SELG	
Селигдар
650	
8 677 048	
43,04	
42,5	
41,83	
44,5	
43,12
BANE	
Башнефт ао
451	
8 101 695	
1 660	
1 649,5	
1 649,5	
1 672	
1 655,5
BSPB	
БСП ао
1 093	
7 436 360	
42,83	
43	
42,65	
43,2	
42,65
GCHE	
ЧеркизГ-ао
619	
7 269 752	
1 881	
1 884	
1 872	
1 892	
1 882
MRKP	
МРСК ЦП
588	
6 932 393	
0,2194	
0,221	
0,2174	
0,2213	
0,2195
KRKNP	
СаратНПЗ-п
173	
6 065 700	
15 480	
15 500	
15 400	
15 600	
15 440
YAKG	
ЯТЭК ао
386	
6 057 005	
51,05	
52,9	
48,5	
54,2	
50,15
OBUV	
ОР ао
1 056	
6 047 540	
32,05	
32,05	
31,8	
32,25	
32
VSMO	
ВСМПО-АВСМ
168	
5 916 460	
17 140	
17 060	
17 040	
17 200	
17 180
LIFE	
iФармсинтз
407	
4 491 821	
7,195	
7,205	
7,15	
7,295	
7,18
LNZL	
Лензолото
62	
4 433 130	
18 490	
18 500	
18 430	
18 600	
18 440
KUZB	
КузнецкийБ
1 405	
4 299 016	
0,01426	
0,01492	
0,01382	
0,01495	
0,0141
SELGP	
Селигдар-п
207	
3 322 515	
36	
35,85	
35,6	
36,25	
35,9
NKNC	
НКНХ ао
331	
3 005 194	
89,4	
89,5	
89	
89,95	
89,2
MRKZ	
МРСК СЗ
226	
2 980 771	
0,0496	
0,04925	
0,04925	
0,0504	
0,04955
BELU	
Белуга ао
218	
2 955 229	
1 288	
1 298	
1 273	
1 299	
1 280
KAZT	
Куйбазот
119	
2 830 732	
159	
163	
156	
163,6	
156,4
TGKD	
Квадра
289	
2 643 701	
0,00371	
0,00372	
0,003645	
0,003785	
0,00368
MGTSP	
МГТС-4ап
271	
2 355 056	
1 928	
1 934	
1 920	
1 944	
1 924
MRKV	
РсетВол ао
237	
2 227 362	
0,06875	
0,0688	
0,0683	
0,0693	
0,0684
LNZLP	
Лензол. ап
211	
2 170 890	
4 050	
3 995	
3 995	
4 090	
4 045
LSNG	
РСетиЛЭ
336	
2 133 894	
5,55	
5,62	
5,45	
5,62	
5,59
TGKB	
ТГК-2
162	
2 077 835	
0,00402	
0,004045	
0,003975	
0,00409	
0,00403
KZOS	
ОргСинт ао
392	
2 070 155	
81,7	
82	
81,4	
82,2	
81,5
CNTLP	
Телеграф-п
287	
2 057 496	
14,36	
14,46	
14,28	
14,46	
14,36
ZILL	
ЗИЛ ао
119	
2 017 835	
2 495	
2 525	
2 455	
2 550	
2 465
ARSA	
Арсагера
251	
1 891 700	
3,9	
3,86	
3,77	
4,06	
3,84
HIMCP	
Химпром ап
296	
1 855 214	
7,99	
7,97	
7,95	
8,03	
8
RNFT	
РуссНфт ао
485	
1 820 804	
345	
343	
343	
347,8	
343
UNAC	
iАвиастКао
378	
1 779 611	
0,42	
0,4215	
0,41	
0,4245	
0,423
PRMB	
Приморье
58	
1 755 400	
27 400	
27 400	
27 000	
28 600	
27 200
ALNU	
АЛРОСА-Нюр
17	
1 712 400	
57 000	
58 400	
56 600	
58 600	
57 200
SVAV	
СОЛЛЕРС
51	
1 687 835	
290	
290,5	
289,5	
292	
290,5
RKKE	
ЭнергияРКК
140	
1 678 920	
6 660	
6 510	
6 500	
6 900	
6 900
ABRD	
АбрауДюрсо
243	
1 676 230	
196	
198	
195	
199	
196
CNTL	
Телеграф
148	
1 596 470	
16,8	
16,75	
16,7	
16,95	
16,8
MRKC	
МРСК Центр
570	
1 584 257	
0,295	
0,2968	
0,2928	
0,2984	
0,2954
MAGE	
МагадЭн ао
158	
1 543 800	
6,1	
5,57	
5,57	
6,98	
5,85
KMAZ	
КАМАЗ
394	
1 453 583	
59,8	
59,9	
59,5	
60,1	
59,7
BISVP	
БашИнСв ап
250	
1 440 385	
11,46	
11,7	
11,27	
11,7	
11,51
ROLO	
Русолово
97	
1 410 938	
6,502	
6,402	
6,4	
6,56	
6,45
GEMA	
iММЦБ ао
161	
1 337 306	
604,5	
605	
600	
614,5	
607,5
MFGSP	
Мегион-ап
12	
1 273 495	
310,5	
309,5	
309,5	
311	
311
LVHK	
Левенгук
299	
1 228 788	
8,65	
8,32	
8,32	
9,1	
8,52
KRKOP	
ТКЗКК ап
249	
1 165 007	
8,745	
8,69	
8,41	
9,3	
8,66
RGSS	
РГС СК ао
177	
1 149 279	
0,1464	
0,1472	
0,145	
0,148	
0,1466
TTLK	
Таттел. ао
67	
1 099 410	
0,33	
0,3305	
0,3275	
0,3345	
0,3285
RAVN	
Raven
51	
1 093 625	
31,15	
30,55	
30,3	
32,05	
30,65
NFAZ	
Нефтекамск
91	
943 138	
208,6	
204,2	
203,4	
216,4	
210
UWGN	
ОВК ао
342	
925 596	
206	
212	
200	
212	
201,6
TNSE	
ТНСэнрг ао
138	
924 030	
1 060	
1 065	
1 050	
1 120	
1 065
VRSB	
ТНСэнВорон
79	
917 640	
71,6	
73	
69,8	
73,6	
71,2
RTGZ	
ГазпРнД ао
25	
887 250	
27 750	
26 600	
26 600	
29 200	
28 500
WTCM	
ЦМТ ао
94	
866 988	
9,04	
9,32	
8,94	
9,32	
9
ZVEZ	
ЗВЕЗДА ао
90	
855 120	
4,525	
4,565	
4,5	
4,585	
4,54
RUGR	
Русгрэйн
1 016	
840 080	
9,158	
9,212	
9,1	
9,248	
9,102
NSVZ	
НаукаСвяз
121	
779 980	
202,5	
203	
201	
205	
202,5
UNKL	
ЮУНК ао
45	
759 690	
6 610	
6 580	
6 580	
6 660	
6 600
MRSB	
МордЭнСб
61	
718 550	
0,435	
0,435	
0,43	
0,44	
0,435
AMEZ	
АшинскийМЗ
398	
688 820	
4,645	
4,615	
4,59	
4,68	
4,675
IRGZ	
ИркЭнерго
107	
684 842	
11,8	
11,68	
11,68	
11,86	
11,74
MAGEP	
МагадЭн ап
69	
678 520	
5,65	
5,29	
5,29	
6,05	
6,05
IRKT	
ИРКУТ-3
83	
677 116	
33,52	
33,52	
33,24	
33,96	
33,76
YKEN	
Якутскэнрг
51	
634 535	
0,399	
0,3935	
0,39	
0,404	
0,404
TGKN	
ТГК-14
63	
611 280	
0,0031	
0,00312	
0,00309	
0,00314	
0,0031
MSRS	
РСетиМР ао
96	
584 486	
1,1665	
1,171	
1,161	
1,1785	
1,1625
BRZL	
БурЗолото
122	
582 477	
1 040	
1 032	
1 032	
1 045	
1 033
KLSB	
КалужскСК
114	
557 468	
13,18	
13,12	
13,12	
13,3	
13,27
PAZA	
ПавлАвт ао
50	
553 650	
8 020	
8 030	
7 750	
8 160	
7 990
SLEN	
Сахэнер ао
51	
543 167	
6,36	
6,445	
6,29	
6,5	
6,4
DIOD	
ЗаводДИОД
114	
529 677	
7,11	
7,18	
7,05	
7,24	
7,06
AVAN	
Авангрд-ао
110	
505 000	
860	
860	
845	
880	
850
CHEP	
ЧТПЗ ао
75	
501 400	
207	
207	
206	
208	
208
TORS	
ТРК ао
43	
498 420	
0,369	
0,4	
0,345	
0,4	
0,389
NKHP	
НКХП ао
89	
488 590	
264	
265	
261,5	
270	
262,5
RUSP	
Русполимет
116	
483 367	
0,6335	
0,6375	
0,6285	
0,6445	
0,6315
KZOSP	
ОргСинт ап
590	
444 464	
11,27	
11,39	
11,21	
11,4	
11,25
GTRK	
ГТМ ао
383	
439 917	
42,65	
42,15	
42,15	
43,3	
42,6
ELTZ	
Электрцинк
181	
436 000	
175	
172,5	
170	
177	
176
RLMN	
Роллман
126	
421 481	
17,6	
17,35	
17,25	
17,85	
17,6
NAUK	
iНПОНаука
59	
416 888	
201,4	
201	
199	
206,6	
200,4
MRKU	
МРСК Ур
85	
402 570	
0,1388	
0,1402	
0,1378	
0,1402	
0,1382
PMSBP	
ПермьЭнС-п
88	
397 118	
130,6	
131,2	
130	
131,2	
130
VZRZP	
Возрожд-п
47	
371 592	
312,2	
315	
308	
317	
308
PMSB	
ПермьЭнСб
78	
370 663	
134,8	
132,3	
132,3	
137,4	
134,8
MGNZ	
СМЗ-ао
50	
366 610	
4 820	
4 670	
4 610	
5 000	
4 710
SARE	
СаратЭн-ао
115	
354 384	
0,1358	
0,1382	
0,13	
0,1406	
0,1338
URKZ	
УрКузница
17	
332 140	
15 820	
15 460	
15 380	
16 120	
15 980
KRKN	
СаратНПЗ
20	
323 850	
12 450	
12 600	
12 350	
12 600	
12 350
STSBP	
СтаврЭнСбп
160	
319 002	
0,371	
0,3725	
0,364	
0,381	
0,376
GAZA	
ГАЗ ао
54	
317 565	
392	
399,5	
388	
399,5	
388,5
MGTS	
МГТС-5ао
40	
291 255	
2 190	
2 200	
2 170	
2 210	
2 200
DVEC	
ДЭК ао
74	
287 989	
0,906	
0,909	
0,905	
0,914	
0,911
KOGK	
КоршГОК ао
4	
278 400	
46 400	
46 000	
46 000	
46 600	
46 600
INGR	
ИНГРАД ао
43	
276 174	
803	
802	
801	
805	
802
SFIN	
САФМАР ао
32	
257 216	
494,6	
500	
488,6	
502	
488,6
DZRDP	
iДонскЗР п
77	
254 740	
1 650	
1 680	
1 620	
1 690	
1 650
TUZA	
ТЗА ао
28	
245 510	
104	
104	
103	
105	
105
RTSBP	
ТНСэнРст-п
32	
229 960	
0,5	
0,506	
0,492	
0,506	
0,494
KRSB	
Красэсб ао
40	
211 256	
7,28	
7,14	
7,04	
7,39	
7,23
MFGS	
Мегион-ао
35	
194 215	
329	
330	
317,5	
335	
330
MRKY	
РоссЮг ао
156	
193 135	
0,04815	
0,049	
0,04785	
0,049	
0,04795
IGST	
Ижсталь2ао
29	
187 101	
969	
980	
957	
983	
960
RBCM	
РБК ао
131	
180 019	
3,28	
3,286	
3,252	
3,318	
3,266
RDRB	
РДБанк ао
32	
176 600	
220	
220	
220	
225	
225
YKENP	
Якутскэн-п
27	
172 495	
0,3835	
0,378	
0,371	
0,392	
0,384
LPSB	
ЛЭСК ао
30	
165 335	
8,05	
8,1	
8	
8,1	
8,05
USBN	
УралСиб ао
46	
162 462	
0,0674	
0,0673	
0,0672	
0,0681	
0,0672
VGSBP	
ВолгЭнСб-п
56	
158 380	
1,91	
1,97	
1,84	
2,02	
1,92
UTAR	
ЮТэйр ао
47	
157 497	
6,88	
6,87	
6,87	
6,9	
6,9
ALBK	
БестЭфБ ао
45	
154 905	
58,5	
58,5	
58	
59,5	
59
TGKBP	
ТГК-2 ап
65	
150 227	
0,00705	
0,00708	
0,007	
0,00711	
0,00701
UCSS	
ОКС ао
7	
149 790	
1 450	
1 460	
1 450	
1 460	
1 460
BLNG	
Белон ао
100	
147 027	
4,13	
4,2	
4,076	
4,22	
4,164
CHMK	
ЧМК ао
39	
146 435	
2 570	
2 570	
2 555	
2 585	
2 575
CHGZ	
РН-ЗапСиб
13	
140 460	
52	
52,6	
51,8	
52,6	
51,8
RZSB	
РязЭнСб
27	
137 520	
9,04	
9,16	
9	
9,16	
9,06
VLHZ	
ВХЗ-ао
40	
133 818	
53,75	
54,95	
53,15	
55,05	
53,9
SAGO	
СамарЭн-ао
15	
132 700	
0,576	
0,58	
0,572	
0,584	
0,576
KBSB	
ТНСэКубань
48	
132 640	
134	
135	
133,5	
135	
134
KAZTP	
Куйбазот-п
15	
131 274	
150,8	
150,8	
150	
151,2	
151
IGSTP	
Ижсталь ап
52	
108 216	
852	
872	
838	
872	
850
KROT	
КрасОкт-ао
22	
107 400	
370,5	
367,5	
367,5	
372	
369,5
RTSB	
ТНСэнРст
14	
105 000	
0,525	
0,525	
0,52	
0,535	
0,535
TGKDP	
Квадра-п
46	
97 995	
0,004645	
0,00454	
0,00454	
0,0047	
0,0046
RUSI	
ИКРУСС-ИНВ
19	
95 210	
38,1	
39	
37,4	
39	
37,7
SAREP	
СаратЭн-ап
16	
94 256	
0,1194	
0,119	
0,1162	
0,12	
0,117
KRSBP	
Красэсб ап
20	
86 500	
7,54	
7,5	
7,44	
7,6	
7,54
VRSBP	
ТНСэнВор-п
14	
81 100	
45	
45,5	
44,5	
45,5	
45,5
KUBE	
Кубанэнр
22	
75 567	
70,6	
70,8	
70,2	
70,8	
70,8
KBTK	
КузбТК ао
18	
72 700	
148,4	
146,6	
146,6	
148,8	
148,6
VSYD	
ВыбСудЗ ао
12	
70 500	
3 915	
3 890	
3 890	
3 925	
3 925
VJGZ	
Варьеган
35	
69 001	
622	
621	
616	
627	
617
TASB	
ТамбЭнСб
12	
68 610	
0,381	
0,3835	
0,38	
0,3835	
0,3805
OMZZP	
ОМЗ-ап
12	
67 890	
3 395	
3 370	
3 370	
3 420	
3 415
TASBP	
ТамбЭнСб-п
14	
67 010	
0,279	
0,2765	
0,276	
0,283	
0,277
MISBP	
ТНСэМаЭл-п
14	
63 470	
12	
11,9	
11,9	
12,1	
12,1
HALS	
Галс-Девел
17	
62 102	
1 129	
1 153	
1 121	
1 153	
1 132
ROST	
РОСИНТЕРао
16	
59 344	
61,2	
61	
61	
61,8	
61,8
RLMNP	
Роллман-п
47	
58 845	
18,16	
18,7	
17,98	
18,7	
17,98
MISB	
ТНСэнМарЭл
32	
55 410	
12,3	
12,2	
12,2	
12,5	
12,5
EELT	
ЕвроЭлтех
69	
53 637	
7,4	
7,44	
7,38	
7,44	
7,4
KTSB	
КСБ ао
19	
53 086	
0,624	
0,628	
0,622	
0,628	
0,622
NNSBP	
ТНСэнНН ап
19	
50 574	
640	
644	
632	
645	
643
VGSB	
ВолгЭнСб
6	
48 190	
4,015	
4,01	
4,005	
4,025	
4,02
YRSBP	
ТНСэнЯр-п
7	
47 280	
86	
87	
85	
87	
86
MRKK	
Россети СК
11	
44 454	
25,12	
25,4	
25,06	
25,4	
25,38
ASSB	
АстрЭнСб
24	
44 365	
0,752	
0,75	
0,7485	
0,7595	
0,7485
KTSBP	
КСБ ап
7	
44 345	
0,277	
0,28	
0,2765	
0,28	
0,2775
STSB	
СтаврЭнСб
21	
41 831	
0,5505	
0,555	
0,5465	
0,56	
0,5535
GAZAP	
ГАЗ ап
8	
40 290	
310	
309	
309	
312	
311,5
NKSH	
Нижкамшина
7	
38 016	
22,36	
22,24	
22,24	
22,38	
22,38
JNOSP	
Слав-ЯНОСп
12	
37 632	
13,94	
14,08	
13,82	
14,1	
14,1
MRKS	
РсетСиб ао
8	
36 840	
0,2305	
0,23	
0,229	
0,232	
0,2315
JNOS	
Славн-ЯНОС
11	
36 240	
18,1	
18,1	
18,05	
18,25	
18,05
TORSP	
ТРК ап
6	
33 600	
0,28	
0,28	
0,28	
0,28	
0,28
DZRD	
iДонскЗР
15	
33 165	
2 075	
2 090	
2 050	
2 090	
2 080
VJGZP	
Варьеган-п
3	
30 610	
340	
341	
340	
341	
340
KCHE	
КамчатЭ ао
11	
29 975	
0,214	
0,2195	
0,212	
0,2195	
0,216
KGKC	
КурганГКао
7	
23 675	
55	
55,5	
55	
55,5	
55,5
WTCMP	
ЦМТ ап
14	
20 464	
8,18	
8,12	
8,12	
8,24	
8,22
ROSB	
Росбанк ао
14	
18 800	
78,4	
78	
78	
78,4	
78,4
KMEZ	
КМЗ
11	
17 831	
495,5	
497,5	
494,5	
497,5	
496,5
SAGOP	
СамарЭн-ап
3	
17 650	
0,441	
0,44	
0,44	
0,445	
0,44
NNSB	
ТНСэнНН ао
3	
17 330	
1 735	
1 760	
1 730	
1 760	
1 730
KGKCP	
КурганГКап
8	
16 235	
54	
54,5	
54	
54,5	
54,5
CHKZ	
ЧКПЗ ао
3	
16 040	
5 340	
5 320	
5 320	
5 380	
5 380
UKUZ	
ЮжКузб. ао
9	
14 146	
506	
500	
500	
506	
506
KROTP	
КрасОкт-1п
3	
10 535	
263,5	
263	
262	
265,5	
265,5
VSYDP	
ВыбСудЗ ап
2	
7 840	
3 920	
3 920	
3 920	
3 920	
3 920
YRSB	
ТНСэнЯр
1	
3 320	
166	
166	
166	
166	
166
GAZC	
ГАЗКОН-ао
0	
0	
-	
-	
-	
-	
295
GTSS	
ГЕОТЕК ао
0	
0	
-	
-	
-	
-	
-
KUNF	
КУЗОЦМ ао
0	
0	
-	
-	
-	
-	
-
PRTK	
ПРОТЕК ао
0	
0	
-	
-	
-	
-	
99,6
NPOF	
Физика ао
0	
0	
-	
-	
-	
-	
11 850
TRCN	
ТрансК ао
0	
0	
-	
-	
-	
-	
8 595
GAZS	
ГАЗ-сервис
0	
0	
-	
-	
-	
-	
293
KMTZ	
КосогМЗ ао
0	
0	
-	
-	
-	
-	
-
KZMS	
КЗМС ао
0	
0	
-	
-	
-	
-	
226
MSTT	
Мостотрест
0	
0	
-	
-	
-	
-	
161
TRFM	
ТрансФ ао
0	
0	
-	
-	
-	
-	
-
GAZT	
ГАЗ-Тек ао
0	
0	
-	
-	
-	
-	
85
HIMC	
Химпром ао
0	
0	
-	
-	
-	
-	
0,99
BISV	
БашИнСв ао
0	
0	
-	
-	
-	
-	
8,7
KCHEP	
КамчатЭ ап
0	
0	
-	
-	
-	
-	
0,38
KSGR	
Кокс ао
0	
0	
-	
-	
-	
-	
-
MOBB	
МосОблБанк
0	
0	
-	
-	
-	
-	
0,698
URKA	
Уркалий-ао
0	
0	
-	
-	
-	
-	
119,04
VZRZ	
Возрожд-ао
0	
0	
-	
-	
-	
-	
480
MFON	
МегаФон ао
0	
0	
-	
-	
-	
-	
650,6
KRKO	
ТКЗКК ао
0	
0	
-	
-	
-	
-	
11,8
VZRZ	
Возрожд-ао
0	
0	
-	
-	
-	
-	
480