LKOH	
ЛУКОЙЛ
76 291	
14 074 726 265	
4 872	
4 779	
4 750	
4 940	
4 897
SBER	
Сбербанк
83 828	
13 579 539 159	
194,43	
194,46	
192,86	
195,8	
195,8
GAZP	
ГАЗПРОМ ао
74 274	
10 850 224 038	
192,86	
189,9	
188,53	
195,23	
193,87
ROSN	
Роснефть
37 456	
5 119 650 067	
333,05	
328	
326,5	
338,25	
337,95
GMKN	
ГМКНорНик
24 986	
4 777 455 722	
20 362	
20 180	
20 030	
20 848	
20 596
MOEX	
МосБиржа
78 576	
3 784 609 097	
124,13	
126,07	
120,77	
129,15	
121,5
TATN	
Татнфт 3ао
43 372	
3 493 970 069	
549,1	
537	
532,4	
559	
558,6
PLZL	
Полюс
22 071	
2 354 884 361	
11 878	
11 998	
11 750	
11 998	
11 935,5
YNDX	
Yandex clA
30 923	
2 205 518 868	
2 829,4	
2 807	
2 775,4	
2 874	
2 870
SNGS	
Сургнфгз
17 861	
2 019 855 845	
37,22	
36,98	
36,81	
37,705	
37,435
MTSS	
МТС-ао
17 717	
1 933 889 635	
318,95	
315	
313,5	
323,15	
319,2
POLY	
Polymetal
31 815	
1 916 408 432	
1 520,6	
1 566,6	
1 487	
1 566,6	
1 498,4
MGNT	
Магнит ао
23 482	
1 894 454 997	
3 465	
3 400	
3 392	
3 506,5	
3 467
NVTK	
Новатэк ао
24 504	
1 737 681 112	
1 034,6	
1 030	
1 018	
1 045,6	
1 040,2
VTBR	
ВТБ ао
34 632	
1 360 955 284	
0,03503	
0,03475	
0,03465	
0,03523	
0,035195
SBERP	
Сбербанк-п
21 822	
1 300 343 149	
177,19	
176,99	
176,3	
177,89	
177,5
ALRS	
АЛРОСА ао
22 495	
1 214 727 945	
64,13	
64,62	
63,61	
65,09	
63,9
TATNP	
Татнфт 3ап
18 847	
1 107 225 065	
507,2	
488	
486	
521,4	
520
AFLT	
Аэрофлот
28 225	
1 072 215 651	
76,32	
75,7	
75,32	
76,88	
76,5
CHMF	
СевСт-ао
18 905	
1 055 359 296	
880,2	
875,6	
870,6	
890,8	
875,6
MAGN	
ММК
17 359	
1 028 756 580	
40,95	
41,985	
40,12	
41,985	
40,35
SIBN	
Газпрнефть
15 376	
935 129 204	
330,6	
323,5	
323,05	
334,3	
330,35
IRAO	
ИнтерРАОао
11 664	
781 129 429	
5,2085	
5,18	
5,1175	
5,2545	
5,234
TCSG	
TCS-гдр
14 205	
686 684 021	
1 021,4	
1 000,2	
989,6	
1 031,8	
1 025
NLMK	
НЛМК ао
10 912	
672 305 983	
127,02	
126,02	
125,08	
128,3	
127,1
TRNFP	
Транснф ап
2 668	
652 238 550	
136 500	
135 900	
135 200	
137 700	
137 700
SNGSP	
Сургнфгз-п
8 570	
600 186 852	
36,585	
36,6	
36,325	
36,73	
36,665
FEES	
ФСК ЕЭС ао
12 696	
506 349 586	
0,18566	
0,18252	
0,1823	
0,18748	
0,1854
CBOM	
МКБ ао
16 251	
482 518 426	
5,343	
5,311	
5,29	
5,424	
5,355
HYDR	
РусГидро
11 818	
468 501 862	
0,6375	
0,6306	
0,6278	
0,6419	
0,6416
FIVE	
FIVE-гдр
8 550	
459 992 243	
2 192,5	
2 200	
2 175	
2 210	
2 198
RUAL	
RUSAL plc
14 608	
438 863 902	
26,27	
26	
25,92	
26,75	
26,51
AFKS	
Система ао
8 719	
382 014 590	
14,133	
14,05	
13,944	
14,258	
14,193
RSTI	
Россети ао
9 412	
371 419 221	
1,3015	
1,29	
1,2775	
1,3113	
1,304
DSKY	
ДетскийМир
17 426	
350 141 512	
91,06	
89,28	
89,04	
92,6	
91,24
UPRO	
Юнипро ао
7 492	
343 969 313	
2,752	
2,74	
2,716	
2,785	
2,745
RTKM	
Ростел -ао
9 742	
318 059 311	
82,48	
82	
81,34	
83,13	
82,7
TGKB	
ТГК-2
12 068	
285 592 025	
0,004575	
0,0038	
0,00378	
0,005365	
0,00496
ISKJ	
iИСКЧ ао
20 236	
278 072 536	
36,37	
36,33	
30,28	
45	
32,7
PHOR	
ФосАгро ао
3 909	
232 675 390	
2 767	
2 794	
2 749	
2 794	
2 761
TGKA	
ТГК-1
7 211	
183 988 214	
0,01166	
0,0115	
0,01144	
0,01176	
0,0117
TRMK	
ТМК ао
2 134	
180 403 680	
56,92	
56,96	
56,68	
57,18	
57
MTLR	
Мечел ао
12 783	
175 489 866	
67,19	
67,23	
66,57	
67,93	
66,9
LSRG	
ЛСР ао
9 051	
164 657 561	
603,6	
598	
594,8	
613	
602
OGKB	
ОГК-2 ао
5 673	
145 163 350	
0,6223	
0,61	
0,61	
0,6322	
0,6293
RASP	
Распадская
3 303	
119 375 830	
105,6	
107	
104,8	
107,4	
105
BANEP	
Башнефт ап
3 415	
107 034 995	
1 404	
1 398,5	
1 393	
1 410	
1 408
MVID	
М.видео
3 385	
92 153 222	
365,9	
365,1	
362,6	
369,6	
365,1
NKNCP	
НКНХ ап
7 210	
83 529 951	
77,9	
79,12	
76,06	
79,78	
78
MTLRP	
Мечел ап
2 709	
75 573 250	
74,25	
74,8	
73,55	
75,4	
73,95
KRKNP	
СаратНПЗ-п
1 422	
68 846 600	
16 180	
16 500	
15 900	
16 700	
15 940
AGRO	
AGRO-гдр
3 665	
68 811 591	
634	
629	
627,8	
641,8	
629
TGKBP	
ТГК-2 ап
3 439	
61 305 880	
0,00804	
0,00675	
0,00675	
0,00919	
0,00837
RTKMP	
Ростел -ап
2 825	
46 379 975	
71,6	
70,2	
69,9	
72,35	
72,2
NMTP	
НМТП ао
4 290	
45 606 799	
8,74	
8,64	
8,575	
8,85	
8,65
QIWI	
iQIWI
2 378	
44 132 784	
910,5	
900	
896	
923	
918
ENRU	
ЭнелРос ао
2 014	
41 928 429	
0,931	
0,93	
0,926	
0,935	
0,928
ETLN	
ETLN-гдр
2 191	
38 398 835	
84,02	
82	
82	
85	
84,5
MSNG	
+МосЭнерго
1 832	
37 795 444	
1,9425	
1,934	
1,926	
1,9615	
1,929
LNTA	
Лента др
4 215	
37 249 481	
151,3	
152,9	
150,2	
152,9	
151,9
PIKK	
ПИК ао
3 508	
34 404 160	
393,4	
396,1	
392,3	
397,4	
392,6
APTK	
Аптеки36и6
8 391	
33 827 846	
14,08	
14,102	
13,9	
14,382	
13,954
LIFE	
iФармсинтз
2 305	
33 537 680	
8,465	
8,47	
8,3	
8,75	
8,37
MRKV	
МРСКВол
2 241	
33 395 381	
0,06815	
0,069	
0,06735	
0,0706	
0,06745
BANE	
Башнефт ао
1 117	
32 468 482	
1 755	
1 752,5	
1 742	
1 768	
1 755
AQUA	
РусАква ао
1 145	
27 166 295	
186	
202	
189,5	
204,5	
190,5
MRKP	
МРСК ЦП
1 529	
26 974 351	
0,1735	
0,175	
0,1704	
0,1758	
0,1735
AKRN	
Акрон
1 075	
24 056 958	
5 816	
5 850	
5 756	
5 870	
5 840
VSYD	
ВыбСудЗ ао
1 742	
21 262 890	
6 085	
6 905	
5 110	
6 905	
5 300
BSPB	
БСП ао
3 472	
21 109 235	
41,33	
41,2	
41	
41,7	
41,67
TGKN	
ТГК-14
1 278	
20 169 910	
0,00341	
0,00321	
0,00319	
0,00362	
0,00339
TTLK	
Таттел. ао
753	
15 578 855	
0,334	
0,3385	
0,324	
0,3435	
0,332
MSRS	
МОЭСК
945	
15 385 470	
1,0095	
1	
0,9965	
1,0245	
1,009
SELG	
Селигдар
1 497	
13 035 448	
21,62	
22,4	
20,8	
22,49	
21,52
GCHE	
ЧеркизГ-ао
1 142	
12 758 630	
1 694,5	
1 702,5	
1 675	
1 704	
1 685
VSMO	
ВСМПО-АВСМ
250	
12 681 220	
18 540	
18 740	
18 420	
18 740	
18 560
RSTIP	
Россети ап
610	
10 343 614	
1,554	
1,533	
1,533	
1,565	
1,553
OBUV	
ОР ао
1 583	
9 825 676	
30,55	
30,2	
30,05	
31	
30,7
MRKC	
МРСК Центр
915	
9 545 781	
0,2484	
0,2432	
0,243	
0,2532	
0,248
GEMA	
iММЦБ ао
767	
9 342 677	
740	
747,5	
729,5	
773	
738
AMEZ	
АшинскийМЗ
1 408	
8 933 425	
4,205	
4,125	
4,025	
4,4	
4,2
TGKD	
Квадра
860	
8 339 067	
0,003165	
0,00304	
0,003	
0,003295	
0,003155
NKNC	
НКНХ ао
966	
8 052 445	
97,65	
97,9	
97	
98,95	
97,4
BELU	
Белуга ао
485	
7 710 619	
1 482	
1 500	
1 450	
1 598	
1 480
MGTSP	
МГТС-4ап
550	
7 676 654	
2 400	
2 416	
2 374	
2 438	
2 390
KMEZ	
КМЗ
1 771	
7 572 902	
474,5	
468,5	
443	
495	
480,5
ENPG	
ЭН+ГРУП ао
232	
7 196 595	
633,2	
635,1	
621,2	
645	
628,5
LNZL	
Лензолото
362	
7 195 820	
8 560	
8 660	
8 420	
8 700	
8 550
KZOS	
ОргСинт ао
630	
6 903 884	
94,8	
95	
94,3	
95	
94,9
RNFT	
РуссНфт ао
1 992	
5 791 732	
420,4	
414,4	
412	
422,4	
416
SFIN	
САФМАР ао
575	
5 700 472	
433,6	
428,2	
417	
435,8	
430
CNTLP	
Телеграф-п
628	
5 259 782	
18,3	
18,5	
18,12	
18,54	
18,44
TRCN	
ТрансК ао
88	
5 059 955	
8 270	
8 200	
8 180	
8 350	
8 200
SVAV	
СОЛЛЕРС
202	
5 018 595	
259	
260	
254,5	
261,5	
260
PAZA	
ПавлАвт ао
368	
4 394 600	
8 320	
8 010	
7 910	
8 900	
8 110
DIOD	
ЗаводДИОД
496	
4 364 407	
6,05	
6,18	
5,84	
6,2	
6,08
RGSS	
РГС СК ао
1 004	
4 351 739	
0,1526	
0,155	
0,1496	
0,1578	
0,1534
VSYDP	
ВыбСудЗ ап
390	
4 305 440	
5 800	
6 540	
4 880	
6 540	
5 220
UNAC	
iАвиастКао
412	
4 191 180	
0,5135	
0,505	
0,505	
0,5195	
0,5195
MSTT	
Мостотрест
384	
4 153 190	
154,1	
154,5	
152,9	
154,85	
153,7
WTCMP	
ЦМТ ап
323	
4 146 124	
10,12	
10	
9,98	
10,22	
10
FESH	
ДВМП ао
446	
3 806 183	
6,31	
6,32	
6,27	
6,38	
6,35
RUGR	
Русгрэйн
998	
3 309 075	
7,798	
7,846	
7,73	
7,848	
7,74
GTRK	
ГТМ ао
762	
3 221 259	
43,15	
43,95	
42,5	
43,95	
43,2
KZOSP	
ОргСинт ап
1 048	
2 747 861	
13,47	
13,74	
13,3	
13,74	
13,47
RBCM	
РБК ао
419	
2 662 503	
3,136	
3,12	
3,09	
3,162	
3,126
ZVEZ	
ЗВЕЗДА ао
373	
2 640 125	
4,415	
4,505	
4,315	
4,68	
4,475
LNZLP	
Лензол. ап
297	
2 585 765	
3 705	
3 770	
3 670	
3 800	
3 675
LVHK	
Левенгук
486	
2 510 809	
8,19	
8,87	
7,9	
8,87	
8,27
YAKG	
ЯТЭК ао
184	
2 508 342	
43,18	
44,26	
42,52	
44,3	
43,2
KRSB	
Красэсб ао
142	
2 449 230	
6,05	
5,91	
5,9	
6,16	
6,14
IRGZ	
ИркЭнерго
212	
2 184 084	
11,62	
11,64	
11,44	
11,8	
11,7
TGKDP	
Квадра-п
493	
2 159 868	
0,00451	
0,004235	
0,004155	
0,0047	
0,004525
PMSBP	
ПермьЭнС-п
193	
2 037 740	
129,2	
129,6	
127,8	
131,2	
130,4
KRKN	
СаратНПЗ
101	
1 995 650	
12 300	
12 800	
11 900	
14 800	
11 900
PRTK	
ПРОТЕК ао
135	
1 965 600	
98,8	
99,4	
97,4	
99,4	
98,3
DASB	
ДагСб ао
255	
1 818 410	
0,0982	
0,0941	
0,0941	
0,1	
0,0975
KRKOP	
ТКЗКК ап
410	
1 798 121	
6,06	
6,28	
5,775	
6,595	
5,95
DVEC	
ДЭК ао
256	
1 788 827	
0,794	
0,815	
0,777	
0,815	
0,791
KCHE	
КамчатЭ ао
366	
1 711 970	
0,2035	
0,1835	
0,179	
0,2375	
0,1845
RLMN	
Роллман
436	
1 595 299	
18,4	
18,6	
18	
19,6	
18,35
USBN	
УралСиб ао
175	
1 589 907	
0,0719	
0,0728	
0,0703	
0,073	
0,0715
HIMCP	
Химпром ап
236	
1 576 044	
5,92	
5,94	
5,84	
6,08	
5,89
CNTL	
Телеграф
202	
1 325 535	
22,55	
22,3	
22,2	
23	
22,75
MRKZ	
МРСК СЗ
154	
1 295 648	
0,05035	
0,0506	
0,04965	
0,0511	
0,0504
RZSB	
РязЭнСб
45	
1 275 220	
6,71	
6,69	
6,59	
6,78	
6,7
KMAZ	
КАМАЗ
324	
1 244 712	
55,6	
56,2	
55	
56,2	
55,5
SELGP	
Селигдар-п
120	
1 244 115	
27,7	
27,6	
27,5	
27,95	
27,65
KAZT	
Куйбазот
119	
1 241 640	
138,8	
139	
136,4	
139,6	
139,2
WTCM	
ЦМТ ао
139	
1 238 922	
10,06	
10,1	
9,9	
10,14	
10,1
TORS	
ТРК ао
88	
1 221 500	
0,36	
0,377	
0,357	
0,377	
0,364
KCHEP	
КамчатЭ ап
164	
1 166 930	
0,374	
0,357	
0,333	
0,406	
0,347
IRKT	
ИРКУТ-3
113	
1 143 910	
29,42	
29,3	
29,02	
29,76	
29,76
RUSP	
Русполимет
77	
1 086 570	
0,628	
0,6385	
0,619	
0,6385	
0,6275
MRKU	
МРСК Ур
138	
1 069 068	
0,1494	
0,149	
0,1472	
0,1508	
0,1494
GAZA	
ГАЗ ао
56	
1 059 975	
387	
381,5	
381,5	
398	
386
YKEN	
Якутскэнрг
112	
1 019 990	
0,342	
0,3595	
0,3395	
0,362	
0,345
LPSB	
ЛЭСК ао
192	
964 440	
7,8	
8,1	
7,6	
8,1	
7,8
BRZL	
БурЗолото
100	
958 649	
827	
828	
827	
831	
827
TUZA	
ТЗА ао
133	
940 630	
100	
102	
97	
105	
100
BLNG	
Белон ао
188	
849 956	
4,08	
4,05	
3,998	
4,36	
4,006
KRSBP	
Красэсб ап
58	
826 320	
6,22	
6,18	
6	
6,38	
6,28
PMSB	
ПермьЭнСб
97	
780 928	
129,9	
130,3	
128,1	
131	
130,8
NFAZ	
Нефтекамск
139	
740 038	
147,4	
144,4	
140	
152	
145,6
VJGZP	
Варьеган-п
103	
739 070	
328	
324	
311	
340	
340
MAGEP	
МагадЭн ап
74	
737 945	
4,555	
4,89	
4,385	
4,93	
4,605
ALNU	
АЛРОСА-Нюр
15	
718 600	
48 000	
48 400	
47 600	
48 400	
48 000
ABRD	
АбрауДюрсо
204	
710 015	
131,5	
132,5	
130	
132,5	
131,5
MOBB	
МосОблБанк
219	
708 809	
2,348	
2,37	
2,3	
2,44	
2,354
VLHZ	
ВХЗ-ао
112	
698 268	
49,05	
49	
48,7	
49,45	
49,4
URKZ	
УрКузница
13	
654 060	
10 220	
10 440	
10 200	
10 440	
10 220
UNKL	
ЮУНК ао
45	
634 420	
3 390	
3 410	
3 360	
3 460	
3 360
UWGN	
ОВК ао
128	
624 302	
242,6	
247,8	
240,7	
247,8	
243,9
ZILL	
ЗИЛ ао
68	
622 616	
1 372	
1 418	
1 350	
1 418	
1 378
MFGSP	
Мегион-ап
76	
611 215	
299,5	
318	
275,5	
320	
309
MRKY	
РоссЮг ао
144	
603 395	
0,0512	
0,0507	
0,0507	
0,0515	
0,05145
CHEP	
ЧТПЗ ао
84	
593 095	
196,5	
197,5	
195	
197,5	
197,5
KAZTP	
Куйбазот-п
83	
592 564	
137,8	
138,6	
136	
140,8	
139,8
RUSI	
ИКРУСС-ИНВ
59	
562 960	
39,9	
43,5	
38,5	
43,5	
40,1
KUZB	
КузнецкийБ
443	
555 285	
0,01668	
0,01707	
0,01624	
0,01716	
0,01684
SLEN	
Сахэнер ао
113	
552 638	
4,07	
4,16	
4,005	
4,235	
4,1
KLSB	
КалужскСК
127	
508 537	
10,82	
10,92	
10,56	
10,95	
10,74
MRKK	
Россети СК
178	
492 576	
26,54	
26,22	
26,2	
26,64	
26,3
MRKS	
МРСКСиб
36	
434 765	
0,2165	
0,2145	
0,2145	
0,2175	
0,217
AVAN	
Авангрд-ао
90	
396 415	
810	
815	
800	
815	
815
STSBP	
СтаврЭнСбп
161	
386 210	
0,2954	
0,2834	
0,2834	
0,3128	
0,2892
RAVN	
Raven
12	
362 745	
32,1	
32,15	
31,95	
32,25	
32,15
IGST	
Ижсталь2ао
96	
357 641	
862	
844	
844	
900	
857
NKSH	
Нижкамшина
49	
322 834	
22,74	
23,1	
22,5	
23,16	
22,74
KGKC	
КурганГКао
47	
321 510	
53	
54	
52	
54	
54
KBTK	
КузбТК ао
52	
313 146	
159	
162,4	
157,2	
163	
158,8
TASB	
ТамбЭнСб
54	
296 875	
0,2725	
0,2715	
0,27	
0,2765	
0,276
STSB	
СтаврЭнСб
93	
266 196	
0,351	
0,363	
0,338	
0,3685	
0,34
ROLO	
Русолово
34	
254 344	
3,796	
3,804	
3,78	
3,84	
3,798
DZRD	
iДонскЗР
79	
249 142	
2 094	
2 166	
2 000	
2 192	
2 172
KUBE	
Кубанэнр
39	
239 629	
61,8	
61,2	
60,9	
62,4	
62,4
NSVZ	
НаукаСвяз
58	
231 330	
224,5	
225	
221	
229,5	
225
VJGZ	
Варьеган
52	
219 767	
623	
626	
614	
655	
626
BISVP	
БашИнСв ап
45	
213 894	
6,68	
6,7	
6,62	
6,74	
6,68
YKENP	
Якутскэн-п
22	
211 815	
0,321	
0,3285	
0,313	
0,335	
0,3175
MGTS	
МГТС-5ао
43	
208 095	
2 600	
2 620	
2 570	
2 620	
2 595
KGKCP	
КурганГКап
67	
203 030	
54,5	
54	
53	
55	
55
TASBP	
ТамбЭнСб-п
23	
190 480	
0,1965	
0,1995	
0,1925	
0,2	
0,198
IGSTP	
Ижсталь ап
64	
188 785	
718	
700	
700	
736	
725
ELTZ	
Электрцинк
35	
184 097	
169,5	
169	
167,5	
169,5	
169,5
KROTP	
КрасОкт-1п
32	
180 925	
229	
231	
225,5	
235,5	
226,5
NAUK	
iНПОНаука
52	
175 958	
174,2	
170,8	
170,8	
177	
172,6
NNSBP	
ТНСэнНН ап
34	
173 124	
515	
525	
505	
532	
531
KROT	
КрасОкт-ао
38	
159 080	
331,5	
335,5	
327	
338,5	
328
OMZZP	
ОМЗ-ап
33	
158 635	
3 450	
3 460	
3 410	
3 550	
3 435
VZRZP	
Возрожд-п
28	
156 448	
289,8	
288,4	
288,4	
290,6	
289
HALS	
Галс-Девел
35	
147 234	
725	
738	
719	
738	
726
KTSBP	
КСБ ап
20	
147 195	
0,23	
0,2295	
0,228	
0,237	
0,235
RKKE	
ЭнергияРКК
24	
146 760	
4 890	
4 990	
4 850	
5 000	
4 860
UTAR	
ЮТэйр ао
48	
140 538	
6,42	
6,38	
6,38	
6,46	
6,44
NKHP	
НКХП ао
33	
127 740	
236,5	
237,5	
235,5	
237,5	
237
CHMK	
ЧМК ао
19	
125 665	
2 370	
2 370	
2 360	
2 385	
2 370
RLMNP	
Роллман-п
126	
125 463	
20,02	
20,26	
19,18	
20,38	
19,42
YRSB	
ТНСэнЯр
34	
123 440	
168	
166	
162	
170	
168
SARE	
СаратЭн-ао
24	
122 574	
0,1104	
0,11	
0,11	
0,1116	
0,1116
UCSS	
ОКС ао
22	
116 380	
1 460	
1 470	
1 450	
1 470	
1 460
ROST	
РОСИНТЕРао
37	
94 794	
59	
59,4	
58,4	
59,8	
59,4
KOGK	
КоршГОК ао
2	
93 000	
46 600	
46 600	
46 400	
46 600	
46 400
MISBP	
ТНСэМаЭл-п
25	
88 140	
9,4	
9,4	
9,2	
9,6	
9,6
PRMB	
Приморье
4	
87 200	
17 400	
17 400	
17 400	
17 600	
17 400
VRSBP	
ТНСэнВор-п
24	
86 400	
32	
33	
31	
33,5	
32
VRSB	
ТНСэнВорон
11	
82 260	
48,4	
47,2	
47,2	
49	
47,8
CHGZ	
РН-ЗапСиб
16	
81 200	
33,8	
34,2	
33,4	
34,2	
34
ASSB	
АстрЭнСб
41	
78 772	
0,575	
0,5765	
0,5725	
0,5855	
0,5725
ALBK	
БестЭфБ ао
24	
78 050	
52,5	
53,5	
52	
54	
52
YRSBP	
ТНСэнЯр-п
24	
72 645	
83,5	
83,5	
82,5	
84,5	
83
SZPR	
СЗПароход
32	
72 472	
740	
732	
726	
744	
740
JNOS	
Славн-ЯНОС
13	
59 500	
18,05	
17,85	
17,75	
18,1	
17,95
VGSBP	
ВолгЭнСб-п
26	
57 245	
1,06	
1,03	
1,03	
1,075	
1,055
MAGE	
МагадЭн ао
7	
57 010	
4,75	
4,74	
4,74	
4,76	
4,75
GAZAP	
ГАЗ ап
5	
52 780	
330	
329	
327	
332	
330
MGNZ	
СМЗ-ао
10	
52 590	
4 050	
4 090	
4 010	
4 090	
4 070
MISB	
ТНСэнМарЭл
18	
51 940	
10,8	
10,7	
10,6	
11	
10,9
SAGOP	
СамарЭн-ап
9	
51 400	
0,367	
0,365	
0,365	
0,368	
0,368
UKUZ	
ЮжКузб. ао
27	
46 210	
508	
516	
496	
516	
500
ARSA	
Арсагера
9	
41 690	
3,21	
3,19	
3,19	
3,22	
3,19
DZRDP	
iДонскЗР п
16	
41 550	
1 660	
1 650	
1 650	
1 690	
1 680
VGSB	
ВолгЭнСб
15	
40 235	
1,49	
1,54	
1,47	
1,54	
1,5
INGR	
ИНГРАД ао
11	
37 267	
761	
769	
756	
770	
770
KTSB	
КСБ ао
15	
37 244	
0,49	
0,49	
0,484	
0,496	
0,492
TORSP	
ТРК ап
12	
35 685	
0,255	
0,257	
0,2535	
0,257	
0,254
MRSB	
МордЭнСб
9	
31 420	
0,349	
0,348	
0,348	
0,351	
0,349
MFGS	
Мегион-ао
7	
27 255	
338	
345,5	
338	
346	
338
JNOSP	
Слав-ЯНОСп
6	
26 026	
13,7	
13,54	
13,54	
13,74	
13,7
CHKZ	
ЧКПЗ ао
5	
25 220	
5 040	
4 960	
4 960	
5 140	
5 120
KBSB	
ТНСэКубань
9	
24 855	
131	
129	
129	
132	
132
ROSB	
Росбанк ао
15	
20 280	
72,4	
72,2	
72	
73,8	
72,4
SAGO	
СамарЭн-ао
5	
20 120	
0,402	
0,4	
0,4	
0,404	
0,404
NNSB	
ТНСэнНН ао
9	
14 960	
1 245	
1 275	
1 230	
1 280	
1 255
RDRB	
РДБанк ао
3	
9 950	
250	
250	
245	
250	
250
RTSBP	
ТНСэнРст-п
3	
7 530	
0,251	
0,249	
0,249	
0,255	
0,252
RTSB	
ТНСэнРст
2	
6 400	
0,32	
0,32	
0,32	
0,32	
0,32
SAREP	
СаратЭн-ап
7	
5 998	
0,0858	
0,0848	
0,0848	
0,0864	
0,0864
TNSE	
ТНСэнрг ао
3	
2 935	
980	
965	
965	
995	
995
BISV	
БашИнСв ао
0	
0	
-	
-	
-	
-	
8,7
GAZC	
ГАЗКОН-ао
0	
0	
-	
-	
-	
-	
295
GAZS	
ГАЗ-сервис
0	
0	
-	
-	
-	
-	
293
GAZT	
ГАЗ-Тек ао
0	
0	
-	
-	
-	
-	
85
GTSS	
ГЕОТЕК ао
0	
0	
-	
-	
-	
-	
-
HIMC	
Химпром ао
0	
0	
-	
-	
-	
-	
0,99
KMTZ	
КосогМЗ ао
0	
0	
-	
-	
-	
-	
-
KRKO	
ТКЗКК ао
0	
0	
-	
-	
-	
-	
11,8
KSGR	
Кокс ао
0	
0	
-	
-	
-	
-	
-
KUNF	
КУЗОЦМ ао
0	
0	
-	
-	
-	
-	
-
KZMS	
КЗМС ао
0	
0	
-	
-	
-	
-	
226
LSNG	
Ленэнерго
0	
0	
-	
-	
-	
-	
5,66
LSNGP	
Ленэнерг-п
0	
0	
-	
-	
-	
-	
119,95
MFON	
МегаФон ао
0	
0	
-	
-	
-	
-	
650,6
MORI	
Морион ао
0	
0	
-	
-	
-	
-	
4,31
NPOF	
Физика ао
0	
0	
-	
-	
-	
-	
11 850
RTGZ	
ГазпРнД ао
0	
0	
-	
-	
-	
-	
22 000
TRFM	
ТрансФ ао
0	
0	
-	
-	
-	
-	
-
URKA	
Уркалий-ао
0	
0	
-	
-	
-	
-	
119,04
VZRZ	
Возрожд-ао
0	
0	
-	
-	
-	
-	
480