GAZP	
ГАЗПРОМ ао
94 953	
34 223 930 076	
198,19	
196,25	
193,2	
199,95	
199,95
SBER	
Сбербанк
110 597	
21 465 081 836	
201,26	
204,11	
199,17	
204,4	
200,5
LKOH	
ЛУКОЙЛ
49 362	
12 919 451 107	
5 267,5	
5 380	
5 224	
5 380	
5 242,5
TATN	
Татнфт 3ао
73 545	
11 498 062 146	
538,8	
562,9	
532	
562,9	
532
PLZL	
Полюс
24 196	
7 604 995 521	
11 587,5	
11 388	
11 268	
11 701	
11 673
GMKN	
ГМКНорНик
20 967	
7 382 048 898	
22 152	
22 476	
22 012	
22 478	
22 110
TRNFP	
Транснф ап
6 916	
6 489 639 300	
129 550	
131 950	
129 100	
132 300	
129 100
ROSN	
Роснефть
22 886	
4 002 505 580	
373,65	
374,05	
370,4	
376,35	
376,2
POLY	
Polymetal
17 930	
3 446 274 007	
1 417,4	
1 432,7	
1 401,5	
1 453	
1 413,5
NVTK	
Новатэк ао
31 617	
3 062 541 089	
1 042,2	
1 074,2	
1 025	
1 078,2	
1 029,6
SNGS	
Сургнфгз
21 938	
2 981 716 228	
39,605	
40,33	
38,935	
40,36	
39,61
TCSG	
TCS-гдр
17 167	
2 907 078 838	
1 247,2	
1 273	
1 202,2	
1 279,8	
1 253
SNGSP	
Сургнфгз-п
20 719	
2 660 943 771	
35,645	
36,395	
35,41	
36,395	
35,41
ALRS	
АЛРОСА ао
37 928	
2 374 959 299	
66,1	
67,62	
65,63	
67,79	
66
MTSS	
МТС-ао
29 555	
2 285 806 883	
320,75	
323,2	
318	
324,85	
320
SBERP	
Сбербанк-п
26 609	
2 277 620 711	
182,29	
184,59	
180,7	
184,79	
181,6
NLMK	
НЛМК ао
21 044	
2 256 591 983	
136,86	
139,16	
134,72	
139,16	
137,76
FIVE	
FIVE-гдр
26 607	
1 975 367 722	
2 108,5	
2 190	
2 080	
2 190	
2 089
MGNT	
Магнит ао
17 789	
1 952 354 566	
3 763	
3 809	
3 728	
3 833	
3 740
CHMF	
СевСт-ао
21 087	
1 846 258 482	
930,2	
936,2	
922,4	
940	
934,6
IRAO	
ИнтерРАОао
19 739	
1 763 122 647	
4,935	
4,9415	
4,895	
4,99	
4,944
AFLT	
Аэрофлот
31 702	
1 653 743 437	
78,12	
79,1	
76,88	
79,54	
78,06
MAGN	
ММК
16 770	
1 550 777 796	
40,5	
41,525	
39,935	
41,59	
40,44
YNDX	
Yandex clA
21 985	
1 509 123 115	
2 843	
2 865	
2 811,6	
2 884	
2 833,2
MOEX	
МосБиржа
17 520	
1 480 027 293	
114,26	
115,19	
113,9	
115,19	
114,29
VTBR	
ВТБ ао
32 816	
1 471 491 886	
0,035735	
0,0359	
0,0353	
0,03631	
0,03631
AFKS	
Система ао
21 836	
1 097 622 947	
15,339	
15	
14,964	
15,557	
15,3
RSTI	
Россети ао
19 709	
936 831 726	
1,6153	
1,5654	
1,5635	
1,6635	
1,653
TATNP	
Татнфт 3ап
14 712	
796 084 394	
516,1	
528,7	
509	
528,7	
509
CBOM	
МКБ ао
15 920	
598 775 739	
5,313	
5,34	
5,237	
5,415	
5,415
SIBN	
Газпрнефть
7 939	
579 359 799	
333,75	
335	
332,35	
336	
333
FEES	
ФСК ЕЭС ао
12 477	
467 729 681	
0,18422	
0,18652	
0,18346	
0,1867	
0,18354
MVID	
М.видео
6 533	
446 176 155	
343,3	
350	
340	
354,8	
340
HYDR	
РусГидро
10 851	
422 641 226	
0,6893	
0,699	
0,6829	
0,7005	
0,6929
PHOR	
ФосАгро ао
5 826	
409 588 314	
2 829	
2 860	
2 785	
2 893	
2 788
RTKM	
Ростел -ао
5 606	
320 363 806	
82,26	
82	
81,21	
82,92	
82,92
NKNCP	
НКНХ ап
12 342	
293 707 717	
82,54	
79,86	
79,06	
84,7	
83,6
UPRO	
Юнипро ао
5 085	
289 666 025	
2,716	
2,706	
2,681	
2,737	
2,737
DSKY	
ДетскийМир
9 095	
289 518 275	
98,2	
97,72	
96,42	
99,02	
99,02
LSRG	
ЛСР ао
7 283	
256 412 708	
588,8	
593,8	
582,2	
594	
584,8
RUAL	
РУСАЛ ао
12 619	
248 012 098	
27,825	
28,25	
27,52	
28,25	
27,81
OGKB	
ОГК-2 ао
5 719	
237 275 071	
0,7031	
0,69	
0,6823	
0,7178	
0,7178
RASP	
Распадская
4 531	
159 082 413	
108,08	
111,24	
106,36	
111,24	
107,5
SFIN	
САФМАР ао
1 180	
128 393 320	
398,2	
411	
396,4	
414,2	
396,4
TGKA	
ТГК-1
7 495	
126 195 646	
0,01279	
0,012962	
0,01265	
0,012962	
0,012884
MTLR	
Мечел ао
8 422	
107 755 094	
65,23	
65,9	
64,57	
66,36	
64,65
PIKK	
ПИК ао
2 921	
96 813 648	
379,6	
381	
375	
383,9	
383,9
TRMK	
ТМК ао
782	
96 235 995	
59,34	
59,28	
59,24	
59,38	
59,24
KRKNP	
СаратНПЗ-п
2 252	
86 287 680	
19 800	
19 520	
19 500	
20 300	
19 960
RSTIP	
Россети ап
3 375	
85 121 955	
2,345	
2,35	
2,289	
2,385	
2,37
BANEP	
Башнефт ап
2 851	
83 304 581	
1 424,5	
1 432,5	
1 420	
1 433	
1 420
ENRU	
ЭнелРос ао
2 242	
59 106 673	
0,9725	
0,974	
0,9615	
0,9845	
0,97
MTLRP	
Мечел ап
2 295	
51 705 723	
76,7	
75,35	
74,65	
78,4	
77,95
MSNG	
+МосЭнерго
2 236	
46 488 533	
2,028	
2,045	
2,0105	
2,0465	
2,0285
QIWI	
iQIWI
3 367	
43 545 508	
988,5	
997,5	
978	
1 004,5	
981
APTK	
Аптеки36и6
10 530	
42 478 396	
13,784	
13,82	
13,55	
13,88	
13,612
AKRN	
Акрон
1 423	
39 354 084	
6 134	
6 138	
6 084	
6 184	
6 120
NMTP	
НМТП ао
2 045	
36 737 374	
9,49	
9,25	
9,25	
9,64	
9,48
MRKC	
МРСК Центр
2 194	
36 555 857	
0,2584	
0,2572	
0,252	
0,266	
0,2564
LSNGP	
РСетиЛЭ-п
1 793	
34 283 119	
168,45	
168	
167,05	
168,9	
168,9
NKNC	
НКНХ ао
2 201	
31 283 079	
95,4	
93,6	
92,55	
97	
96,8
RZSB	
РязЭнСб
1 490	
30 876 000	
12,6	
11,22	
11,14	
14,28	
12,34
LNTA	
Лента др
4 111	
29 756 634	
151,9	
153	
151,1	
153	
152
ENPG	
ЭН+ГРУП ао
327	
29 744 985	
618	
619,5	
615	
621	
618
AGRO	
AGRO-гдр
2 081	
25 863 207	
657,8	
658	
651	
662	
658
MRKP	
МРСК ЦП
1 265	
22 447 565	
0,1876	
0,19	
0,1853	
0,19	
0,1863
ETLN	
ETLN-гдр
1 613	
17 657 596	
88,76	
91,02	
88,08	
91,02	
88,78
RTKMP	
Ростел -ап
1 183	
16 432 409	
74,2	
74	
73,5	
74,45	
74,3
BSPB	
БСП ао
1 658	
16 317 873	
40,55	
41	
40,2	
41,1	
40,45
BANE	
Башнефт ао
741	
15 139 546	
1 813	
1 813,5	
1 802	
1 823,5	
1 814,5
STSB	
СтаврЭнСб
3 382	
13 184 737	
0,4285	
0,354	
0,354	
0,4745	
0,425
PMSBP	
ПермьЭнС-п
1 083	
11 216 900	
156,8	
159,6	
153,8	
159,8	
158,2
ISKJ	
iИСКЧ ао
953	
10 327 245	
30,22	
30,99	
29,5	
31,28	
29,79
MRKV	
РсетВол ао
861	
9 153 740	
0,0662	
0,0671	
0,0655	
0,06725	
0,0662
OBUV	
ОР ао
1 684	
9 091 376	
29,75	
30	
29,5	
30	
29,65
SELG	
Селигдар
443	
9 020 234	
24,4	
24,4	
24,23	
24,5	
24,36
TASB	
ТамбЭнСб
1 045	
8 997 270	
0,4325	
0,4805	
0,386	
0,5055	
0,388
BELU	
Белуга ао
918	
8 515 264	
1 308	
1 370	
1 240	
1 370	
1 290
VSMO	
ВСМПО-АВСМ
174	
8 317 540	
18 900	
19 000	
18 700	
19 120	
18 960
PMSB	
ПермьЭнСб
903	
6 920 403	
160,8	
169,6	
154	
169,6	
162,1
STSBP	
СтаврЭнСбп
1 180	
6 595 854	
0,3635	
0,3275	
0,3275	
0,39	
0,3635
RUGR	
Русгрэйн
2 552	
6 211 032	
7,684	
7,894	
7,5	
7,99	
7,7
TGKB	
ТГК-2
367	
6 092 325	
0,004215	
0,00427	
0,00416	
0,00427	
0,004195
RNFT	
РуссНфт ао
1 569	
5 785 246	
425,6	
421,4	
421,2	
435,2	
435,2
MGTSP	
МГТС-4ап
571	
5 477 474	
2 062	
2 084	
2 042	
2 086	
2 078
MRKU	
МРСК Ур
417	
5 359 760	
0,1678	
0,17	
0,1656	
0,1716	
0,166
LNZL	
Лензолото
151	
5 147 250	
8 680	
8 740	
8 620	
8 740	
8 690
GEMA	
iММЦБ ао
559	
4 550 397	
611	
634	
606	
650,5	
610,5
KZOS	
ОргСинт ао
578	
4 469 798	
88,8	
88	
87,8	
90	
89,6
LIFE	
iФармсинтз
566	
4 413 326	
7,465	
7,585	
7,4	
7,585	
7,415
ASSB	
АстрЭнСб
1 320	
4 272 831	
0,805	
0,7895	
0,777	
0,8505	
0,784
MSRS	
РСетиМР ао
329	
4 267 125	
1,1645	
1,153	
1,153	
1,175	
1,165
LSNG	
РСетиЛЭ
618	
4 052 803	
6,2	
6,27	
6,11	
6,28	
6,18
SZPR	
СЗПароход
778	
3 843 846	
856	
828	
772	
948	
824
SVAV	
СОЛЛЕРС
186	
3 566 925	
256,5	
260	
254	
260	
255
GCHE	
ЧеркизГ-ао
517	
3 416 810	
1 699	
1 705,5	
1 693	
1 707,5	
1 695
MRKS	
РсетСиб ао
174	
3 335 540	
0,2625	
0,2685	
0,2555	
0,2715	
0,2635
FESH	
ДВМП ао
248	
3 191 409	
7,17	
7,23	
7,09	
7,24	
7,17
RGSS	
РГС СК ао
397	
2 921 641	
0,1492	
0,1518	
0,1464	
0,1518	
0,1492
MSTT	
Мостотрест
270	
2 879 646	
161,6	
161,55	
161,05	
162,4	
162,2
KOGK	
КоршГОК ао
59	
2 802 400	
44 400	
45 600	
42 600	
45 600	
44 800
TASBP	
ТамбЭнСб-п
412	
2 776 820	
0,379	
0,4385	
0,3645	
0,4385	
0,376
IRKT	
ИРКУТ-3
202	
2 418 164	
32,04	
32,8	
31,36	
32,82	
32,4
GTRK	
ГТМ ао
444	
2 405 334	
42,3	
43,15	
41,6	
43,35	
42,7
KRSB	
Красэсб ао
121	
2 332 300	
8,57	
8,42	
8,2	
8,8	
8,68
KRSBP	
Красэсб ап
124	
2 155 720	
8,6	
8,22	
8,1	
8,82	
8,8
KRKOP	
ТКЗКК ап
338	
2 098 301	
5,935	
5,85	
5,805	
6,24	
5,81
MRSB	
МордЭнСб
189	
2 072 190	
0,379	
0,369	
0,356	
0,416	
0,364
TTLK	
Таттел. ао
238	
1 967 025	
0,293	
0,293	
0,29	
0,297	
0,291
KRKN	
СаратНПЗ
89	
1 950 900	
14 350	
14 500	
13 850	
14 650	
14 300
KUBE	
Кубанэнр
372	
1 918 656	
75,5	
72,8	
70	
80	
75
ALNU	
АЛРОСА-Нюр
28	
1 822 400	
49 200	
49 000	
48 600	
49 800	
49 800
TGKBP	
ТГК-2 ап
34	
1 816 250	
0,00709	
0,00704	
0,00704	
0,00716	
0,00708
KGKCP	
КурганГКап
205	
1 711 225	
61,5	
53,5	
53,5	
73	
70
DVEC	
ДЭК ао
251	
1 584 209	
0,833	
0,854	
0,817	
0,855	
0,827
RBCM	
РБК ао
304	
1 536 454	
3,25	
3,25	
3,192	
3,298	
3,26
SELGP	
Селигдар-п
200	
1 508 660	
26,75	
26,6	
26,25	
27,05	
27
UNAC	
iАвиастКао
178	
1 503 050	
0,4735	
0,477	
0,4715	
0,4785	
0,4735
KGKC	
КурганГКао
162	
1 499 370	
58	
51	
51	
61	
60
VGSB	
ВолгЭнСб
286	
1 454 280	
1,75	
1,705	
1,6	
1,95	
1,63
TGKD	
Квадра
105	
1 428 037	
0,003055	
0,00307	
0,003035	
0,0031	
0,003065
UTAR	
ЮТэйр ао
83	
1 418 469	
6,56	
6,64	
6,43	
6,7	
6,45
MRKZ	
МРСК СЗ
275	
1 374 053	
0,05205	
0,0525	
0,0515	
0,053	
0,05175
AMEZ	
АшинскийМЗ
279	
1 314 556	
4,105	
4,15	
4,08	
4,15	
4,1
MOBB	
МосОблБанк
204	
1 308 849	
2,77	
2,72	
2,716	
2,86	
2,73
TORS	
ТРК ао
167	
1 287 190	
0,399	
0,414	
0,388	
0,426	
0,405
URKZ	
УрКузница
67	
1 274 860	
10 540	
10 940	
10 200	
10 940	
10 640
AQUA	
РусАква ао
159	
1 262 045	
203	
208,5	
200,5	
208,5	
205,5
TGKN	
ТГК-14
88	
1 231 780	
0,00329	
0,00331	
0,00326	
0,00335	
0,00329
KMAZ	
КАМАЗ
346	
1 219 226	
55,8	
55,9	
55,4	
56,2	
55,9
CNTLP	
Телеграф-п
180	
1 216 664	
17,16	
17,16	
17	
17,48	
17,18
PRMB	
Приморье
39	
1 210 000	
28 200	
28 800	
27 400	
30 400	
27 400
UWGN	
ОВК ао
175	
1 140 649	
241,8	
242,4	
240,1	
243,3	
242,4
DIOD	
ЗаводДИОД
194	
1 020 083	
5,81	
5,96	
5,72	
5,96	
5,74
KZOSP	
ОргСинт ап
755	
993 937	
12,17	
12	
11,85	
12,45	
12,2
IRGZ	
ИркЭнерго
103	
951 028	
12,34	
12,34	
12,26	
12,46	
12,36
GAZA	
ГАЗ ао
54	
902 945	
382,5	
390,5	
377,5	
393,5	
381
MRKY	
РоссЮг ао
161	
901 535	
0,051	
0,05185	
0,0506	
0,05185	
0,0511
ROLO	
Русолово
47	
808 386	
3,692	
3,758	
3,686	
3,758	
3,718
USBN	
УралСиб ао
79	
806 081	
0,07	
0,0703	
0,0692	
0,0709	
0,0702
MAGE	
МагадЭн ао
42	
799 840	
5,16	
5,1	
5,05	
5,3	
5,06
RLMN	
Роллман
277	
785 094	
19,25	
19,9	
19	
20,1	
19,25
MGNZ	
СМЗ-ао
22	
698 260	
4 040	
4 050	
4 010	
4 100	
4 090
VGSBP	
ВолгЭнСб-п
133	
692 240	
1,165	
1,08	
1,08	
1,195	
1,11
MFGSP	
Мегион-ап
18	
679 155	
329,5	
322,5	
322,5	
332	
331
LPSB	
ЛЭСК ао
124	
665 225	
8,35	
8,7	
8,1	
8,75	
8,3
KCHE	
КамчатЭ ао
112	
664 295	
0,205	
0,213	
0,196	
0,2165	
0,2045
EELT	
ЕвроЭлтех
144	
663 170	
7,44	
7,62	
7,4	
7,62	
7,48
PRTK	
ПРОТЕК ао
100	
659 282	
98,1	
98,7	
97,8	
98,7	
98,5
LNZLP	
Лензол. ап
75	
611 585	
3 685	
3 705	
3 665	
3 705	
3 695
INGR	
ИНГРАД ао
84	
597 981	
801	
794	
794	
808	
800
KAZT	
Куйбазот
38	
556 986	
137,2	
137	
137	
138,4	
137,6
CHMK	
ЧМК ао
93	
549 625	
2 510	
2 520	
2 490	
2 525	
2 515
BRZL	
БурЗолото
98	
527 368	
829	
827	
827	
837	
829
YAKG	
ЯТЭК ао
52	
514 525	
39,9	
40	
39,65	
40,15	
40,1
VLHZ	
ВХЗ-ао
86	
493 513	
48,55	
48,3	
48,25	
48,8	
48,55
GAZAP	
ГАЗ ап
61	
442 710	
318,5	
322	
315	
324,5	
318
AVAN	
Авангрд-ао
109	
426 920	
775	
770	
760	
785	
760
ABRD	
АбрауДюрсо
82	
425 395	
131,5	
131,5	
130,5	
132	
131,5
ALBK	
БестЭфБ ао
97	
418 125	
58	
55,5	
55	
60,5	
59
NKHP	
НКХП ао
93	
414 115	
234	
233,5	
231	
236	
232
TRCN	
ТрансК ао
30	
391 605	
8 330	
8 485	
8 305	
8 485	
8 315
KROT	
КрасОкт-ао
51	
373 780	
346	
346	
343	
350	
345,5
CHEP	
ЧТПЗ ао
67	
363 660	
204,5	
204,5	
203,5	
204,5	
204,5
MAGEP	
МагадЭн ап
28	
335 720	
6,85	
7,13	
6,795	
7,13	
6,85
ROST	
РОСИНТЕРао
36	
316 962	
59,6	
59,4	
59	
60,2	
59,6
HIMCP	
Химпром ап
49	
311 013	
5,84	
5,83	
5,81	
5,88	
5,83
VJGZP	
Варьеган-п
29	
293 730	
330	
331	
325	
332	
330
YKENP	
Якутскэн-п
20	
282 700	
0,3285	
0,325	
0,325	
0,338	
0,329
KLSB	
КалужскСК
79	
282 640	
11,58	
11,56	
11,3	
11,88	
11,45
UCSS	
ОКС ао
24	
272 680	
1 440	
1 450	
1 440	
1 460	
1 450
KCHEP	
КамчатЭ ап
51	
269 650	
0,36	
0,387	
0,35	
0,392	
0,36
NAUK	
iНПОНаука
95	
268 630	
180,4	
185,4	
177,8	
185,4	
182,6
SLEN	
Сахэнер ао
133	
260 624	
4,185	
4,085	
4,085	
4,35	
4,155
KTSBP	
КСБ ап
44	
252 015	
0,26	
0,26	
0,257	
0,271	
0,26
RTSBP	
ТНСэнРст-п
65	
241 770	
0,306	
0,3	
0,293	
0,317	
0,296
PAZA	
ПавлАвт ао
20	
230 480	
7 680	
7 730	
7 620	
7 730	
7 700
VZRZP	
Возрожд-п
18	
227 000	
298,8	
298,4	
297,6	
299	
299
WTCM	
ЦМТ ао
48	
200 654	
8,96	
8,98	
8,84	
8,98	
8,94
ELTZ	
Электрцинк
153	
190 892	
178	
175,5	
172,5	
182,5	
174,5
BISVP	
БашИнСв ап
61	
186 862	
7,6	
7,43	
7,35	
8	
7,55
NSVZ	
НаукаСвяз
38	
184 535	
230,5	
235	
228	
243	
233,5
KTSB	
КСБ ао
68	
181 442	
0,574	
0,612	
0,566	
0,612	
0,574
RAVN	
Raven
24	
180 095	
30	
30,35	
29,45	
30,4	
29,45
RUSP	
Русполимет
25	
179 210	
0,618	
0,6375	
0,614	
0,6375	
0,6185
RTSB	
ТНСэнРст
29	
170 650	
0,34	
0,34	
0,335	
0,35	
0,345
VJGZ	
Варьеган
20	
169 734	
602	
597	
596	
610	
598
JNOSP	
Слав-ЯНОСп
26	
162 560	
14,52	
14,78	
14,2	
14,8	
14,58
KUZB	
КузнецкийБ
130	
150 284	
0,01714	
0,017	
0,0168	
0,01749	
0,0168
VRSBP	
ТНСэнВор-п
22	
147 950	
32	
32	
31,5	
33	
32
ZILL	
ЗИЛ ао
19	
147 085	
1 430	
1 415	
1 415	
1 450	
1 440
NFAZ	
Нефтекамск
26	
143 104	
152,2	
153	
150	
154	
151
LVHK	
Левенгук
49	
142 321	
8,09	
8,05	
8	
8,2	
8,19
TORSP	
ТРК ап
34	
138 605	
0,272	
0,2745	
0,268	
0,2745	
0,2735
MGTS	
МГТС-5ао
21	
134 370	
2 585	
2 530	
2 530	
2 625	
2 570
JNOS	
Славн-ЯНОС
24	
124 585	
19,8	
19,6	
19,35	
20,6	
20,25
UNKL	
ЮУНК ао
22	
121 120	
3 460	
3 480	
3 400	
3 490	
3 490
HALS	
Галс-Девел
32	
112 973	
763	
770	
751	
773	
770
ZVEZ	
ЗВЕЗДА ао
17	
112 770	
4,51	
4,47	
4,46	
4,55	
4,475
NKSH	
Нижкамшина
18	
111 334	
22,72	
22,66	
22,56	
23,26	
23
SAGO	
СамарЭн-ао
26	
106 240	
0,41	
0,402	
0,402	
0,414	
0,412
KAZTP	
Куйбазот-п
27	
100 982	
140,4	
141,6	
136,4	
141,8	
140,6
VSYD	
ВыбСудЗ ао
18	
98 325	
4 095	
4 130	
4 035	
4 210	
4 040
MISBP	
ТНСэМаЭл-п
22	
97 580	
10,2	
10,2	
10	
10,2	
10,2
CNTL	
Телеграф
16	
85 425	
20,85	
20,9	
20,8	
20,95	
20,9
MISB	
ТНСэнМарЭл
29	
82 210	
11,3	
11,2	
11	
11,7	
11,5
KBTK	
КузбТК ао
31	
80 656	
155,2	
155,6	
154,2	
155,8	
154,8
CHKZ	
ЧКПЗ ао
9	
75 980	
5 420	
5 540	
5 380	
5 540	
5 400
WTCMP	
ЦМТ ап
35	
75 146	
8,26	
8,28	
8,2	
8,3	
8,3
SARE	
СаратЭн-ао
20	
72 738	
0,1234	
0,1238	
0,1204	
0,1238	
0,1236
TUZA	
ТЗА ао
21	
72 420	
95	
95	
94	
96	
95
SAGOP	
СамарЭн-ап
5	
70 310	
0,391	
0,405	
0,386	
0,405	
0,398
DZRD	
iДонскЗР
18	
68 475	
1 900	
1 875	
1 875	
1 920	
1 905
YKEN	
Якутскэнрг
10	
66 480	
0,3485	
0,35	
0,3465	
0,355	
0,3505
BLNG	
Белон ао
33	
64 916	
4,058	
4,028	
4,004	
4,09	
4,02
OMZZP	
ОМЗ-ап
10	
64 490	
3 395	
3 395	
3 380	
3 425	
3 380
RTGZ	
ГазпРнД ао
2	
62 850	
20 950	
20 950	
20 950	
20 950	
20 950
VRSB	
ТНСэнВорон
4	
62 440	
48	
48	
48	
48,2	
48,2
RLMNP	
Роллман-п
86	
58 520	
19,58	
19,58	
19,38	
20	
19,38
KROTP	
КрасОкт-1п
4	
54 010	
270	
270,5	
270	
270,5	
270
VSYDP	
ВыбСудЗ ап
6	
45 140	
4 100	
4 060	
4 060	
4 140	
4 120
RKKE	
ЭнергияРКК
8	
44 750	
4 970	
4 940	
4 940	
4 990	
4 960
IGSTP	
Ижсталь ап
19	
42 970	
693	
696	
689	
697	
697
RDRB	
РДБанк ао
14	
41 700	
260	
265	
255	
265	
260
ROSB	
Росбанк ао
12	
32 828	
71,4	
70,8	
70,6	
71,6	
71,6
TGKDP	
Квадра-п
20	
29 383	
0,00408	
0,004015	
0,004015	
0,00415	
0,004085
MRKK	
Россети СК
27	
28 329	
26,24	
26,7	
26,1	
26,72	
26,4
DZRDP	
iДонскЗР п
15	
27 050	
1 590	
1 600	
1 580	
1 610	
1 590
SAREP	
СаратЭн-ап
13	
23 686	
0,0948	
0,095	
0,0942	
0,0952	
0,0942
IGST	
Ижсталь2ао
10	
23 352	
865	
874	
862	
874	
862
TNSE	
ТНСэнрг ао
16	
17 595	
980	
970	
970	
990	
990
MFGS	
Мегион-ао
4	
17 340	
347	
344	
343	
349	
349
UKUZ	
ЮжКузб. ао
11	
16 744	
524	
528	
520	
528	
524
KMEZ	
КМЗ
23	
16 344	
454	
453,5	
452	
457,5	
452
ARSA	
Арсагера
3	
12 860	
3,22	
3,21	
3,21	
3,22	
3,22
NNSB	
ТНСэнНН ао
5	
11 445	
1 270	
1 270	
1 270	
1 285	
1 270
YRSB	
ТНСэнЯр
3	
10 000	
168	
164	
164	
170	
170
RUSI	
ИКРУСС-ИНВ
2	
7 490	
37,5	
37,5	
37,4	
37,5	
37,4
CHGZ	
РН-ЗапСиб
2	
6 960	
34,8	
34,8	
34,8	
34,8	
34,8
NNSBP	
ТНСэнНН ап
3	
1 650	
550	
545	
545	
555	
550
GAZC	
ГАЗКОН-ао
0	
0	
-	
-	
-	
-	
295
GTSS	
ГЕОТЕК ао
0	
0	
-	
-	
-	
-	
-
KBSB	
ТНСэКубань
0	
0	
-	
-	
-	
-	
134
TRFM	
ТрансФ ао
0	
0	
-	
-	
-	
-	
-
KMTZ	
КосогМЗ ао
0	
0	
-	
-	
-	
-	
-
KZMS	
КЗМС ао
0	
0	
-	
-	
-	
-	
226
VZRZ	
Возрожд-ао
0	
0	
-	
-	
-	
-	
480
GAZS	
ГАЗ-сервис
0	
0	
-	
-	
-	
-	
293
HIMC	
Химпром ао
0	
0	
-	
-	
-	
-	
0,99
URKA	
Уркалий-ао
0	
0	
-	
-	
-	
-	
119,04
YRSBP	
ТНСэнЯр-п
0	
0	
-	
-	
-	
-	
86
GAZT	
ГАЗ-Тек ао
0	
0	
-	
-	
-	
-	
85
KSGR	
Кокс ао
0	
0	
-	
-	
-	
-	
-
MFON	
МегаФон ао
0	
0	
-	
-	
-	
-	
650,6
MORI	
Морион ао
0	
0	
-	
-	
-	
-	
4,31
BISV	
БашИнСв ао
0	
0	
-	
-	
-	
-	
8,7
KRKO	
ТКЗКК ао
0	
0	
-	
-	
-	
-	
11,8
KUNF	
КУЗОЦМ ао
0	
0	
-	
-	
-	
-	
-
NPOF	
Физика ао
0	
0	
-	
-	
-	
-	
11 850