LKOH	
ЛУКОЙЛ
48 001	
9 326 580 262	
5 119,5	
5 034	
5 022	
5 193	
5 188,5
SBER	
Сбербанк
52 559	
9 005 920 588	
217,82	
215,89	
215,63	
219,18	
218,88
PLZL	
Полюс
47 813	
6 517 101 138	
16 580,5	
16 689	
16 215	
17 094,5	
16 394
GMKN	
ГМКНорНик
30 359	
6 134 550 206	
19 734	
19 618	
19 402	
19 932	
19 798
GAZP	
ГАЗПРОМ ао
53 235	
5 146 006 464	
184,4	
184,5	
183,42	
185,35	
184,44
MGNT	
Магнит ао
33 370	
3 818 200 283	
4 683,5	
4 760,5	
4 600	
4 788	
4 670
IRAO	
ИнтерРАОао
33 334	
2 693 868 095	
5,786	
5,74	
5,6	
5,949	
5,7505
YNDX	
Yandex clA
26 957	
2 271 949 023	
4 170,4	
4 131	
4 121,6	
4 222	
4 180
ALRS	
АЛРОСА ао
29 925	
1 996 422 898	
66,6	
65,73	
65,65	
67,6	
66,02
ROSN	
Роснефть
14 368	
1 963 090 192	
358	
356	
355,45	
360,4	
360
POLY	
Polymetal
26 974	
1 944 326 249	
1 811,2	
1 798,8	
1 783,9	
1 832,3	
1 799
VTBR	
ВТБ ао
35 127	
1 572 952 453	
0,03895	
0,03882	
0,0385	
0,039295	
0,03916
MTSS	
МТС-ао
17 484	
1 454 277 947	
328,6	
326,7	
325,75	
330,3	
328,9
AFLT	
Аэрофлот
30 485	
1 372 682 433	
83,58	
83,46	
82,1	
84,36	
83,56
POGR	
Petropavl
20 160	
1 261 197 425	
39,26	
38,745	
38	
40,4	
40,11
SNGSP	
Сургнфгз-п
22 537	
1 255 542 539	
37,23	
36,81	
36,655	
37,545	
37,2
HYDR	
РусГидро
26 631	
1 213 613 620	
0,7636	
0,746	
0,7422	
0,7777	
0,7718
SBERP	
Сбербанк-п
21 987	
1 151 741 234	
202,12	
200,57	
200,18	
203	
203
SNGS	
Сургнфгз
19 861	
1 133 992 230	
37,26	
37,215	
36,98	
37,62	
37,43
TATN	
Татнфт 3ао
13 251	
1 081 253 799	
559,5	
557,5	
555,6	
564,8	
562
NVTK	
Новатэк ао
9 300	
909 021 012	
1 084	
1 080,6	
1 077,8	
1 092,2	
1 089,6
FEES	
ФСК ЕЭС ао
18 096	
889 668 190	
0,20196	
0,19554	
0,19554	
0,2047	
0,2032
CHMF	
СевСт-ао
14 690	
804 780 861	
923,4	
920	
915,6	
928,6	
925
NLMK	
НЛМК ао
11 529	
788 843 741	
145,96	
146,52	
144,5	
147,84	
147,16
MAGN	
ММК
10 389	
778 572 572	
39,64	
40,25	
39,31	
40,25	
39,9
LNTA	
Лента др
31 230	
701 864 149	
228,6	
219,5	
217,3	
234,7	
231
MOEX	
МосБиржа
13 297	
699 630 089	
133,15	
131,8	
131,6	
134,01	
133,92
MAIL	
MAIL-гдр
16 777	
521 464 519	
2 008,4	
2 020,6	
1 985	
2 021,6	
2 005,8
FIVE	
FIVE-гдр
6 841	
494 672 622	
2 820,5	
2 870	
2 794,5	
2 870	
2 839,5
RUAL	
РУСАЛ ао
17 846	
494 418 597	
28,165	
27,88	
27,4	
28,68	
28,2
AFKS	
Система ао
7 854	
390 413 989	
19,349	
19,15	
19,033	
19,565	
19,283
TCSG	
TCS-гдр
11 258	
341 348 624	
1 819,4	
1 808	
1 794	
1 844	
1 818
RSTI	
Россети ао
5 784	
337 098 110	
1,6117	
1,59	
1,5852	
1,6278	
1,6112
TRNFP	
Транснф ап
941	
335 512 550	
135 000	
134 250	
134 250	
135 300	
135 250
CBOM	
МКБ ао
7 130	
323 394 583	
5,898	
5,895	
5,837	
5,933	
5,921
RTKM	
Ростел -ао
7 448	
290 419 453	
91,3	
90,8	
90	
91,91	
91,24
SIBN	
Газпрнефть
4 560	
282 002 710	
325,25	
323,6	
322,6	
326,6	
325,5
PHOR	
ФосАгро ао
4 184	
261 834 712	
2 668	
2 652	
2 629	
2 696	
2 696
OGKB	
ОГК-2 ао
7 864	
208 678 624	
0,7395	
0,7192	
0,7192	
0,752	
0,7439
TATNP	
Татнфт 3ап
5 052	
191 450 283	
540,4	
536,5	
536,4	
542,1	
539,9
UNKL	
ЮУНК ао
7 754	
186 309 090	
10 070	
9 000	
9 000	
10 980	
9 930
UPRO	
Юнипро ао
3 803	
180 801 796	
2,825	
2,79	
2,783	
2,847	
2,811
LNZL	
Лензолото
3 906	
169 918 830	
18 970	
19 500	
17 870	
20 000	
18 300
DSKY	
ДетскийМир
4 566	
122 272 131	
115,44	
115,2	
114,92	
116,4	
115,4
NMTP	
НМТП ао
9 839	
121 070 745	
9,34	
9,5	
9,165	
9,535	
9,35
AQUA	
РусАква ао
5 603	
118 934 405	
209	
193	
192,5	
219	
215,5
PIKK	
ПИК ао
2 238	
110 277 898	
490,8	
481,2	
480,5	
499,5	
498,6
AGRO	
AGRO-гдр
5 043	
106 017 401	
734,4	
721	
721	
745,8	
731,6
MVID	
М.видео
3 092	
100 531 090	
438,5	
436,9	
433,3	
444,3	
435,2
SELG	
Селигдар
4 574	
92 799 356	
39,98	
39,32	
39	
41	
39,42
CNTL	
Телеграф
3 367	
83 460 275	
28,55	
29,1	
27,8	
29,9	
28,6
CNTLP	
Телеграф-п
3 941	
81 309 732	
28,58	
29,76	
27,9	
29,86	
28,6
QIWI	
iQIWI
2 946	
72 030 443	
1 357	
1 330,5	
1 321,5	
1 387	
1 370
LSRG	
ЛСР ао
3 543	
69 145 768	
742,6	
743,4	
737,4	
747	
741,6
MSNG	
+МосЭнерго
1 841	
62 106 487	
2,1695	
2,131	
2,131	
2,1915	
2,1605
RASP	
Распадская
1 137	
56 081 470	
107,64	
108,08	
106,82	
108,54	
106,82
ENPG	
ЭН+ГРУП ао
825	
50 116 171	
741,5	
754,5	
733	
755	
744
ENRU	
ЭнелРос ао
3 183	
49 934 834	
0,9485	
0,938	
0,927	
0,9575	
0,9515
RUGR	
Русгрэйн
17 200	
49 268 020	
10,108	
11,38	
9,53	
11,396	
9,67
TRMK	
ТМК ао
1 351	
48 269 150	
58,44	
58,8	
58	
59,2	
58,4
RKKE	
ЭнергияРКК
3 022	
47 844 750	
7 100	
5 660	
5 400	
7 900	
7 900
RSTIP	
Россети ап
1 160	
43 261 892	
2,123	
2,099	
2,08	
2,144	
2,127
RTKMP	
Ростел -ап
3 382	
38 936 555	
85,65	
86	
85	
86,15	
86
MTLR	
Мечел ао
3 899	
38 610 326	
66,75	
66,6	
66,09	
67,25	
66,95
PAZA	
ПавлАвт ао
2 163	
37 599 350	
9 580	
8 410	
8 410	
10 610	
8 850
SFIN	
САФМАР ао
128	
36 572 398	
518,6	
519	
518	
519,2	
519
LSNGP	
РСетиЛЭ-п
1 268	
36 331 406	
151,1	
150,1	
150	
151,8	
150,95
IGSTP	
Ижсталь ап
5 440	
36 243 731	
1 100	
885	
865	
1 206	
1 101
MRKP	
МРСК ЦП
1 238	
31 781 928	
0,2145	
0,2185	
0,2112	
0,2185	
0,2161
BANEP	
Башнефт ап
1 842	
31 221 935	
1 350,5	
1 348	
1 345,5	
1 354	
1 350,5
BRZL	
БурЗолото
3 120	
28 833 719	
1 216	
1 250	
1 153	
1 320	
1 176
ROLO	
Русолово
1 861	
27 173 912	
5,766	
5,45	
5,434	
5,994	
5,65
TGKA	
ТГК-1
1 684	
25 913 310	
0,012146	
0,012132	
0,012068	
0,01219	
0,01216
ETLN	
ETLN-гдр
1 916	
25 069 963	
111,52	
112	
110,82	
112,3	
112
IGST	
Ижсталь2ао
3 099	
23 301 606	
1 239	
1 083	
1 083	
1 390	
1 217
MTLRP	
Мечел ап
959	
22 063 959	
86,55	
87,2	
85,7	
87,3	
86,05
LNZLP	
Лензол. ап
1 375	
20 291 075	
5 665	
6 070	
5 135	
6 195	
5 535
OBUV	
ОР ао
1 823	
19 161 528	
35	
34,5	
34,2	
35,5	
35
NKNCP	
НКНХ ап
1 697	
16 570 523	
79,58	
79,38	
78,7	
79,9	
79,56
YAKG	
ЯТЭК ао
140	
16 219 800	
42,55	
42,1	
41,75	
43,85	
42,7
BANE	
Башнефт ао
1 168	
15 410 022	
1 734,5	
1 729,5	
1 725	
1 747,5	
1 739
AKRN	
Акрон
616	
15 244 812	
5 706	
5 710	
5 666	
5 730	
5 730
NAUK	
iНПОНаука
1 642	
15 176 492	
202,8	
181	
180	
219,6	
196,2
BSPB	
БСП ао
1 433	
13 247 828	
42,92	
42,99	
42,69	
43,19	
43
LIFE	
iФармсинтз
984	
12 006 067	
7,615	
7,8	
7,555	
7,8	
7,66
KMAZ	
КАМАЗ
1 501	
11 886 959	
59,5	
57,7	
57,5	
60,6	
60
TGKD	
Квадра
1 427	
11 499 365	
0,00331	
0,003095	
0,00309	
0,003445	
0,003445
VSMO	
ВСМПО-АВСМ
251	
9 637 200	
18 360	
18 360	
18 300	
18 500	
18 320
SELGP	
Селигдар-п
538	
8 814 450	
28,55	
28,95	
27,7	
29	
28,4
KRKNP	
СаратНПЗ-п
196	
7 847 700	
16 220	
16 220	
16 160	
16 280	
16 180
AMEZ	
АшинскийМЗ
1 171	
7 581 892	
4,25	
4,13	
4,105	
4,38	
4,265
MRKV	
РсетВол ао
572	
5 412 963	
0,0739	
0,0735	
0,073	
0,07435	
0,07345
MGTSP	
МГТС-4ап
386	
5 316 592	
1 974	
1 972	
1 964	
1 986	
1 976
NKNC	
НКНХ ао
611	
5 292 260	
92,35	
92,2	
92	
93	
92,9
CHMK	
ЧМК ао
403	
5 288 960	
2 705	
2 660	
2 645	
2 795	
2 680
TGKB	
ТГК-2
376	
5 287 065	
0,00417	
0,00413	
0,00409	
0,00422	
0,004185
RNFT	
РуссНфт ао
1 667	
5 273 968	
510,6	
506,2	
506,2	
513,4	
513,4
RBCM	
РБК ао
1 061	
5 165 374	
3,516	
3,542	
3,402	
3,678	
3,428
MSRS	
РСетиМР ао
347	
5 133 877	
1,2055	
1,1905	
1,1785	
1,217	
1,2125
GCHE	
ЧеркизГ-ао
645	
5 093 198	
1 772	
1 775,5	
1 761,5	
1 790	
1 765
TGKDP	
Квадра-п
1 255	
4 761 900	
0,004155	
0,00383	
0,003825	
0,004445	
0,00418
ISKJ	
iИСКЧ ао
410	
4 700 586	
25,98	
26,12	
25,5	
26,33	
26,19
BELU	
Белуга ао
448	
4 470 431	
1 332	
1 336	
1 324	
1 347	
1 328
BLNG	
Белон ао
730	
4 149 060	
4,72	
4,572	
4,498	
4,88	
4,758
SLEN	
Сахэнер ао
268	
4 120 627	
5,85	
5,63	
5,48	
6,19	
6
HALS	
Галс-Девел
490	
4 105 563	
1 111	
1 035	
1 035	
1 192	
1 090
FESH	
ДВМП ао
479	
3 915 072	
7,78	
7,67	
7,67	
7,87	
7,77
INGR	
ИНГРАД ао
160	
3 639 386	
741	
736	
734	
743	
742
RTSB	
ТНСэнРст
76	
3 630 350	
0,42	
0,405	
0,4	
0,425	
0,405
MRKC	
МРСК Центр
458	
3 166 226	
0,2954	
0,2942	
0,292	
0,2968	
0,2952
APTK	
Аптеки36и6
1 865	
2 932 675	
13,526	
13,5	
13,498	
13,594	
13,518
KZOS	
ОргСинт ао
364	
2 712 535	
86,4	
86	
86	
86,8	
86,1
IRKT	
ИРКУТ-3
259	
2 642 562	
36	
36,26	
35,74	
36,42	
35,8
MAGEP	
МагадЭн ап
158	
2 547 985	
7,65	
7,445	
6,73	
8,15	
7,72
DIOD	
ЗаводДИОД
326	
2 229 972	
6,55	
6,49	
6,37	
6,66	
6,53
MSTT	
Мостотрест
143	
2 085 848	
156,7	
156	
155,05	
158,5	
157,15
MAGE	
МагадЭн ао
109	
1 995 570	
6,79	
6,9	
6,7	
6,98	
6,87
UNAC	
iАвиастКао
335	
1 957 131	
0,489	
0,484	
0,482	
0,505	
0,4865
TGKN	
ТГК-14
120	
1 941 120	
0,00309	
0,00307	
0,00306	
0,00311	
0,00311
VGSB	
ВолгЭнСб
292	
1 678 365	
1,795	
1,675	
1,67	
1,95	
1,705
RTGZ	
ГазпРнД ао
40	
1 640 050	
25 650	
23 650	
23 650	
26 650	
25 000
CHEP	
ЧТПЗ ао
165	
1 444 340	
209,5	
211	
208	
212	
209,5
EELT	
ЕвроЭлтех
327	
1 429 225	
8,44	
8,5	
8,24	
8,64	
8,54
VGSBP	
ВолгЭнСб-п
360	
1 381 075	
1,26	
1,135	
1,135	
1,39	
1,225
USBN	
УралСиб ао
140	
1 359 188	
0,0689	
0,0693	
0,0678	
0,0694	
0,0692
MRKZ	
МРСК СЗ
154	
1 346 784	
0,0514	
0,0515	
0,05045	
0,05195	
0,0514
RGSS	
РГС СК ао
171	
1 338 140	
0,15	
0,1492	
0,149	
0,1508	
0,1506
VLHZ	
ВХЗ-ао
264	
1 330 990	
54,15	
54,9	
53	
55,35	
53,25
KRKN	
СаратНПЗ
58	
1 317 850	
13 200	
12 800	
12 700	
13 750	
12 950
LSNG	
РСетиЛЭ
235	
1 285 182	
6,08	
6,14	
6,01	
6,14	
6,08
RZSB	
РязЭнСб
95	
1 279 060	
9,28	
9,24	
9,22	
9,34	
9,22
GTRK	
ГТМ ао
197	
1 135 121	
42,9	
42,65	
42,55	
43,35	
43,1
STSBP	
СтаврЭнСбп
189	
1 041 776	
0,3645	
0,365	
0,3605	
0,367	
0,3625
SVAV	
СОЛЛЕРС
98	
1 041 660	
272,5	
273,5	
272	
274,5	
272
GEMA	
iММЦБ ао
224	
1 035 904	
596	
598	
590	
600	
599,5
UWGN	
ОВК ао
93	
1 006 337	
237,3	
238,9	
234,6	
238,9	
237,7
MRSB	
МордЭнСб
110	
990 470	
0,354	
0,347	
0,342	
0,369	
0,354
RLMN	
Роллман
209	
964 121	
19,25	
19,7	
19	
19,95	
19,15
TNSE	
ТНСэнрг ао
81	
942 015	
995	
965	
965	
1 035	
1 005
IRGZ	
ИркЭнерго
101	
905 076	
11,62	
11,56	
11,56	
11,7	
11,56
HIMCP	
Химпром ап
86	
877 074	
6,12	
6,13	
6,05	
6,17	
6,08
KOGK	
КоршГОК ао
17	
848 000	
49 800	
50 400	
49 200	
50 400	
50 000
TTLK	
Таттел. ао
92	
845 620	
0,2885	
0,289	
0,2875	
0,29	
0,2875
DVEC	
ДЭК ао
117	
843 602	
1,041	
1,048	
1,033	
1,052	
1,039
KUZB	
КузнецкийБ
459	
836 042	
0,01518	
0,01528	
0,015	
0,01555	
0,0153
RUSP	
Русполимет
54	
786 570	
0,6245	
0,6295	
0,62	
0,63	
0,6205
KLSB	
КалужскСК
193	
784 563	
11,64	
11,61	
11,5	
11,76	
11,73
MRKU	
МРСК Ур
88	
768 464	
0,1552	
0,1556	
0,1548	
0,156	
0,1558
KRSB	
Красэсб ао
37	
758 780	
6,6	
6,51	
6,51	
6,7	
6,68
KROT	
КрасОкт-ао
98	
732 655	
383,5	
382,5	
380,5	
395	
381
KZOSP	
ОргСинт ап
408	
729 361	
11,94	
12	
11,9	
12,11	
11,93
URKZ	
УрКузница
30	
673 100	
16 820	
17 300	
16 520	
17 300	
16 740
TGKBP	
ТГК-2 ап
55	
642 260	
0,00713	
0,00712	
0,00701	
0,0072	
0,00713
ALNU	
АЛРОСА-Нюр
11	
597 200	
54 200	
54 400	
54 200	
54 400	
54 400
ZILL	
ЗИЛ ао
43	
571 850	
2 635	
2 645	
2 625	
2 655	
2 655
WTCM	
ЦМТ ао
124	
556 808	
8,68	
8,82	
8,22	
8,98	
8,9
ABRD	
АбрауДюрсо
112	
542 030	
130	
129	
129	
130,5	
130
UKUZ	
ЮжКузб. ао
98	
530 424	
556	
538	
538	
574	
560
NKHP	
НКХП ао
47	
499 305	
230	
231	
229,5	
231	
230,5
MISB	
ТНСэнМарЭл
53	
498 780	
13,1	
13,3	
13	
13,4	
13,2
NSVZ	
НаукаСвяз
102	
493 320	
218,5	
216,5	
215	
220	
219
NFAZ	
Нефтекамск
27	
492 624	
164,8	
163,2	
158,8	
165,8	
165
PMSBP	
ПермьЭнС-п
103	
470 378	
130	
128,8	
128,8	
130,4	
130,2
MFGSP	
Мегион-ап
7	
452 665	
321	
321	
321	
323,5	
323,5
MISBP	
ТНСэМаЭл-п
72	
442 880	
13,4	
13	
12,8	
13,6	
13,6
STSB	
СтаврЭнСб
154	
437 795	
0,421	
0,399	
0,396	
0,459	
0,4235
ELTZ	
Электрцинк
230	
416 209	
172,5	
178	
166	
178	
169,5
UTAR	
ЮТэйр ао
92	
405 201	
7,13	
7,17	
7,11	
7,18	
7,13
KAZT	
Куйбазот
48	
402 552	
144,8	
145,4	
143,4	
145,8	
145,8
RDRB	
РДБанк ао
57	
395 500	
245	
240	
240	
245	
240
KBSB	
ТНСэКубань
45	
390 545	
138,5	
138	
137,5	
139	
139
MRKY	
РоссЮг ао
110	
387 449	
0,0503	
0,0501	
0,0501	
0,0508	
0,05035
TORS	
ТРК ао
48	
368 430	
0,423	
0,418	
0,41	
0,44	
0,425
JNOS	
Славн-ЯНОС
36	
367 670	
18,95	
18,55	
18,55	
19,65	
18,9
RTSBP	
ТНСэнРст-п
58	
365 760	
0,313	
0,302	
0,297	
0,322	
0,308
YKEN	
Якутскэнрг
18	
339 850	
0,3505	
0,3485	
0,3465	
0,352	
0,351
PRMB	
Приморье
13	
311 400	
22 200	
21 800	
21 600	
22 600	
22 600
VSYDP	
ВыбСудЗ ап
46	
310 480	
4 080	
4 180	
4 020	
4 200	
4 060
KRSBP	
Красэсб ап
32	
302 480	
6,72	
6,7	
6,62	
6,8	
6,78
MGNZ	
СМЗ-ао
40	
296 360	
4 860	
4 950	
4 830	
4 950	
4 900
GAZAP	
ГАЗ ап
73	
287 735	
306	
305,5	
303	
309,5	
307,5
KRKOP	
ТКЗКК ап
150	
281 521	
7,145	
7,05	
7,05	
7,23	
7,15
TUZA	
ТЗА ао
43	
267 180	
92	
93	
90	
93	
93
PMSB	
ПермьЭнСб
56	
231 003	
129,8	
129,4	
128,7	
130,7	
129,7
MRKS	
РсетСиб ао
31	
220 525	
0,2425	
0,243	
0,241	
0,244	
0,2435
MGTS	
МГТС-5ао
35	
204 900	
2 275	
2 280	
2 250	
2 285	
2 280
VZRZP	
Возрожд-п
34	
204 384	
346,4	
356,6	
341,2	
357	
347,8
RUSI	
ИКРУСС-ИНВ
12	
198 740	
40,6	
41,9	
40,5	
41,9	
41
RAVN	
Raven
15	
192 175	
31	
30,6	
30,55	
31,2	
31,15
VRSB	
ТНСэнВорон
18	
174 840	
54,6	
55,4	
53	
55,6	
54,8
YKENP	
Якутскэн-п
28	
169 250	
0,332	
0,3285	
0,324	
0,338	
0,3375
DZRD	
iДонскЗР
70	
165 180	
2 015	
2 010	
1 990	
2 060	
2 005
LPSB	
ЛЭСК ао
45	
149 885	
7,7	
7,7	
7,6	
7,8	
7,75
GAZA	
ГАЗ ао
21	
145 525	
393,5	
386	
386	
396,5	
392,5
BISVP	
БашИнСв ап
41	
144 551	
8,26	
8,37	
8,24	
8,37	
8,27
VJGZP	
Варьеган-п
13	
139 080	
348	
345	
345	
358	
345
KMEZ	
КМЗ
32	
136 656	
493,5	
493,5	
490	
496	
492
KCHE	
КамчатЭ ао
17	
131 395	
0,202	
0,203	
0,1995	
0,205	
0,205
ASSB	
АстрЭнСб
73	
130 395	
0,7365	
0,7315	
0,73	
0,745	
0,7395
TORSP	
ТРК ап
16	
116 565	
0,271	
0,27	
0,27	
0,2725	
0,2725
ROST	
РОСИНТЕРао
42	
116 244	
61,6	
61,4	
60,8	
62,2	
61,6
MFGS	
Мегион-ао
12	
111 090	
370,5	
369	
369	
372	
371,5
NKSH	
Нижкамшина
16	
109 730	
22,4	
22,5	
22,18	
22,5	
22,48
VRSBP	
ТНСэнВор-п
17	
108 850	
47,5	
47	
46,5	
48	
47,5
TASBP	
ТамбЭнСб-п
26	
108 260	
0,328	
0,3295	
0,3245	
0,33	
0,33
AVAN	
Авангрд-ао
41	
105 150	
715	
705	
695	
740	
720
VSYD	
ВыбСудЗ ао
20	
103 730	
3 990	
3 930	
3 930	
4 080	
3 955
KROTP	
КрасОкт-1п
22	
99 805	
277	
277,5	
274,5	
281	
279
JNOSP	
Слав-ЯНОСп
27	
96 866	
14,46	
14,08	
14,08	
14,54	
14,52
CHKZ	
ЧКПЗ ао
13	
92 260	
5 420	
5 340	
5 340	
5 580	
5 520
CHGZ	
РН-ЗапСиб
8	
91 180	
35,2	
34,8	
34,8	
35,6	
35,2
WTCMP	
ЦМТ ап
31	
87 760	
8,36	
8,36	
8,2	
8,38	
8,38
ZVEZ	
ЗВЕЗДА ао
12	
82 450	
4,58	
4,575	
4,55	
4,6	
4,55
MRKK	
Россети СК
53	
80 693	
26,2	
25,84	
25,84	
26,4	
26,4
KBTK	
КузбТК ао
28	
78 228	
153,4	
152	
152	
154,6	
153,2
ALBK	
БестЭфБ ао
13	
70 050	
52,5	
52,5	
51,5	
52,5	
52,5
KUBE	
Кубанэнр
32	
66 750	
68,8	
68,8	
67,8	
69,1	
69
OMZZP	
ОМЗ-ап
14	
59 600	
3 505	
3 490	
3 475	
3 515	
3 510
KGKCP	
КурганГКап
16	
59 025	
53,5	
54	
53	
54	
53,5
VJGZ	
Варьеган
15	
52 469	
583	
576	
576	
590	
578
TASB	
ТамбЭнСб
9	
47 815	
0,4345	
0,422	
0,422	
0,4395	
0,435
RLMNP	
Роллман-п
28	
45 196	
20	
20,04	
19,72	
20,1	
20
UCSS	
ОКС ао
15	
43 560	
1 450	
1 460	
1 440	
1 460	
1 460
SARE	
СаратЭн-ао
11	
43 022	
0,1196	
0,1192	
0,119	
0,1198	
0,1198
SAGO	
СамарЭн-ао
8	
41 260	
0,458	
0,462	
0,454	
0,462	
0,454
LVHK	
Левенгук
23	
36 683	
7,97	
8,03	
7,93	
8,03	
7,98
KAZTP	
Куйбазот-п
16	
35 290	
147	
145,6	
145,6	
148,4	
148,4
KCHEP	
КамчатЭ ап
7	
34 850	
0,349	
0,347	
0,347	
0,355	
0,347
ARSA	
Арсагера
7	
28 270	
3,53	
3,48	
3,48	
3,6	
3,6
ROSB	
Росбанк ао
13	
19 034	
70,6	
70	
70	
70,8	
70,6
NNSB	
ТНСэнНН ао
6	
18 570	
1 325	
1 320	
1 305	
1 330	
1 305
SAGOP	
СамарЭн-ап
4	
16 270	
0,407	
0,407	
0,405	
0,408	
0,405
YRSBP	
ТНСэнЯр-п
9	
15 985	
89	
90	
86,5	
90	
88,5
SAREP	
СаратЭн-ап
9	
15 690	
0,0924	
0,0922	
0,0914	
0,093	
0,093
KTSBP	
КСБ ап
3	
12 665	
0,2535	
0,2535	
0,252	
0,257	
0,257
KTSB	
КСБ ао
11	
10 290	
0,606	
0,61	
0,6	
0,61	
0,608
DZRDP	
iДонскЗР п
5	
9 480	
1 580	
1 590	
1 570	
1 590	
1 570
KGKC	
КурганГКао
8	
8 510	
53	
54	
53	
54	
53
YRSB	
ТНСэнЯр
1	
6 800	
170	
170	
170	
170	
170
NNSBP	
ТНСэнНН ап
5	
3 549	
592	
594	
579	
594	
579
KUNF	
КУЗОЦМ ао
0	
0	
-	
-	
-	
-	
-
PRTK	
ПРОТЕК ао
0	
0	
-	
-	
-	
-	
99,6
GAZC	
ГАЗКОН-ао
0	
0	
-	
-	
-	
-	
295
GTSS	
ГЕОТЕК ао
0	
0	
-	
-	
-	
-	
-
NPOF	
Физика ао
0	
0	
-	
-	
-	
-	
11 850
TRCN	
ТрансК ао
0	
0	
-	
-	
-	
-	
8 595
KMTZ	
КосогМЗ ао
0	
0	
-	
-	
-	
-	
-
KZMS	
КЗМС ао
0	
0	
-	
-	
-	
-	
226
TRFM	
ТрансФ ао
0	
0	
-	
-	
-	
-	
-
GAZS	
ГАЗ-сервис
0	
0	
-	
-	
-	
-	
293
HIMC	
Химпром ао
0	
0	
-	
-	
-	
-	
0,99
GAZT	
ГАЗ-Тек ао
0	
0	
-	
-	
-	
-	
85
KSGR	
Кокс ао
0	
0	
-	
-	
-	
-	
-
MOBB	
МосОблБанк
0	
0	
-	
-	
-	
-	
0,698
URKA	
Уркалий-ао
0	
0	
-	
-	
-	
-	
119,04
VZRZ	
Возрожд-ао
0	
0	
-	
-	
-	
-	
480
BISV	
БашИнСв ао
0	
0	
-	
-	
-	
-	
8,7
MFON	
МегаФон ао
0	
0	
-	
-	
-	
-	
650,6
KRKO	
ТКЗКК ао
0	
0	
-	
-	
-	
-	
11,8
MORI	
Морион ао
0	
0	
-	
-	
-	
-	
4,31