SBER	
Сбербанк
102 111	
18 784 577 809	
205,28	
206,5	
203,64	
207,33	
204,5
GAZP	
ГАЗПРОМ ао
79 344	
8 216 605 248	
155,67	
155,01	
154,2	
157,3	
155,52
LKOH	
ЛУКОЙЛ
46 661	
5 558 009 435	
4 039,5	
4 035,5	
3 996	
4 080	
4 048,5
GMKN	
ГМКНорНик
26 349	
4 754 080 832	
18 762	
18 700	
18 486	
19 082	
18 950
YNDX	
Yandex clA
41 275	
4 594 748 007	
4 616,2	
4 600	
4 584,4	
4 655	
4 602
ROSN	
Роснефть
27 429	
2 811 888 456	
350,8	
353,1	
345	
354,2	
351,8
MGNT	
Магнит ао
29 898	
2 811 622 064	
4 657	
4 710	
4 581	
4 742	
4 670,5
TATN	
Татнфт 3ао
45 151	
2 596 953 227	
402,8	
404,8	
395,5	
409,9	
404,9
PLZL	
Полюс
19 796	
2 155 394 254	
15 683,5	
16 000	
15 421	
16 279	
15 525
MOEX	
МосБиржа
23 817	
2 035 436 095	
139,34	
139,88	
137,2	
141,2	
139,68
POLY	
Polymetal
21 511	
1 758 723 171	
1 698,1	
1 717,8	
1 676	
1 730	
1 686,2
SNGSP	
Сургнфгз-п
34 869	
1 743 603 148	
37,15	
37,42	
36,92	
37,455	
37
ALRS	
АЛРОСА ао
32 120	
1 669 221 039	
70,82	
70,88	
69,23	
72,2	
71,8
SNGS	
Сургнфгз
31 890	
1 627 143 000	
32,81	
32,33	
32,125	
33,67	
33,27
NVTK	
Новатэк ао
21 773	
1 593 298 891	
982,4	
990	
972	
1 002	
990,6
AFKS	
Система ао
25 415	
1 575 849 346	
25,401	
24,845	
24,718	
25,789	
25,61
AFLT	
Аэрофлот
40 831	
1 474 845 459	
55,58	
55,16	
54,5	
57,44	
56,2
IRAO	
ИнтерРАОао
16 480	
1 307 233 471	
5,0535	
5	
4,955	
5,135	
5,103
VTBR	
ВТБ ао
43 201	
1 278 638 819	
0,03255	
0,03237	
0,03205	
0,0331	
0,0327
MTSS	
МТС-ао
21 062	
1 253 980 416	
311,45	
313,65	
308,2	
315,95	
312,25
SBERP	
Сбербанк-п
24 628	
1 188 761 465	
193,61	
193,73	
191,5	
196,5	
194,77
NLMK	
НЛМК ао
16 703	
1 077 022 174	
179,96	
179,44	
177,36	
182,5	
181,16
MAGN	
ММК
16 225	
959 303 499	
36,07	
35,92	
35,565	
36,625	
36,2
CHMF	
СевСт-ао
16 884	
942 472 266	
1 050,6	
1 042	
1 039	
1 060,8	
1 052
MAIL	
MAIL-гдр
17 935	
785 918 569	
2 123,4	
2 110,2	
2 099,8	
2 248,2	
2 119
FIVE	
FIVE-гдр
10 905	
566 549 027	
2 787	
2 838,5	
2 741	
2 838,5	
2 775
RSTI	
Россети ао
13 991	
557 033 257	
1,4088	
1,3815	
1,3599	
1,4487	
1,4444
TATNP	
Татнфт 3ап
17 850	
469 136 929	
388,7	
391	
383,4	
394,9	
393,1
TCSG	
TCS-гдр
18 413	
445 904 746	
1 899,8	
1 929,2	
1 851	
1 984,8	
1 902,8
HYDR	
РусГидро
12 879	
422 850 296	
0,7219	
0,7194	
0,7138	
0,7298	
0,725
FEES	
ФСК ЕЭС ао
9 802	
421 334 451	
0,18508	
0,18516	
0,182	
0,1893	
0,18788
CBOM	
МКБ ао
10 084	
367 641 873	
5,489	
5,469	
5,462	
5,525	
5,51
POGR	
Petropavl
8 346	
322 254 558	
27,525	
27,21	
26,755	
28,56	
28,22
DSKY	
ДетскийМир
13 390	
309 284 365	
110,88	
112,18	
109,4	
114,2	
111,36
SIBN	
Газпрнефть
5 227	
263 914 048	
273,6	
272,4	
271,15	
277,2	
273
SMLT	
Самолет ао
7 411	
201 748 750	
950,4	
969	
908	
1 053	
953
TRNFP	
Транснф ап
980	
197 164 300	
132 850	
134 500	
131 700	
134 600	
133 500
UPRO	
Юнипро ао
5 160	
195 826 448	
2,592	
2,61	
2,575	
2,627	
2,6
RUAL	
РУСАЛ ао
19 999	
190 301 198	
30,855	
30,8	
30,425	
31,55	
30,63
PHOR	
ФосАгро ао
4 456	
183 697 899	
2 818	
2 850	
2 792	
2 860	
2 802
RTKM	
Ростел -ао
8 045	
166 655 388	
92,44	
92,2	
91,41	
93,37	
93,03
GLTR	
GLTR-гдр
1 541	
115 996 916	
458,5	
462,5	
455	
463,5	
457,7
MTLR	
Мечел ао
9 968	
107 587 556	
54,87	
55,75	
54,21	
56,18	
54,9
LNTA	
Лента др
14 344	
105 419 813	
208,8	
209	
204,7	
216	
209,8
OGKB	
ОГК-2 ао
3 369	
87 287 419	
0,6819	
0,6811	
0,6758	
0,6883	
0,6825
MVID	
М.видео
2 079	
84 800 979	
676	
678,3	
667,2	
686	
685
LSRG	
ЛСР ао
5 710	
76 840 169	
881	
883	
871	
897,8	
893,8
FLOT	
Совкомфлот
4 039	
64 837 949	
97,89	
97,3	
97	
98,4	
97,89
AKRN	
Акрон
1 209	
64 340 732	
6 284	
6 186	
6 186	
6 344	
6 326
PIKK	
ПИК ао
2 055	
54 791 394	
567,3	
567,1	
562,5	
574,9	
569,4
ETLN	
ETLN-гдр
8 885	
48 868 451	
126,76	
127,48	
126,2	
127,96	
127,2
MSNG	
+МосЭнерго
2 161	
48 789 290	
1,985	
2,013	
1,9165	
2,019	
2,011
QIWI	
iQIWI
3 785	
47 689 708	
1 194	
1 152	
1 152	
1 220,5	
1 202
TGKA	
ТГК-1
2 081	
38 267 034	
0,010636	
0,01074	
0,010438	
0,01086	
0,01076
BANEP	
Башнефт ап
2 012	
36 239 782	
1 156	
1 160	
1 150	
1 169	
1 153
RASP	
Распадская
1 069	
33 750 838	
110,36	
112	
109,24	
115,28	
111
AGRO	
AGRO-гдр
2 673	
31 176 863	
732	
736,6	
723	
744	
733
ENRU	
ЭнелРос ао
1 856	
25 558 269	
0,8945	
0,896	
0,89	
0,9	
0,896
RTKMP	
Ростел -ап
1 937	
23 955 448	
82,7	
82,05	
82	
83,35	
82,9
MTLRP	
Мечел ап
1 765	
20 972 887	
62,75	
63	
60,95	
64,35	
63,1
BSPB	
БСП ао
3 467	
19 488 490	
43,11	
43,1	
42,82	
43,85	
43,36
TRMK	
ТМК ао
1 157	
16 698 677	
58,14	
58,08	
57,76	
59,56	
57,76
IRKT	
ИРКУТ-3
1 283	
16 437 212	
27,64	
29	
26,5	
29,94	
26,88
HHRU	
iHHRU-адр
250	
16 131 034	
1 819,2	
1 805	
1 797,2	
1 828	
1 818,8
OBUV	
ОР ао
2 346	
15 986 918	
28,85	
29,15	
28,15	
29,7	
29,2
NMTP	
НМТП ао
2 029	
15 843 459	
7,835	
7,77	
7,77	
7,905	
7,865
LSNGP	
РСетиЛЭ-п
1 190	
15 484 041	
145,3	
143,95	
143,25	
147,9	
146,1
ENPG	
ЭН+ГРУП ао
1 824	
14 572 337	
651	
639	
639	
660	
656,5
MRSB	
МордЭнСб
986	
14 527 140	
0,369	
0,39	
0,354	
0,413	
0,369
RSTIP	
Россети ап
943	
14 302 669	
1,934	
1,915	
1,901	
1,963	
1,961
BANE	
Башнефт ао
1 122	
13 460 549	
1 503,5	
1 510	
1 477	
1 537,5	
1 517
MRKP	
МРСК ЦП
693	
12 877 191	
0,2165	
0,214	
0,214	
0,2203	
0,2179
FESH	
ДВМП ао
881	
11 492 860	
9,13	
9,19	
8,95	
9,43	
9,28
SELG	
Селигдар
673	
10 092 729	
41,71	
41,69	
41,24	
42,88	
41,68
NKNCP	
НКНХ ап
1 484	
9 578 344	
72,86	
72,6	
71,74	
73,58	
73,38
MSRS	
РСетиМР ао
456	
8 597 034	
1,2125	
1,193	
1,186	
1,23	
1,2255
MRKV	
РсетВол ао
887	
8 380 507	
0,06665	
0,06725	
0,0651	
0,06775	
0,0675
INGR	
ИНГРАД ао
600	
7 991 627	
953	
955	
948	
958	
949
APTK	
Аптеки36и6
7 094	
7 921 712	
13,49	
13,614	
13,406	
13,742	
13,498
LNZL	
Лензолото
72	
6 091 780	
19 280	
19 280	
19 090	
19 350	
19 330
KMAZ	
КАМАЗ
988	
5 960 761	
57,6	
59,2	
56,5	
59,2	
58,6
SELGP	
Селигдар-п
324	
4 835 025	
36,4	
36,2	
35,95	
36,9	
36,7
AQUA	
РусАква ао
325	
4 492 705	
224,5	
222	
222	
227,5	
226
ISKJ	
iИСКЧ ао
486	
4 348 220	
27,06	
27,2	
26,51	
28	
27,08
MRKZ	
МРСК СЗ
379	
3 430 183	
0,0488	
0,0485	
0,048	
0,05	
0,0489
CNTLP	
Телеграф-п
535	
3 372 710	
12,76	
12,5	
12,48	
13,1	
13
VSMO	
ВСМПО-АВСМ
127	
3 072 160	
16 080	
16 140	
16 040	
16 180	
16 100
LIFE	
iФармсинтз
509	
3 045 395	
6,4	
6,305	
6,305	
6,51	
6,365
MRKC	
МРСК Центр
671	
2 834 447	
0,295	
0,2918	
0,2906	
0,2988	
0,2984
TNSE	
ТНСэнрг ао
63	
2 772 650	
1 020	
1 035	
1 005	
1 035	
1 020
KRKNP	
СаратНПЗ-п
119	
2 693 540	
14 560	
14 720	
14 500	
14 720	
14 580
GCHE	
ЧеркизГ-ао
446	
2 541 022	
1 799,5	
1 795	
1 793,5	
1 809,5	
1 808
SVAV	
СОЛЛЕРС
53	
2 216 180	
270,5	
269	
267,5	
271,5	
270
UNAC	
iАвиастКао
579	
2 077 632	
0,386	
0,3915	
0,38	
0,4	
0,389
TGKD	
Квадра
1 541	
2 003 183	
0,00367	
0,00371	
0,00363	
0,00374	
0,003695
MRKY	
РоссЮг ао
679	
1 838 381	
0,04445	
0,04475	
0,044	
0,04585	
0,04485
NKNC	
НКНХ ао
510	
1 772 849	
82,9	
83,2	
82,4	
83,4	
83,35
RUSP	
Русполимет
239	
1 673 232	
0,685	
0,714	
0,656	
0,714	
0,682
UNKL	
ЮУНК ао
118	
1 637 570	
6 040	
6 280	
5 980	
6 280	
6 090
GTRK	
ГТМ ао
984	
1 563 255	
37,85	
38,2	
37	
40,9	
38
AMEZ	
АшинскийМЗ
1 032	
1 540 342	
4,385	
4,41	
4,34	
4,505	
4,37
LSNG	
РСетиЛЭ
443	
1 345 908	
5,03	
5,07	
5,01	
5,12	
5,05
RLMN	
Роллман
609	
1 341 419	
12,95	
12,85	
12,5	
13,4	
13,3
MRKU	
МРСК Ур
151	
1 327 896	
0,1304	
0,1302	
0,1282	
0,1334	
0,1308
RUGR	
Русгрэйн
2 308	
1 308 419	
8,77	
8,624	
8,622	
8,954	
8,68
TGKB	
ТГК-2
134	
1 281 315	
0,003725	
0,00373	
0,00369	
0,003755	
0,003735
MSTT	
Мостотрест
238	
1 263 424	
108	
108,6	
107	
110	
107,4
CNTL	
Телеграф
169	
1 206 760	
15,2	
15,2	
15,05	
15,4	
15,35
MRKS	
РсетСиб ао
59	
1 180 010	
0,3005	
0,303	
0,2955	
0,303	
0,302
MGTSP	
МГТС-4ап
151	
1 018 622	
1 790	
1 796	
1 784	
1 804	
1 792
UWGN	
ОВК ао
1 102	
993 109	
171,2	
175	
170,1	
175	
172,5
KZOS	
ОргСинт ао
269	
972 163	
75,7	
75,1	
75,1	
78,2	
75,9
BLNG	
Белон ао
175	
882 309	
4,134	
4,29	
4,05	
4,29	
4,19
EELT	
ЕвроЭлтех
188	
854 019	
8,24	
8,58	
8	
8,58	
8,14
SFIN	
САФМАР ао
34	
846 668	
470,4	
462	
462	
479	
462,2
TTLK	
Таттел. ао
60	
844 375	
0,325	
0,322	
0,32	
0,33	
0,328
RBCM	
РБК ао
208	
843 916	
3,076	
3,112	
3,062	
3,144	
3,116
LNZLP	
Лензол. ап
114	
830 110	
3 990	
4 020	
3 975	
4 030	
3 995
YAKG	
ЯТЭК ао
25	
807 585	
49,55	
48,85	
48,85	
50	
49,5
ALNU	
АЛРОСА-Нюр
11	
791 000	
56 600	
56 000	
56 000	
56 600	
56 200
RNFT	
РуссНфт ао
565	
712 381	
290,6	
290	
281,2	
294,2	
292,6
YKENP	
Якутскэн-п
32	
698 080	
0,337	
0,3375	
0,3245	
0,35	
0,3425
BRZL	
БурЗолото
152	
678 725	
940	
943	
926	
969	
942
ABRD	
АбрауДюрсо
153	
674 025	
190	
192	
187,5	
192	
188
NFAZ	
Нефтекамск
69	
672 168	
205	
206,4	
203,4	
208,6	
206,8
BELU	
Белуга ао
247	
620 987	
1 199	
1 205	
1 192	
1 210	
1 207
ROSB	
Росбанк ао
229	
561 202	
75,8	
73,8	
73	
78,6	
76,6
KZOSP	
ОргСинт ап
1 454	
557 663	
10,51	
10,69	
10,4	
10,8	
10,54
USBN	
УралСиб ао
121	
499 454	
0,0623	
0,0637	
0,0613	
0,0662	
0,0625
NKHP	
НКХП ао
86	
496 015	
249	
251	
240	
255,5	
250
DIOD	
ЗаводДИОД
111	
466 675	
6,81	
6,97	
6,51	
6,97	
6,92
NSVZ	
НаукаСвяз
95	
462 610	
191	
190,5	
187,5	
195	
190
RKKE	
ЭнергияРКК
19	
429 510	
6 050	
6 030	
6 010	
6 090	
6 050
DVEC	
ДЭК ао
122	
428 669	
0,864	
0,866	
0,86	
0,878	
0,862
KGKC	
КурганГКао
83	
427 860	
51	
53	
45	
54,5	
54
KLSB	
КалужскСК
80	
426 696	
12,26	
12,32	
12,01	
12,59	
12,51
LVHK	
Левенгук
124	
424 941	
7,8	
8,05	
7,58	
8,13	
7,6
KBTK	
КузбТК ао
66	
419 854	
137,2	
138	
134,4	
140,4	
136
HIMCP	
Химпром ап
170	
400 877	
6,78	
6,83	
6,75	
6,85	
6,77
TGKN	
ТГК-14
68	
397 330	
0,0029	
0,00297	
0,00288	
0,00297	
0,0029
ZILL	
ЗИЛ ао
19	
389 945	
2 470	
2 510	
2 450	
2 510	
2 495
PMSBP	
ПермьЭнС-п
92	
360 638	
127	
127,4	
126,2	
127,4	
126,8
SLEN	
Сахэнер ао
44	
355 534	
5,705	
5,99	
5,35	
5,99	
5,79
SARE	
СаратЭн-ао
133	
345 256	
0,1128	
0,118	
0,11	
0,1208	
0,1122
RGSS	
РГС СК ао
178	
343 764	
0,134	
0,1352	
0,1302	
0,136	
0,1344
MRKK	
Россети СК
70	
319 138	
24,64	
24,42	
24,38	
24,96	
24,6
IRGZ	
ИркЭнерго
93	
317 292	
10,8	
10,86	
10,7	
10,9	
10,88
ROLO	
Русолово
34	
316 936	
6,214	
6,254	
6,12	
6,344	
6,19
TGKBP	
ТГК-2 ап
152	
312 778	
0,00628	
0,00645	
0,00607	
0,00646	
0,00624
MFGSP	
Мегион-ап
18	
312 510	
252	
256	
250	
256,5	
256,5
KGKCP	
КурганГКап
103	
311 115	
58	
58,5	
57	
59,5	
58,5
VLHZ	
ВХЗ-ао
61	
310 092	
52,75	
53,9	
52,5	
53,9	
52,9
RAVN	
Raven
27	
305 385	
25,05	
25,3	
24,7	
25,45	
24,95
NNSBP	
ТНСэнНН ап
84	
299 924	
674	
699	
660	
699	
680
ZVEZ	
ЗВЕЗДА ао
56	
268 175	
3,83	
3,865	
3,75	
3,9	
3,895
NNSB	
ТНСэнНН ао
41	
266 350	
2 665	
2 685	
2 585	
2 730	
2 685
CHEP	
ЧТПЗ ао
71	
265 025	
208,5	
209	
206	
210	
210
URKZ	
УрКузница
18	
264 520	
14 700	
14 800	
14 500	
14 820	
14 760
VRSB	
ТНСэнВорон
29	
264 520	
66,2	
64,8	
64,6	
68	
66,8
UTAR	
ЮТэйр ао
48	
264 297	
6,53	
6,53	
6,5	
6,64	
6,58
MFGS	
Мегион-ао
37	
264 000	
281	
282	
280	
288	
280
RTSB	
ТНСэнРст
29	
262 050	
0,525	
0,53	
0,505	
0,545	
0,535
RZSB	
РязЭнСб
44	
256 896	
8,92	
8,98	
8,86	
9,04	
8,96
GEMA	
iММЦБ ао
66	
243 389	
557	
549,5	
549,5	
569,5	
560
WTCM	
ЦМТ ао
66	
240 542	
8,18	
8,4	
8,02	
8,4	
8,12
MGTS	
МГТС-5ао
47	
233 800	
2 000	
2 050	
1 955	
2 050	
2 025
TUZA	
ТЗА ао
57	
226 120	
95	
97	
93	
97	
95
HALS	
Галс-Девел
31	
219 272	
1 166	
1 166	
1 145	
1 175	
1 174
MAGEP	
МагадЭн ап
23	
213 370	
5,77	
5,77	
5,62	
6	
5,74
KMEZ	
КМЗ
101	
203 867	
528	
518	
504	
545,5	
545,5
UKUZ	
ЮжКузб. ао
79	
189 884	
456	
480	
450	
480	
464
VSYD	
ВыбСудЗ ао
19	
178 195	
3 710	
3 865	
3 650	
3 865	
3 660
MGNZ	
СМЗ-ао
30	
176 950	
4 660	
4 900	
4 600	
4 900	
4 700
CHMK	
ЧМК ао
48	
171 100	
2 410	
2 420	
2 400	
2 425	
2 400
MAGE	
МагадЭн ао
19	
170 390	
5,68	
5,8	
5,6	
5,8	
5,69
KTSBP	
КСБ ап
37	
169 675	
0,2735	
0,291	
0,268	
0,291	
0,2715
YKEN	
Якутскэнрг
41	
166 470	
0,362	
0,354	
0,354	
0,37	
0,365
VSYDP	
ВыбСудЗ ап
10	
162 260	
3 600	
3 600	
3 560	
3 620	
3 620
KRKOP	
ТКЗКК ап
58	
147 236	
8,71	
8,79	
8,645	
8,895	
8,715
UCSS	
ОКС ао
44	
144 640	
1 390	
1 340	
1 340	
1 420	
1 420
LPSB	
ЛЭСК ао
52	
144 225	
7,8	
7,9	
7,7	
7,9	
7,8
ELTZ	
Электрцинк
64	
142 880	
150	
149,5	
147,5	
152	
150
KBSB	
ТНСэКубань
72	
142 320	
126	
127	
124,5	
128	
128
PAZA	
ПавлАвт ао
9	
142 050	
7 890	
7 970	
7 840	
7 970	
7 850
MISB	
ТНСэнМарЭл
58	
138 820	
11,4	
11,9	
10,6	
11,9	
11,6
KUBE	
Кубанэнр
52	
136 061	
64,8	
65,7	
63,8	
66,4	
64,4
KRKN	
СаратНПЗ
11	
135 700	
11 300	
11 300	
11 200	
11 600	
11 300
VRSBP	
ТНСэнВор-п
23	
132 200	
42,5	
42,5	
41,5	
44,5	
43,5
ROST	
РОСИНТЕРао
43	
131 822	
61	
62,2	
60,4	
62,2	
61
TORSP	
ТРК ап
26	
131 370	
0,268	
0,265	
0,2635	
0,272	
0,2685
IGSTP	
Ижсталь ап
38	
130 888	
748	
758	
744	
762	
751
WTCMP	
ЦМТ ап
61	
130 814	
7,64	
7,82	
7,56	
7,82	
7,72
VZRZP	
Возрожд-п
28	
126 848	
281,8	
282	
280,2	
285	
281,8
RUSI	
ИКРУСС-ИНВ
8	
121 180	
36,7	
37	
36,4	
37	
36,4
GAZAP	
ГАЗ ап
26	
109 110	
303	
303,5	
300	
307	
306,5
STSB	
СтаврЭнСб
106	
105 682	
0,508	
0,5085	
0,472	
0,5265	
0,5115
ARSA	
Арсагера
16	
104 830	
3,61	
3,59	
3,56	
3,71	
3,67
SAGO	
СамарЭн-ао
14	
102 040	
0,51	
0,514	
0,504	
0,524	
0,522
BISVP	
БашИнСв ап
47	
101 113	
9,11	
9,1	
9,01	
9,2	
9,12
RTGZ	
ГазпРнД ао
4	
100 850	
25 200	
25 600	
24 300	
25 950	
25 100
KROT	
КрасОкт-ао
22	
100 555	
346,5	
345	
344	
350	
345,5
KOGK	
КоршГОК ао
2	
88 400	
44 200	
44 200	
44 200	
44 200	
44 200
CHKZ	
ЧКПЗ ао
9	
86 800	
5 100	
5 100	
5 100	
5 180	
5 100
VJGZP	
Варьеган-п
16	
85 230	
294	
300	
290	
300	
295
JNOSP	
Слав-ЯНОСп
20	
83 302	
13,02	
12,98	
12,82	
13,24	
12,94
KCHEP	
КамчатЭ ап
8	
78 620	
0,357	
0,358	
0,357	
0,36	
0,359
NAUK	
iНПОНаука
24	
74 930	
182,8	
182	
182	
183,4	
183
KAZT	
Куйбазот
28	
74 838	
141	
140	
140	
142,2	
142,2
GAZA	
ГАЗ ао
7	
73 585	
387,5	
387,5	
385,5	
387,5	
387,5
OMZZP	
ОМЗ-ап
17	
72 600	
3 300	
3 320	
3 260	
3 370	
3 300
RLMNP	
Роллман-п
124	
68 204	
15,08	
15,28	
14,6	
16,12	
15,04
ALBK	
БестЭфБ ао
43	
67 875	
54	
55	
52,5	
55	
54,5
RDRB	
РДБанк ао
18	
66 050	
215	
210	
210	
220	
220
SAREP	
СаратЭн-ап
34	
65 852	
0,094	
0,0978	
0,0924	
0,098	
0,0936
PMSB	
ПермьЭнСб
33	
64 690	
129,4	
129,5	
129	
130,1	
129
KRSBP	
Красэсб ап
20	
63 790	
7,08	
7,06	
7,06	
7,14	
7,14
TGKDP	
Квадра-п
28	
57 772	
0,00494	
0,004935	
0,004915	
0,004955	
0,004915
STSBP	
СтаврЭнСбп
37	
50 634	
0,3265	
0,323	
0,323	
0,3325	
0,3235
DZRD	
iДонскЗР
21	
50 565	
1 945	
1 970	
1 925	
1 970	
1 945
AVAN	
Авангрд-ао
22	
50 000	
805	
795	
795	
810	
800
KROTP	
КрасОкт-1п
17	
49 435	
247	
251,5	
243	
251,5	
247,5
IGST	
Ижсталь2ао
6	
41 590	
815	
815	
815	
824	
815
TORS	
ТРК ао
8	
40 400	
0,367	
0,369	
0,36	
0,37	
0,369
RTSBP	
ТНСэнРст-п
8	
40 040	
0,501	
0,507	
0,49	
0,507	
0,501
VJGZ	
Варьеган
13	
35 958	
599	
612	
596	
612	
598
YRSB	
ТНСэнЯр
10	
34 800	
158	
160	
154	
160	
160
MISBP	
ТНСэМаЭл-п
13	
34 570	
11,5	
11,8	
11,4	
11,8	
11,7
KRSB	
Красэсб ао
3	
34 320	
7,15	
7,15	
7,15	
7,15	
7,15
ASSB	
АстрЭнСб
13	
31 983	
0,7615	
0,7615	
0,7595	
0,7635	
0,7625
NKSH	
Нижкамшина
8	
30 832	
22,02	
21,48	
21,48	
22,18	
21,9
KAZTP	
Куйбазот-п
13	
27 650	
145,6	
147,4	
143	
147,4	
146,4
PRMB	
Приморье
1	
24 400	
24 400	
24 400	
24 400	
24 400	
24 400
TASBP	
ТамбЭнСб-п
8	
21 410	
0,2675	
0,27	
0,263	
0,284	
0,2635
DZRDP	
iДонскЗР п
9	
21 250	
1 420	
1 430	
1 410	
1 430	
1 430
KUZB	
КузнецкийБ
53	
20 355	
0,0128	
0,01287	
0,01275	
0,01287	
0,01281
JNOS	
Славн-ЯНОС
5	
18 855	
17,15	
17,1	
17,1	
17,2	
17,2
SAGOP	
СамарЭн-ап
4	
17 290	
0,432	
0,432	
0,431	
0,434	
0,431
VGSB	
ВолгЭнСб
2	
15 175	
3,795	
3,825	
3,7	
3,825	
3,7
KTSB	
КСБ ао
14	
10 138	
0,596	
0,61	
0,582	
0,61	
0,602
YRSBP	
ТНСэнЯр-п
6	
6 245	
89	
89,5	
87	
90	
87
VGSBP	
ВолгЭнСб-п
3	
4 830	
1,61	
1,61	
1,61	
1,61	
1,61
KCHE	
КамчатЭ ао
2	
4 080	
0,204	
0,2	
0,2	
0,208	
0,204
TASB	
ТамбЭнСб
1	
3 780	
0,378	
0,378	
0,378	
0,378	
0,378
BISV	
БашИнСв ао
0	
0	
-	
-	
-	
-	
8,7
CHGZ	
РН-ЗапСиб
0	
0	
-	
-	
-	
-	
52
DERZP	
Держава ап
0	
0	
-	
-	
-	
-	
-
GAZC	
ГАЗКОН-ао
0	
0	
-	
-	
-	
-	
295
GAZS	
ГАЗ-сервис
0	
0	
-	
-	
-	
-	
293
GAZT	
ГАЗ-Тек ао
0	
0	
-	
-	
-	
-	
85
GTSS	
ГЕОТЕК ао
0	
0	
-	
-	
-	
-	
-
HIMC	
Химпром ао
0	
0	
-	
-	
-	
-	
0,99
KMTZ	
КосогМЗ ао
0	
0	
-	
-	
-	
-	
-
KRKO	
ТКЗКК ао
0	
0	
-	
-	
-	
-	
11,8
KSGR	
Кокс ао
0	
0	
-	
-	
-	
-	
-
KUNF	
КУЗОЦМ ао
0	
0	
-	
-	
-	
-	
-
KZMS	
КЗМС ао
0	
0	
-	
-	
-	
-	
226
MFON	
МегаФон ао
0	
0	
-	
-	
-	
-	
650,6
MOBB	
МосОблБанк
0	
0	
-	
-	
-	
-	
0,698
MORI	
Морион ао
0	
0	
-	
-	
-	
-	
4,31
NPOF	
Физика ао
0	
0	
-	
-	
-	
-	
11 850
KMTZ	
КосогМЗ ао
0	
0	
-	
-	
-	
-	
-
KZMS	
КЗМС ао
0	
0	
-	
-	
-	
-	
226
TRCN	
ТрансК ао
0	
0	
-	
-	
-	
-	
8 595
HIMC	
Химпром ао
0	
0	
-	
-	
-	
-	
0,99
TRFM	
ТрансФ ао
0	
0	
-	
-	
-	
-	
-