GAZP	
ГАЗПРОМ ао
115 294	
17 602 339 397	
190,59	
187,01	
185,72	
193,85	
189,77
SBER	
Сбербанк
116 437	
17 235 065 519	
185,6	
186,6	
184,28	
187,49	
185,64
LKOH	
ЛУКОЙЛ
94 375	
16 282 810 727	
5 197	
5 050	
4 927	
5 364	
5 204,5
ROSN	
Роснефть
100 454	
12 981 613 228	
348,45	
344	
340,55	
355	
345
SNGS	
Сургнфгз
53 895	
7 741 827 316	
36,49	
35,9	
35,255	
37,5	
36,385
GMKN	
ГМКНорНик
25 481	
4 689 910 018	
19 008	
18 900	
18 756	
19 260	
19 032
TATN	
Татнфт 3ао
56 503	
4 370 414 945	
600,7	
585,1	
578,1	
629,5	
600,6
NVTK	
Новатэк ао
38 465	
4 018 156 520	
986,6	
972	
950	
1 010	
987
MTSS	
МТС-ао
33 889	
2 675 664 447	
298,2	
298,5	
295	
304,4	
295,6
YNDX	
Yandex clA
39 191	
2 335 929 077	
2 546,4	
2 540,2	
2 514,4	
2 584	
2 520
VTBR	
ВТБ ао
65 536	
2 234 093 300	
0,03219	
0,032	
0,031825	
0,0326	
0,03208
SBERP	
Сбербанк-п
31 151	
2 162 407 834	
174,61	
174,45	
173	
175,83	
175,5
MGNT	
Магнит ао
27 734	
2 033 009 057	
3 214,5	
3 164,5	
3 158	
3 275	
3 189
SIBN	
Газпрнефть
32 647	
2 008 609 262	
332,65	
321,8	
316,3	
341,65	
333,1
MOEX	
МосБиржа
33 447	
1 904 404 868	
98,94	
97	
96,71	
100,02	
99
AFLT	
Аэрофлот
41 994	
1 828 760 770	
69,76	
68,6	
68,04	
70,68	
69,86
SNGSP	
Сургнфгз-п
20 162	
1 809 588 247	
38,84	
38,835	
38,3	
39,235	
38,6
CHMF	
СевСт-ао
26 994	
1 757 508 161	
873,4	
859,2	
856,6	
885	
882
ALRS	
АЛРОСА ао
32 973	
1 736 464 984	
61,97	
61,85	
61,11	
63,3	
61,59
PLZL	
Полюс
16 953	
1 657 596 941	
10 331	
10 355	
10 130	
10 456	
10 394,5
TATNP	
Татнфт 3ап
28 131	
1 461 222 227	
571,4	
557	
550,7	
582,8	
567,5
NLMK	
НЛМК ао
18 644	
1 166 005 063	
124	
122,4	
121,12	
124,98	
124,84
POLY	
Polymetal
16 971	
909 956 895	
1 305	
1 333,3	
1 288	
1 339,3	
1 297,4
MAGN	
ММК
16 117	
838 941 927	
37,875	
37,91	
37,46	
38,425	
37,92
IRAO	
ИнтерРАОао
14 460	
811 896 402	
4,992	
4,985	
4,9035	
5,0455	
5,045
AFKS	
Система ао
18 653	
700 016 323	
13,22	
13,05	
12,944	
13,475	
13,304
FIVE	
FIVE-гдр
12 090	
696 993 554	
2 212,5	
2 183	
2 120	
2 249,5	
2 230
FEES	
ФСК ЕЭС ао
21 615	
673 527 230	
0,16198	
0,1607	
0,15814	
0,16554	
0,16432
HYDR	
РусГидро
17 331	
596 038 619	
0,625	
0,62	
0,619	
0,6336	
0,627
TCSG	
TCS-гдр
13 339	
507 261 981	
855,4	
840	
830,2	
868,6	
862
RSTI	
Россети ао
9 720	
387 213 297	
1,2019	
1,2	
1,1891	
1,2188	
1,1997
RTKM	
Ростел -ао
12 219	
375 140 585	
73,24	
72	
71,74	
75,96	
73,59
TRNFP	
Транснф ап
1 653	
371 227 650	
150 950	
147 750	
146 900	
153 800	
151 200
MTLR	
Мечел ао
21 749	
351 149 531	
61,91	
60,57	
59,95	
63,44	
61,9
BANEP	
Башнефт ап
8 494	
258 080 611	
1 366,5	
1 365,5	
1 342,5	
1 386	
1 369,5
CBOM	
МКБ ао
12 689	
250 256 332	
5,446	
5,461	
5,404	
5,483	
5,433
RUAL	
RUSAL plc
13 348	
247 422 343	
24,94	
25,1	
24,56	
25,195	
24,83
OGKB	
ОГК-2 ао
10 540	
183 785 094	
0,5976	
0,5915	
0,5868	
0,6199	
0,6051
PHOR	
ФосАгро ао
4 565	
180 365 144	
2 449	
2 472	
2 425	
2 482	
2 430
UPRO	
Юнипро ао
4 850	
171 199 715	
2,571	
2,549	
2,538	
2,604	
2,571
DSKY	
ДетскийМир
9 075	
165 667 065	
93,04	
91,28	
90,62	
94,8	
94,42
RTKMP	
Ростел -ап
9 572	
154 841 776	
63,35	
64,7	
62,35	
64,8	
63,6
MSNG	
+МосЭнерго
4 545	
114 967 658	
1,8995	
1,884	
1,86	
1,95	
1,9055
MTLRP	
Мечел ап
3 542	
110 169 603	
62,25	
62,4	
61,4	
62,9	
62,15
TGKA	
ТГК-1
5 702	
109 822 379	
0,010256	
0,01018	
0,010096	
0,01039	
0,010346
BANE	
Башнефт ао
3 579	
90 780 857	
1 627,5	
1 596,5	
1 550	
1 649	
1 643,5
TRMK	
ТМК ао
4 355	
83 558 341	
42,44	
42,12	
41,62	
43,24	
42,3
LSRG	
ЛСР ао
5 565	
79 966 939	
595,2	
590	
585,2	
601,8	
591,8
AQUA	
РусАква ао
2 730	
71 293 955	
211	
235	
203,5	
239,5	
205,5
NKNCP	
НКНХ ап
2 907	
67 891 118	
84,74	
83,76	
83,76	
85,2	
84,6
RASP	
Распадская
2 010	
64 453 605	
99,88	
99	
98,4	
101,04	
99,1
AKRN	
Акрон
1 211	
55 667 698	
5 960	
5 960	
5 926	
6 010	
5 976
LNTA	
Лента др
5 466	
55 067 764	
149,4	
150,3	
147,8	
151,2	
148,9
MVID	
М.видео
2 115	
54 978 403	
368,6	
369,9	
365,1	
373,8	
365,1
QIWI	
iQIWI
3 481	
51 637 163	
824	
816,5	
815,5	
829	
823
AGRO	
AGRO-гдр
3 357	
39 104 292	
598,8	
594,8	
590	
605	
600
ENRU	
ЭнелРос ао
2 331	
37 133 302	
0,888	
0,88	
0,871	
0,899	
0,898
TGKB	
ТГК-2
1 797	
36 904 920	
0,003865	
0,003755	
0,003695	
0,003965	
0,0038
ENPG	
ЭН+ГРУП ао
261	
34 040 066	
548,3	
549,1	
545,9	
551,5	
548
GCHE	
ЧеркизГ-ао
1 927	
30 313 916	
1 988	
1 970	
1 968	
2 010	
1 995
ETLN	
ETLN-гдр
1 248	
29 306 957	
97,04	
98,56	
96	
98,56	
96,4
MRKP	
МРСК ЦП
1 555	
26 115 129	
0,1639	
0,1628	
0,1606	
0,1665	
0,1645
ENPL	
ENPL-гдр
654	
25 214 930	
537,8	
533	
526	
544	
536
PIKK	
ПИК ао
1 130	
22 687 519	
413,8	
414,2	
411	
416,3	
411,6
APTK	
Аптеки36и6
7 590	
22 538 291	
13,53	
13,928	
13,17	
13,928	
13,594
FESH	
ДВМП ао
1 186	
17 728 845	
6,76	
6,68	
6,55	
6,95	
6,74
NMTP	
НМТП ао
1 307	
16 936 093	
8,715	
8,605	
8,605	
8,8	
8,795
NKNC	
НКНХ ао
1 216	
14 789 236	
103,65	
102,8	
99	
106	
103,45
MSTT	
Мостотрест
1 554	
14 497 604	
150,55	
144,8	
143,5	
155	
150,9
RUGR	
Русгрэйн
5 104	
13 749 720	
8,434	
8,6	
8,13	
9,07	
8,188
BSPB	
БСП ао
2 619	
13 141 847	
43,12	
43,98	
42,5	
43,98	
43,5
RSTIP	
Россети ап
739	
12 433 958	
1,401	
1,396	
1,37	
1,428	
1,419
VSMO	
ВСМПО-АВСМ
338	
12 153 260	
19 760	
19 500	
19 480	
20 000	
19 600
KMAZ	
КАМАЗ
1 277	
11 610 340	
52,3	
51	
50,2	
53,9	
53,6
MRKV	
МРСКВол
779	
11 534 489	
0,06795	
0,06775	
0,0669	
0,06935	
0,0683
RNFT	
РуссНфт ао
1 354	
10 575 631	
460,2	
456	
450,4	
465	
453,8
IRGZ	
ИркЭнерго
650	
8 987 288	
11,84	
12,14	
11,58	
12,14	
11,62
MRKC	
МРСК Центр
835	
8 983 480	
0,2442	
0,237	
0,237	
0,246	
0,2446
OBUV	
ОР ао
1 363	
8 893 913	
30,2	
30,25	
29,7	
30,65	
30,2
LNZL	
Лензолото
405	
8 585 040	
8 190	
8 350	
8 100	
8 400	
8 170
KRKNP	
СаратНПЗ-п
147	
7 750 440	
15 400	
15 300	
15 200	
15 500	
15 420
LIFE	
iФармсинтз
843	
7 244 012	
6,345	
6,495	
6,25	
6,525	
6,38
GTRK	
ГТМ ао
986	
6 054 494	
34	
34	
33,2	
35	
34,5
MSRS	
МОЭСК
422	
6 053 526	
0,9935	
0,9835	
0,979	
1,0145	
0,988
KZOS	
ОргСинт ао
710	
5 986 265	
86,5	
87	
85,3	
87,7	
87,7
SFIN	
САФМАР ао
499	
5 564 554	
455,8	
460,6	
452,4	
460,6	
452,4
KZOSP	
ОргСинт ап
1 959	
5 475 618	
12,32	
11,6	
11,59	
12,88	
12,55
MGTSP	
МГТС-4ап
297	
4 899 000	
2 198	
2 218	
2 170	
2 230	
2 200
SVAV	
СОЛЛЕРС
279	
4 561 280	
250,5	
255,5	
244	
255,5	
244
SELG	
Селигдар
586	
4 202 666	
17,06	
17,45	
16,96	
17,45	
17,09
JNOS	
Славн-ЯНОС
204	
4 109 065	
16,1	
16	
15,6	
16,65	
16,15
TGKBP	
ТГК-2 ап
219	
4 050 410	
0,00671	
0,00672	
0,00646	
0,00688	
0,00658
AMEZ	
АшинскийМЗ
494	
3 295 195	
3,675	
3,695	
3,62	
3,725	
3,675
TRCN	
ТрансК ао
115	
3 115 400	
8 240	
8 415	
8 160	
8 415	
8 190
MOBB	
МосОблБанк
714	
3 073 398	
2,4	
2,33	
2,246	
2,5	
2,362
TTLK	
Таттел. ао
410	
3 013 110	
0,2725	
0,266	
0,263	
0,278	
0,277
CHEP	
ЧТПЗ ао
155	
2 953 055	
193	
192	
190	
196	
193,5
RBCM	
РБК ао
435	
2 529 767	
2,932	
2,904	
2,88	
2,958	
2,912
LNZLP	
Лензол. ап
304	
2 500 060	
3 455	
3 535	
3 395	
3 545	
3 480
RAVN	
Raven
62	
2 465 600	
30	
30,4	
29,8	
30,4	
30,4
IRKT	
ИРКУТ-3
202	
2 414 330	
31,2	
30,66	
30,66	
31,88	
31,04
TGKN	
ТГК-14
229	
1 936 040	
0,00305	
0,003	
0,00295	
0,00311	
0,00305
HALS	
Галс-Девел
278	
1 870 874	
757	
720	
720	
780	
760
MGTS	
МГТС-5ао
142	
1 752 010	
2 410	
2 470	
2 380	
2 495	
2 435
YKEN	
Якутскэнрг
141	
1 702 185	
0,3055	
0,314	
0,2995	
0,331	
0,308
RGSS	
РГС СК ао
445	
1 506 036	
0,1392	
0,1386	
0,1368	
0,1408	
0,1396
USBN	
УралСиб ао
266	
1 401 530	
0,0679	
0,0711	
0,067	
0,0716	
0,0676
UNAC	
iАвиастКао
235	
1 347 617	
0,4795	
0,478	
0,471	
0,4975	
0,4795
RUSP	
Русполимет
64	
1 328 105	
0,558	
0,5505	
0,55	
0,5845	
0,5595
BELU	
Белуга ао
90	
1 238 171	
1 132	
1 124	
1 121	
1 140	
1 131
TGKD	
Квадра
217	
1 172 547	
0,00295	
0,00294	
0,00292	
0,00299	
0,00295
ALNU	
АЛРОСА-Нюр
24	
1 132 000	
47 200	
47 200	
46 800	
47 600	
47 400
MRKZ	
МРСК СЗ
326	
1 127 383	
0,0456	
0,0454	
0,04475	
0,04675	
0,04495
PRTK	
ПРОТЕК ао
147	
1 116 718	
98	
98,4	
97,5	
98,9	
97,8
CNTLP	
Телеграф-п
217	
1 100 552	
16,38	
16,12	
16,12	
16,68	
16,3
ROLO	
Русолово
126	
1 069 828	
3,728	
3,828	
3,68	
3,828	
3,784
PMSBP	
ПермьЭнС-п
99	
1 047 738	
121,8	
121,4	
121	
122	
121,6
SELGP	
Селигдар-п
121	
1 004 610	
26,3	
26,3	
25,95	
26,65	
26,15
HIMCP	
Химпром ап
238	
995 047	
5,57	
5,46	
5,46	
5,64	
5,58
MRKU	
МРСК Ур
173	
945 274	
0,1386	
0,1352	
0,1346	
0,1418	
0,1394
URKZ	
УрКузница
14	
911 680	
10 020	
10 000	
9 820	
10 100	
10 000
DASB	
ДагСб ао
179	
903 675	
0,0888	
0,087	
0,087	
0,0897	
0,0884
VJGZ	
Варьеган
120	
813 162	
614	
585	
585	
643	
613
CNTL	
Телеграф
74	
777 750	
19,15	
19,45	
19	
19,55	
19,45
BRZL	
БурЗолото
89	
748 551	
806	
805	
805	
810	
810
MRSB	
МордЭнСб
81	
688 610	
0,322	
0,336	
0,308	
0,352	
0,325
VRSB	
ТНСэнВорон
59	
640 220	
49	
51	
45	
51	
48,2
KRKN	
СаратНПЗ
25	
633 800	
12 200	
12 800	
11 850	
13 000	
12 350
KLSB	
КалужскСК
172	
626 660	
9,76	
9,7	
9,47	
9,93	
9,78
DVEC	
ДЭК ао
129	
625 952	
0,788	
0,78	
0,752	
0,799	
0,79
NFAZ	
Нефтекамск
79	
606 990	
127	
125,4	
123,2	
130	
125,4
VJGZP	
Варьеган-п
59	
557 650	
319	
318	
314	
325	
316
YAKG	
ЯТЭК ао
96	
557 510	
51,62	
51,8	
50,8	
53,28	
50,8
WTCM	
ЦМТ ао
65	
544 136	
8,56	
8,88	
8,42	
8,88	
8,6
GAZA	
ГАЗ ао
60	
534 285	
373,5	
371	
363	
381	
375,5
VLHZ	
ВХЗ-ао
106	
518 554	
51,25	
51,05	
50,65	
51,95	
51,4
RDRB	
РДБанк ао
92	
484 550	
265	
275	
250	
280	
260
KOGK	
КоршГОК ао
9	
478 600	
43 600	
42 200	
42 000	
44 000	
44 000
MRKY	
РоссЮг ао
125	
471 989	
0,05005	
0,0485	
0,0485	
0,05065	
0,05055
YKENP	
Якутскэн-п
92	
471 165	
0,284	
0,2875	
0,2765	
0,297	
0,28
SARE	
СаратЭн-ао
86	
463 546	
0,1186	
0,1092	
0,106	
0,1288	
0,113
ZVEZ	
ЗВЕЗДА ао
64	
408 320	
4,125	
4,06	
4,045	
4,2	
4,065
NKHP	
НКХП ао
85	
401 045	
223	
223,5	
219	
227	
222,5
JNOSP	
Слав-ЯНОСп
84	
386 464	
12,84	
12,68	
12,52	
13,06	
12,9
RUSI	
ИКРУСС-ИНВ
71	
384 950	
36,3	
34,6	
34,6	
38	
36,7
MGNZ	
СМЗ-ао
22	
380 010	
4 000	
3 990	
3 930	
4 120	
3 950
KROT	
КрасОкт-ао
24	
374 950	
300	
299,5	
298	
303,5	
300
UWGN	
ОВК ао
108	
371 375	
239,4	
237,3	
234,9	
245	
239,8
ISKJ	
iИСКЧ ао
28	
358 135	
12,26	
12,66	
12,24	
12,66	
12,43
PMSB	
ПермьЭнСб
104	
340 567	
121,2	
121,6	
119,5	
123,5	
122,1
VRSBP	
ТНСэнВор-п
51	
333 900	
30	
29,5	
28,5	
31	
30
KBTK	
КузбТК ао
34	
326 264	
149	
149,8	
146,2	
151	
150,2
CHMK	
ЧМК ао
64	
321 765	
2 315	
2 340	
2 265	
2 350	
2 315
KUZB	
КузнецкийБ
375	
303 310	
0,01642	
0,01609	
0,01561	
0,01688	
0,01667
ZILL	
ЗИЛ ао
38	
284 660	
1 288	
1 222	
1 222	
1 300	
1 294
KMEZ	
КМЗ
110	
283 251	
431	
419,5	
419,5	
438,5	
430
NKSH	
Нижкамшина
56	
271 558	
21,06	
20,34	
20,34	
21,96	
20,96
LPSB	
ЛЭСК ао
77	
268 330	
7,25	
7,15	
7,05	
7,45	
7,35
NAUK	
iНПОНаука
55	
260 342	
160,8	
160,6	
158	
162,6	
160,4
VZRZP	
Возрожд-п
64	
242 840	
289,2	
287,8	
285,8	
292	
291
PAZA	
ПавлАвт ао
27	
241 590	
5 370	
5 320	
5 300	
5 480	
5 450
MFGSP	
Мегион-ап
15	
237 680	
290	
290	
284,5	
290	
284,5
CHKZ	
ЧКПЗ ао
41	
224 280	
4 320	
4 020	
3 940	
4 880	
4 400
PRMB	
Приморье
12	
223 000	
17 200	
16 200	
16 200	
17 600	
17 200
KGKC	
КурганГКао
49	
220 880	
52	
50	
50	
55	
52
MAGEP	
МагадЭн ап
15	
215 955	
3,725	
3,81	
3,695	
3,94	
3,71
UTAR	
ЮТэйр ао
52	
215 876	
6,22	
6,08	
6,08	
6,31	
6,26
VGSBP	
ВолгЭнСб-п
39	
213 315	
0,92	
0,945	
0,89	
0,945	
0,925
KUBE	
Кубанэнр
43	
204 039	
62,4	
61,5	
60,7	
64,6	
62,1
ROST	
РОСИНТЕРао
80	
200 636	
54,2	
54,8	
53,4	
55,2	
55,2
RZSB	
РязЭнСб
21	
190 820	
5,3	
5,37	
5,1	
5,54	
5,53
ASSB	
АстрЭнСб
100	
182 521	
0,558	
0,5555	
0,548	
0,576	
0,5635
BLNG	
Белон ао
95	
178 053	
4,02	
4,01	
4	
4,09	
4,012
BISVP	
БашИнСв ап
51	
177 231	
6,92	
6,96	
6,51	
7,1	
6,96
KROTP	
КрасОкт-1п
23	
175 835	
209,5	
202,5	
202	
211,5	
210
ELTZ	
Электрцинк
93	
173 155	
167,5	
169	
164,5	
170	
169
RTGZ	
ГазпРнД ао
8	
172 100	
21 500	
21 600	
20 800	
21 750	
21 550
KCHE	
КамчатЭ ао
63	
162 920	
0,1735	
0,1635	
0,163	
0,1855	
0,171
AVAN	
Авангрд-ао
35	
160 420	
665	
680	
655	
680	
665
NSVZ	
НаукаСвяз
53	
158 155	
190,5	
185	
185	
195	
188,5
WTCMP	
ЦМТ ап
82	
155 266	
8,26	
7,56	
7,56	
9,12	
8,3
LVHK	
Левенгук
85	
138 820	
7,27	
7,32	
7,1	
7,49	
7,3
KAZT	
Куйбазот
39	
134 590	
148	
150	
146,2	
150,4	
148,2
ABRD	
АбрауДюрсо
65	
133 365	
133,5	
133,5	
132,5	
134,5	
133
RLMN	
Роллман
75	
123 458	
15,3	
15,45	
15,15	
15,5	
15,45
ALBK	
БестЭфБ ао
29	
117 295	
51,5	
53,5	
51	
53,5	
51
DZRDP	
iДонскЗР п
25	
112 840	
1 470	
1 430	
1 430	
1 480	
1 460
MRKK	
Россети СК
45	
111 498	
25,52	
25,58	
25,24	
25,8	
25,46
RKKE	
ЭнергияРКК
16	
109 270	
4 970	
5 070	
4 910	
5 070	
4 950
MFGS	
Мегион-ао
13	
103 975	
315	
316	
311	
317,5	
315,5
MRKS	
МРСКСиб
19	
101 200	
0,2155	
0,215	
0,213	
0,2165	
0,215
KRSB	
Красэсб ао
11	
97 040	
5,39	
5,4	
5,35	
5,46	
5,38
KCHEP	
КамчатЭ ап
14	
92 420	
0,33	
0,321	
0,321	
0,339	
0,339
DIOD	
ЗаводДИОД
58	
87 971	
4,91	
4,95	
4,88	
4,96	
4,91
INGR	
ИНГРАД ао
7	
80 262	
750	
762	
750	
762	
750
OMZZP	
ОМЗ-ап
14	
78 680	
2 810	
2 860	
2 750	
2 860	
2 785
UNKL	
ЮУНК ао
21	
77 170	
2 860	
2 840	
2 770	
2 900	
2 850
GAZAP	
ГАЗ ап
15	
75 360	
314	
305,5	
305,5	
318	
314,5
VSYD	
ВыбСудЗ ао
14	
73 850	
2 640	
2 665	
2 560	
2 690	
2 690
KAZTP	
Куйбазот-п
34	
72 766	
148,6	
149,8	
141	
150,6	
150
TASB	
ТамбЭнСб
25	
71 495	
0,265	
0,2575	
0,2575	
0,269	
0,2625
ROSB	
Росбанк ао
35	
65 596	
63,2	
63,2	
61,8	
64,2	
61,8
TGKDP	
Квадра-п
56	
59 380	
0,003705	
0,003645	
0,00364	
0,0038	
0,003685
TORSP	
ТРК ап
6	
51 840	
0,259	
0,2545	
0,2545	
0,264	
0,264
RLMNP	
Роллман-п
41	
49 347	
17,44	
17,18	
16,84	
17,66	
17,44
SZPR	
СЗПароход
27	
45 020	
704	
704	
690	
730	
700
MAGE	
МагадЭн ао
10	
44 490	
4,45	
4,35	
4,35	
4,58	
4,46
IGST	
Ижсталь2ао
21	
43 078	
695	
675	
675	
710	
699
SAREP	
СаратЭн-ап
19	
42 642	
0,0854	
0,0854	
0,0838	
0,0866	
0,0844
KTSB	
КСБ ао
18	
41 778	
0,47	
0,436	
0,436	
0,488	
0,46
UCSS	
ОКС ао
10	
39 260	
1 450	
1 460	
1 450	
1 480	
1 450
IGSTP	
Ижсталь ап
16	
36 085	
633	
638	
630	
638	
630
NNSB	
ТНСэнНН ао
16	
33 795	
1 205	
1 200	
1 180	
1 250	
1 205
NNSBP	
ТНСэнНН ап
18	
31 637	
502	
492	
492	
511	
510
MISBP	
ТНСэМаЭл-п
16	
30 460	
9,8	
10	
9,4	
10	
9,8
TORS	
ТРК ао
6	
29 870	
0,373	
0,374	
0,372	
0,374	
0,373
UKUZ	
ЮжКузб. ао
20	
29 210	
496	
496	
472	
500	
482
YRSB	
ТНСэнЯр
8	
28 400	
168	
172	
166	
172	
168
KRSBP	
Красэсб ап
5	
26 920	
5,38	
5,42	
5,2	
5,5	
5,4
STSBP	
СтаврЭнСбп
39	
25 605	
0,2978	
0,2998	
0,2922	
0,3034	
0,2948
STSB	
СтаврЭнСб
21	
23 774	
0,3395	
0,338	
0,335	
0,343	
0,339
SAGO	
СамарЭн-ао
6	
22 640	
0,378	
0,362	
0,362	
0,396	
0,382
KBSB	
ТНСэКубань
6	
18 430	
131,5	
132	
131	
133,5	
131
TUZA	
ТЗА ао
15	
18 000	
75	
75	
75	
75	
75
ARSA	
Арсагера
5	
15 450	
3,09	
3,08	
3,08	
3,1	
3,09
MISB	
ТНСэнМарЭл
9	
15 020	
10,7	
10,6	
10,6	
11	
10,7
SLEN	
Сахэнер ао
7	
14 291	
4,205	
4,24	
4,195	
4,24	
4,205
KRKOP	
ТКЗКК ап
8	
11 936	
3,98	
4,085	
3,755	
4,085	
4
RTSB	
ТНСэнРст
2	
9 400	
0,315	
0,315	
0,31	
0,315	
0,31
KGKCP	
КурганГКап
5	
9 375	
55	
56,5	
53,5	
56,5	
55
YRSBP	
ТНСэнЯр-п
6	
7 035	
78	
75,5	
75,5	
79	
79
CHGZ	
РН-ЗапСиб
2	
6 040	
30,2	
30,4	
30	
30,4	
30
GEMA	
iММЦБ ао
5	
5 093	
727,5	
727,5	
722,5	
732	
731,5
RTSBP	
ТНСэнРст-п
2	
4 810	
0,241	
0,24	
0,24	
0,241	
0,241
VGSB	
ВолгЭнСб
3	
4 165	
1,39	
1,385	
1,385	
1,395	
1,395
KTSBP	
КСБ ап
1	
2 230	
0,223	
0,223	
0,223	
0,223	
0,223
DZRD	
iДонскЗР
1	
2 022	
2 022	
2 022	
2 022	
2 022	
2 022
TNSE	
ТНСэнрг ао
2	
1 985	
995	
995	
990	
995	
995
FTRE	
БУДУЩЕЕ ао
0	
0	
-	
-	
-	
-	
80
KRKO	
ТКЗКК ао
0	
0	
-	
-	
-	
-	
11,8
KUNF	
КУЗОЦМ ао
0	
0	
-	
-	
-	
-	
-
NPOF	
Физика ао
0	
0	
-	
-	
-	
-	
11 850
GAZC	
ГАЗКОН-ао
0	
0	
-	
-	
-	
-	
295
GTSS	
ГЕОТЕК ао
0	
0	
-	
-	
-	
-	
-
TRFM	
ТрансФ ао
0	
0	
-	
-	
-	
-	
-
VSYDP	
ВыбСудЗ ап
0	
0	
-	
-	
-	
-	
2 600
KMTZ	
КосогМЗ ао
0	
0	
-	
-	
-	
-	
-
KZMS	
КЗМС ао
0	
0	
-	
-	
-	
-	
226
SAGOP	
СамарЭн-ап
0	
0	
-	
-	
-	
-	
0,369
BISV	
БашИнСв ао
0	
0	
-	
-	
-	
-	
8,7
GAZS	
ГАЗ-сервис
0	
0	
-	
-	
-	
-	
293
HIMC	
Химпром ао
0	
0	
-	
-	
-	
-	
0,99
LSNG	
Ленэнерго
0	
0	
-	
-	
-	
-	
5,66
TASBP	
ТамбЭнСб-п
0	
0	
-	
-	
-	
-	
0,1995
URKA	
Уркалий-ао
0	
0	
-	
-	
-	
-	
119,04
VZRZ	
Возрожд-ао
0	
0	
-	
-	
-	
-	
480
GAZT	
ГАЗ-Тек ао
0	
0	
-	
-	
-	
-	
85
KSGR	
Кокс ао
0	
0	
-	
-	
-	
-	
-
LSNGP	
Ленэнерг-п
0	
0	
-	
-	
-	
-	
119,95
MFON	
МегаФон ао
0	
0	
-	
-	
-	
-	
650,6
MORI	
Морион ао
0	
0	
-	
-	
-	
-	
4,31
RU000A0JVT35	
ИСУ ЕФГ-3
0	
0	
-	
-	
-	
-	
400