SBER	
Сбербанк
150 831	
31 549 092 544	
217,51	
214	
213,51	
221,92	
221,5
GAZP	
ГАЗПРОМ ао
84 081	
13 372 073 423	
204,86	
203,07	
202,01	
208,15	
208
LKOH	
ЛУКОЙЛ
48 289	
11 418 383 824	
5 477,5	
5 450	
5 424	
5 566,5	
5 549,5
GMKN	
ГМКНорНик
34 503	
8 309 109 154	
22 012	
22 398	
21 700	
22 398	
21 824
ROSN	
Роснефть
36 049	
5 484 485 594	
393,75	
390,2	
388,4	
397,6	
396,95
TATN	
Татнфт 3ао
48 402	
5 159 737 391	
564,6	
565	
501,2	
571	
569
PLZL	
Полюс
42 891	
4 495 508 260	
10 616,5	
10 967	
10 400	
11 029	
10 567
SBERP	
Сбербанк-п
40 574	
3 850 755 714	
197,21	
194,74	
193,51	
199	
198,99
AFLT	
Аэрофлот
55 982	
3 231 371 318	
86,28	
85,04	
84,7	
87,6	
86,6
SNGS	
Сургнфгз
21 558	
3 190 444 337	
39,95	
40,485	
39,31	
40,69	
39,995
MOEX	
МосБиржа
45 549	
2 716 006 043	
117,53	
115,57	
115,38	
119,35	
118,48
SNGSP	
Сургнфгз-п
32 435	
2 693 863 614	
35,16	
35,71	
34,9	
35,795	
34,9
POLY	
Polymetal
50 316	
2 562 744 795	
1 313,6	
1 389,3	
1 281	
1 389,3	
1 309,5
MTSS	
МТС-ао
24 918	
2 384 621 161	
330,15	
327,5	
326,75	
333,5	
329,7
MGNT	
Магнит ао
22 782	
2 054 885 960	
3 862	
3 914,5	
3 812	
3 934,5	
3 869
NVTK	
Новатэк ао
17 326	
1 990 012 160	
1 067,6	
1 071,8	
1 056,6	
1 079,4	
1 066,8
YNDX	
Yandex clA
21 810	
1 906 430 789	
2 856,8	
2 837,2	
2 835	
2 879,6	
2 867,6
ALRS	
АЛРОСА ао
33 934	
1 779 629 251	
67,77	
68,5	
66,87	
69	
68,03
VTBR	
ВТБ ао
36 692	
1 730 421 692	
0,03765	
0,03726	
0,03725	
0,03798	
0,03798
SIBN	
Газпрнефть
22 513	
1 719 131 674	
351,85	
348,85	
346,55	
357,65	
352,4
CHMF	
СевСт-ао
19 333	
1 384 891 824	
947,8	
950,6	
941,6	
954,6	
954,6
IRAO	
ИнтерРАОао
11 806	
1 263 960 880	
5,0485	
5,075	
5	
5,09	
5,0895
TATNP	
Татнфт 3ап
17 828	
1 262 146 616	
538,7	
530	
528	
553,3	
544,9
RSTI	
Россети ао
26 712	
1 241 531 428	
1,6766	
1,735	
1,646	
1,735	
1,6497
TRNFP	
Транснф ап
4 214	
958 170 250	
137 950	
138 650	
136 350	
139 800	
139 400
NLMK	
НЛМК ао
13 961	
891 624 958	
139,24	
138,48	
137,68	
140,74	
139,88
AFKS	
Система ао
15 174	
854 518 473	
16,144	
16,4	
15,575	
16,56	
16,162
FEES	
ФСК ЕЭС ао
15 503	
750 927 047	
0,18588	
0,18458	
0,18364	
0,18848	
0,1875
MAGN	
ММК
9 675	
672 856 836	
42,51	
41,8	
41,605	
43,25	
42,585
HYDR	
РусГидро
12 956	
654 440 719	
0,712	
0,7111	
0,7038	
0,7187	
0,7092
FIVE	
FIVE-гдр
9 729	
641 741 363	
2 153,5	
2 180,5	
2 131,5	
2 185	
2 163
MVID	
М.видео
15 033	
634 773 195	
398,7	
398	
382,5	
412	
394,4
RUAL	
РУСАЛ ао
23 389	
491 708 657	
28,375	
28,545	
27,805	
29,23	
28
TCSG	
TCS-гдр
9 697	
429 214 191	
1 250	
1 259	
1 231	
1 276,8	
1 235,6
LSRG	
ЛСР ао
15 799	
403 091 008	
627,4	
607,2	
602,2	
645,2	
644,8
LNTA	
Лента др
22 157	
381 716 959	
164,6	
158,4	
156,7	
169,9	
169,9
DSKY	
ДетскийМир
18 867	
373 295 550	
99,82	
98,92	
98,14	
101,36	
100,04
UPRO	
Юнипро ао
6 052	
296 344 690	
2,799	
2,79	
2,776	
2,815	
2,804
TRMK	
ТМК ао
2 757	
289 945 494	
59,38	
59,34	
59,28	
59,46	
59,4
MTLR	
Мечел ао
14 114	
279 889 709	
68,17	
67	
66,63	
69,55	
69,15
RTKM	
Ростел -ао
6 879	
253 092 297	
84,72	
84,65	
83	
85,58	
84,72
CBOM	
МКБ ао
10 124	
248 442 963	
5,492	
5,483	
5,455	
5,526	
5,507
OGKB	
ОГК-2 ао
9 220	
230 074 971	
0,7257	
0,729	
0,7071	
0,7412	
0,7189
ETLN	
ETLN-гдр
7 906	
200 964 176	
86,34	
85,5	
85,42	
87,5	
87,5
PHOR	
ФосАгро ао
3 691	
200 051 710	
2 808	
2 819	
2 778	
2 844	
2 839
AKRN	
Акрон
5 804	
147 344 440	
5 988	
6 088	
5 854	
6 114	
6 004
NKNCP	
НКНХ ап
6 371	
145 163 380	
87,82	
89,1	
85,82	
89,5	
87,42
BANEP	
Башнефт ап
4 973	
143 178 285	
1 460	
1 459,5	
1 445,5	
1 469,5	
1 459,5
KRKNP	
СаратНПЗ-п
3 355	
133 808 100	
19 660	
19 900	
19 420	
19 980	
19 540
SFIN	
САФМАР ао
1 403	
121 731 512	
425,8	
410,6	
410	
453	
450
MSNG	
+МосЭнерго
3 614	
114 371 587	
2,2155	
2,1995	
2,165	
2,245	
2,228
TGKA	
ТГК-1
5 467	
111 396 941	
0,013278	
0,01324	
0,01313	
0,013388	
0,01326
RSTIP	
Россети ап
3 705	
76 952 609	
2,397	
2,437	
2,34	
2,45	
2,374
RASP	
Распадская
2 114	
74 294 686	
110,12	
110,3	
109,5	
110,78	
110
PIKK	
ПИК ао
1 425	
74 130 376	
382,5	
379	
378	
384,1	
383,5
MOBB	
МосОблБанк
13 133	
72 355 878	
1,494	
1,622	
1,38	
1,76	
1,446
MTLRP	
Мечел ап
2 792	
61 565 189	
79,25	
77,45	
77,45	
80,35	
79,95
ENRU	
ЭнелРос ао
2 921	
57 701 312	
0,987	
0,995	
0,9765	
0,9965	
0,986
RTKMP	
Ростел -ап
2 594	
52 684 444	
75,55	
76,25	
74,15	
77	
75,65
AGRO	
AGRO-гдр
3 562	
52 066 159	
661,6	
664	
655,2	
668,6	
663,4
LSNGP	
РСетиЛЭ-п
2 541	
51 906 341	
168,5	
168,1	
167,75	
169,9	
168,9
QIWI	
iQIWI
2 712	
51 751 588	
998	
995	
990	
1 003	
996
OBUV	
ОР ао
4 984	
49 115 311	
30,5	
29,8	
29,7	
31	
30,5
BSPB	
БСП ао
2 823	
44 337 857	
40,76	
40,97	
40,58	
40,97	
40,74
APTK	
Аптеки36и6
7 134	
38 463 611	
14,074	
14,28	
13,51	
14,372	
13,904
NMTP	
НМТП ао
2 220	
30 511 291	
9,6	
9,645	
9,5	
9,73	
9,695
BANE	
Башнефт ао
981	
24 709 911	
1 837,5	
1 833,5	
1 830	
1 852	
1 840
TGKB	
ТГК-2
1 113	
18 726 625	
0,004335	
0,004205	
0,00415	
0,0045	
0,00436
MRKC	
МРСК Центр
2 050	
18 697 528	
0,2616	
0,27	
0,257	
0,2724	
0,2626
MRKV	
РсетВол ао
1 080	
17 491 252	
0,0675	
0,06795	
0,067	
0,0688	
0,06745
NKNC	
НКНХ ао
914	
15 399 072	
99,6	
101	
98,55	
101	
99,85
MRKP	
МРСК ЦП
1 024	
15 086 611	
0,1912	
0,193	
0,19	
0,193	
0,192
BELU	
Белуга ао
1 348	
12 347 414	
1 304	
1 225	
1 216	
1 350	
1 323
ZILL	
ЗИЛ ао
772	
10 615 255	
1 850	
1 400	
1 400	
1 985	
1 985
AQUA	
РусАква ао
490	
9 871 250	
210,5	
208	
207	
215,5	
213,5
FESH	
ДВМП ао
672	
9 535 759	
7,71	
7,62	
7,51	
7,81	
7,75
GCHE	
ЧеркизГ-ао
661	
9 059 990	
1 710	
1 704	
1 704	
1 715	
1 708
ENPG	
ЭН+ГРУП ао
239	
8 793 396	
626	
625	
621	
629	
621,5
RNFT	
РуссНфт ао
1 590	
6 890 809	
437	
432	
431	
448,6	
440,2
RZSB	
РязЭнСб
375	
6 589 520	
10,78	
11,2	
10,02	
11,24	
10,68
SELG	
Селигдар
467	
6 407 704	
24,28	
24,07	
24,07	
24,42	
24,27
VSMO	
ВСМПО-АВСМ
178	
6 337 480	
18 860	
19 040	
18 780	
19 040	
18 820
MSRS	
РСетиМР ао
589	
6 182 854	
1,1565	
1,1565	
1,1475	
1,1665	
1,1525
MGTSP	
МГТС-4ап
569	
6 049 536	
2 072	
2 098	
2 058	
2 098	
2 070
LNZLP	
Лензол. ап
401	
5 935 905	
3 620	
3 665	
3 550	
3 685	
3 640
LIFE	
iФармсинтз
692	
5 878 106	
7,485	
7,53	
7,385	
7,58	
7,46
ISKJ	
iИСКЧ ао
726	
5 837 156	
29,8	
29,49	
29,21	
33,1	
29,45
LNZL	
Лензолото
308	
5 681 050	
8 530	
8 710	
8 390	
8 710	
8 570
MAGE	
МагадЭн ао
484	
5 449 430	
6,91	
6,18	
6,01	
7,8	
7,13
TTLK	
Таттел. ао
680	
5 328 230	
0,2805	
0,288	
0,2705	
0,2885	
0,28
KMAZ	
КАМАЗ
882	
5 308 751	
59,7	
61,5	
58,5	
62	
59,4
IRGZ	
ИркЭнерго
402	
4 033 080	
12,2	
12,56	
11,96	
12,6	
12,16
LSNG	
РСетиЛЭ
662	
3 689 469	
6,19	
6,24	
6,12	
6,27	
6,18
MRKU	
МРСК Ур
380	
3 583 688	
0,1676	
0,1696	
0,166	
0,1696	
0,168
UWGN	
ОВК ао
253	
3 547 879	
243,7	
245	
241,7	
245,3	
243
UNAC	
iАвиастКао
462	
3 089 721	
0,4715	
0,4765	
0,466	
0,4785	
0,4705
IRKT	
ИРКУТ-3
301	
2 991 922	
34,48	
34,54	
34	
35	
34,94
KRSB	
Красэсб ао
164	
2 960 060	
8,39	
8,74	
8,03	
8,76	
8,22
PRMB	
Приморье
55	
2 956 400	
27 600	
29 000	
27 000	
29 000	
27 800
CHEP	
ЧТПЗ ао
204	
2 769 565	
207,5	
210	
205	
210	
209,5
TGKN	
ТГК-14
158	
2 538 000	
0,00327	
0,00328	
0,00324	
0,0033	
0,00326
TRCN	
ТрансК ао
42	
2 458 250	
8 535	
8 505	
8 505	
8 550	
8 525
PMSBP	
ПермьЭнС-п
258	
2 382 976	
162,4	
163,6	
161,6	
163,6	
163
PRTK	
ПРОТЕК ао
287	
2 340 738	
99,9	
99,3	
99,1	
101,5	
99,2
TGKBP	
ТГК-2 ап
195	
2 293 690	
0,00726	
0,00714	
0,00704	
0,00748	
0,00726
DIOD	
ЗаводДИОД
381	
2 290 934	
5,74	
5,85	
5,62	
5,86	
5,73
KRKN	
СаратНПЗ
122	
2 287 300	
13 300	
13 650	
13 100	
13 750	
13 350
KZOS	
ОргСинт ао
351	
2 268 011	
92,1	
92	
91,8	
92,4	
92,1
UTAR	
ЮТэйр ао
370	
2 159 278	
6,77	
6,67	
6,46	
6,98	
6,68
HIMCP	
Химпром ап
154	
2 123 918	
5,98	
5,98	
5,88	
6,04	
5,96
INGR	
ИНГРАД ао
174	
2 119 668	
814	
817	
807	
823	
815
MAGEP	
МагадЭн ап
142	
1 901 020	
7,2	
7,1	
6,9	
7,445	
7,04
MSTT	
Мостотрест
241	
1 897 668	
163,45	
163,15	
162,7	
163,9	
163,2
USBN	
УралСиб ао
210	
1 806 126	
0,0738	
0,0756	
0,0728	
0,0756	
0,0744
SELGP	
Селигдар-п
273	
1 714 565	
26,3	
26,35	
26,05	
26,6	
26,2
ABRD	
АбрауДюрсо
184	
1 693 775	
130,5	
132	
130	
132	
131,5
MRKZ	
МРСК СЗ
337	
1 686 188	
0,05345	
0,0541	
0,0521	
0,0549	
0,05345
GEMA	
iММЦБ ао
208	
1 665 271	
597,5	
600	
594	
600	
600
RGSS	
РГС СК ао
235	
1 615 391	
0,1524	
0,1512	
0,1508	
0,1546	
0,1516
GTRK	
ГТМ ао
333	
1 614 432	
43	
42,45	
42,45	
43,45	
43,15
ROLO	
Русолово
113	
1 600 440	
3,838	
3,794	
3,754	
3,92	
3,918
CNTLP	
Телеграф-п
205	
1 558 266	
17,7	
17,66	
17,48	
17,9	
17,76
YAKG	
ЯТЭК ао
120	
1 474 655	
39,85	
40,45	
39,65	
41,2	
40,1
RBCM	
РБК ао
214	
1 444 165	
3,26	
3,272	
3,25	
3,28	
3,278
SVAV	
СОЛЛЕРС
113	
1 420 005	
258,5	
261	
257,5	
261	
258,5
PMSB	
ПермьЭнСб
149	
1 294 308	
164,7	
165,5	
164,5	
166,1	
164,8
TASB	
ТамбЭнСб
181	
1 283 615	
0,369	
0,366	
0,345	
0,3835	
0,3525
AMEZ	
АшинскийМЗ
338	
1 274 432	
4,05	
4,03	
4,03	
4,08	
4,065
KZOSP	
ОргСинт ап
559	
1 270 927	
12,47	
12,68	
12,35	
12,68	
12,41
ALNU	
АЛРОСА-Нюр
23	
1 244 400	
49 800	
49 800	
49 400	
50 200	
49 800
ASSB	
АстрЭнСб
265	
1 213 587	
0,7905	
0,7985	
0,779	
0,8	
0,7965
KUZB	
КузнецкийБ
688	
1 107 786	
0,01734	
0,0166	
0,0166	
0,01828	
0,0168
KOGK	
КоршГОК ао
23	
1 076 800	
44 800	
44 800	
44 200	
45 200	
44 600
CHMK	
ЧМК ао
125	
1 037 405	
2 505	
2 540	
2 480	
2 560	
2 510
VJGZP	
Варьеган-п
76	
1 016 930	
357	
345	
337	
362	
359
RLMN	
Роллман
378	
927 943	
19,9	
18,85	
18,8	
21	
20,15
TGKD	
Квадра
96	
916 897	
0,00302	
0,003035	
0,00299	
0,00307	
0,00306
URKZ	
УрКузница
44	
894 840	
11 180	
11 040	
10 920	
11 600	
11 420
TASBP	
ТамбЭнСб-п
93	
884 610	
0,3565	
0,366	
0,338	
0,38	
0,369
KAZTP	
Куйбазот-п
118	
829 456	
143,4	
142,6	
140	
149,8	
149,4
KRSBP	
Красэсб ап
60	
789 360	
8,68	
8,88	
8,42	
8,88	
8,42
MFGS	
Мегион-ао
24	
788 670	
350,5	
347	
347	
353	
350,5
DVEC	
ДЭК ао
152	
735 764	
0,847	
0,849	
0,831	
0,868	
0,837
NSVZ	
НаукаСвяз
131	
715 650	
227	
230	
222	
232	
227,5
RUGR	
Русгрэйн
869	
702 878	
7,71	
7,71	
7,65	
7,8	
7,652
MRKS	
РсетСиб ао
80	
692 335	
0,243	
0,2475	
0,2375	
0,254	
0,2395
GAZAP	
ГАЗ ап
79	
685 070	
318,5	
318	
316	
323,5	
317,5
RKKE	
ЭнергияРКК
58	
674 380	
4 890	
4 950	
4 700	
4 990	
4 970
KGKC	
КурганГКао
124	
667 150	
56	
60	
54	
60	
56
KGKCP	
КурганГКап
137	
656 905	
57	
61	
55,5	
61	
58,5
ROST	
РОСИНТЕРао
81	
601 270	
59,2	
59,2	
58,4	
60,2	
59,2
MRKY	
РоссЮг ао
174	
552 050	
0,05195	
0,0524	
0,05155	
0,0526	
0,0516
ELTZ	
Электрцинк
257	
526 823	
174,5	
177,5	
171	
181	
176,5
RUSP	
Русполимет
35	
508 920	
0,6205	
0,639	
0,6155	
0,64	
0,6175
KAZT	
Куйбазот
81	
500 994	
141,6	
142	
139,8	
143,4	
143
NKHP	
НКХП ао
78	
487 400	
234,5	
235,5	
231,5	
236	
235
JNOSP	
Слав-ЯНОСп
53	
479 320	
15,26	
14,96	
14,86	
15,36	
15
YKEN	
Якутскэнрг
71	
465 355	
0,3525	
0,3605	
0,3455	
0,367	
0,3565
VJGZ	
Варьеган
70	
461 359	
602	
602	
598	
615	
606
PAZA	
ПавлАвт ао
42	
442 390	
7 630	
7 630	
7 550	
7 700	
7 610
MISBP	
ТНСэМаЭл-п
92	
441 280	
10,4	
10,2	
10	
11	
10,4
KUBE	
Кубанэнр
99	
430 077	
71,9	
72,5	
71,5	
72,5	
71,9
SAREP	
СаратЭн-ап
110	
420 250	
0,0922	
0,091	
0,09	
0,0954	
0,091
MFGSP	
Мегион-ап
15	
400 500	
336,5	
336	
332,5	
340	
337,5
MGNZ	
СМЗ-ао
30	
400 020	
4 080	
4 190	
4 010	
4 190	
4 090
GAZA	
ГАЗ ао
32	
384 310	
388	
386	
385	
393,5	
390
KLSB	
КалужскСК
70	
371 047	
11,56	
11,61	
11,49	
11,74	
11,6
NKSH	
Нижкамшина
26	
370 494	
23,16	
22,92	
22,9	
23,52	
23,26
VLHZ	
ВХЗ-ао
98	
369 928	
48,6	
48,9	
48,4	
48,95	
48,6
NAUK	
iНПОНаука
56	
331 394	
182,2	
184,6	
180,2	
185,4	
182,6
SZPR	
СЗПароход
136	
330 144	
798	
790	
780	
824	
788
KROT	
КрасОкт-ао
57	
330 000	
347,5	
343	
343	
349	
349
BISVP	
БашИнСв ап
105	
327 796	
7,5	
7,36	
7,24	
7,97	
7,52
WTCMP	
ЦМТ ап
60	
327 452	
8,22	
8,22	
8,08	
8,34	
8,08
VZRZP	
Возрожд-п
34	
325 092	
298,2	
296,8	
293,4	
299	
298,8
MGTS	
МГТС-5ао
46	
322 110	
2 535	
2 580	
2 500	
2 580	
2 565
RAVN	
Raven
25	
312 435	
29,75	
29,45	
29,45	
29,95	
29,95
EELT	
ЕвроЭлтех
99	
305 694	
7,46	
7,54	
7,36	
7,54	
7,54
ALBK	
БестЭфБ ао
100	
287 665	
55	
57,5	
53	
58,5	
56,5
UCSS	
ОКС ао
62	
287 080	
1 410	
1 410	
1 400	
1 430	
1 430
SAGO	
СамарЭн-ао
48	
274 980	
0,41	
0,404	
0,398	
0,426	
0,404
BLNG	
Белон ао
134	
272 017	
4,06	
4,192	
4,02	
4,194	
4,08
ZVEZ	
ЗВЕЗДА ао
25	
259 655	
4,555	
4,62	
4,52	
4,62	
4,58
VSYD	
ВыбСудЗ ао
44	
256 185	
4 065	
4 065	
4 025	
4 130	
4 060
LVHK	
Левенгук
59	
252 062	
8,1	
8,06	
8,06	
8,23	
8,17
RTGZ	
ГазпРнД ао
8	
250 400	
20 850	
21 000	
20 600	
21 000	
20 650
WTCM	
ЦМТ ао
69	
241 988	
8,9	
8,98	
8,78	
9	
8,8
BRZL	
БурЗолото
76	
234 337	
831	
830	
827	
837	
828
KRKOP	
ТКЗКК ап
149	
223 801	
5,92	
5,82	
5,815	
6,075	
5,93
ARSA	
Арсагера
11	
215 890	
3,27	
3,28	
3,24	
3,28	
3,24
STSB	
СтаврЭнСб
97	
209 639	
0,3895	
0,3935	
0,3855	
0,401	
0,3945
KMEZ	
КМЗ
108	
207 891	
447	
451,5	
443,5	
451,5	
447
KCHE	
КамчатЭ ао
40	
193 605	
0,208	
0,2015	
0,2015	
0,215	
0,2055
STSBP	
СтаврЭнСбп
72	
187 040	
0,328	
0,3395	
0,325	
0,3395	
0,3305
VGSB	
ВолгЭнСб
62	
186 775	
1,67	
1,665	
1,65	
1,725	
1,685
AVAN	
Авангрд-ао
71	
183 270	
735	
740	
730	
745	
730
RDRB	
РДБанк ао
17	
182 700	
250	
250	
250	
255	
250
IGST	
Ижсталь2ао
47	
177 164	
860	
875	
856	
875	
860
TORSP	
ТРК ап
24	
166 695	
0,2825	
0,2715	
0,2715	
0,285	
0,2825
IGSTP	
Ижсталь ап
50	
164 753	
692	
697	
679	
707	
679
TORS	
ТРК ао
32	
160 930	
0,402	
0,404	
0,399	
0,407	
0,399
UKUZ	
ЮжКузб. ао
30	
158 696	
524	
528	
514	
530	
520
KBTK	
КузбТК ао
41	
154 498	
159,4	
160	
158	
161	
159,8
CNTL	
Телеграф
30	
149 095	
21,3	
21,15	
21,15	
21,4	
21,3
YKENP	
Якутскэн-п
28	
148 740	
0,338	
0,3485	
0,33	
0,35	
0,3375
SAGOP	
СамарЭн-ап
22	
140 800	
0,391	
0,393	
0,386	
0,401	
0,396
VSYDP	
ВыбСудЗ ап
23	
139 620	
4 100	
4 240	
3 980	
4 240	
4 040
MISB	
ТНСэнМарЭл
32	
133 580	
11,4	
11,8	
11,2	
11,9	
11,3
JNOS	
Славн-ЯНОС
29	
133 120	
19,6	
20	
19,15	
20	
19,75
KTSB	
КСБ ао
49	
131 792	
0,576	
0,57	
0,57	
0,588	
0,572
UNKL	
ЮУНК ао
20	
127 680	
3 450	
3 500	
3 400	
3 540	
3 480
RLMNP	
Роллман-п
89	
126 500	
19,34	
19,36	
19,18	
19,9	
19,4
LPSB	
ЛЭСК ао
52	
122 045	
8,35	
8,35	
8,3	
8,55	
8,3
SARE	
СаратЭн-ао
31	
101 542	
0,121	
0,1222	
0,1186	
0,1226	
0,1224
MRSB	
МордЭнСб
15	
100 870	
0,36	
0,358	
0,358	
0,362	
0,36
RTSB	
ТНСэнРст
19	
98 800	
0,34	
0,34	
0,335	
0,35	
0,345
KTSBP	
КСБ ап
21	
98 490	
0,2525	
0,252	
0,251	
0,2555	
0,2525
MRKK	
Россети СК
54	
98 319	
26,44	
26,42	
26,2	
26,54	
26,4
CHKZ	
ЧКПЗ ао
15	
89 420	
5 260	
5 260	
5 140	
5 340	
5 340
TGKDP	
Квадра-п
48	
84 432	
0,003985	
0,0041	
0,003905	
0,0041	
0,004
VGSBP	
ВолгЭнСб-п
25	
80 360	
1,1	
1,1	
1,08	
1,135	
1,1
SLEN	
Сахэнер ао
27	
68 981	
4,08	
4,1	
4,04	
4,245	
4,1
NFAZ	
Нефтекамск
15	
65 456	
155,8	
156,4	
155,2	
157,4	
155,2
DZRD	
iДонскЗР
21	
56 635	
1 890	
1 885	
1 870	
1 895	
1 895
RUSI	
ИКРУСС-ИНВ
5	
49 650	
38,2	
38,3	
38	
38,4	
38,2
HALS	
Галс-Девел
18	
44 039	
786	
778	
777	
795	
795
TUZA	
ТЗА ао
9	
35 120	
95	
94	
94	
96	
96
OMZZP	
ОМЗ-ап
7	
33 980	
3 400	
3 390	
3 385	
3 405	
3 405
VRSB	
ТНСэнВорон
7	
33 460	
47,8	
47,4	
47,4	
48,2	
48,2
DZRDP	
iДонскЗР п
10	
25 130	
1 570	
1 580	
1 560	
1 580	
1 570
ROSB	
Росбанк ао
18	
24 702	
70,6	
70,8	
70	
71	
70
TNSE	
ТНСэнрг ао
15	
22 630	
985	
975	
960	
995	
995
KROTP	
КрасОкт-1п
5	
21 360	
267	
263	
263	
270,5	
265,5
YRSB	
ТНСэнЯр
7	
19 980	
168	
168	
166	
168	
168
CHGZ	
РН-ЗапСиб
4	
13 200	
33	
34,2	
32,2	
34,2	
33,2
NNSBP	
ТНСэнНН ап
12	
12 902	
538	
536	
532	
555	
534
KCHEP	
КамчатЭ ап
3	
10 770	
0,359	
0,365	
0,354	
0,365	
0,354
VRSBP	
ТНСэнВор-п
3	
9 650	
32	
32	
32	
32,5	
32
NNSB	
ТНСэнНН ао
2	
5 105	
1 275	
1 295	
1 270	
1 295	
1 270
RTSBP	
ТНСэнРст-п
1	
2 850	
0,285	
0,285	
0,285	
0,285	
0,285
KBSB	
ТНСэКубань
2	
2 700	
135	
135	
135	
135	
135
BISV	
БашИнСв ао
0	
0	
-	
-	
-	
-	
8,7
GAZC	
ГАЗКОН-ао
0	
0	
-	
-	
-	
-	
295
GAZS	
ГАЗ-сервис
0	
0	
-	
-	
-	
-	
293
GAZT	
ГАЗ-Тек ао
0	
0	
-	
-	
-	
-	
85
GTSS	
ГЕОТЕК ао
0	
0	
-	
-	
-	
-	
-
HIMC	
Химпром ао
0	
0	
-	
-	
-	
-	
0,99
KMTZ	
КосогМЗ ао
0	
0	
-	
-	
-	
-	
-
KRKO	
ТКЗКК ао
0	
0	
-	
-	
-	
-	
11,8
KSGR	
Кокс ао
0	
0	
-	
-	
-	
-	
-
KUNF	
КУЗОЦМ ао
0	
0	
-	
-	
-	
-	
-
KZMS	
КЗМС ао
0	
0	
-	
-	
-	
-	
226
MFON	
МегаФон ао
0	
0	
-	
-	
-	
-	
650,6
MORI	
Морион ао
0	
0	
-	
-	
-	
-	
4,31
NPOF	
Физика ао
0	
0	
-	
-	
-	
-	
11 850
TRFM	
ТрансФ ао
0	
0	
-	
-	
-	
-	
-
URKA	
Уркалий-ао
0	
0	
-	
-	
-	
-	
119,04
VZRZ	
Возрожд-ао
0	
0	
-	
-	
-	
-	
480
YRSBP	
ТНСэнЯр-п
0	
0	
-	
-	
-	
-	
85,5