SBER	
Сбербанк
57 980	
10 651 660 815	
210,32	
210	
209	
211,97	
210,08
GAZP	
ГАЗПРОМ ао
47 205	
5 183 675 089	
196,07	
195,64	
194,77	
197,48	
197,2
GMKN	
ГМКНорНик
23 748	
4 520 588 770	
18 944	
18 754	
18 726	
19 118	
18 930
LKOH	
ЛУКОЙЛ
16 411	
2 599 228 256	
5 400,5	
5 415,5	
5 375,5	
5 431	
5 416,5
PLZL	
Полюс
13 494	
2 069 798 908	
12 136,5	
11 970	
11 933,5	
12 284	
12 260
AFLT	
Аэрофлот
35 021	
1 599 481 029	
80,42	
80,9	
79,56	
81,38	
80,84
ROSN	
Роснефть
11 685	
1 220 323 016	
364,65	
367,5	
362,95	
368,2	
364,95
MGNT	
Магнит ао
11 835	
1 208 144 933	
4 203,5	
4 202,5	
4 179	
4 234,5	
4 213,5
SBERP	
Сбербанк-п
14 580	
1 129 992 395	
192,99	
193	
191,98	
194,4	
193
MTSS	
МТС-ао
11 901	
1 123 862 294	
332,6	
331	
330,45	
335	
334,2
YNDX	
Yandex clA
14 716	
973 238 753	
3 547,4	
3 560,4	
3 513	
3 575	
3 540
TATN	
Татнфт 3ао
11 546	
908 302 425	
566,5	
569,1	
563,1	
569,1	
566,7
SNGSP	
Сургнфгз-п
10 798	
800 359 735	
35,265	
35,02	
34,935	
35,665	
35,455
CHMF	
СевСт-ао
17 854	
786 759 772	
877,8	
868,2	
866	
887,8	
884,8
MAIL	
MAIL-гдр
31 026	
645 582 582	
1 734,8	
1 689,6	
1 665	
1 776,6	
1 754,8
HYDR	
РусГидро
13 516	
633 923 522	
0,7683	
0,77	
0,761	
0,777	
0,7693
SNGS	
Сургнфгз
8 995	
607 777 848	
38,51	
38,78	
38,31	
38,835	
38,41
IRAO	
ИнтерРАОао
7 660	
606 115 023	
4,989	
5,02	
4,956	
5,03	
5,0165
VTBR	
ВТБ ао
18 874	
603 510 182	
0,035545	
0,035515	
0,03538	
0,035695	
0,0355
BANEP	
Башнефт ап
18 491	
580 041 176	
1 379,5	
1 365	
1 356	
1 392	
1 387,5
NLMK	
НЛМК ао
8 538	
571 434 771	
142,26	
141,28	
140,62	
143,82	
143,68
MAGN	
ММК
7 496	
517 432 000	
37,91	
37,82	
37,63	
38,255	
37,95
NVTK	
Новатэк ао
7 494	
516 708 501	
1 042,8	
1 039,4	
1 036,4	
1 049	
1 045
POLY	
Polymetal
9 273	
514 978 992	
1 384,1	
1 375,7	
1 372	
1 407,1	
1 400,1
ALRS	
АЛРОСА ао
12 176	
479 838 497	
65,29	
65,4	
64,82	
65,79	
65,56
MOEX	
МосБиржа
9 452	
365 432 183	
115,93	
116,33	
115,56	
116,4	
116,25
TGKA	
ТГК-1
21 591	
340 306 955	
0,013098	
0,013012	
0,012906	
0,01324	
0,01324
CBOM	
МКБ ао
7 036	
267 573 582	
5,646	
5,627	
5,616	
5,675	
5,644
UPRO	
Юнипро ао
4 690	
257 666 888	
2,826	
2,794	
2,779	
2,859	
2,851
AFKS	
Система ао
4 506	
246 797 636	
17,221	
17,3	
17,126	
17,349	
17,256
TRNFP	
Транснф ап
1 037	
244 899 500	
136 500	
137 150	
135 650	
137 450	
136 700
RSTI	
Россети ао
5 266	
244 393 030	
1,5433	
1,5451	
1,528	
1,5567	
1,549
TATNP	
Татнфт 3ап
4 822	
227 592 324	
551,1	
550,4	
546,5	
558,9	
554
FIVE	
FIVE-гдр
4 524	
220 804 359	
2 547	
2 515	
2 500	
2 576,5	
2 566
SIBN	
Газпрнефть
4 334	
203 002 693	
333,1	
333,15	
331,95	
334,5	
334
DSKY	
ДетскийМир
8 039	
190 588 842	
103,2	
101,94	
101,92	
104,44	
103,5
FEES	
ФСК ЕЭС ао
5 298	
177 454 607	
0,18928	
0,1896	
0,18802	
0,1903	
0,1903
PHOR	
ФосАгро ао
5 983	
175 039 798	
2 583	
2 576	
2 559	
2 600	
2 590
POGR	
Petropavl
4 088	
125 356 850	
23,545	
23,695	
23,415	
23,85	
23,5
RUAL	
РУСАЛ ао
6 402	
119 868 019	
26,575	
26,205	
26,205	
26,82	
26,65
OGKB	
ОГК-2 ао
6 975	
109 795 267	
0,7966	
0,7978	
0,791	
0,7996	
0,7977
TCSG	
TCS-гдр
4 739	
109 278 994	
1 459,2	
1 426,2	
1 426,2	
1 472,6	
1 456
RTKM	
Ростел -ао
3 193	
100 294 476	
88,01	
88,38	
87,63	
88,38	
88,09
MTLR	
Мечел ао
6 434	
85 851 436	
65,88	
66,5	
65,34	
66,7	
65,97
BANE	
Башнефт ао
4 030	
85 739 974	
1 805	
1 784,5	
1 777,5	
1 824,5	
1 808
NKNCP	
НКНХ ап
3 332	
74 060 605	
89,88	
89,92	
89,52	
90,02	
90
MTLRP	
Мечел ап
3 261	
73 609 481	
84,8	
82,7	
82,65	
87,5	
84,4
LSRG	
ЛСР ао
3 730	
72 218 957	
728	
729,6	
720,8	
737	
729,2
NMTP	
НМТП ао
5 530	
67 670 106	
10,635	
10,56	
10,56	
10,69	
10,68
MSNG	
+МосЭнерго
1 874	
62 363 949	
2,192	
2,181	
2,176	
2,205	
2,183
ENRU	
ЭнелРос ао
3 427	
59 351 709	
1,015	
1,0125	
1,011	
1,0175	
1,017
TRMK	
ТМК ао
451	
56 749 460	
60,14	
60,02	
59,96	
60,2	
60,08
CNTLP	
Телеграф-п
2 693	
49 358 538	
27,68	
27,38	
27,12	
28,28	
27,72
APTK	
Аптеки36и6
8 415	
48 736 127	
14,19	
14,236	
14,022	
14,49	
14,08
DIOD	
ЗаводДИОД
7 134	
48 046 284	
6,7	
5,8	
5,73	
7,6	
6,32
QIWI	
iQIWI
2 254	
37 059 988	
1 279,5	
1 260,5	
1 260	
1 294	
1 273,5
MVID	
М.видео
1 033	
36 955 142	
405,4	
403,6	
403	
406,9	
404,4
RTKMP	
Ростел -ап
1 479	
36 215 149	
79,55	
78,15	
78,15	
80,3	
78,9
LNTA	
Лента др
2 980	
34 950 116	
171,8	
171,7	
170,3	
173	
170,6
PIKK	
ПИК ао
2 111	
32 946 606	
426,1	
426,4	
424	
428	
425,5
RASP	
Распадская
794	
29 009 876	
110,02	
111,98	
109,2	
111,98	
109,44
RSTIP	
Россети ап
1 477	
27 611 299	
2,166	
2,124	
2,101	
2,2	
2,145
AQUA	
РусАква ао
522	
18 464 570	
192	
208,5	
199,5	
210,5	
200,5
AKRN	
Акрон
497	
18 425 556	
5 568	
5 552	
5 540	
5 600	
5 576
DVEC	
ДЭК ао
1 247	
15 215 287	
1,098	
1,038	
1,008	
1,172	
1,057
AGRO	
AGRO-гдр
1 318	
14 334 434	
653,2	
649,8	
648,6	
655,8	
652,8
NKNC	
НКНХ ао
925	
13 757 759	
100,35	
100	
99,9	
100,95	
100,05
ETLN	
ETLN-гдр
1 946	
13 620 274	
100,58	
101,4	
99,8	
101,54	
100,92
LSNGP	
РСетиЛЭ-п
931	
12 716 401	
156,9	
157,8	
155,85	
158	
156,9
BSPB	
БСП ао
1 244	
10 827 139	
40,84	
40,75	
40,7	
41,1	
41,08
ISKJ	
iИСКЧ ао
1 497	
10 403 638	
26,57	
25,41	
25,41	
27,39	
26,04
MRKP	
МРСК ЦП
628	
8 899 708	
0,1966	
0,1987	
0,1945	
0,1987	
0,1968
TRCN	
ТрансК ао
251	
8 473 580	
8 630	
8 315	
8 305	
8 855	
8 590
VRSB	
ТНСэнВорон
714	
7 550 000	
53,8	
50,4	
48,2	
59,8	
58
CNTL	
Телеграф
493	
7 241 200	
30,4	
30,45	
29,6	
30,85	
30,5
VSMO	
ВСМПО-АВСМ
196	
6 876 160	
18 940	
18 940	
18 820	
19 100	
18 900
SVAV	
СОЛЛЕРС
259	
6 641 415	
260	
258,5	
256	
261,5	
260
LNZL	
Лензолото
223	
6 623 550	
8 610	
8 590	
8 500	
8 740	
8 740
KZOSP	
ОргСинт ап
2 059	
5 994 446	
12,46	
11,98	
11,8	
13,36	
12,08
KRKNP	
СаратНПЗ-п
259	
5 967 160	
15 700	
15 700	
15 620	
15 800	
15 720
SFIN	
САФМАР ао
418	
5 917 064	
459,8	
467,8	
458,4	
467,8	
459
RNFT	
РуссНфт ао
738	
5 760 509	
546,2	
546,4	
544	
551,2	
544,4
OBUV	
ОР ао
847	
5 244 796	
32,65	
32,8	
32,3	
33,3	
32,35
VGSB	
ВолгЭнСб
79	
5 138 055	
1,58	
1,55	
1,55	
1,605	
1,575
VRSBP	
ТНСэнВор-п
473	
4 932 650	
57	
50,5	
46	
67,5	
67
GAZA	
ГАЗ ао
203	
4 599 610	
399,5	
388	
240,5	
499	
384,5
LIFE	
iФармсинтз
567	
4 552 084	
6,74	
6,755	
6,665	
6,86	
6,7
UNKL	
ЮУНК ао
381	
4 436 660	
4 090	
4 120	
3 810	
4 400	
3 900
YAKG	
ЯТЭК ао
32	
4 262 485	
41,2	
41,1	
41,05	
41,2	
41,2
MRKV	
РсетВол ао
388	
4 035 300	
0,07645	
0,07695	
0,07605	
0,0771	
0,0761
MOBB	
МосОблБанк
1 163	
3 891 886	
0,88	
0,84	
0,822	
0,906	
0,872
TGKB	
ТГК-2
197	
3 780 150	
0,003995	
0,004	
0,00398	
0,004035	
0,00401
KZOS	
ОргСинт ао
680	
3 682 545	
89,2	
90	
88,8	
90	
89,1
SELG	
Селигдар
561	
3 622 196	
24,18	
24,56	
24	
24,61	
24,25
FESH	
ДВМП ао
290	
3 440 936	
7,29	
7,25	
7,24	
7,34	
7,3
AMEZ	
АшинскийМЗ
386	
3 439 790	
4,12	
4,115	
4,07	
4,18	
4,13
LNZLP	
Лензол. ап
345	
3 388 760	
3 665	
3 675	
3 610	
3 695	
3 695
SLEN	
Сахэнер ао
927	
3 158 358	
4,535	
4,79	
4,355	
4,91	
4,465
IRKT	
ИРКУТ-3
200	
2 811 770	
36,14	
36,76	
35,4	
36,98	
35,94
KAZT	
Куйбазот
45	
2 194 530	
143,6	
143,6	
142,2	
144,6	
143,2
ENPG	
ЭН+ГРУП ао
161	
2 118 455	
593	
591,5	
590,5	
593,5	
592
GCHE	
ЧеркизГ-ао
301	
2 057 964	
1 742,5	
1 741	
1 731	
1 779	
1 743,5
RZSB	
РязЭнСб
75	
2 040 020	
10	
9,88	
9,8	
10,38	
10,2
KLSB	
КалужскСК
261	
2 028 595	
11,67	
11,61	
11,52	
11,9	
11,89
KMAZ	
КАМАЗ
265	
1 835 523	
57,5	
58,3	
57	
58,3	
57,2
ALNU	
АЛРОСА-Нюр
25	
1 799 800	
54 600	
54 200	
54 000	
55 000	
54 800
MGTSP	
МГТС-4ап
242	
1 765 984	
2 008	
2 000	
1 990	
2 026	
2 022
CHEP	
ЧТПЗ ао
130	
1 596 790	
199,5	
203	
198	
203	
199,5
TNSE	
ТНСэнрг ао
145	
1 465 515	
1 010	
1 030	
980	
1 035	
1 030
MRKC	
МРСК Центр
301	
1 454 288	
0,284	
0,282	
0,282	
0,285	
0,2836
ASSB	
АстрЭнСб
375	
1 415 819	
0,854	
0,848	
0,8315	
0,888	
0,8495
USBN	
УралСиб ао
138	
1 271 471	
0,0682	
0,0696	
0,0679	
0,0696	
0,0683
VSYD	
ВыбСудЗ ао
134	
1 259 785	
4 240	
4 035	
3 205	
4 535	
4 150
RUSP	
Русполимет
115	
1 192 965	
0,6415	
0,653	
0,6255	
0,657	
0,636
UNAC	
iАвиастКао
187	
1 145 945	
0,481	
0,4815	
0,475	
0,487	
0,4805
MISBP	
ТНСэМаЭл-п
39	
1 118 400	
12,2	
11,8	
11,6	
12,4	
12,2
BELU	
Белуга ао
127	
1 035 549	
1 359	
1 370	
1 342	
1 380	
1 363
URKZ	
УрКузница
49	
1 017 560	
12 880	
12 720	
12 660	
13 080	
12 660
ZILL	
ЗИЛ ао
134	
1 000 560	
2 550	
2 555	
2 500	
2 650	
2 515
MSRS	
РСетиМР ао
95	
998 160	
1,113	
1,113	
1,11	
1,1155	
1,1115
MFGS	
Мегион-ао
86	
930 390	
375	
369,5	
365,5	
399	
377
GTRK	
ГТМ ао
230	
919 374	
42,25	
42	
41,8	
42,8	
41,9
KCHE	
КамчатЭ ао
76	
904 645	
0,2195	
0,216	
0,2135	
0,228	
0,2185
HIMCP	
Химпром ап
54	
881 212	
5,94	
5,9	
5,9	
5,99	
5,94
RBCM	
РБК ао
249	
863 386	
3,232	
3,212	
3,202	
3,298	
3,214
INGR	
ИНГРАД ао
205	
810 430	
736	
744	
730	
749	
730
LSNG	
РСетиЛЭ
169	
773 987	
6,02	
6,01	
6,01	
6,04	
6,02
KBSB	
ТНСэКубань
126	
767 165	
194,5	
188,5	
186	
209	
187
VSYDP	
ВыбСудЗ ап
97	
761 360	
4 320	
4 040	
3 960	
4 580	
4 220
MISB	
ТНСэнМарЭл
148	
752 820	
12,5	
12,4	
11,6	
13,1	
13
JNOSP	
Слав-ЯНОСп
14	
729 092	
14,16	
14,3	
14	
14,3	
14,3
MRKU	
МРСК Ур
61	
692 284	
0,1584	
0,1578	
0,1578	
0,1598	
0,158
PMSBP	
ПермьЭнС-п
165	
690 960	
131,6	
132,4	
131	
132,6	
131,6
MSTT	
Мостотрест
113	
667 524	
151,7	
154	
149,95	
154	
152,35
SELGP	
Селигдар-п
87	
596 725	
25,95	
25,95	
25,75	
26	
26
KAZTP	
Куйбазот-п
57	
542 480	
145,4	
149	
143,8	
149	
148
GEMA	
iММЦБ ао
118	
519 442	
608	
610	
606	
611,5	
608
CHGZ	
РН-ЗапСиб
72	
519 120	
34,8	
34	
33	
42,4	
33,8
RUGR	
Русгрэйн
888	
508 817	
7,12	
7,196	
7,024	
7,264	
7,106
UWGN	
ОВК ао
103	
499 151	
237,6	
237,5	
235,2	
240,8	
239,9
MRKY	
РоссЮг ао
111	
495 618	
0,05015	
0,0517	
0,0497	
0,0517	
0,05015
NAUK	
iНПОНаука
95	
493 710	
183,6	
182,2	
180,2	
185,6	
184,8
ABRD	
АбрауДюрсо
106	
484 980	
130	
130,5	
129,5	
130,5	
130,5
KRKN	
СаратНПЗ
26	
423 000	
13 200	
13 250	
13 050	
13 450	
13 100
LPSB	
ЛЭСК ао
102	
396 390	
7,75	
7,65	
7,6	
7,95	
7,75
PRTK	
ПРОТЕК ао
93	
390 261	
99,3	
99,2	
99,1	
99,6	
99,1
UTAR	
ЮТэйр ао
106	
375 817	
7,37	
7,55	
7,3	
7,55	
7,31
MGTS	
МГТС-5ао
40	
375 510	
2 360	
2 340	
2 340	
2 380	
2 340
NSVZ	
НаукаСвяз
74	
362 825	
227	
232,5	
224	
232,5	
228
RUSI	
ИКРУСС-ИНВ
28	
354 020	
37,3	
37,1	
36,6	
38,1	
37,7
KGKCP	
КурганГКап
23	
343 800	
54	
54,5	
54	
54,5	
54
RGSS	
РГС СК ао
265	
328 131	
0,148	
0,1488	
0,147	
0,151	
0,1482
PMSB	
ПермьЭнСб
99	
322 784	
131,7	
130,7	
130,7	
132,8	
131,4
IRGZ	
ИркЭнерго
70	
319 280	
11,74	
11,68	
11,6	
11,92	
11,8
KRSBP	
Красэсб ап
26	
315 480	
7,18	
7,12	
6,84	
7,58	
7,08
RKKE	
ЭнергияРКК
29	
310 330	
5 010	
4 860	
4 860	
5 050	
5 010
PRMB	
Приморье
13	
309 400	
23 800	
24 000	
23 200	
24 200	
23 600
PAZA	
ПавлАвт ао
17	
308 230	
7 710	
7 690	
7 690	
7 760	
7 710
MRKZ	
МРСК СЗ
100	
307 550	
0,0496	
0,049	
0,049	
0,0503	
0,04965
TTLK	
Таттел. ао
56	
303 425	
0,2835	
0,2885	
0,2825	
0,2885	
0,2825
KRKOP	
ТКЗКК ап
29	
285 619	
5,71	
5,725	
5,7	
5,8	
5,76
YKEN	
Якутскэнрг
39	
282 380	
0,362	
0,3565	
0,3535	
0,37	
0,36
KROT	
КрасОкт-ао
47	
281 310	
347,5	
352	
345	
352	
347
BLNG	
Белон ао
103	
248 335	
3,968	
4,018	
3,918	
4,018	
4
BRZL	
БурЗолото
30	
243 063	
824	
824	
823	
829	
824
VZRZP	
Возрожд-п
34	
241 476	
309,6	
305,4	
305	
311,4	
308,8
KUZB	
КузнецкийБ
64	
192 494	
0,01544	
0,01548	
0,0154	
0,01559	
0,01559
STSBP	
СтаврЭнСбп
47	
187 742	
0,345	
0,3375	
0,3345	
0,3495	
0,349
WTCM	
ЦМТ ао
23	
187 188	
8,84	
8,92	
8,8	
8,92	
8,86
VLHZ	
ВХЗ-ао
51	
182 901	
48,9	
48,85	
48,65	
49,3	
49,15
KOGK	
КоршГОК ао
4	
181 600	
45 400	
45 000	
45 000	
45 800	
45 800
TGKD	
Квадра
63	
177 059	
0,003105	
0,00309	
0,003055	
0,003125	
0,0031
TASBP	
ТамбЭнСб-п
34	
174 215	
0,363	
0,36	
0,359	
0,366	
0,366
MRKS	
РсетСиб ао
25	
170 335	
0,247	
0,247	
0,246	
0,2485	
0,246
DZRDP	
iДонскЗР п
9	
166 410	
1 630	
1 640	
1 630	
1 640	
1 640
WTCMP	
ЦМТ ап
66	
163 466	
7,94	
7,94	
7,82	
8,04	
8
KCHEP	
КамчатЭ ап
26	
159 730	
0,363	
0,365	
0,35	
0,37	
0,359
MFGSP	
Мегион-ап
33	
155 365	
330,5	
328	
324	
340	
327,5
TGKBP	
ТГК-2 ап
15	
149 820	
0,00713	
0,00717	
0,0071	
0,00717	
0,00711
NKHP	
НКХП ао
36	
148 950	
229	
229,5	
227	
230	
230
KROTP	
КрасОкт-1п
18	
145 645	
255,5	
254	
253,5	
261	
261
ARSA	
Арсагера
24	
143 350	
3,33	
3,3	
3,25	
3,42	
3,42
MAGE	
МагадЭн ао
16	
142 490	
7,5	
7,83	
7,42	
7,83	
7,52
HALS	
Галс-Девел
24	
140 231	
762	
753	
751	
776	
754
KRSB	
Красэсб ао
18	
133 080	
7	
6,99	
6,95	
7,06	
7,04
TGKN	
ТГК-14
34	
132 160	
0,00315	
0,00316	
0,00313	
0,00317	
0,00314
AVAN	
Авангрд-ао
40	
128 755	
685	
690	
680	
695	
695
TORS	
ТРК ао
22	
123 380	
0,374	
0,371	
0,365	
0,382	
0,375
RTGZ	
ГазпРнД ао
5	
121 850	
24 350	
24 550	
23 800	
24 600	
24 450
RLMNP	
Роллман-п
46	
118 414	
19,9	
19,42	
19,38	
20,6	
19,68
RDRB	
РДБанк ао
26	
116 300	
240	
240	
240	
250	
245
JNOS	
Славн-ЯНОС
22	
116 220	
18,75	
18,4	
18,4	
19	
18,85
ROST	
РОСИНТЕРао
26	
111 380	
61,2	
61,6	
60,8	
62,4	
61
BISVP	
БашИнСв ап
25	
110 902	
8,28	
8,33	
8,25	
8,34	
8,28
NNSB	
ТНСэнНН ао
25	
109 175	
1 330	
1 335	
1 300	
1 360	
1 325
SAGO	
СамарЭн-ао
14	
107 740	
0,432	
0,424	
0,424	
0,436	
0,436
DZRD	
iДонскЗР
24	
104 940	
1 945	
1 925	
1 915	
1 950	
1 950
YKENP	
Якутскэн-п
9	
99 920	
0,3445	
0,345	
0,34	
0,348	
0,3445
TASB	
ТамбЭнСб
16	
99 460	
0,452	
0,4455	
0,4405	
0,46	
0,454
MRKK	
Россети СК
50	
94 774	
26,34	
26,5	
26,08	
26,5	
26,24
TUZA	
ТЗА ао
9	
92 160	
95	
95	
95	
96	
95
RLMN	
Роллман
35	
91 865	
18,7	
18,9	
18,6	
18,9	
18,85
GAZAP	
ГАЗ ап
16	
89 620	
320	
316,5	
316,5	
322	
322
VJGZP	
Варьеган-п
12	
86 020	
331	
337	
330	
337	
333
ROLO	
Русолово
10	
85 492	
3,886	
3,922	
3,846	
3,922	
3,884
ROSB	
Росбанк ао
13	
84 458	
70,4	
70,4	
69,6	
71	
70,6
KGKC	
КурганГКао
8	
80 590	
53	
53	
52	
54	
54
LVHK	
Левенгук
35	
80 447	
8,04	
8,04	
7,94	
8,15	
7,94
KUBE	
Кубанэнр
43	
80 273	
71,7	
71,6	
70,6	
72,4	
71,3
TORSP	
ТРК ап
13	
80 160	
0,267	
0,2685	
0,2645	
0,269	
0,265
MAGEP	
МагадЭн ап
12	
80 070	
6,675	
6,795	
6,55	
6,795	
6,61
KMEZ	
КМЗ
20	
77 581	
462	
462,5	
457	
462,5	
462
MRSB	
МордЭнСб
9	
76 560	
0,348	
0,347	
0,346	
0,35	
0,349
ELTZ	
Электрцинк
72	
74 408	
163	
165	
161,5	
165	
164
CHKZ	
ЧКПЗ ао
10	
72 940	
5 220	
5 220	
5 200	
5 240	
5 220
NNSBP	
ТНСэнНН ап
25	
72 237	
569	
552	
552	
593	
567
STSB	
СтаврЭнСб
29	
70 289	
0,3995	
0,3995	
0,392	
0,4085	
0,3975
CHMK	
ЧМК ао
17	
69 065	
2 465	
2 475	
2 460	
2 475	
2 460
ZVEZ	
ЗВЕЗДА ао
10	
67 545	
4,505	
4,495	
4,495	
4,52	
4,5
RTSB	
ТНСэнРст
10	
67 050	
0,395	
0,39	
0,39	
0,4	
0,395
RAVN	
Raven
11	
59 470	
29,75	
29,6	
29,6	
30,1	
29,7
IGST	
Ижсталь2ао
21	
59 318	
835	
831	
821	
843	
841
NFAZ	
Нефтекамск
18	
58 984	
163,8	
162,4	
162,4	
165,8	
164
YRSB	
ТНСэнЯр
11	
53 900	
168	
168	
168	
170	
170
MGNZ	
СМЗ-ао
9	
48 410	
4 030	
4 020	
4 020	
4 060	
4 060
KTSBP	
КСБ ап
18	
46 405	
0,258	
0,251	
0,2505	
0,263	
0,261
UCSS	
ОКС ао
12	
46 080	
1 440	
1 430	
1 420	
1 450	
1 440
VGSBP	
ВолгЭнСб-п
9	
42 645	
1,095	
1,09	
1,09	
1,11	
1,105
ALBK	
БестЭфБ ао
8	
42 605	
52,5	
52,5	
52,5	
53	
53
OMZZP	
ОМЗ-ап
6	
38 905	
3 240	
3 230	
3 230	
3 255	
3 255
NKSH	
Нижкамшина
9	
35 872	
22,42	
22,5	
22,26	
22,56	
22,5
UKUZ	
ЮжКузб. ао
10	
34 550	
532	
526	
524	
534	
530
TGKDP	
Квадра-п
20	
34 019	
0,003955	
0,004035	
0,003885	
0,004035	
0,00398
YRSBP	
ТНСэнЯр-п
12	
28 885	
87,5	
87	
87	
88,5	
88
RTSBP	
ТНСэнРст-п
6	
20 940	
0,299	
0,296	
0,295	
0,302	
0,3
VJGZ	
Варьеган
9	
19 410	
588	
588	
587	
589	
589
KBTK	
КузбТК ао
5	
17 116	
155,6	
155,2	
155,2	
156,2	
155,8
KTSB	
КСБ ао
15	
15 434	
0,594	
0,59	
0,588	
0,606	
0,594
SAGOP	
СамарЭн-ап
2	
12 150	
0,405	
0,405	
0,405	
0,405	
0,405
IGSTP	
Ижсталь ап
8	
9 828	
655	
654	
651	
663	
663
SARE	
СаратЭн-ао
3	
3 554	
0,1186	
0,1186	
0,1184	
0,1186	
0,1186
SAREP	
СаратЭн-ап
1	
918	
0,0918	
0,0918	
0,0918	
0,0918	
0,0918
GAZC	
ГАЗКОН-ао
0	
0	
-	
-	
-	
-	
295
GTSS	
ГЕОТЕК ао
0	
0	
-	
-	
-	
-	
-
NPOF	
Физика ао
0	
0	
-	
-	
-	
-	
11 850
KMTZ	
КосогМЗ ао
0	
0	
-	
-	
-	
-	
-
KZMS	
КЗМС ао
0	
0	
-	
-	
-	
-	
226
TRFM	
ТрансФ ао
0	
0	
-	
-	
-	
-	
-
GAZS	
ГАЗ-сервис
0	
0	
-	
-	
-	
-	
293
HIMC	
Химпром ао
0	
0	
-	
-	
-	
-	
0,99
GAZT	
ГАЗ-Тек ао
0	
0	
-	
-	
-	
-	
85
KSGR	
Кокс ао
0	
0	
-	
-	
-	
-	
-
URKA	
Уркалий-ао
0	
0	
-	
-	
-	
-	
119,04
VZRZ	
Возрожд-ао
0	
0	
-	
-	
-	
-	
480
MFON	
МегаФон ао
0	
0	
-	
-	
-	
-	
650,6
BISV	
БашИнСв ао
0	
0	
-	
-	
-	
-	
8,7
KRKO	
ТКЗКК ао
0	
0	
-	
-	
-	
-	
11,8
MORI	
Морион ао
0	
0	
-	
-	
-	
-	
4,31
KUNF	
КУЗОЦМ ао
0	
0	
-	
-	
-	
-	
-