SBER	
Сбербанк
84 083	
14 565 232 568	
225,61	
222,27	
221,3	
228,36	
226,52
GMKN	
ГМКНорНик
29 157	
5 649 147 494	
19 878	
19 606	
19 456	
20 128	
20 050
GAZP	
ГАЗПРОМ ао
58 754	
5 252 620 484	
183,26	
182,5	
181,72	
184,03	
183,25
LKOH	
ЛУКОЙЛ
28 763	
4 180 205 339	
5 052,5	
5 071	
5 028	
5 087	
5 044
PLZL	
Полюс
21 064	
3 182 760 886	
16 906,5	
17 074,5	
16 720	
17 185	
16 820,5
MOEX	
МосБиржа
46 289	
2 923 576 907	
137,8	
133,53	
133,53	
139,77	
137,72
VTBR	
ВТБ ао
55 331	
2 640 953 028	
0,0397	
0,038835	
0,03876	
0,040135	
0,039985
MTSS	
МТС-ао
25 726	
2 351 210 163	
332,1	
328	
326,55	
334,95	
334
YNDX	
Yandex clA
33 498	
2 348 209 067	
4 296	
4 261,2	
4 242,6	
4 328,8	
4 305
MGNT	
Магнит ао
20 147	
2 036 656 897	
4 619,5	
4 585,5	
4 574	
4 668	
4 609,5
SBERP	
Сбербанк-п
24 913	
1 738 463 116	
208,51	
206,27	
204	
210,77	
209,9
NVTK	
Новатэк ао
19 245	
1 626 312 460	
1 074	
1 088,4	
1 058	
1 092,2	
1 061,4
TATN	
Татнфт 3ао
27 533	
1 426 871 741	
547,2	
550,8	
543,9	
553,8	
543,9
ROSN	
Роснефть
11 692	
1 330 456 092	
356,7	
356	
355,25	
358,35	
356,2
IRAO	
ИнтерРАОао
15 693	
1 244 551 379	
5,847	
5,782	
5,772	
5,89	
5,844
ALRS	
АЛРОСА ао
23 416	
1 163 525 623	
68,61	
68,65	
67,58	
69,35	
68,47
POLY	
Polymetal
17 375	
1 131 374 571	
1 853,2	
1 866	
1 836,5	
1 872,9	
1 848,9
SNGSP	
Сургнфгз-п
18 609	
1 059 296 908	
37,16	
37,57	
36,86	
37,69	
36,86
TRNFP	
Транснф ап
3 736	
999 433 600	
132 700	
134 350	
131 350	
135 200	
131 350
AFLT	
Аэрофлот
20 641	
989 066 426	
83,8	
83,2	
83,18	
84,28	
83,74
SIBN	
Газпрнефть
19 571	
775 748 997	
318,5	
321,5	
316,15	
322,8	
318,75
AFKS	
Система ао
16 694	
775 524 895	
20,017	
19,792	
16,503	
21,374	
20,033
SNGS	
Сургнфгз
11 787	
756 377 847	
37,145	
37,23	
37	
37,345	
37,015
RSTI	
Россети ао
15 949	
675 591 287	
1,6265	
1,5868	
1,5868	
1,6498	
1,6336
CHMF	
СевСт-ао
12 979	
616 873 747	
917,2	
912,6	
910	
920	
918,2
MAIL	
MAIL-гдр
21 669	
550 864 461	
2 030	
2 000	
1 994,2	
2 051,2	
2 028
RUAL	
РУСАЛ ао
18 853	
510 645 892	
28,345	
28,095	
22,985	
29,495	
28,96
NLMK	
НЛМК ао
11 022	
509 085 031	
145,52	
145,52	
144,52	
146,8	
145
TCSG	
TCS-гдр
15 792	
473 455 688	
1 889,8	
1 897	
1 840,2	
1 904,2	
1 892,8
HYDR	
РусГидро
12 900	
458 298 399	
0,7688	
0,7605	
0,7605	
0,7747	
0,7697
POGR	
Petropavl
11 913	
368 594 446	
37,97	
39	
37	
39,5	
37,28
MAGN	
ММК
6 010	
365 240 823	
39,785	
39,855	
39,5	
40,095	
40,095
TATNP	
Татнфт 3ап
12 432	
339 765 212	
529,5	
537,2	
526	
537,2	
527,8
FEES	
ФСК ЕЭС ао
8 360	
332 514 872	
0,20254	
0,2	
0,1992	
0,20388	
0,20206
LNTA	
Лента др
16 552	
322 203 036	
218,7	
215,1	
209,5	
223,3	
217
CBOM	
МКБ ао
7 515	
295 124 497	
5,956	
5,945	
5,901	
5,996	
5,944
OGKB	
ОГК-2 ао
15 392	
265 605 079	
0,7633	
0,7499	
0,7456	
0,771	
0,762
DSKY	
ДетскийМир
10 155	
262 078 420	
117,74	
116,3	
116,24	
118,5	
118,5
FIVE	
FIVE-гдр
6 489	
259 053 138	
2 801	
2 780	
2 601	
2 829,5	
2 781
UPRO	
Юнипро ао
10 869	
190 586 406	
2,859	
2,82	
2,65	
3,162	
2,875
PHOR	
ФосАгро ао
4 171	
150 012 298	
2 670	
2 689	
2 643	
2 699	
2 647
RTKM	
Ростел -ао
4 637	
148 611 203	
90,81	
90,2	
90,2	
91,22	
91
MVID	
М.видео
3 395	
144 936 744	
442,7	
431,3	
431,3	
447,4	
446
CNTLP	
Телеграф-п
5 270	
144 325 892	
29,6	
28,9	
28,82	
29,9	
29,8
MTLRP	
Мечел ап
4 620	
125 190 447	
82	
82,8	
81	
83,95	
81,9
LSRG	
ЛСР ао
4 939	
116 529 528	
743,2	
737	
734,2	
769,8	
745
TGKA	
ТГК-1
8 120	
81 630 637	
0,012216	
0,012002	
0,011954	
0,012358	
0,01225
NMTP	
НМТП ао
3 816	
72 479 937	
9,23	
9,26	
9,2	
9,295	
9,225
CNTL	
Телеграф
2 512	
72 451 725	
29,7	
29,25	
29,15	
29,9	
29,85
ENRU	
ЭнелРос ао
2 568	
67 681 840	
0,9595	
0,9495	
0,9485	
0,9645	
0,961
AGRO	
AGRO-гдр
3 076	
66 000 661	
717,2	
724,8	
710	
726,8	
711,2
QIWI	
iQIWI
3 730	
63 348 539	
1 447,5	
1 437	
1 416	
1 480,5	
1 435
PIKK	
ПИК ао
2 372	
62 190 646	
498	
490,8	
488	
506	
497
BANEP	
Башнефт ап
2 640	
51 996 415	
1 349,5	
1 353,5	
1 346	
1 355	
1 350
UNKL	
ЮУНК ао
2 890	
51 563 690	
9 440	
8 270	
8 270	
9 950	
9 180
ETLN	
ETLN-гдр
3 751	
48 110 612	
108,98	
109	
108,08	
110,1	
110,1
RTKMP	
Ростел -ап
2 350	
47 147 001	
85,55	
85,7	
85,05	
85,95	
85,7
MTLR	
Мечел ао
4 493	
46 837 280	
65,91	
65,16	
65,16	
66,47	
65,65
RSTIP	
Россети ап
3 348	
44 765 360	
2,172	
2,105	
2,105	
2,2	
2,145
SELG	
Селигдар
2 280	
42 279 932	
38,97	
39,97	
38,11	
39,98	
38,79
AQUA	
РусАква ао
1 266	
40 870 335	
200,5	
201	
199,5	
204,5	
201,5
AKRN	
Акрон
1 008	
39 498 922	
5 870	
5 810	
5 790	
5 920	
5 912
LSNGP	
РСетиЛЭ-п
2 043	
37 302 362	
149,55	
151,3	
148,75	
151,9	
149,1
LNZL	
Лензолото
1 052	
34 080 430	
18 450	
18 790	
18 100	
18 800	
18 470
RUGR	
Русгрэйн
12 671	
33 993 205	
9,954	
9,52	
9,414	
10,45	
9,766
BSPB	
БСП ао
1 969	
32 591 637	
42,64	
42,59	
42,37	
42,96	
42,8
VSMO	
ВСМПО-АВСМ
781	
32 388 600	
18 040	
18 120	
17 940	
18 200	
17 940
RASP	
Распадская
879	
27 060 421	
106,26	
105,4	
105,4	
106,82	
106,46
YAKG	
ЯТЭК ао
366	
26 975 475	
42,85	
43,2	
42,6	
45,55	
42,7
TRMK	
ТМК ао
867	
22 953 694	
59,72	
60,1	
59,24	
60,1	
59,9
MSNG	
+МосЭнерго
905	
19 326 772	
2,167	
2,17	
2,156	
2,175	
2,1645
TUZA	
ТЗА ао
2 648	
19 026 210	
115	
93	
93	
128	
115
RKKE	
ЭнергияРКК
1 055	
16 811 420	
9 760	
9 170	
9 170	
10 040	
9 630
LNZLP	
Лензол. ап
1 009	
16 059 690	
5 875	
5 900	
5 520	
6 150	
5 790
ARSA	
Арсагера
1 446	
15 138 160	
4,18	
3,67	
3,67	
4,99	
3,71
ENPG	
ЭН+ГРУП ао
481	
14 722 909	
745	
753,5	
735	
758,5	
735
BRZL	
БурЗолото
1 476	
12 870 792	
1 207	
1 212	
1 160	
1 250	
1 195
MRKP	
МРСК ЦП
784	
12 310 464	
0,2137	
0,211	
0,2103	
0,2153	
0,2142
BANE	
Башнефт ао
824	
11 886 727	
1 727,5	
1 730	
1 720	
1 735,5	
1 727
NKNCP	
НКНХ ап
1 555	
11 207 837	
79,8	
79,44	
79,34	
80,08	
79,7
LIFE	
iФармсинтз
1 079	
11 194 800	
7,205	
7,295	
7,13	
7,41	
7,15
MSRS	
РСетиМР ао
511	
11 143 237	
1,1785	
1,1905	
1,1695	
1,211	
1,18
ISKJ	
iИСКЧ ао
510	
10 741 968	
25,2	
25,02	
24,98	
25,8	
25,2
MRKC	
МРСК Центр
789	
10 240 653	
0,3006	
0,296	
0,2954	
0,3028	
0,3002
GCHE	
ЧеркизГ-ао
900	
8 485 571	
1 782,5	
1 796	
1 756,5	
1 807,5	
1 776
LVHK	
Левенгук
1 958	
8 006 422	
8,78	
8,04	
8,04	
9,8	
8,47
TGKB	
ТГК-2
454	
7 107 235	
0,004545	
0,00453	
0,00447	
0,00461	
0,0045
SFIN	
САФМАР ао
63	
6 737 214	
521,4	
520,2	
519,8	
521,4	
521
OBUV	
ОР ао
1 081	
6 688 981	
34,55	
34,4	
34,15	
34,9	
34,5
KRKNP	
СаратНПЗ-п
259	
6 681 580	
15 900	
16 020	
15 740	
16 080	
15 920
CHGZ	
РН-ЗапСиб
748	
6 529 720	
44	
35,8	
35,8	
49,2	
48,6
FESH	
ДВМП ао
597	
6 311 142	
7,64	
7,73	
7,5	
7,73	
7,67
CHMK	
ЧМК ао
465	
6 043 020	
2 755	
2 615	
2 610	
2 830	
2 830
KCHE	
КамчатЭ ао
910	
5 994 070	
0,235	
0,24	
0,2085	
0,265	
0,224
ROLO	
Русолово
471	
5 693 264	
5,196	
5,42	
4,174	
5,42	
5,156
ZVEZ	
ЗВЕЗДА ао
507	
5 512 670	
4,895	
4,63	
4,565	
5,2	
4,58
TGKD	
Квадра
557	
5 272 893	
0,003465	
0,003515	
0,00336	
0,00355	
0,003375
KMAZ	
КАМАЗ
698	
5 255 319	
58,2	
58,4	
57,6	
59	
58
NFAZ	
Нефтекамск
661	
4 582 212	
168,6	
162	
160,2	
175	
166,6
RUSI	
ИКРУСС-ИНВ
564	
4 351 950	
40,7	
36,4	
36,4	
48	
38,1
RNFT	
РуссНфт ао
1 434	
4 299 411	
495,4	
496	
493	
497,6	
496,8
MSTT	
Мостотрест
251	
4 295 982	
156,1	
155,6	
155	
158,5	
156
KRKOP	
ТКЗКК ап
854	
3 877 436	
7,57	
7,17	
7,12	
8	
7,245
MRKV	
РсетВол ао
437	
3 673 242	
0,07385	
0,07365	
0,07315	
0,07425	
0,07405
SELGP	
Селигдар-п
289	
3 584 305	
28,1	
28,2	
27,85	
28,45	
28
NAUK	
iНПОНаука
432	
3 335 066	
202,2	
205	
197,2	
208,6	
201
CHEP	
ЧТПЗ ао
380	
3 244 790	
212,5	
212	
209	
216	
211,5
NKNC	
НКНХ ао
463	
3 018 674	
93,3	
93,5	
92,45	
93,7	
93,55
LSNG	
РСетиЛЭ
308	
3 002 746	
6,07	
6,16	
5,94	
6,18	
6,11
PMSBP	
ПермьЭнС-п
135	
2 861 920	
130,4	
131	
129,8	
131,8	
131
IRKT	
ИРКУТ-3
292	
2 817 998	
35,14	
35,46	
34,82	
35,7	
35,26
HALS	
Галс-Девел
454	
2 811 710	
1 155	
1 195	
1 109	
1 210	
1 180
UNAC	
iАвиастКао
355	
2 580 627	
0,4915	
0,49	
0,488	
0,495	
0,4935
ELTZ	
Электрцинк
609	
2 440 570	
181,5	
185	
174,5	
193	
180,5
KCHEP	
КамчатЭ ап
292	
2 422 470	
0,411	
0,42	
0,386	
0,459	
0,402
DIOD	
ЗаводДИОД
374	
2 407 527	
6,72	
6,72	
6,6	
6,88	
6,67
IGSTP	
Ижсталь ап
567	
2 388 051	
968	
1 016	
900	
1 060	
981
ALNU	
АЛРОСА-Нюр
23	
2 082 400	
54 800	
56 200	
54 000	
56 200	
54 800
MGTSP	
МГТС-4ап
226	
1 947 440	
1 996	
1 988	
1 982	
2 000	
1 996
DVEC	
ДЭК ао
162	
1 922 257	
1,063	
1,059	
1,049	
1,071	
1,071
APTK	
Аптеки36и6
1 461	
1 921 754	
13,414	
13,44	
13,338	
13,44	
13,41
BELU	
Белуга ао
383	
1 891 476	
1 320	
1 330	
1 310	
1 330	
1 322
RGSS	
РГС СК ао
273	
1 870 163	
0,15	
0,1528	
0,1482	
0,1528	
0,151
TTLK	
Таттел. ао
258	
1 864 115	
0,3005	
0,2965	
0,292	
0,307	
0,3025
RAVN	
Raven
64	
1 818 015	
31,9	
31,8	
31,05	
32,5	
31,05
SVAV	
СОЛЛЕРС
123	
1 759 110	
272	
268	
268	
273	
273
PAZA	
ПавлАвт ао
120	
1 662 250	
8 890	
8 600	
8 600	
9 170	
8 910
URKZ	
УрКузница
52	
1 559 980	
17 340	
16 800	
16 520	
17 760	
17 420
KZOS	
ОргСинт ао
338	
1 477 660	
86,3	
86	
85,7	
86,6	
86,2
KBSB	
ТНСэКубань
166	
1 419 640	
143,5	
149,5	
141,5	
149,5	
145
KLSB	
КалужскСК
250	
1 360 293	
12,02	
11,83	
11,83	
12,3	
11,9
AMEZ	
АшинскийМЗ
319	
1 335 366	
4,405	
4,365	
4,365	
4,45	
4,38
SLEN	
Сахэнер ао
40	
1 320 475	
5,85	
5,925	
5,72	
5,925	
5,835
USBN	
УралСиб ао
87	
1 252 286	
0,0696	
0,0684	
0,0683	
0,0705	
0,0699
IGST	
Ижсталь2ао
246	
1 219 483	
1 096	
1 083	
1 063	
1 160	
1 108
ABRD	
АбрауДюрсо
115	
1 206 330	
130	
131	
129,5	
131	
130,5
MRKZ	
МРСК СЗ
260	
1 205 690	
0,05155	
0,05125	
0,0509	
0,05215	
0,05175
DZRD	
iДонскЗР
164	
1 136 900	
2 385	
2 430	
2 325	
2 455	
2 370
STSBP	
СтаврЭнСбп
263	
1 105 248	
0,3755	
0,3705	
0,37	
0,379	
0,376
KRKN	
СаратНПЗ
38	
1 105 150	
13 000	
12 800	
12 750	
13 250	
12 950
INGR	
ИНГРАД ао
117	
1 100 652	
749	
741	
739	
755	
746
ZILL	
ЗИЛ ао
91	
1 049 885	
2 640	
2 695	
2 620	
2 695	
2 650
TGKDP	
Квадра-п
258	
1 015 980	
0,00422	
0,00428	
0,00406	
0,004365	
0,004165
DZRDP	
iДонскЗР п
209	
923 590	
1 700	
1 740	
1 680	
1 750	
1 700
GEMA	
iММЦБ ао
163	
907 584	
599	
601,5	
598	
604,5	
598,5
TGKN	
ТГК-14
103	
881 130	
0,00318	
0,00315	
0,00314	
0,00321	
0,00318
HIMCP	
Химпром ап
94	
853 602	
6,16	
6,12	
6,07	
6,2	
6,2
TASBP	
ТамбЭнСб-п
141	
773 165	
0,342	
0,3565	
0,331	
0,357	
0,345
MGNZ	
СМЗ-ао
89	
764 950	
4 640	
4 710	
4 480	
4 780	
4 620
VLHZ	
ВХЗ-ао
173	
758 448	
54,2	
53,9	
53,45	
55,3	
55,2
BLNG	
Белон ао
225	
745 542	
4,486	
4,594	
4,422	
4,594	
4,462
MISB	
ТНСэнМарЭл
104	
740 350	
13,2	
13,4	
13	
13,4	
13,2
MRKY	
РоссЮг ао
158	
736 867	
0,05015	
0,0501	
0,05	
0,05055	
0,0502
MRKU	
МРСК Ур
79	
736 156	
0,1554	
0,1556	
0,1542	
0,156	
0,1552
RBCM	
РБК ао
229	
654 952	
3,442	
3,406	
3,398	
3,498	
3,42
RTGZ	
ГазпРнД ао
21	
651 650	
27 150	
26 750	
26 750	
27 600	
26 850
RZSB	
РязЭнСб
33	
647 820	
9,26	
9,26	
9,22	
9,32	
9,24
KAZTP	
Куйбазот-п
16	
637 836	
148	
147,8	
147,2	
148,6	
148
UWGN	
ОВК ао
132	
596 477	
236	
237,1	
234,4	
237,8	
237,6
TGKBP	
ТГК-2 ап
56	
566 590	
0,00726	
0,00739	
0,00721	
0,00739	
0,00722
KROT	
КрасОкт-ао
75	
554 855	
387	
378	
378	
392,5	
391
STSB	
СтаврЭнСб
72	
501 956	
0,4485	
0,438	
0,438	
0,455	
0,455
BISVP	
БашИнСв ап
75	
497 123	
8,26	
8,27	
8,2	
8,39	
8,26
PMSB	
ПермьЭнСб
83	
493 022	
130,8	
129,7	
129,3	
131,5	
131
GTRK	
ГТМ ао
158	
481 268	
43,45	
42,7	
42,7	
43,7	
43,4
KZOSP	
ОргСинт ап
347	
478 186	
11,97	
11,91	
11,9	
12,14	
11,98
RUSP	
Русполимет
48	
456 600	
0,6255	
0,622	
0,6105	
0,636	
0,635
WTCMP	
ЦМТ ап
62	
383 090	
8,32	
8,26	
8,2	
8,58	
8,3
KAZT	
Куйбазот
78	
376 790	
149	
147,6	
147,2	
150	
149,4
IRGZ	
ИркЭнерго
81	
358 706	
11,66	
11,6	
11,58	
11,7	
11,7
MISBP	
ТНСэМаЭл-п
48	
351 880	
13,3	
13,4	
13	
13,6	
13,4
WTCM	
ЦМТ ао
75	
345 710	
9,56	
9,88	
9,12	
9,88	
9,24
RTSB	
ТНСэнРст
42	
329 550	
0,44	
0,45	
0,43	
0,46	
0,435
YKEN	
Якутскэнрг
23	
325 160	
0,3535	
0,356	
0,3495	
0,356	
0,351
NSVZ	
НаукаСвяз
80	
320 940	
218,5	
220,5	
215,5	
221,5	
219
MAGE	
МагадЭн ао
40	
301 890	
6,7	
6,58	
6,58	
6,88	
6,61
KUZB	
КузнецкийБ
269	
298 082	
0,01507	
0,01499	
0,01493	
0,01517	
0,01513
NKSH	
Нижкамшина
33	
294 752	
22,16	
21,98	
21,98	
22,5	
22,18
MAGEP	
МагадЭн ап
19	
283 990	
7,87	
7,28	
7,28	
8,1	
7,82
GAZA	
ГАЗ ао
24	
283 040	
398,5	
398	
390	
402	
395
GAZAP	
ГАЗ ап
33	
276 850	
307,5	
307	
305,5	
310,5	
307,5
LPSB	
ЛЭСК ао
68	
271 475	
7,8	
7,7	
7,7	
7,9	
7,85
VSYDP	
ВыбСудЗ ап
28	
266 160	
4 040	
4 060	
4 000	
4 100	
4 100
VRSBP	
ТНСэнВор-п
28	
236 300	
46,5	
47	
45,5	
47,5	
46
YKENP	
Якутскэн-п
27	
234 440	
0,335	
0,336	
0,3295	
0,34	
0,3325
KRSB	
Красэсб ао
23	
228 640	
6,93	
6,94	
6,89	
7,01	
6,9
MRKS	
РсетСиб ао
34	
224 730	
0,239	
0,2375	
0,237	
0,24	
0,24
UTAR	
ЮТэйр ао
68	
221 604	
7,15	
7,18	
7,11	
7,19	
7,13
EELT	
ЕвроЭлтех
90	
205 833	
8,38	
8,26	
8,26	
8,58	
8,36
MGTS	
МГТС-5ао
39	
190 310	
2 320	
2 310	
2 265	
2 355	
2 330
RLMNP	
Роллман-п
31	
186 063	
19,82	
20,08	
19,68	
20,08	
20,08
AVAN	
Авангрд-ао
25	
172 700	
715	
730	
715	
730	
725
TORSP	
ТРК ап
30	
170 530	
0,275	
0,2765	
0,271	
0,2775	
0,273
VJGZP	
Варьеган-п
9	
169 690	
346	
345	
345	
350	
350
RLMN	
Роллман
90	
154 237	
19,1	
18,9	
18,8	
19,35	
19,05
SAREP	
СаратЭн-ап
53	
149 514	
0,093	
0,0918	
0,09	
0,0978	
0,0934
TASB	
ТамбЭнСб
15	
145 870	
0,442	
0,434	
0,434	
0,468	
0,446
YRSB	
ТНСэнЯр
18	
142 960	
170	
170	
168	
172	
172
VZRZP	
Возрожд-п
27	
139 906	
341,2	
340	
338	
346	
342,8
KBTK	
КузбТК ао
25	
138 780	
152,6	
152,2	
152	
154	
152,6
KUBE	
Кубанэнр
30	
134 844	
68,1	
69	
67,7	
69	
68,3
VRSB	
ТНСэнВорон
19	
130 180	
54,2	
54,8	
53,8	
54,8	
54,6
SARE	
СаратЭн-ао
25	
127 320	
0,119	
0,12	
0,117	
0,121	
0,1194
MFGS	
Мегион-ао
6	
117 805	
368	
366	
364,5	
370	
370
NKHP	
НКХП ао
32	
117 660	
230,5	
231	
229	
231	
231
PRMB	
Приморье
5	
112 000	
22 400	
22 000	
22 000	
22 800	
22 800
ASSB	
АстрЭнСб
41	
106 721	
0,7515	
0,7545	
0,749	
0,7545	
0,7495
KRSBP	
Красэсб ап
11	
105 840	
7,06	
7,06	
7,02	
7,18	
7,08
MRSB	
МордЭнСб
26	
103 960	
0,348	
0,35	
0,342	
0,352	
0,351
UCSS	
ОКС ао
20	
101 010	
1 440	
1 440	
1 440	
1 460	
1 440
KOGK	
КоршГОК ао
2	
98 200	
49 200	
49 200	
49 000	
49 200	
49 000
VGSBP	
ВолгЭнСб-п
31	
96 555	
1,19	
1,185	
1,165	
1,22	
1,18
VGSB	
ВолгЭнСб
19	
93 385	
1,73	
1,765	
1,71	
1,77	
1,72
SAGO	
СамарЭн-ао
9	
91 720	
0,46	
0,452	
0,452	
0,464	
0,464
KMEZ	
КМЗ
43	
89 207	
487,5	
488,5	
485	
491	
486
MRKK	
Россети СК
42	
79 925	
26,2	
25,96	
25,7	
26,38	
26,04
YRSBP	
ТНСэнЯр-п
15	
71 050	
89	
89	
88	
90	
88,5
JNOSP	
Слав-ЯНОСп
11	
70 876	
14,46	
14,34	
14,34	
14,6	
14,5
JNOS	
Славн-ЯНОС
7	
68 445	
19	
18,95	
18,95	
19,15	
19,05
ALBK	
БестЭфБ ао
23	
68 270	
53,5	
54	
52	
54	
53
VSYD	
ВыбСудЗ ао
5	
59 770	
3 985	
3 990	
3 975	
3 990	
3 985
UKUZ	
ЮжКузб. ао
11	
59 552	
546	
546	
544	
552	
552
MFGSP	
Мегион-ап
4	
54 865	
322,5	
323	
318,5	
323	
323
ROSB	
Росбанк ао
28	
53 184	
70	
70,8	
69,2	
70,8	
69,8
OMZZP	
ОМЗ-ап
9	
52 395	
3 495	
3 500	
3 490	
3 505	
3 505
ROST	
РОСИНТЕРао
23	
51 570	
61,4	
61	
60,4	
62	
61,8
KGKCP	
КурганГКап
9	
50 505	
53,5	
53	
53	
54	
53,5
KTSB	
КСБ ао
28	
48 632	
0,624	
0,626	
0,616	
0,652	
0,63
CHKZ	
ЧКПЗ ао
7	
48 560	
5 400	
5 360	
5 360	
5 460	
5 420
KROTP	
КрасОкт-1п
10	
44 520	
278,5	
277,5	
275,5	
284,5	
277,5
NNSB	
ТНСэнНН ао
11	
36 055	
1 335	
1 310	
1 310	
1 355	
1 320
VJGZ	
Варьеган
19	
30 182	
580	
585	
572	
587	
582
TNSE	
ТНСэнрг ао
8	
24 915	
995	
1 005	
990	
1 005	
990
NNSBP	
ТНСэнНН ап
7	
21 486	
597	
604	
589	
604	
601
RTSBP	
ТНСэнРст-п
2	
14 400	
0,359	
0,36	
0,36	
0,36	
0,36
TORS	
ТРК ао
2	
12 430	
0,414	
0,412	
0,412	
0,419	
0,419
RDRB	
РДБанк ао
4	
12 100	
240	
245	
240	
245	
245
SAGOP	
СамарЭн-ап
2	
8 350	
0,417	
0,417	
0,417	
0,418	
0,418
KGKC	
КурганГКао
3	
4 240	
53	
53	
53	
53	
53
KTSBP	
КСБ ап
1	
2 795	
0,2795	
0,2795	
0,2795	
0,2795	
0,2795
BISV	
БашИнСв ао
0	
0	
-	
-	
-	
-	
8,7
GAZC	
ГАЗКОН-ао
0	
0	
-	
-	
-	
-	
295
GAZS	
ГАЗ-сервис
0	
0	
-	
-	
-	
-	
293
GAZT	
ГАЗ-Тек ао
0	
0	
-	
-	
-	
-	
85
GTSS	
ГЕОТЕК ао
0	
0	
-	
-	
-	
-	
-
HIMC	
Химпром ао
0	
0	
-	
-	
-	
-	
0,99
KMTZ	
КосогМЗ ао
0	
0	
-	
-	
-	
-	
-
KRKO	
ТКЗКК ао
0	
0	
-	
-	
-	
-	
11,8
KSGR	
Кокс ао
0	
0	
-	
-	
-	
-	
-
KUNF	
КУЗОЦМ ао
0	
0	
-	
-	
-	
-	
-
KZMS	
КЗМС ао
0	
0	
-	
-	
-	
-	
226
MFON	
МегаФон ао
0	
0	
-	
-	
-	
-	
650,6
MOBB	
МосОблБанк
0	
0	
-	
-	
-	
-	
0,698
MORI	
Морион ао
0	
0	
-	
-	
-	
-	
4,31
NPOF	
Физика ао
0	
0	
-	
-	
-	
-	
11 850
PRTK	
ПРОТЕК ао
0	
0	
-	
-	
-	
-	
99,6
TRCN	
ТрансК ао
0	
0	
-	
-	
-	
-	
8 595
TRFM	
ТрансФ ао
0	
0	
-	
-	
-	
-	
-
URKA	
Уркалий-ао
0	
0	
-	
-	
-	
-	
119,04
VZRZ	
Возрожд-ао
0	
0	
-	
-	
-	
-	
480