SBER	
Сбербанк
90 225	
15 382 475 470	
221,43	
221,67	
218	
224,23	
218,95
YNDX	
Yandex clA
92 661	
12 903 085 332	
4 984,2	
5 043	
4 870	
5 106	
4 992,4
GAZP	
ГАЗПРОМ ао
96 259	
11 349 674 495	
180,25	
182,48	
178,6	
182,59	
180,01
LKOH	
ЛУКОЙЛ
53 430	
7 326 664 814	
4 838,5	
4 840	
4 795,5	
4 898	
4 837
PLZL	
Полюс
34 141	
5 622 173 464	
17 039,5	
17 374	
16 763,5	
17 444,5	
16 957
GMKN	
ГМКНорНик
25 865	
5 537 708 844	
20 012	
19 916	
19 786	
20 142	
19 990
TATN	
Татнфт 3ао
37 650	
2 545 465 192	
535,5	
541,1	
529,2	
544,6	
534,7
SBERP	
Сбербанк-п
36 603	
2 409 100 738	
212,49	
214	
209,7	
215,49	
210,17
MTSS	
МТС-ао
17 532	
1 975 519 817	
336,65	
337,05	
332,7	
339,3	
336,45
ROSN	
Роснефть
18 520	
1 764 580 675	
367,2	
371	
363,3	
372,35	
366,95
MOEX	
МосБиржа
24 457	
1 744 634 598	
137,03	
137	
135,31	
138,5	
136,58
POLY	
Polymetal
28 713	
1 722 376 724	
1 929,1	
1 969	
1 904,1	
1 969,9	
1 918,2
SNGS	
Сургнфгз
26 674	
1 385 060 344	
35,71	
35,755	
35,2	
36,145	
35,825
IRAO	
ИнтерРАОао
14 770	
1 328 881 279	
5,387	
5,41	
5,308	
5,465	
5,3735
MGNT	
Магнит ао
12 659	
1 256 133 034	
4 569	
4 577	
4 537,5	
4 597,5	
4 589
DSKY	
ДетскийМир
29 994	
1 245 737 563	
112	
112,68	
110,3	
114	
111
MAIL	
MAIL-гдр
24 341	
1 207 608 631	
2 302	
2 329	
2 230	
2 375	
2 268
VTBR	
ВТБ ао
41 282	
1 202 169 701	
0,03521	
0,035535	
0,034925	
0,03562	
0,035295
CHMF	
СевСт-ао
20 454	
1 070 299 351	
948,8	
951	
942	
957	
949,2
NLMK	
НЛМК ао
16 215	
1 067 164 006	
162,42	
161,26	
161,06	
163,74	
163,18
SNGSP	
Сургнфгз-п
25 750	
1 049 744 568	
37,255	
37,6	
36,925	
37,775	
37,11
NVTK	
Новатэк ао
11 827	
1 037 240 147	
1 097,4	
1 093,2	
1 090,4	
1 104,2	
1 095
ALRS	
АЛРОСА ао
16 952	
921 140 898	
67,11	
66,55	
66,26	
67,64	
67,1
AFKS	
Система ао
17 910	
913 095 048	
20,709	
20,5	
20,41	
21,285	
20,8
POGR	
Petropavl
10 371	
850 008 548	
35,55	
35,38	
34,25	
36,425	
35,1
MAGN	
ММК
15 288	
744 342 800	
37,2	
37,65	
36,85	
37,74	
37,04
AFLT	
Аэрофлот
13 746	
621 870 867	
81,88	
81,5	
80,78	
82,5	
81,8
UPRO	
Юнипро ао
6 460	
551 309 373	
2,756	
2,745	
2,734	
2,77	
2,752
HYDR	
РусГидро
15 752	
516 910 741	
0,7299	
0,73	
0,7206	
0,7387	
0,7387
FEES	
ФСК ЕЭС ао
14 787	
474 849 459	
0,19956	
0,19882	
0,1974	
0,202	
0,19908
TATNP	
Татнфт 3ап
18 154	
443 183 152	
520,7	
530,3	
512,4	
531,1	
517,7
TCSG	
TCS-гдр
10 009	
424 329 977	
1 820,2	
1 848,8	
1 781	
1 866	
1 792
FIVE	
FIVE-гдр
6 609	
390 182 917	
2 654	
2 684,5	
2 626,5	
2 684,5	
2 672,5
SIBN	
Газпрнефть
7 501	
387 488 703	
313,3	
312,95	
311,75	
315,1	
313,35
TRNFP	
Транснф ап
1 422	
322 163 100	
137 100	
138 050	
136 000	
138 650	
137 100
CBOM	
МКБ ао
8 377	
278 129 181	
5,875	
5,868	
5,789	
5,912	
5,82
RUAL	
РУСАЛ ао
8 637	
271 539 641	
31,415	
31,54	
30,55	
31,825	
31,4
RTKM	
Ростел -ао
8 655	
263 085 882	
96,85	
96,15	
96,01	
97,4	
97,06
RSTI	
Россети ао
4 160	
210 042 351	
1,4622	
1,4707	
1,4464	
1,4847	
1,4588
LNTA	
Лента др
9 011	
182 787 729	
207,1	
202,6	
202,6	
210,3	
206,2
MVID	
М.видео
5 560	
172 510 835	
575,8	
579,1	
567	
584,4	
578
PHOR	
ФосАгро ао
3 405	
108 078 756	
2 747	
2 755	
2 724	
2 765	
2 749
PIKK	
ПИК ао
3 111	
105 544 768	
537,2	
531,2	
526	
541,9	
537,2
LSRG	
ЛСР ао
4 852	
77 702 491	
789,4	
786,2	
776,6	
794	
792,8
QIWI	
iQIWI
5 164	
77 073 548	
1 247,5	
1 253,5	
1 222	
1 278	
1 229,5
MTLRP	
Мечел ап
4 641	
70 204 589	
69,35	
71,25	
67,75	
71,3	
69
OGKB	
ОГК-2 ао
3 441	
66 369 168	
0,7305	
0,732	
0,7237	
0,7384	
0,7303
AGRO	
AGRO-гдр
3 238	
60 182 901	
746	
755	
730,6	
758,2	
734,6
TGKA	
ТГК-1
3 975	
54 718 925	
0,011356	
0,011454	
0,01124	
0,01154	
0,0113
RASP	
Распадская
1 256	
52 990 825	
112,56	
113	
111,02	
113,9	
111,18
AQUA	
РусАква ао
1 842	
43 354 975	
230,5	
229,5	
223,5	
234,5	
226
BANEP	
Башнефт ап
2 920	
42 712 396	
1 320,5	
1 329,5	
1 315	
1 329,5	
1 316,5
RTKMP	
Ростел -ап
2 375	
30 647 231	
88,15	
88,4	
87,75	
88,9	
88
ENRU	
ЭнелРос ао
2 489	
29 822 080	
0,9105	
0,915	
0,9055	
0,918	
0,9085
NMTP	
НМТП ао
3 005	
28 639 529	
8,655	
8,76	
8,6	
8,76	
8,65
ETLN	
ETLN-гдр
2 207	
27 869 940	
115,24	
116,84	
114,5	
116,84	
114,62
MTLR	
Мечел ао
3 125	
27 764 669	
64,09	
64,46	
63,85	
64,68	
64,09
HIMCP	
Химпром ап
3 467	
24 053 801	
7,13	
6,56	
6,56	
7,44	
6,86
BSPB	
БСП ао
1 453	
23 685 980	
43,06	
43,16	
42,63	
43,46	
42,64
MSNG	
+МосЭнерго
850	
21 402 416	
2,0625	
2,088	
2,04	
2,088	
2,0645
ENPG	
ЭН+ГРУП ао
412	
19 241 570	
673	
679	
665	
681,5	
667,5
AKRN	
Акрон
624	
18 152 616	
5 926	
5 896	
5 860	
5 970	
5 962
BELU	
Белуга ао
325	
15 883 910	
1 339	
1 319	
1 314	
1 375	
1 314
LSNGP	
РСетиЛЭ-п
1 115	
15 290 376	
149,2	
150,3	
148	
150,3	
148
FESH	
ДВМП ао
867	
14 698 587	
7,8	
7,67	
7,63	
7,94	
7,69
NKNCP	
НКНХ ап
1 430	
13 859 111	
79,04	
79,18	
78,5	
79,66	
78,6
SELG	
Селигдар
803	
13 858 331	
46,09	
46,29	
45,54	
46,82	
45,54
BANE	
Башнефт ао
696	
11 664 952	
1 721	
1 729,5	
1 715	
1 729,5	
1 716
RSTIP	
Россети ап
754	
10 683 627	
2,041	
2,05	
2,01	
2,07	
2,039
MRKP	
МРСК ЦП
646	
10 191 174	
0,2137	
0,2115	
0,2115	
0,2157	
0,2125
LIFE	
iФармсинтз
574	
9 435 046	
7,21	
7,355	
7,185	
7,355	
7,2
LNZL	
Лензолото
213	
9 345 920	
17 980	
17 830	
17 810	
18 170	
17 930
OBUV	
ОР ао
1 256	
8 859 734	
34,15	
34,45	
33,8	
34,65	
34,15
CNTLP	
Телеграф-п
954	
8 432 442	
15,18	
15,56	
15	
15,56	
15,04
SFIN	
САФМАР ао
436	
7 071 430	
527,4	
527,2	
522,4	
528,2	
528
ISKJ	
iИСКЧ ао
898	
7 029 161	
20,96	
21,05	
20,5	
21,79	
20,6
VSMO	
ВСМПО-АВСМ
211	
6 824 160	
17 540	
17 520	
17 500	
17 600	
17 500
RNFT	
РуссНфт ао
464	
6 754 045	
425,6	
428,6	
421,2	
445	
434,2
GCHE	
ЧеркизГ-ао
792	
6 164 764	
1 874	
1 889,5	
1 850	
1 898	
1 855,5
TTLK	
Таттел. ао
500	
5 335 500	
0,333	
0,3215	
0,32	
0,341	
0,3295
UNAC	
iАвиастКао
484	
5 169 522	
0,463	
0,4665	
0,4575	
0,4675	
0,462
TGKB	
ТГК-2
362	
4 882 905	
0,004185	
0,00423	
0,004125	
0,004285	
0,004135
KMAZ	
КАМАЗ
609	
4 101 626	
61,5	
61,5	
60,6	
62,6	
61,2
SVAV	
СОЛЛЕРС
127	
3 952 440	
284,5	
282,5	
282	
287,5	
284,5
SELGP	
Селигдар-п
288	
3 914 115	
35,1	
35,05	
34,75	
35,4	
35,05
MSRS	
РСетиМР ао
229	
3 863 710	
1,177	
1,19	
1,1635	
1,19	
1,175
KRKNP	
СаратНПЗ-п
133	
3 703 260	
15 560	
15 500	
15 500	
15 620	
15 540
CNTL	
Телеграф
364	
3 702 460	
17,3	
17,2	
17,15	
17,6	
17,2
TRMK	
ТМК ао
234	
3 640 405	
58,62	
58,1	
58,1	
58,8	
58,8
BRZL	
БурЗолото
389	
3 608 227	
1 125	
1 107	
1 050	
1 170	
1 110
UNKL	
ЮУНК ао
308	
3 531 160	
6 660	
6 960	
6 340	
6 990	
6 510
ABRD	
АбрауДюрсо
436	
3 350 265	
207	
208	
201,5	
213	
205,5
MGTSP	
МГТС-4ап
274	
3 145 834	
1 986	
1 996	
1 970	
2 006	
1 970
MRKV	
РсетВол ао
501	
3 053 019	
0,0712	
0,07195	
0,07055	
0,07195	
0,071
LNZLP	
Лензол. ап
217	
2 981 505	
4 545	
4 645	
4 500	
4 645	
4 510
IRKT	
ИРКУТ-3
182	
2 981 166	
35,12	
35,54	
34,7	
35,78	
34,7
TUZA	
ТЗА ао
517	
2 971 800	
110	
128	
104	
128	
105
RKKE	
ЭнергияРКК
246	
2 451 200	
7 640	
7 320	
7 310	
7 960	
7 380
NKNC	
НКНХ ао
462	
2 359 574	
91,25	
93	
90,5	
93	
90,85
DIOD	
ЗаводДИОД
368	
2 058 955	
7,07	
7,07	
6,95	
7,21	
7,01
MRKC	
МРСК Центр
349	
2 028 648	
0,2902	
0,2902	
0,2892	
0,2914	
0,2904
KLSB	
КалужскСК
247	
1 969 301	
12,73	
12,81	
12,51	
12,99	
12,58
MSTT	
Мостотрест
110	
1 802 375	
154,2	
154,6	
153,7	
155,6	
153,7
ROLO	
Русолово
144	
1 781 138	
6,958	
7	
6,8	
7,128	
6,81
RUGR	
Русгрэйн
925	
1 750 292	
9,534	
9,454	
9,4	
9,626	
9,472
NSVZ	
НаукаСвяз
251	
1 706 270	
228,5	
230,5	
223,5	
234,5	
225
URKZ	
УрКузница
20	
1 503 380	
16 000	
15 800	
15 600	
16 100	
15 600
ALBK	
БестЭфБ ао
235	
1 488 780	
63,5	
63	
61	
65,5	
63,5
CHEP	
ЧТПЗ ао
174	
1 476 685	
204	
205,5	
202,5	
207	
205
APTK	
Аптеки36и6
931	
1 444 653	
13,432	
13,46	
13,4	
13,5	
13,428
LSNG	
РСетиЛЭ
278	
1 291 044	
5,91	
5,94	
5,86	
5,96	
5,88
KZOS	
ОргСинт ао
248	
1 216 361	
85,7	
85,7	
85,3	
86,1	
85,5
NNSB	
ТНСэнНН ао
226	
1 161 610	
1 970	
1 890	
1 850	
2 170	
1 850
ALNU	
АЛРОСА-Нюр
13	
1 102 000	
55 200	
55 400	
55 000	
55 400	
55 000
RTSB	
ТНСэнРст
75	
1 087 850	
0,625	
0,65	
0,56	
0,65	
0,605
MRKU	
МРСК Ур
95	
1 026 380	
0,1462	
0,1452	
0,1448	
0,1488	
0,1458
KUZB	
КузнецкийБ
542	
961 966	
0,01572	
0,01611	
0,01543	
0,01619	
0,0155
TGKD	
Квадра
68	
912 667	
0,003475	
0,003505	
0,003455	
0,00351	
0,003465
GTRK	
ГТМ ао
151	
865 745	
42,95	
42,9	
42,6	
43,45	
42,7
MRKY	
РоссЮг ао
115	
843 740	
0,04945	
0,04945	
0,0492	
0,0499	
0,0495
RBCM	
РБК ао
248	
837 587	
3,306	
3,35	
3,272	
3,37	
3,274
TASB	
ТамбЭнСб
73	
761 460	
0,414	
0,4275	
0,41	
0,4275	
0,412
STSB	
СтаврЭнСб
228	
760 132	
0,5745	
0,57	
0,562	
0,592	
0,571
BISVP	
БашИнСв ап
115	
746 604	
10,59	
10,61	
10,32	
10,74	
10,45
UWGN	
ОВК ао
177	
739 432	
228,3	
229	
227,5	
230,3	
228
SLEN	
Сахэнер ао
200	
734 495	
7,035	
7,1	
6,905	
7,25	
7,18
UTAR	
ЮТэйр ао
130	
726 448	
7,01	
7,06	
6,95	
7,11	
7
STSBP	
СтаврЭнСбп
138	
719 142	
0,408	
0,414	
0,404	
0,418	
0,404
OMZZP	
ОМЗ-ап
87	
700 410	
3 575	
3 580	
3 485	
3 665	
3 600
YAKG	
ЯТЭК ао
69	
687 865	
41,95	
41,8	
41,5	
42,35	
42,3
VRSB	
ТНСэнВорон
59	
663 480	
79	
79,6	
78,2	
81,4	
78,6
ZVEZ	
ЗВЕЗДА ао
90	
647 535	
4,76	
4,795	
4,65	
4,89	
4,825
YKEN	
Якутскэнрг
64	
637 385	
0,3935	
0,408	
0,381	
0,414	
0,39
AMEZ	
АшинскийМЗ
207	
616 669	
4,71	
4,725	
4,665	
4,75	
4,67
MRKZ	
МРСК СЗ
97	
570 943	
0,04995	
0,0497	
0,0497	
0,05	
0,04975
TGKN	
ТГК-14
85	
570 460	
0,00317	
0,00321	
0,00315	
0,00322	
0,00316
NAUK	
iНПОНаука
114	
551 350	
208	
205,6	
205	
212,8	
205,4
KZOSP	
ОргСинт ап
355	
533 754	
11,62	
11,61	
11,23	
11,8	
11,49
DZRD	
iДонскЗР
117	
531 475	
2 085	
2 150	
2 000	
2 150	
2 070
RTSBP	
ТНСэнРст-п
51	
520 700	
0,592	
0,626	
0,558	
0,626	
0,567
NKHP	
НКХП ао
83	
512 200	
271	
272	
269,5	
272,5	
272
RGSS	
РГС СК ао
113	
489 353	
0,148	
0,1482	
0,1466	
0,1494	
0,1482
GAZA	
ГАЗ ао
59	
479 035	
413	
412	
405	
422	
405
KOGK	
КоршГОК ао
10	
463 200	
46 400	
46 600	
45 800	
47 000	
46 000
PMSB	
ПермьЭнСб
91	
448 233	
133,4	
130,7	
130,7	
137	
132,5
RDRB	
РДБанк ао
79	
447 450	
230	
235	
230	
235	
230
HALS	
Галс-Девел
71	
445 669	
1 296	
1 295	
1 280	
1 331	
1 280
RTGZ	
ГазпРнД ао
9	
439 100	
27 450	
27 150	
26 850	
27 600	
26 850
PRMB	
Приморье
13	
425 600	
28 400	
28 600	
27 800	
28 800	
28 200
NFAZ	
Нефтекамск
72	
422 246	
168,8	
169,4	
167,2	
171,4	
168,4
CHMK	
ЧМК ао
47	
412 925	
2 595	
2 620	
2 565	
2 620	
2 575
TNSE	
ТНСэнрг ао
63	
409 270	
1 000	
1 005	
990	
1 015	
995
PAZA	
ПавлАвт ао
37	
399 610	
8 880	
9 060	
8 750	
9 060	
8 870
LPSB	
ЛЭСК ао
77	
390 200	
8,05	
8,25	
8	
8,25	
8
KAZT	
Куйбазот
45	
368 710	
151,8	
150,4	
150,4	
154,4	
151,6
MAGE	
МагадЭн ао
47	
361 180	
5,73	
5,63	
5,63	
5,97	
5,71
KRKN	
СаратНПЗ
24	
354 300	
12 650	
12 850	
12 500	
12 850	
12 650
KROT	
КрасОкт-ао
44	
354 185	
381	
387,5	
377	
387,5	
385
KTSB	
КСБ ао
159	
352 164	
0,692	
0,738	
0,672	
0,746	
0,68
KMEZ	
КМЗ
124	
344 275	
511,5	
508,5	
498	
522	
514
PMSBP	
ПермьЭнС-п
93	
329 486	
130,8	
130	
130	
132	
131
VJGZP	
Варьеган-п
61	
326 530	
351	
359	
345	
364	
350
NNSBP	
ТНСэнНН ап
125	
324 879	
678	
652	
652	
713	
665
RUSP	
Русполимет
91	
323 871	
0,644	
0,66	
0,64	
0,66	
0,641
DZRDP	
iДонскЗР п
61	
323 840	
1 820	
1 820	
1 720	
1 850	
1 840
USBN	
УралСиб ао
26	
319 148	
0,0683	
0,0683	
0,0681	
0,0688	
0,0684
MRKK	
Россети СК
118	
300 446	
25,84	
25,5	
25,32	
26,28	
25,38
IGST	
Ижсталь2ао
53	
297 744	
992	
981	
960	
1 009	
999
VJGZ	
Варьеган
77	
292 342	
641	
652	
619	
652	
628
IRGZ	
ИркЭнерго
65	
289 620	
12,44	
12,4	
12,36	
12,52	
12,46
GEMA	
iММЦБ ао
101	
287 920	
592,5	
591	
590,5	
595	
591
MAGEP	
МагадЭн ап
32	
269 940	
6,58	
6,72	
6,5	
6,77	
6,6
ASSB	
АстрЭнСб
91	
264 817	
0,7765	
0,7795	
0,767	
0,784	
0,767
RZSB	
РязЭнСб
39	
260 286	
9,3	
9,3	
9,26	
9,38	
9,28
MGNZ	
СМЗ-ао
22	
249 860	
4 710	
4 750	
4 630	
4 770	
4 700
AVAN	
Авангрд-ао
55	
242 735	
850	
855	
845	
860	
845
DVEC	
ДЭК ао
37	
228 883	
0,916	
0,925	
0,914	
0,927	
0,917
VGSB	
ВолгЭнСб
36	
227 055	
4,13	
4,095	
4	
4,3	
4
NKSH	
Нижкамшина
38	
214 666	
22,84	
22,64	
22,64	
23,08	
22,78
KTSBP	
КСБ ап
39	
214 525	
0,3065	
0,315	
0,302	
0,315	
0,3025
KRSB	
Красэсб ао
49	
207 111	
7,04	
7,27	
6,9	
7,27	
6,97
CHGZ	
РН-ЗапСиб
28	
200 220	
57,2	
57,6	
55,6	
58,2	
55,8
MGTS	
МГТС-5ао
33	
191 330	
2 250	
2 270	
2 235	
2 285	
2 235
SARE	
СаратЭн-ао
53	
188 206	
0,1482	
0,1448	
0,1448	
0,152	
0,1454
ROST	
РОСИНТЕРао
33	
187 192	
62,8	
62,8	
62	
63,2	
62,8
SAGO	
СамарЭн-ао
13	
184 820	
0,486	
0,484	
0,482	
0,492	
0,482
INGR	
ИНГРАД ао
38	
181 767	
801	
801	
796	
805	
797
WTCMP	
ЦМТ ап
22	
179 682	
8,2	
8,2	
8,2	
8,3	
8,2
LVHK	
Левенгук
19	
174 314	
8,03	
8,05	
8,03	
8,15	
8,05
VRSBP	
ТНСэнВор-п
24	
145 350	
47	
47	
46,5	
47,5	
47,5
RAVN	
Raven
22	
145 345	
29,65	
29,6	
29,2	
30,35	
30,35
VLHZ	
ВХЗ-ао
39	
145 167	
54,35	
54,95	
54,15	
54,95	
54,25
BLNG	
Белон ао
59	
142 263	
4,338	
4,254	
4,254	
4,398	
4,348
YKENP	
Якутскэн-п
16	
140 575	
0,38	
0,3795	
0,375	
0,389	
0,38
IGSTP	
Ижсталь ап
29	
137 885	
895	
909	
892	
909	
903
MRKS	
РсетСиб ао
12	
136 210	
0,235	
0,2345	
0,2345	
0,2365	
0,235
KBSB	
ТНСэКубань
48	
135 910	
143	
143,5	
141,5	
144,5	
142
KCHE	
КамчатЭ ао
21	
135 545	
0,2185	
0,217	
0,217	
0,2205	
0,2185
TGKDP	
Квадра-п
41	
131 127	
0,004035	
0,0041	
0,004	
0,00414	
0,004035
JNOS	
Славн-ЯНОС
27	
129 675	
18,55	
18,7	
18,3	
18,7	
18,55
ARSA	
Арсагера
18	
118 220	
4,08	
4,07	
4,07	
4,1	
4,07
MFGS	
Мегион-ао
20	
115 225	
360	
362,5	
357,5	
366	
357,5
ZILL	
ЗИЛ ао
19	
113 350	
2 575	
2 580	
2 555	
2 585	
2 570
TGKBP	
ТГК-2 ап
79	
107 954	
0,00715	
0,00721	
0,00706	
0,00729	
0,0071
ROSB	
Росбанк ао
29	
107 658	
79,8	
81,4	
78,4	
82	
79,4
KRSBP	
Красэсб ап
15	
107 386	
7,12	
7,22	
7,08	
7,22	
7,08
KUBE	
Кубанэнр
16	
104 465	
72,5	
72,2	
72	
73	
72,3
ELTZ	
Электрцинк
55	
104 354	
187	
184,5	
184,5	
191	
186
VSYDP	
ВыбСудЗ ап
21	
98 460	
3 940	
3 960	
3 920	
3 960	
3 940
KRKOP	
ТКЗКК ап
73	
94 340	
8,205	
8,24	
8,055	
8,365	
8,16
EELT	
ЕвроЭлтех
74	
92 920	
7,98	
8,02	
7,94	
8,06	
7,96
KGKC	
КурганГКао
31	
83 765	
55	
55,5	
54,5	
56,5	
55,5
KGKCP	
КурганГКап
23	
81 970	
54,5	
55	
54	
55,5	
54
MRSB	
МордЭнСб
10	
81 390	
0,407	
0,404	
0,404	
0,418	
0,405
MFGSP	
Мегион-ап
8	
80 045	
320	
321	
320	
321	
320
TASBP	
ТамбЭнСб-п
18	
72 425	
0,329	
0,325	
0,325	
0,334	
0,331
KBTK	
КузбТК ао
22	
68 152	
151,4	
153	
151	
153	
151
GAZAP	
ГАЗ ап
20	
68 135	
309,5	
310,5	
308	
311	
308
UKUZ	
ЮжКузб. ао
20	
67 396	
534	
540	
524	
544	
530
SAGOP	
СамарЭн-ап
10	
62 460	
0,416	
0,42	
0,41	
0,42	
0,415
JNOSP	
Слав-ЯНОСп
13	
60 120	
14,32	
14,14	
14,1	
14,52	
14,24
VGSBP	
ВолгЭнСб-п
13	
53 630	
1,985	
2,01	
1,955	
2,01	
1,975
RLMN	
Роллман
45	
47 817	
18,7	
18,7	
18,6	
18,85	
18,65
MISB	
ТНСэнМарЭл
11	
47 660	
12,2	
12,3	
12,2	
12,4	
12,4
CHKZ	
ЧКПЗ ао
8	
44 900	
5 620	
5 680	
5 580	
5 680	
5 600
TORS	
ТРК ао
8	
42 960	
0,43	
0,42	
0,42	
0,435	
0,433
VZRZP	
Возрожд-п
13	
40 468	
311,2	
312,8	
309,4	
313,8	
311,6
KAZTP	
Куйбазот-п
10	
37 056	
148,2	
147,8	
147,8	
148,6	
148
RLMNP	
Роллман-п
42	
36 346	
18,84	
18,76	
18,62	
19,2	
18,76
UCSS	
ОКС ао
11	
33 420	
1 450	
1 450	
1 450	
1 470	
1 470
SAREP	
СаратЭн-ап
15	
30 662	
0,118	
0,1162	
0,1158	
0,1208	
0,1164
WTCM	
ЦМТ ао
16	
30 316	
9,18	
9,26	
9,12	
9,26	
9,2
MISBP	
ТНСэМаЭл-п
12	
28 700	
12	
12	
11,9	
12,1	
12
YRSBP	
ТНСэнЯр-п
6	
24 775	
88,5	
89	
88	
89	
88
KCHEP	
КамчатЭ ап
4	
15 770	
0,394	
0,397	
0,391	
0,398	
0,391
TORSP	
ТРК ап
4	
11 325	
0,283	
0,283	
0,283	
0,2835	
0,283
YRSB	
ТНСэнЯр
4	
10 200	
170	
168	
168	
172	
172
VSYD	
ВыбСудЗ ао
2	
8 045	
4 025	
4 025	
4 020	
4 025	
4 020
RUSI	
ИКРУСС-ИНВ
1	
3 830	
38,3	
38,3	
38,3	
38,3	
38,3
BISV	
БашИнСв ао
0	
0	
-	
-	
-	
-	
8,7
GAZC	
ГАЗКОН-ао
0	
0	
-	
-	
-	
-	
295
GAZS	
ГАЗ-сервис
0	
0	
-	
-	
-	
-	
293
GAZT	
ГАЗ-Тек ао
0	
0	
-	
-	
-	
-	
85
GTSS	
ГЕОТЕК ао
0	
0	
-	
-	
-	
-	
-
HIMC	
Химпром ао
0	
0	
-	
-	
-	
-	
0,99
KMTZ	
КосогМЗ ао
0	
0	
-	
-	
-	
-	
-
KRKO	
ТКЗКК ао
0	
0	
-	
-	
-	
-	
11,8
KROTP	
КрасОкт-1п
0	
0	
-	
-	
-	
-	
275
KSGR	
Кокс ао
0	
0	
-	
-	
-	
-	
-
KUNF	
КУЗОЦМ ао
0	
0	
-	
-	
-	
-	
-
KZMS	
КЗМС ао
0	
0	
-	
-	
-	
-	
226
MFON	
МегаФон ао
0	
0	
-	
-	
-	
-	
650,6
MOBB	
МосОблБанк
0	
0	
-	
-	
-	
-	
0,698
MORI	
Морион ао
0	
0	
-	
-	
-	
-	
4,31
NPOF	
Физика ао
0	
0	
-	
-	
-	
-	
11 850
PRTK	
ПРОТЕК ао
0	
0	
-	
-	
-	
-	
99,6
TRCN	
ТрансК ао
0	
0	
-	
-	
-	
-	
8 595
TRFM	
ТрансФ ао
0	
0	
-	
-	
-	
-	
-
URKA	
Уркалий-ао
0	
0	
-	
-	
-	
-	
119,04
VZRZ	
Возрожд-ао
0	
0	
-	
-	
-	
-	
480