SBER	
Сбербанк
98 511	
17 208 241 262	
197,35	
196,51	
195,46	
199,7	
197,25
LKOH	
ЛУКОЙЛ
79 936	
14 887 804 048	
4 906,5	
4 940	
4 816,5	
5 040	
4 826,5
GAZP	
ГАЗПРОМ ао
88 541	
13 882 760 120	
192,5	
195,44	
189,62	
196,2	
190
ROSN	
Роснефть
42 781	
5 804 300 019	
338,55	
343,25	
330,3	
346,45	
335,65
TATN	
Татнфт 3ао
67 685	
5 471 146 278	
558	
566	
546,7	
576,9	
550
MGNT	
Магнит ао
53 719	
5 327 821 668	
3 587,5	
3 476	
3 468	
3 705	
3 690
GMKN	
ГМКНорНик
22 238	
4 670 062 032	
20 516	
20 790	
20 306	
20 876	
20 478
MOEX	
МосБиржа
59 004	
3 329 381 309	
119,45	
121,7	
116,97	
123,94	
120,23
IRAO	
ИнтерРАОао
38 057	
2 736 109 243	
5,03	
5,3	
4,95	
5,3005	
5
SNGS	
Сургнфгз
21 219	
2 250 768 336	
37,24	
37,98	
36,45	
38,25	
37,115
ALRS	
АЛРОСА ао
43 095	
2 164 836 077	
62,56	
64,38	
61,25	
64,62	
62,2
YNDX	
Yandex clA
31 102	
2 139 358 999	
2 864,2	
2 898	
2 812,2	
2 924	
2 850,8
PLZL	
Полюс
14 155	
1 819 872 400	
12 011	
12 084	
11 925,5	
12 110	
12 110
SBERP	
Сбербанк-п
34 061	
1 808 552 775	
178,03	
179	
176,45	
179,78	
177,2
VTBR	
ВТБ ао
48 701	
1 556 660 861	
0,035245	
0,0356	
0,03476	
0,035835	
0,0349
MTSS	
МТС-ао
14 081	
1 521 320 501	
319,9	
321,5	
317,3	
323,95	
319,6
NVTK	
Новатэк ао
18 192	
1 509 907 226	
1 034,6	
1 049,8	
1 017	
1 054,2	
1 037,2
AFLT	
Аэрофлот
45 867	
1 509 566 746	
75,98	
76,8	
74,42	
77,86	
75,76
TATNP	
Татнфт 3ап
22 556	
1 452 927 339	
519,3	
524,8	
504,4	
541	
514,1
CHMF	
СевСт-ао
19 901	
1 260 852 665	
884,4	
879,8	
870,4	
892,4	
889,6
SNGSP	
Сургнфгз-п
14 881	
1 257 467 477	
36,31	
36,79	
35,965	
36,9	
36,34
POLY	
Polymetal
17 846	
1 236 283 692	
1 528,9	
1 526,8	
1 501,6	
1 543,3	
1 535,6
MAGN	
ММК
13 370	
928 683 531	
40,375	
40,4	
39,86	
41,06	
40,26
SIBN	
Газпрнефть
16 111	
898 677 450	
336	
336,9	
331,05	
344,5	
335,45
NLMK	
НЛМК ао
14 729	
872 273 983	
127,46	
127,64	
125,94	
128,4	
128,34
TRNFP	
Транснф ап
3 735	
809 541 150	
136 200	
139 500	
134 050	
139 700	
136 500
DSKY	
ДетскийМир
37 190	
802 060 642	
88,68	
91,32	
86,8	
92,92	
87,8
AFKS	
Система ао
16 884	
721 014 742	
14,345	
14,277	
14,128	
14,498	
14,45
TCSG	
TCS-гдр
13 229	
667 455 020	
1 011,4	
1 034,8	
987	
1 037,8	
1 025
HYDR	
РусГидро
18 009	
642 737 945	
0,6333	
0,642	
0,622	
0,6474	
0,6301
RSTI	
Россети ао
15 928	
606 474 003	
1,2872	
1,315	
1,263	
1,323	
1,283
CBOM	
МКБ ао
15 495	
501 941 165	
5,395	
5,368	
5,318	
5,46	
5,45
RUAL	
RUSAL plc
18 554	
470 503 529	
26,695	
26,7	
26,2	
27,1	
26,37
FIVE	
FIVE-гдр
6 509	
432 563 580	
2 193	
2 202,5	
2 173	
2 222	
2 200,5
FEES	
ФСК ЕЭС ао
10 676	
428 223 005	
0,18432	
0,18748	
0,18126	
0,18822	
0,18354
MTLR	
Мечел ао
25 826	
414 267 251	
66,6	
67,5	
65,06	
68,67	
65,67
RTKM	
Ростел -ао
13 965	
339 196 489	
81,8	
83,33	
80,4	
83,78	
82,1
UPRO	
Юнипро ао
5 818	
281 524 172	
2,78	
2,792	
2,739	
2,819	
2,804
PHOR	
ФосАгро ао
6 117	
273 847 159	
2 726	
2 746	
2 693	
2 774	
2 701
OGKB	
ОГК-2 ао
10 788	
250 694 803	
0,6273	
0,6298	
0,611	
0,6395	
0,6333
LSRG	
ЛСР ао
9 519	
223 635 827	
606,2	
608	
600,6	
613	
604
BANEP	
Башнефт ап
7 099	
217 271 958	
1 398,5	
1 421	
1 371,5	
1 427,5	
1 376,5
TGKA	
ТГК-1
8 806	
188 813 360	
0,011718	
0,01185	
0,0115	
0,011998	
0,01184
TRMK	
ТМК ао
2 339	
165 107 264	
56,82	
57,3	
56,62	
57,3	
56,62
TGKB	
ТГК-2
6 307	
148 473 420	
0,004975	
0,00528	
0,00447	
0,0055	
0,00472
MTLRP	
Мечел ап
3 477	
99 710 546	
74,2	
74,3	
72,95	
75,6	
74
RASP	
Распадская
2 289	
86 536 003	
105,44	
105,76	
104,2	
107,02	
106,04
NKNCP	
НКНХ ап
7 009	
86 524 067	
76,36	
78	
75,1	
78,3	
76,52
LNTA	
Лента др
5 815	
75 110 074	
153,7	
152,5	
152,1	
155,4	
153,9
ETLN	
ETLN-гдр
4 858	
71 087 665	
85	
85,86	
83,2	
86,22	
86
ISKJ	
iИСКЧ ао
5 533	
68 605 853	
31,71	
33,37	
29,65	
34,87	
31,95
MSNG	
+МосЭнерго
2 658	
65 255 006	
1,95	
1,95	
1,908	
1,993	
1,962
QIWI	
iQIWI
3 327	
50 237 104	
935,5	
934	
916	
953,5	
925,5
MVID	
М.видео
1 979	
50 033 005	
366,5	
366,1	
363,3	
370,5	
363,7
IRGZ	
ИркЭнерго
4 275	
49 627 008	
13,42	
12,28	
12,08	
14,62	
12,16
BANE	
Башнефт ао
1 582	
46 040 641	
1 756	
1 778	
1 715	
1 788	
1 745
RTKMP	
Ростел -ап
3 224	
44 303 036	
71,15	
72,55	
70,05	
73	
71,1
AGRO	
AGRO-гдр
2 785	
37 984 467	
623,6	
628	
611	
636,8	
626,4
APTK	
Аптеки36и6
8 398	
36 959 765	
14,05	
14,016	
13,8	
14,29	
14,022
LIFE	
iФармсинтз
2 623	
36 396 397	
8,26	
8,425	
7,985	
8,6	
8,305
AKRN	
Акрон
1 414	
35 607 000	
5 782	
5 890	
5 726	
5 898	
5 770
PIKK	
ПИК ао
2 280	
32 101 899	
391,8	
392,4	
389	
395,1	
391,5
ENRU	
ЭнелРос ао
1 899	
31 959 289	
0,9245	
0,926	
0,915	
0,934	
0,9265
NMTP	
НМТП ао
2 151	
29 160 982	
8,615	
8,7	
8,555	
8,755	
8,66
BSPB	
БСП ао
2 556	
21 902 545	
41,81	
42	
41,01	
42,3	
41,45
TGKBP	
ТГК-2 ап
1 223	
21 711 770	
0,00826	
0,00847	
0,00763	
0,00886	
0,00779
MRKP	
МРСК ЦП
1 327	
21 036 343	
0,1732	
0,1731	
0,171	
0,1749	
0,1733
MRKV	
МРСКВол
1 530	
20 333 259	
0,0666	
0,0675	
0,066	
0,06815	
0,0666
RSTIP	
Россети ап
1 067	
20 259 458	
1,536	
1,57	
1,502	
1,575	
1,546
KRKNP	
СаратНПЗ-п
624	
19 623 840	
15 980	
15 980	
15 820	
16 220	
16 140
NKNC	
НКНХ ао
1 437	
14 850 302	
95,65	
97,4	
95	
97,95	
96
OBUV	
ОР ао
1 731	
12 067 579	
30,8	
30,9	
30,2	
31,55	
30,45
KZOS	
ОргСинт ао
844	
12 034 856	
94,5	
94,3	
93	
94,9	
94,9
MGTSP	
МГТС-4ап
703	
11 970 926	
2 346	
2 390	
2 280	
2 424	
2 366
VSMO	
ВСМПО-АВСМ
321	
11 827 900	
18 520	
18 600	
18 400	
18 620	
18 460
ENPG	
ЭН+ГРУП ао
350	
11 386 153	
626	
626,6	
620	
638	
620
VSYD	
ВыбСудЗ ао
1 196	
10 573 660	
5 165	
5 405	
4 540	
5 755	
4 850
RUGR	
Русгрэйн
4 447	
9 360 469	
7,956	
7,602	
7,602	
8,396	
7,85
AQUA	
РусАква ао
618	
9 148 620	
194,5	
191	
191	
198	
195
SELG	
Селигдар
815	
8 882 718	
21,48	
21,52	
21,1	
22,98	
21,3
WTCMP	
ЦМТ ап
354	
8 531 030	
10,06	
10,3	
9,7	
10,3	
10,14
TTLK	
Таттел. ао
674	
8 252 315	
0,328	
0,333	
0,32	
0,335	
0,3305
GEMA	
iММЦБ ао
808	
8 207 466	
722	
738,5	
706	
739,5	
716,5
GCHE	
ЧеркизГ-ао
1 002	
8 089 560	
1 685	
1 692	
1 674	
1 710	
1 683
MRKC	
МРСК Центр
519	
7 453 540	
0,2486	
0,248	
0,2432	
0,25	
0,2468
AMEZ	
АшинскийМЗ
894	
7 313 492	
4,09	
4,2	
4,01	
4,24	
4,04
MSTT	
Мостотрест
203	
7 061 094	
153,7	
154,8	
153,2	
154,8	
154,3
SFIN	
САФМАР ао
528	
6 505 742	
431,8	
434	
426	
435,2	
426
RNFT	
РуссНфт ао
1 887	
6 426 871	
420	
424,2	
416	
427,2	
416
LNZL	
Лензолото
355	
6 030 410	
8 450	
8 590	
8 350	
8 590	
8 530
TGKN	
ТГК-14
373	
6 013 900	
0,00337	
0,00345	
0,00326	
0,0035	
0,0033
RGSS	
РГС СК ао
848	
6 005 823	
0,148	
0,154	
0,145	
0,1566	
0,1498
DVEC	
ДЭК ао
899	
5 772 523	
0,845	
0,797	
0,788	
0,89	
0,823
TRCN	
ТрансК ао
136	
5 307 450	
8 065	
8 085	
8 000	
8 295	
8 110
KZOSP	
ОргСинт ап
1 812	
4 903 697	
12,83	
13,4	
11,86	
13,57	
12,7
FESH	
ДВМП ао
491	
4 752 685	
6,41	
6,43	
6,33	
6,5	
6,44
CHMK	
ЧМК ао
171	
4 511 765	
2 355	
2 405	
2 335	
2 405	
2 350
ASSB	
АстрЭнСб
1 228	
4 297 597	
0,64	
0,57	
0,57	
0,7185	
0,604
PAZA	
ПавлАвт ао
317	
4 254 360	
8 560	
8 360	
8 160	
8 900	
8 270
VRSB	
ТНСэнВорон
405	
4 015 840	
50,6	
48,2	
47,6	
54,8	
49,2
KUBE	
Кубанэнр
956	
3 997 404	
67,5	
63,6	
60,2	
73,4	
64,9
CNTLP	
Телеграф-п
296	
3 980 144	
18,26	
18,34	
18,14	
18,5	
18,26
UNAC	
iАвиастКао
281	
3 952 319	
0,516	
0,52	
0,4905	
0,5245	
0,512
BELU	
Белуга ао
192	
3 815 830	
1 486	
1 482	
1 468	
1 504	
1 487
MRKZ	
МРСК СЗ
447	
3 393 303	
0,0487	
0,0506	
0,047	
0,05075	
0,0491
MSRS	
МОЭСК
340	
3 272 380	
1,007	
1,002	
1,002	
1,016	
1,0095
TGKD	
Квадра
349	
2 921 745	
0,00314	
0,00329	
0,00307	
0,00329	
0,003135
RUSP	
Русполимет
196	
2 841 725	
0,652	
0,632	
0,631	
0,68	
0,648
VRSBP	
ТНСэнВор-п
358	
2 756 400	
39,5	
31,5	
31	
44	
41
SVAV	
СОЛЛЕРС
171	
2 362 785	
259,5	
262	
257	
263,5	
257
DIOD	
ЗаводДИОД
314	
2 344 655	
6,03	
6,1	
5,92	
6,1	
6,06
ALNU	
АЛРОСА-Нюр
41	
2 065 200	
48 000	
48 200	
47 000	
49 200	
47 200
KRKOP	
ТКЗКК ап
798	
1 990 315	
5,585	
5,775	
5,25	
5,95	
5,455
ZILL	
ЗИЛ ао
160	
1 936 514	
1 320	
1 352	
1 300	
1 388	
1 302
GTRK	
ГТМ ао
403	
1 850 701	
43,1	
43,05	
42,65	
43,45	
43,4
KMEZ	
КМЗ
613	
1 794 169	
494,5	
487,5	
471	
519	
487,5
RBCM	
РБК ао
317	
1 672 409	
3,142	
3,15	
3,11	
3,192	
3,152
YKENP	
Якутскэн-п
87	
1 626 780	
0,3245	
0,3275	
0,313	
0,335	
0,3175
KMAZ	
КАМАЗ
372	
1 607 196	
55,4	
55,7	
54,8	
56,1	
55,1
UWGN	
ОВК ао
118	
1 544 063	
246	
243,9	
241,5	
248,4	
242,9
LNZLP	
Лензол. ап
115	
1 423 800	
3 715	
3 675	
3 655	
3 790	
3 720
DASB	
ДагСб ао
217	
1 408 843	
0,0972	
0,0997	
0,0942	
0,1008	
0,0964
WTCM	
ЦМТ ао
130	
1 341 342	
10,14	
10	
9,9	
10,22	
10,22
YKEN	
Якутскэнрг
75	
1 337 085	
0,352	
0,35	
0,343	
0,3745	
0,3435
CHEP	
ЧТПЗ ао
127	
1 324 555	
194	
196,5	
190	
197	
195
VSYDP	
ВыбСудЗ ап
155	
1 319 820	
5 360	
5 220	
4 700	
5 620	
5 600
MGNZ	
СМЗ-ао
136	
1 306 080	
4 280	
4 090	
4 070	
4 740	
4 120
TUZA	
ТЗА ао
187	
1 261 040	
98	
101	
95	
102	
97
PMSBP	
ПермьЭнС-п
135	
1 255 420	
130,8	
128	
128	
133,2	
130,6
IRKT	
ИРКУТ-3
118	
1 246 594	
29,54	
29,8	
29,28	
29,8	
29,44
ARSA	
Арсагера
146	
1 238 830	
3,51	
3,18	
3,15	
3,88	
3,3
PRTK	
ПРОТЕК ао
124	
1 178 428	
98,4	
98,8	
98	
98,8	
98,3
IGST	
Ижсталь2ао
138	
1 100 256	
872	
877	
836	
903	
840
KROT	
КрасОкт-ао
64	
1 084 845	
324	
326	
319,5	
331,5	
324,5
USBN	
УралСиб ао
160	
1 079 847	
0,0708	
0,0725	
0,0695	
0,0725	
0,0715
KRSB	
Красэсб ао
57	
1 034 390	
6,31	
6,16	
6,16	
6,41	
6,3
RLMN	
Роллман
283	
1 002 600	
18,4	
18,3	
17,8	
19,35	
18,3
VJGZP	
Варьеган-п
66	
998 350	
333	
344	
326	
349	
339
YAKG	
ЯТЭК ао
94	
983 202	
43,32	
43,2	
42,9	
43,9	
43,36
KLSB	
КалужскСК
144	
932 205	
10,86	
10,71	
10,7	
11,3	
11
MRKU	
МРСК Ур
134	
928 446	
0,15	
0,1502	
0,147	
0,152	
0,1514
MOBB	
МосОблБанк
155	
888 038	
2,436	
2,352	
2,33	
2,54	
2,402
MRKS	
МРСКСиб
74	
872 240	
0,2175	
0,2255	
0,2075	
0,226	
0,218
PMSB	
ПермьЭнСб
82	
735 860	
131,2	
130,1	
129,7	
132,5	
131,5
KAZT	
Куйбазот
86	
706 378	
140,2	
140	
138	
141	
140,8
SELGP	
Селигдар-п
75	
688 635	
27,55	
27,7	
27,45	
27,75	
27,45
KAZTP	
Куйбазот-п
64	
675 620	
141,6	
142	
140	
143	
141
VZRZP	
Возрожд-п
46	
666 264	
286	
287,4	
285	
289	
287,8
RAVN	
Raven
15	
650 710	
32,05	
32,1	
32	
32,5	
32,5
BRZL	
БурЗолото
72	
630 845	
828	
827	
827	
830	
827
NKSH	
Нижкамшина
105	
590 418	
23,06	
23,22	
22,22	
24,2	
23,04
UNKL	
ЮУНК ао
28	
577 080	
3 420	
3 390	
3 350	
3 430	
3 350
STSB	
СтаврЭнСб
159	
574 929	
0,362	
0,343	
0,3405	
0,385	
0,346
MFGSP	
Мегион-ап
38	
568 205	
326,5	
308	
308	
330	
314,5
HIMCP	
Химпром ап
111	
562 890	
5,89	
5,9	
5,84	
5,97	
5,89
MRKK	
Россети СК
152	
542 721	
26,6	
26,62	
26,28	
26,78	
26,28
KRSBP	
Красэсб ап
58	
525 000	
6,34	
6,28	
6,12	
6,5	
6,38
MGTS	
МГТС-5ао
51	
482 275	
2 595	
2 585	
2 570	
2 620	
2 620
RZSB	
РязЭнСб
29	
476 170	
6,8	
6,76	
6,6	
6,9	
6,85
NSVZ	
НаукаСвяз
89	
455 640	
222,5	
229,5	
217	
232	
223,5
MRKY	
РоссЮг ао
116	
445 599	
0,0511	
0,0516	
0,0509	
0,05185	
0,0511
UTAR	
ЮТэйр ао
72	
434 454	
6,45	
6,48	
6,33	
6,54	
6,43
ZVEZ	
ЗВЕЗДА ао
59	
430 515	
4,395	
4,365	
4,34	
4,46	
4,365
STSBP	
СтаврЭнСбп
73	
419 668	
0,2894	
0,2946	
0,2864	
0,2962	
0,2886
CNTL	
Телеграф
71	
417 800	
22,45	
22,75	
22,2	
22,8	
22,6
MRSB	
МордЭнСб
15	
398 760	
0,359	
0,359	
0,355	
0,366	
0,355
GAZAP	
ГАЗ ап
15	
395 225	
329,5	
331	
322,5	
332	
329,5
TGKDP	
Квадра-п
153	
385 850	
0,00445	
0,0044	
0,004315	
0,00459	
0,00447
KUZB	
КузнецкийБ
212	
362 353	
0,01658	
0,0167	
0,01641	
0,01679	
0,01672
TORS	
ТРК ао
36	
348 060	
0,363	
0,375	
0,357	
0,377	
0,364
LVHK	
Левенгук
91	
337 299	
8,19	
8,3	
8,05	
8,35	
8,06
ABRD	
АбрауДюрсо
109	
327 270	
131,5	
130	
130	
132	
131,5
AVAN	
Авангрд-ао
95	
293 315	
800	
800	
780	
815	
795
NAUK	
iНПОНаука
93	
287 872	
171,4	
171	
168	
178	
168,8
ROST	
РОСИНТЕРао
27	
227 044	
58,8	
59	
58,2	
59,6	
58,2
IGSTP	
Ижсталь ап
47	
226 675	
720	
724	
700	
730	
705
NKHP	
НКХП ао
36	
223 680	
235,5	
238	
233	
238,5	
237
RKKE	
ЭнергияРКК
29	
211 810	
4 930	
4 980	
4 830	
4 980	
4 860
GAZA	
ГАЗ ао
23	
187 305	
390	
390,5	
387	
395	
388
LPSB	
ЛЭСК ао
79	
182 880	
7,65	
7,8	
7,55	
7,85	
7,65
KOGK	
КоршГОК ао
4	
182 200	
45 600	
45 600	
45 200	
46 000	
45 600
TASB	
ТамбЭнСб
12	
179 030	
0,2795	
0,265	
0,265	
0,281	
0,2745
VLHZ	
ВХЗ-ао
57	
178 098	
49,35	
49,85	
49,1	
49,9	
49,35
HALS	
Галс-Девел
28	
173 602	
736	
740	
727	
740	
730
NFAZ	
Нефтекамск
35	
172 186	
147,2	
143,4	
143,4	
149,8	
147
KROTP	
КрасОкт-1п
25	
170 665	
227,5	
233	
224,5	
233	
230
VJGZ	
Варьеган
35	
158 316	
626	
611	
611	
637	
622
CHKZ	
ЧКПЗ ао
14	
152 320	
5 080	
5 120	
5 000	
5 200	
5 080
JNOS	
Славн-ЯНОС
30	
151 805	
18,3	
18,3	
18	
18,55	
18,35
KBTK	
КузбТК ао
28	
151 634	
158	
160,6	
154,6	
160,6	
158,4
ROLO	
Русолово
32	
148 420	
3,806	
3,87	
3,76	
3,87	
3,766
BISVP	
БашИнСв ап
33	
147 369	
6,73	
6,74	
6,68	
6,76	
6,73
KRKN	
СаратНПЗ
12	
145 200	
12 100	
12 300	
12 000	
12 300	
12 050
MAGEP	
МагадЭн ап
23	
135 120	
4,505	
4,415	
4,38	
4,645	
4,49
RUSI	
ИКРУСС-ИНВ
29	
116 790	
40,3	
40,5	
39,8	
41,3	
41
YRSB	
ТНСэнЯр
31	
106 300	
160	
162	
154	
168	
164
SLEN	
Сахэнер ао
32	
105 540	
4,03	
4,095	
4,005	
4,1	
4,03
KCHE	
КамчатЭ ао
23	
104 975	
0,181	
0,184	
0,18	
0,1865	
0,18
UKUZ	
ЮжКузб. ао
31	
101 588	
506	
502	
494	
512	
500
YRSBP	
ТНСэнЯр-п
34	
98 700	
81	
83,5	
79,5	
84	
80
MISB	
ТНСэнМарЭл
22	
91 740	
10,8	
10,7	
10,6	
11	
10,8
URKZ	
УрКузница
8	
91 500	
10 160	
10 200	
10 060	
10 300	
10 140
UCSS	
ОКС ао
26	
91 260	
1 450	
1 450	
1 430	
1 460	
1 460
ROSB	
Росбанк ао
26	
89 316	
71,6	
73	
70,2	
73	
70,8
RLMNP	
Роллман-п
113	
80 542	
19,36	
19,42	
18,8	
20	
19,52
BLNG	
Белон ао
28	
80 353	
3,998	
4,008	
3,996	
4,014	
3,996
MFGS	
Мегион-ао
17	
76 605	
333	
336	
331,5	
336,5	
332,5
TORSP	
ТРК ап
22	
69 105	
0,256	
0,2565	
0,255	
0,2575	
0,2575
KGKCP	
КурганГКап
25	
64 575	
54	
54	
53,5	
54,5	
53,5
CHGZ	
РН-ЗапСиб
14	
59 040	
32,8	
33	
32,4	
33,2	
32,6
KTSB	
КСБ ао
45	
56 458	
0,504	
0,5	
0,49	
0,534	
0,52
PRMB	
Приморье
2	
51 600	
17 200	
17 200	
17 200	
17 200	
17 200
KCHEP	
КамчатЭ ап
9	
44 610	
0,343	
0,338	
0,338	
0,35	
0,34
MISBP	
ТНСэМаЭл-п
14	
43 780	
9,6	
9,4	
9,4	
9,6	
9,6
OMZZP	
ОМЗ-ап
12	
41 525	
3 460	
3 470	
3 420	
3 500	
3 435
RDRB	
РДБанк ао
15	
40 750	
255	
255	
250	
260	
250
NNSBP	
ТНСэнНН ап
8	
36 625	
523	
529	
511	
532	
532
ALBK	
БестЭфБ ао
22	
33 645	
53,5	
53,5	
52,5	
54	
53,5
KBSB	
ТНСэКубань
11	
32 035	
133,5	
134,5	
131,5	
134,5	
134
MAGE	
МагадЭн ао
6	
28 510	
4,75	
4,79	
4,71	
4,79	
4,74
SZPR	
СЗПароход
14	
27 598	
746	
742	
738	
756	
754
SAREP	
СаратЭн-ап
11	
26 364	
0,085	
0,0854	
0,0844	
0,0862	
0,0858
JNOSP	
Слав-ЯНОСп
13	
25 946	
13,66	
13,7	
13,36	
13,78	
13,72
KGKC	
КурганГКао
19	
25 940	
53	
52	
52	
54	
52
NNSB	
ТНСэнНН ао
10	
25 915	
1 235	
1 230	
1 225	
1 250	
1 230
SAGOP	
СамарЭн-ап
5	
22 120	
0,369	
0,367	
0,366	
0,373	
0,372
VGSBP	
ВолгЭнСб-п
10	
19 745	
1,04	
1,075	
1,02	
1,075	
1,025
INGR	
ИНГРАД ао
6	
19 135	
765	
750	
750	
770	
765
ELTZ	
Электрцинк
38	
18 760	
169	
170	
167	
170	
168,5
SAGO	
СамарЭн-ао
4	
16 000	
0,4	
0,394	
0,394	
0,404	
0,404
TASBP	
ТамбЭнСб-п
6	
15 705	
0,1965	
0,197	
0,1955	
0,1975	
0,1975
DZRDP	
iДонскЗР п
6	
15 050	
1 670	
1 660	
1 660	
1 680	
1 680
KTSBP	
КСБ ап
3	
7 000	
0,2335	
0,236	
0,229	
0,236	
0,235
RTSBP	
ТНСэнРст-п
2	
5 190	
0,26	
0,259	
0,259	
0,26	
0,26
SARE	
СаратЭн-ао
2	
4 496	
0,1124	
0,1124	
0,1124	
0,1124	
0,1124
VGSB	
ВолгЭнСб
2	
4 395	
1,465	
1,465	
1,465	
1,465	
1,465
DZRD	
iДонскЗР
2	
4 326	
2 164	
2 154	
2 154	
2 172	
2 172
RTSB	
ТНСэнРст
1	
3 100	
0,31	
0,31	
0,31	
0,31	
0,31
TNSE	
ТНСэнрг ао
2	
1 945	
975	
965	
965	
980	
975
KUNF	
КУЗОЦМ ао
0	
0	
-	
-	
-	
-	
-
NPOF	
Физика ао
0	
0	
-	
-	
-	
-	
11 850
GAZC	
ГАЗКОН-ао
0	
0	
-	
-	
-	
-	
295
GTSS	
ГЕОТЕК ао
0	
0	
-	
-	
-	
-	
-
TRFM	
ТрансФ ао
0	
0	
-	
-	
-	
-	
-
KMTZ	
КосогМЗ ао
0	
0	
-	
-	
-	
-	
-
KZMS	
КЗМС ао
0	
0	
-	
-	
-	
-	
226
GAZS	
ГАЗ-сервис
0	
0	
-	
-	
-	
-	
293
HIMC	
Химпром ао
0	
0	
-	
-	
-	
-	
0,99
LSNG	
Ленэнерго
0	
0	
-	
-	
-	
-	
5,66
URKA	
Уркалий-ао
0	
0	
-	
-	
-	
-	
119,04
VZRZ	
Возрожд-ао
0	
0	
-	
-	
-	
-	
480
GAZT	
ГАЗ-Тек ао
0	
0	
-	
-	
-	
-	
85
KSGR	
Кокс ао
0	
0	
-	
-	
-	
-	
-
LSNGP	
Ленэнерг-п
0	
0	
-	
-	
-	
-	
119,95
MFON	
МегаФон ао
0	
0	
-	
-	
-	
-	
650,6
BISV	
БашИнСв ао
0	
0	
-	
-	
-	
-	
8,7
MORI	
Морион ао
0	
0	
-	
-	
-	
-	
4,31
KRKO	
ТКЗКК ао
0	
0	
-	
-	
-	
-	
11,8
RTGZ	
ГазпРнД ао
0	
0	
-	
-	
-	
-	
22 000