GAZP	
ГАЗПРОМ ао
77 347	
10 224 327 693	
195,43	
197,9	
193,24	
198,48	
193,24
SBER	
Сбербанк
64 050	
8 909 592 214	
203,63	
205,7	
202,36	
206	
202,8
GMKN	
ГМКНорНик
44 884	
8 581 306 972	
18 870	
19 190	
18 650	
19 238	
18 700
LKOH	
ЛУКОЙЛ
23 235	
4 882 842 533	
5 318,5	
5 310	
5 279,5	
5 355	
5 279,5
TATN	
Татнфт 3ао
28 158	
2 404 272 135	
558,9	
566,8	
552	
568,8	
552
MTSS	
МТС-ао
20 359	
2 400 440 901	
329,85	
326,1	
325,5	
333	
331,35
YNDX	
Yandex clA
28 060	
2 200 092 558	
3 477	
3 467,6	
3 423	
3 564,6	
3 514
PLZL	
Полюс
16 259	
2 070 772 657	
11 970,5	
11 899	
11 851	
12 072	
11 987
AFLT	
Аэрофлот
35 508	
1 941 561 531	
82,1	
82,82	
80,98	
83,62	
81,82
POLY	
Polymetal
26 448	
1 932 290 617	
1 396,5	
1 368,2	
1 366	
1 421	
1 394,7
POGR	
Petropavl
54 196	
1 862 794 521	
24,61	
27,9	
22,9	
27,995	
22,96
MGNT	
Магнит ао
19 493	
1 794 595 223	
4 083	
4 157	
4 020,5	
4 174,5	
4 026,5
ROSN	
Роснефть
17 346	
1 500 904 599	
362,65	
365,6	
359,5	
366,2	
360,8
NVTK	
Новатэк ао
19 235	
1 488 484 177	
1 024,8	
1 047	
1 010,8	
1 048,6	
1 013,2
HYDR	
РусГидро
32 227	
1 384 287 575	
0,7499	
0,756	
0,7288	
0,7714	
0,7322
SBERP	
Сбербанк-п
30 240	
1 134 368 746	
188,79	
190,8	
187,75	
191,1	
189,13
CHMF	
СевСт-ао
20 220	
1 113 960 499	
862,6	
855,4	
852,6	
870,8	
864,2
SNGS	
Сургнфгз
9 053	
1 033 515 598	
38,475	
38,58	
38,26	
38,7	
38,415
MOEX	
МосБиржа
19 453	
927 171 148	
113,66	
113,77	
112,74	
114,34	
113,2
SNGSP	
Сургнфгз-п
12 461	
862 312 138	
35,095	
34,845	
34,765	
35,25	
35,075
NLMK	
НЛМК ао
10 489	
803 810 565	
140,52	
139,44	
138,86	
141,46	
140,84
MAGN	
ММК
11 821	
793 811 284	
37,44	
37,355	
36,985	
37,815	
36,985
ALRS	
АЛРОСА ао
16 022	
765 031 466	
64,48	
64,36	
64,13	
64,86	
64,48
VTBR	
ВТБ ао
23 402	
754 505 239	
0,035165	
0,03542	
0,03492	
0,03555	
0,03492
IRAO	
ИнтерРАОао
8 841	
679 980 502	
4,8605	
4,884	
4,841	
4,9	
4,85
CNTLP	
Телеграф-п
26 006	
617 854 874	
30,78	
28,86	
28,86	
33,98	
29,2
AFKS	
Система ао
12 457	
599 471 521	
17,309	
17,45	
17,072	
17,63	
17,1
FIVE	
FIVE-гдр
7 966	
596 119 712	
2 524,5	
2 494	
2 490	
2 564	
2 502
UPRO	
Юнипро ао
9 990	
520 737 569	
2,8	
2,75	
2,744	
2,846	
2,785
SIBN	
Газпрнефть
7 861	
504 030 533	
331,85	
335,3	
328,95	
336,35	
332,55
RSTI	
Россети ао
10 533	
465 143 227	
1,5061	
1,5196	
1,4917	
1,531	
1,4935
DSKY	
ДетскийМир
12 826	
415 195 794	
100,78	
100,02	
100,02	
101,8	
100,6
TCSG	
TCS-гдр
9 528	
391 595 651	
1 447,4	
1 469,8	
1 407,6	
1 488,8	
1 437,6
CBOM	
МКБ ао
13 037	
385 537 998	
5,605	
5,588	
5,555	
5,649	
5,579
TATNP	
Татнфт 3ап
6 875	
321 047 425	
542,9	
550	
538,4	
551,3	
539
RTKM	
Ростел -ао
8 609	
310 376 248	
88,51	
88,37	
87,7	
89,91	
87,7
OGKB	
ОГК-2 ао
11 873	
262 722 263	
0,7938	
0,7879	
0,783	
0,7996	
0,7888
FEES	
ФСК ЕЭС ао
6 915	
252 851 125	
0,18676	
0,1884	
0,18554	
0,18884	
0,18694
TRNFP	
Транснф ап
1 003	
244 418 000	
134 100	
134 800	
133 600	
135 050	
134 150
BANEP	
Башнефт ап
7 079	
228 793 010	
1 443	
1 444	
1 436	
1 450	
1 436,5
APTK	
Аптеки36и6
22 724	
184 025 103	
14,294	
13,802	
13,802	
14,62	
14,3
CNTL	
Телеграф
7 450	
120 189 625	
35,75	
33,65	
32,05	
39,45	
33,25
RUAL	
РУСАЛ ао
7 613	
116 883 140	
26,36	
26,47	
26,15	
26,69	
26,28
TGKA	
ТГК-1
4 916	
112 698 231	
0,01303	
0,01307	
0,01299	
0,01309	
0,013062
LSRG	
ЛСР ао
4 901	
108 353 706	
710,6	
717,8	
700,8	
717,8	
700,8
MVID	
М.видео
2 446	
104 766 912	
406,9	
404,8	
402	
413,8	
406,7
PHOR	
ФосАгро ао
2 729	
103 726 998	
2 635	
2 608	
2 608	
2 647	
2 643
MSNG	
+МосЭнерго
2 770	
96 636 722	
2,1795	
2,14	
2,12	
2,2195	
2,2195
TRMK	
ТМК ао
726	
87 669 617	
60,02	
60,08	
59,96	
60,08	
60,02
LNTA	
Лента др
4 821	
86 883 506	
169,3	
167,1	
167	
170,5	
170
NMTP	
НМТП ао
5 227	
76 666 084	
10,49	
10,505	
10,43	
10,64	
10,46
ENPG	
ЭН+ГРУП ао
396	
53 626 387	
586	
597,5	
579,5	
597,5	
585,5
NKNCP	
НКНХ ап
3 221	
52 779 270	
89,56	
90,14	
89	
90,86	
89,02
MTLR	
Мечел ао
4 925	
52 038 102	
65,73	
65,37	
65,13	
66,39	
65,16
ETLN	
ETLN-гдр
1 258	
47 989 587	
98,08	
98,48	
97,16	
98,48	
98,22
ENRU	
ЭнелРос ао
3 410	
46 991 026	
1,001	
1,009	
0,996	
1,009	
1
AQUA	
РусАква ао
1 509	
42 339 415	
209,5	
206	
198	
231	
204
BANE	
Башнефт ао
2 182	
41 447 103	
1 848,5	
1 850,5	
1 832,5	
1 875	
1 843
YAKG	
ЯТЭК ао
86	
40 071 885	
41	
40,85	
40,85	
41,1	
41,05
QIWI	
iQIWI
1 380	
36 172 991	
1 217	
1 208,5	
1 202,5	
1 230	
1 229,5
AKRN	
Акрон
1 223	
36 094 784	
5 540	
5 494	
5 470	
5 586	
5 564
PIKK	
ПИК ао
1 973	
34 748 453	
425,9	
425,7	
423,1	
429,6	
425
ISKJ	
iИСКЧ ао
2 318	
25 676 113	
26,7	
28,1	
25,8	
28,78	
25,82
OBUV	
ОР ао
2 503	
24 677 195	
32,55	
31,05	
30,95	
34,45	
32,1
MRKP	
МРСК ЦП
1 571	
24 184 969	
0,1938	
0,1894	
0,1894	
0,1975	
0,1974
RASP	
Распадская
711	
21 123 980	
109,18	
110,1	
108,28	
110,32	
108,3
RTKMP	
Ростел -ап
1 212	
19 982 824	
78,3	
78,2	
77,3	
78,8	
78,05
DVEC	
ДЭК ао
2 280	
19 945 969	
1,051	
0,946	
0,946	
1,119	
1,016
BSPB	
БСП ао
1 774	
18 593 938	
40,81	
41,19	
40,53	
41,19	
40,7
AGRO	
AGRO-гдр
1 555	
18 285 999	
645,8	
648,2	
641,8	
650,6	
644,2
MTLRP	
Мечел ап
803	
15 740 866	
83,15	
84,05	
82,5	
84,05	
82,6
LSNGP	
РСетиЛЭ-п
1 068	
14 886 027	
154,35	
156,5	
153	
156,5	
154,6
SELG	
Селигдар
1 187	
14 602 121	
24,26	
24,8	
23,9	
24,87	
24,59
KRKNP	
СаратНПЗ-п
483	
14 148 680	
15 860	
15 820	
15 800	
16 060	
15 860
RSTIP	
Россети ап
721	
13 587 874	
2,034	
2,022	
2,003	
2,057	
2,003
LIFE	
iФармсинтз
1 119	
10 931 854	
6,675	
6,88	
6,565	
6,88	
6,59
VSMO	
ВСМПО-АВСМ
298	
10 782 080	
18 760	
19 000	
18 560	
19 060	
18 680
SFIN	
САФМАР ао
455	
9 649 186	
459,6	
463,8	
456	
463,8	
456
TNSE	
ТНСэнрг ао
1 140	
9 222 150	
1 150	
970	
955	
1 350	
1 000
NKNC	
НКНХ ао
610	
8 613 125	
98,95	
99,4	
98,5	
99,4	
99
INGR	
ИНГРАД ао
240	
7 330 259	
750	
740	
737	
756	
739
MRKC	
МРСК Центр
512	
5 854 857	
0,2792	
0,2788	
0,2758	
0,282	
0,2786
MSRS	
РСетиМР ао
283	
5 507 269	
1,096	
1,12	
1,091	
1,12	
1,0935
SAREP	
СаратЭн-ап
107	
5 330 662	
0,092	
0,091	
0,088	
0,0928	
0,0914
RNFT	
РуссНфт ао
905	
5 084 836	
537	
529	
528	
540	
537
FESH	
ДВМП ао
428	
5 054 575	
7,29	
7,3	
7,22	
7,39	
7,33
MRKZ	
МРСК СЗ
478	
4 658 869	
0,0491	
0,0485	
0,04805	
0,0511	
0,0487
PMSB	
ПермьЭнСб
124	
4 148 939	
128,4	
128	
127,6	
132,4	
129,4
MRKV	
РсетВол ао
465	
3 855 460	
0,0758	
0,0754	
0,0751	
0,07745	
0,0758
MSTT	
Мостотрест
480	
3 850 515	
151,1	
155,55	
148	
157,65	
148
MOBB	
МосОблБанк
1 645	
3 822 818	
0,916	
0,966	
0,9	
0,966	
0,9
TRCN	
ТрансК ао
42	
3 790 290	
8 595	
8 585	
8 560	
8 600	
8 580
TGKB	
ТГК-2
285	
3 611 100	
0,00401	
0,00406	
0,00398	
0,00407	
0,00399
ALNU	
АЛРОСА-Нюр
23	
3 299 000	
53 200	
53 400	
53 200	
53 400	
53 200
SVAV	
СОЛЛЕРС
150	
3 050 385	
258,5	
261,5	
256	
261,5	
256
MGTSP	
МГТС-4ап
354	
3 026 154	
1 988	
1 980	
1 980	
2 002	
1 982
KZOS	
ОргСинт ао
470	
2 671 149	
88,9	
89,3	
88,5	
89,6	
88,8
LNZL	
Лензолото
145	
2 558 460	
8 530	
8 590	
8 480	
8 590	
8 550
PRTK	
ПРОТЕК ао
223	
2 279 828	
99,3	
99,5	
98,9	
99,8	
99,7
NNSB	
ТНСэнНН ао
461	
2 279 105	
1 390	
1 295	
1 225	
1 590	
1 265
IRKT	
ИРКУТ-3
126	
2 241 636	
34,02	
34,4	
33,08	
34,66	
34,38
UNAC	
iАвиастКао
291	
2 187 354	
0,4645	
0,4675	
0,46	
0,47	
0,465
GEMA	
iММЦБ ао
261	
2 128 240	
624	
623	
616,5	
640	
619
GCHE	
ЧеркизГ-ао
298	
2 053 629	
1 736	
1 746	
1 725	
1 749	
1 730,5
KAZT	
Куйбазот
204	
2 041 038	
138,8	
141,2	
136,8	
142	
141
AMEZ	
АшинскийМЗ
191	
1 789 435	
4,09	
4,11	
4,01	
4,11	
4,08
BRZL	
БурЗолото
121	
1 784 397	
825	
823	
823	
840	
825
VRSB	
ТНСэнВорон
159	
1 760 480	
48,2	
49,8	
46,2	
51,2	
47,2
KMAZ	
КАМАЗ
269	
1 550 861	
57	
57	
56,3	
57,8	
57
LSNG	
РСетиЛЭ
184	
1 493 505	
6,02	
6,02	
6	
6,04	
6,01
ZILL	
ЗИЛ ао
120	
1 469 055	
2 570	
2 560	
2 545	
2 650	
2 550
TTLK	
Таттел. ао
161	
1 418 200	
0,281	
0,2835	
0,277	
0,285	
0,279
LNZLP	
Лензол. ап
108	
1 366 655	
3 625	
3 630	
3 600	
3 650	
3 645
NNSBP	
ТНСэнНН ап
384	
1 316 709	
596	
600	
540	
645	
547
SELGP	
Селигдар-п
136	
1 305 755	
25,95	
25,95	
25,65	
26,3	
25,95
MRSB	
МордЭнСб
48	
1 026 890	
0,368	
0,343	
0,343	
0,372	
0,362
VSYD	
ВыбСудЗ ао
71	
935 875	
3 915	
3 890	
3 850	
4 095	
3 920
PMSBP	
ПермьЭнС-п
198	
932 022	
129,6	
128,4	
127,2	
131	
130,2
DIOD	
ЗаводДИОД
110	
931 734	
5,72	
5,71	
5,67	
5,76	
5,72
RZSB	
РязЭнСб
53	
926 300	
9,86	
9,8	
9,78	
10	
9,92
MAGE	
МагадЭн ао
58	
923 100	
7,69	
8,1	
7,5	
8,1	
7,7
IRGZ	
ИркЭнерго
130	
902 776	
11,68	
11,86	
11,5	
11,96	
11,62
BELU	
Белуга ао
117	
897 631	
1 336	
1 340	
1 309	
1 340	
1 340
GTRK	
ГТМ ао
266	
875 240	
41,85	
42	
41,5	
42,65	
41,6
URKZ	
УрКузница
33	
808 660	
12 080	
11 980	
11 920	
12 220	
12 140
CHEP	
ЧТПЗ ао
120	
800 050	
194,5	
195	
193,5	
197	
195
TGKN	
ТГК-14
48	
796 060	
0,00315	
0,00312	
0,00311	
0,00317	
0,00313
MRKS	
РсетСиб ао
34	
757 785	
0,2435	
0,257	
0,241	
0,257	
0,2415
KOGK	
КоршГОК ао
15	
725 200	
45 400	
45 800	
44 400	
45 800	
45 400
RBCM	
РБК ао
97	
641 273	
3,198	
3,238	
3,18	
3,238	
3,202
ROST	
РОСИНТЕРао
66	
612 320	
61,4	
60,4	
60	
63	
61,4
YKEN	
Якутскэнрг
84	
591 065	
0,3495	
0,3515	
0,344	
0,3585	
0,353
UWGN	
ОВК ао
125	
584 856	
237,1	
237	
235,2	
239,6	
237,7
VRSBP	
ТНСэнВор-п
59	
581 100	
40,5	
42	
39,5	
42	
40,5
BISVP	
БашИнСв ап
77	
578 355	
8,25	
8,24	
8,16	
8,4	
8,26
RTSB	
ТНСэнРст
101	
577 950	
0,385	
0,405	
0,375	
0,405	
0,38
YRSB	
ТНСэнЯр
87	
555 020	
166	
172	
156	
172	
164
RGSS	
РГС СК ао
132	
509 248	
0,1466	
0,1462	
0,1452	
0,1484	
0,1462
IGST	
Ижсталь2ао
152	
501 135	
847	
830	
807	
900	
821
MRKU	
МРСК Ур
56	
490 108	
0,1596	
0,1594	
0,1578	
0,1606	
0,1596
VLHZ	
ВХЗ-ао
115	
471 269	
48,65	
48,8	
48,35	
49,25	
48,5
KZOSP	
ОргСинт ап
308	
460 983	
11,88	
11,98	
11,73	
12	
11,84
PAZA	
ПавлАвт ао
7	
425 320	
7 730	
7 710	
7 710	
7 830	
7 830
VZRZP	
Возрожд-п
46	
407 632	
306,6	
307,2	
305,4	
308,8	
306
UNKL	
ЮУНК ао
58	
406 400	
3 660	
3 670	
3 600	
3 760	
3 630
KRKN	
СаратНПЗ
21	
378 400	
13 050	
13 050	
12 650	
13 200	
12 950
MAGEP	
МагадЭн ап
47	
357 110	
6,495	
6,7	
6,3	
6,7	
6,53
MISB	
ТНСэнМарЭл
42	
348 430	
11,6	
11,5	
11,5	
11,8	
11,7
USBN	
УралСиб ао
54	
346 680	
0,0691	
0,0706	
0,0685	
0,0706	
0,0686
RUGR	
Русгрэйн
420	
346 250	
7,05	
7,076	
7,02	
7,136	
7,036
TORSP	
ТРК ап
26	
300 270	
0,2635	
0,263	
0,2615	
0,2685	
0,263
MISBP	
ТНСэМаЭл-п
47	
299 600	
11,2	
11,2	
11	
11,6	
11,2
KGKC	
КурганГКао
17	
289 980	
53	
54	
53	
55	
55
KBSB	
ТНСэКубань
53	
276 855	
186	
184	
183,5	
194	
184,5
PRMB	
Приморье
11	
276 000	
23 000	
23 400	
22 000	
23 400	
23 200
ABRD	
АбрауДюрсо
79	
275 730	
130	
131	
129,5	
131	
130,5
KAZTP	
Куйбазот-п
89	
275 584	
145	
148	
142	
148	
147,6
KLSB	
КалужскСК
55	
272 283	
11,64	
11,73	
11,54	
11,8	
11,56
KROT	
КрасОкт-ао
44	
271 650	
353	
345	
344,5	
380	
352
UTAR	
ЮТэйр ао
80	
269 806	
7,1	
7,11	
7,04	
7,13	
7,09
MGNZ	
СМЗ-ао
20	
269 140	
4 020	
4 080	
4 000	
4 080	
4 050
ASSB	
АстрЭнСб
72	
267 623	
0,8365	
0,831	
0,8305	
0,842	
0,8315
KGKCP	
КурганГКап
41	
261 485	
55	
56,5	
54	
56,5	
54
ROLO	
Русолово
51	
254 636	
3,858	
3,828	
3,822	
3,97	
3,822
MGTS	
МГТС-5ао
35	
252 980	
2 365	
2 350	
2 325	
2 390	
2 360
NKHP	
НКХП ао
34	
252 965	
230	
230	
228	
231	
230,5
GAZA	
ГАЗ ао
26	
239 645	
393	
391	
383,5	
398,5	
388
RUSP	
Русполимет
34	
232 320	
0,6115	
0,617	
0,606	
0,619	
0,608
YRSBP	
ТНСэнЯр-п
54	
227 160	
86	
86,5	
84	
90,5	
87
MRKK	
Россети СК
76	
221 315	
26,2	
26,16	
26,1	
26,86	
26,16
VJGZP	
Варьеган-п
20	
220 900	
340	
338	
334	
344	
340
GAZAP	
ГАЗ ап
20	
215 130	
321	
321	
320	
322	
321
TGKD	
Квадра
75	
214 954	
0,00309	
0,003145	
0,00304	
0,003145	
0,00309
RAVN	
Raven
25	
207 390	
29,2	
28,7	
28,7	
29,55	
29,3
MRKY	
РоссЮг ао
68	
198 092	
0,05005	
0,0496	
0,0496	
0,0503	
0,04995
VSYDP	
ВыбСудЗ ап
13	
184 360	
4 000	
4 100	
3 920	
4 140	
4 020
IGSTP	
Ижсталь ап
82	
182 804	
665	
648	
648	
689	
668
TASBP	
ТамбЭнСб-п
38	
173 865	
0,355	
0,36	
0,3445	
0,3665	
0,3595
HIMCP	
Химпром ап
44	
167 566	
5,88	
5,87	
5,87	
5,91	
5,91
WTCM	
ЦМТ ао
51	
166 974	
8,88	
8,96	
8,82	
8,98	
8,84
TASB	
ТамбЭнСб
22	
165 315	
0,422	
0,4305	
0,41	
0,4305	
0,4205
SAGO	
СамарЭн-ао
17	
163 720	
0,42	
0,422	
0,414	
0,426	
0,422
KUZB	
КузнецкийБ
153	
159 260	
0,01557	
0,01561	
0,0154	
0,01576	
0,0156
KRSB	
Красэсб ао
12	
134 720	
7,09	
7,11	
7,04	
7,2	
7,05
NFAZ	
Нефтекамск
20	
134 456	
164	
161,4	
161,4	
166,8	
166,6
KRSBP	
Красэсб ап
13	
131 940	
7,34	
7,18	
7,18	
7,42	
7,28
JNOS	
Славн-ЯНОС
14	
129 815	
18,55	
18,75	
18,4	
18,75	
18,5
UKUZ	
ЮжКузб. ао
8	
123 086	
526	
526	
526	
528	
526
KUBE	
Кубанэнр
52	
122 115	
70,2	
68,6	
68,6	
70,7	
70,6
HALS	
Галс-Девел
15	
114 222	
751	
755	
750	
755	
752
YKENP	
Якутскэн-п
15	
113 675	
0,3345	
0,3325	
0,33	
0,345	
0,3375
TGKBP	
ТГК-2 ап
12	
107 580	
0,00717	
0,00719	
0,00711	
0,00722	
0,00712
WTCMP	
ЦМТ ап
33	
106 616	
7,84	
8,28	
7,52	
8,28	
7,98
CHMK	
ЧМК ао
32	
105 710	
2 460	
2 450	
2 450	
2 465	
2 460
TGKDP	
Квадра-п
46	
102 891	
0,003925	
0,003995	
0,003855	
0,00405	
0,003995
KMEZ	
КМЗ
45	
101 687	
452	
450	
448	
456	
456
ELTZ	
Электрцинк
133	
100 910	
163,5	
163	
159,5	
165,5	
165
KRKOP	
ТКЗКК ап
60	
99 901	
5,74	
5,76	
5,705	
5,9	
5,735
MFGS	
Мегион-ао
3	
98 560	
352	
352	
352	
352	
352
CHKZ	
ЧКПЗ ао
14	
98 500	
5 180	
5 160	
5 140	
5 240	
5 180
NAUK	
iНПОНаука
30	
98 042	
178,4	
178,2	
177,2	
179,2	
179,2
LPSB	
ЛЭСК ао
26	
97 420	
7,65	
7,7	
7,65	
7,8	
7,65
RUSI	
ИКРУСС-ИНВ
15	
96 190	
38,5	
38,1	
38,1	
38,9	
38,1
RKKE	
ЭнергияРКК
8	
94 470	
4 970	
5 000	
4 930	
5 000	
4 930
RLMN	
Роллман
42	
84 367	
18,75	
18,8	
18,7	
18,9	
18,75
KCHE	
КамчатЭ ао
14	
79 160	
0,2085	
0,2095	
0,2035	
0,2115	
0,21
VGSBP	
ВолгЭнСб-п
15	
78 530	
1,09	
1,08	
1,07	
1,11	
1,11
VGSB	
ВолгЭнСб
19	
77 435	
1,58	
1,59	
1,57	
1,59	
1,57
RTSBP	
ТНСэнРст-п
16	
68 440	
0,298	
0,292	
0,292	
0,3	
0,299
STSBP	
СтаврЭнСбп
49	
61 926	
0,333	
0,3345	
0,3305	
0,3425	
0,332
UCSS	
ОКС ао
16	
60 240	
1 430	
1 450	
1 420	
1 450	
1 440
TUZA	
ТЗА ао
18	
57 800	
95	
94	
94	
95	
95
NKSH	
Нижкамшина
12	
57 066	
22,84	
22,8	
22,46	
22,92	
22,92
MFGSP	
Мегион-ап
13	
55 755	
328	
328	
327,5	
329	
328
DZRDP	
iДонскЗР п
22	
52 110	
1 580	
1 590	
1 550	
1 610	
1 610
LVHK	
Левенгук
25	
48 507	
7,82	
7,9	
7,76	
7,9	
7,9
ALBK	
БестЭфБ ао
21	
46 940	
52,5	
52,5	
52	
53	
53
DZRD	
iДонскЗР
12	
45 695	
1 905	
1 905	
1 900	
1 905	
1 905
STSB	
СтаврЭнСб
29	
45 096	
0,4025	
0,419	
0,3935	
0,419	
0,3975
JNOSP	
Слав-ЯНОСп
14	
34 192	
14,26	
14,04	
13,86	
14,44	
13,86
NSVZ	
НаукаСвяз
12	
32 385	
231,5	
228,5	
228,5	
233	
232,5
RLMNP	
Роллман-п
44	
31 675	
19,68	
19,98	
19,4	
19,98	
19,68
SLEN	
Сахэнер ао
7	
30 917	
4,07	
4,07	
4,055	
4,095	
4,055
AVAN	
Авангрд-ао
18	
25 870	
700	
695	
695	
710	
700
KTSB	
КСБ ао
21	
24 868	
0,578	
0,576	
0,572	
0,582	
0,582
OMZZP	
ОМЗ-ап
7	
22 635	
3 235	
3 230	
3 225	
3 270	
3 250
ZVEZ	
ЗВЕЗДА ао
3	
22 530	
4,505	
4,5	
4,5	
4,53	
4,53
RTGZ	
ГазпРнД ао
1	
21 900	
21 900	
21 900	
21 900	
21 900	
21 900
KTSBP	
КСБ ап
4	
19 330	
0,2415	
0,242	
0,2415	
0,242	
0,2415
TORS	
ТРК ао
4	
18 560	
0,371	
0,37	
0,37	
0,375	
0,375
KBTK	
КузбТК ао
8	
16 790	
152,6	
153,6	
151,8	
153,6	
152,2
VJGZ	
Варьеган
8	
16 542	
591	
589	
588	
593	
593
BLNG	
Белон ао
8	
14 860	
4,016	
4,006	
4,006	
4,022	
4,008
KCHEP	
КамчатЭ ап
3	
10 720	
0,357	
0,36	
0,352	
0,36	
0,357
ROSB	
Росбанк ао
9	
9 896	
70,8	
70	
69,8	
71,6	
70,4
RDRB	
РДБанк ао
2	
4 850	
245	
240	
240	
245	
245
KROTP	
КрасОкт-1п
1	
2 615	
261,5	
261,5	
261,5	
261,5	
261,5
GAZC	
ГАЗКОН-ао
0	
0	
-	
-	
-	
-	
295
GTSS	
ГЕОТЕК ао
0	
0	
-	
-	
-	
-	
-
TRFM	
ТрансФ ао
0	
0	
-	
-	
-	
-	
-
GAZC	
ГАЗКОН-ао
0	
0	
-	
-	
-	
-	
295
GAZS	
ГАЗ-сервис
0	
0	
-	
-	
-	
-	
293
GAZT	
ГАЗ-Тек ао
0	
0	
-	
-	
-	
-	
85
GTSS	
ГЕОТЕК ао
0	
0	
-	
-	
-	
-	
-
HIMC	
Химпром ао
0	
0	
-	
-	
-	
-	
0,99
KMTZ	
КосогМЗ ао
0	
0	
-	
-	
-	
-	
-
KRKO	
ТКЗКК ао
0	
0	
-	
-	
-	
-	
11,8
KSGR	
Кокс ао
0	
0	
-	
-	
-	
-	
-
KUNF	
КУЗОЦМ ао
0	
0	
-	
-	
-	
-	
-
KZMS	
КЗМС ао
0	
0	
-	
-	
-	
-	
226
MFON	
МегаФон ао
0	
0	
-	
-	
-	
-	
650,6
MORI	
Морион ао
0	
0	
-	
-	
-	
-	
4,31
NPOF	
Физика ао
0	
0	
-	
-	
-	
-	
11 850
SAGOP	
СамарЭн-ап
0	
0	
-	
-	
-	
-	
0,403
SARE	
СаратЭн-ао
0	
0	
-	
-	
-	
-	
0,1176
TRFM	
ТрансФ ао
0	
0	
-	
-	
-	
-	
-
URKA	
Уркалий-ао
0	
0	
-	
-	
-	
-	
119,04
VZRZ	
Возрожд-ао
0	
0	
-	
-	
-	
-	
480