SBER	
Сбербанк
112 943	
17 872 440 194	
227,37	
224,5	
223,25	
230,75	
228
GAZP	
ГАЗПРОМ ао
68 209	
8 309 458 044	
170,87	
171,04	
169,8	
171,98	
170,95
LKOH	
ЛУКОЙЛ
30 707	
4 567 755 483	
4 484	
4 487	
4 457	
4 520,5	
4 482
YNDX	
Yandex clA
34 450	
3 568 363 774	
5 062,6	
5 078,4	
5 022,4	
5 106,8	
5 049,4
GMKN	
ГМКНорНик
14 038	
2 971 145 954	
18 802	
18 716	
18 648	
18 916	
18 808
SBERP	
Сбербанк-п
32 862	
2 851 125 436	
220,87	
219,66	
218,2	
222,7	
221,69
ALRS	
АЛРОСА ао
39 023	
2 812 949 249	
73,24	
72,1	
72	
74,12	
73,77
PLZL	
Полюс
14 551	
2 204 772 548	
16 368,5	
16 550	
16 247,5	
16 586,5	
16 250
MGNT	
Магнит ао
21 154	
2 176 273 251	
4 939	
4 955	
4 874,5	
4 995,5	
4 970
IRAO	
ИнтерРАОао
23 167	
2 146 383 264	
5,647	
5,7875	
5,5295	
5,8	
5,61
SNGSP	
Сургнфгз-п
22 438	
2 024 814 153	
39,255	
39,6	
38,9	
39,725	
39,29
POLY	
Polymetal
22 013	
1 831 958 326	
1 695	
1 714	
1 677,4	
1 718	
1 699,8
MAIL	
MAIL-гдр
37 655	
1 775 845 250	
2 129,8	
2 143	
2 115	
2 147,4	
2 136,2
TATN	
Татнфт 3ао
24 095	
1 668 876 957	
464,5	
462,1	
460,8	
469,4	
462
MOEX	
МосБиржа
23 121	
1 555 587 871	
147,53	
148,48	
146,37	
149,88	
146,37
ROSN	
Роснефть
12 129	
1 427 513 939	
385,25	
382,95	
381,7	
387,95	
383,4
SNGS	
Сургнфгз
11 267	
1 003 258 125	
34,945	
35,25	
34,63	
35,56	
34,63
MTSS	
МТС-ао
10 149	
1 001 851 638	
339,5	
339,1	
337,7	
341	
339,55
NVTK	
Новатэк ао
10 426	
946 796 617	
1 066,6	
1 071	
1 057	
1 082	
1 063,4
NLMK	
НЛМК ао
14 964	
890 535 158	
172,88	
174,54	
171,52	
175,98	
171,7
CHMF	
СевСт-ао
15 149	
848 286 475	
994,2	
1 010	
988,4	
1 010,6	
991,2
VTBR	
ВТБ ао
25 305	
670 473 188	
0,03447	
0,034545	
0,03427	
0,03475	
0,034465
TATNP	
Татнфт 3ап
15 958	
587 164 964	
445,1	
445,6	
442,5	
448,4	
443,3
MAGN	
ММК
10 738	
527 719 500	
38,815	
38,76	
38,49	
39,15	
38,605
POGR	
Petropavl
8 440	
440 762 375	
33,605	
34,155	
33,17	
34,155	
33,655
AFKS	
Система ао
7 993	
412 507 338	
21,193	
21	
21	
21,447	
21,1
DSKY	
ДетскийМир
10 391	
384 619 031	
117,2	
116,5	
115,92	
117,9	
117,74
FIVE	
FIVE-гдр
6 664	
375 594 693	
2 896,5	
2 928,5	
2 870,5	
2 947	
2 887,5
CBOM	
МКБ ао
7 175	
375 413 723	
5,823	
5,837	
5,791	
5,864	
5,863
AFLT	
Аэрофлот
12 918	
372 420 659	
74,2	
74,12	
73,7	
74,7	
73,9
RTKM	
Ростел -ао
22 104	
366 473 928	
98,72	
98,84	
97,87	
100,1	
98,47
FEES	
ФСК ЕЭС ао
5 414	
360 706 912	
0,19804	
0,19662	
0,19572	
0,19964	
0,1974
HYDR	
РусГидро
8 224	
359 480 068	
0,7605	
0,7552	
0,7537	
0,7649	
0,7602
MVID	
М.видео
6 794	
352 167 149	
675,9	
665,9	
657,6	
686,6	
679,1
TCSG	
TCS-гдр
7 623	
349 461 226	
2 043	
2 068	
2 023,2	
2 068	
2 040
TRNFP	
Транснф ап
1 158	
341 134 000	
148 000	
148 550	
147 500	
148 700	
147 700
PHOR	
ФосАгро ао
3 933	
205 862 029	
2 867	
2 862	
2 845	
2 887	
2 864
RUAL	
РУСАЛ ао
11 156	
199 992 829	
31,605	
31,74	
31,38	
32,19	
31,435
SIBN	
Газпрнефть
5 250	
195 418 233	
293,65	
293,2	
292	
295,4	
294,85
RSTI	
Россети ао
2 666	
154 093 927	
1,4759	
1,4727	
1,4617	
1,4868	
1,4745
LSRG	
ЛСР ао
8 893	
143 829 651	
859,8	
882,6	
843,2	
884,6	
853,8
LNTA	
Лента др
9 721	
131 517 882	
228,4	
224,7	
224,7	
230	
227,1
UPRO	
Юнипро ао
2 708	
126 587 409	
2,8	
2,814	
2,76	
2,837	
2,777
ETLN	
ETLN-гдр
6 537	
89 311 436	
123,26	
125	
122,28	
125	
122,4
OGKB	
ОГК-2 ао
4 774	
87 819 308	
0,7651	
0,75	
0,7461	
0,7748	
0,7743
PIKK	
ПИК ао
1 515	
65 031 943	
568,5	
569	
565,3	
571	
567,3
ENPG	
ЭН+ГРУП ао
1 294	
55 082 905	
724,5	
704	
699	
882,5	
707
QIWI	
iQIWI
1 797	
40 642 544	
1 364	
1 382,5	
1 340,5	
1 382,5	
1 360
APTK	
Аптеки36и6
6 654	
40 219 092	
14,17	
14,042	
13,806	
14,38	
14,33
BANEP	
Башнефт ап
1 748	
35 027 850	
1 241	
1 249	
1 234,5	
1 252	
1 234,5
MTLR	
Мечел ао
3 855	
34 155 599	
61,26	
60,9	
60,8	
61,71	
61,52
ENRU	
ЭнелРос ао
1 486	
32 303 876	
0,939	
0,9495	
0,935	
0,9495	
0,9395
NMTP	
НМТП ао
1 571	
28 982 319	
8,58	
8,555	
8,53	
8,625	
8,565
FESH	
ДВМП ао
1 462	
28 833 201	
9,42	
9,07	
9,07	
9,65	
9,34
RASP	
Распадская
700	
27 995 185	
121,12	
119,14	
119,14	
122,1	
121,36
AGRO	
AGRO-гдр
2 070	
26 919 796	
741,4	
744,6	
735	
747,6	
744,4
RTKMP	
Ростел -ап
1 554	
24 015 365	
88,6	
88,95	
88,05	
89,55	
88,6
BSPB	
БСП ао
2 081	
22 719 498	
42,34	
42,6	
42,04	
43,18	
42,05
TRMK	
ТМК ао
513	
21 244 481	
60,92	
60,68	
60,68	
60,98	
60,9
ISKJ	
iИСКЧ ао
1 586	
18 254 054	
34,33	
34,06	
33,7	
35,48	
34,2
LNZL	
Лензолото
153	
14 486 080	
18 690	
18 530	
18 510	
18 790	
18 750
AQUA	
РусАква ао
789	
13 841 185	
230,5	
230,5	
226,5	
232,5	
230,5
HHRU	
iHHRU-адр
555	
13 713 451	
1 915	
1 940	
1 893,2	
1 940,2	
1 898
LSNGP	
РСетиЛЭ-п
874	
13 525 198	
152,3	
151,95	
151	
153,75	
152,75
MTLRP	
Мечел ап
961	
11 379 946	
66,1	
66,05	
65,35	
66,9	
66,5
AKRN	
Акрон
467	
10 739 014	
6 320	
6 300	
6 240	
6 378	
6 280
NKNCP	
НКНХ ап
1 073	
9 874 678	
76,9	
77,16	
76,7	
77,16	
76,9
SELG	
Селигдар
627	
9 564 114	
42,41	
43,6	
42,02	
43,6	
42,18
GCHE	
ЧеркизГ-ао
775	
9 561 025	
1 873	
1 881	
1 865	
1 885,5	
1 881
TGKA	
ТГК-1
948	
9 539 877	
0,011236	
0,011276	
0,01115	
0,011286	
0,01115
MSNG	
+МосЭнерго
385	
9 398 875	
2,0485	
2,048	
2,045	
2,057	
2,046
BANE	
Башнефт ао
548	
8 687 207	
1 645	
1 655	
1 637,5	
1 659	
1 646
UNKL	
ЮУНК ао
620	
8 580 930	
7 000	
6 590	
6 590	
7 500	
7 020
OBUV	
ОР ао
1 396	
7 993 730	
31,55	
32,25	
31,25	
32,25	
31,5
VSMO	
ВСМПО-АВСМ
200	
6 278 200	
17 100	
17 220	
17 020	
17 240	
17 040
YAKG	
ЯТЭК ао
482	
6 066 645	
50,6	
50	
49,55	
51,95	
50,5
ALNU	
АЛРОСА-Нюр
26	
4 521 600	
57 200	
57 600	
57 000	
58 000	
57 200
LIFE	
iФармсинтз
384	
4 504 444	
7,12	
7,18	
7,055	
7,23	
7,135
RSTIP	
Россети ап
341	
4 187 474	
2,024	
2,02	
2,01	
2,034	
2,021
MRKP	
МРСК ЦП
396	
3 510 747	
0,2191	
0,22	
0,2173	
0,2204	
0,2195
DIOD	
ЗаводДИОД
391	
3 442 266	
7,41	
7,06	
7,06	
7,66	
7,32
KRKNP	
СаратНПЗ-п
105	
3 412 860	
15 440	
15 380	
15 360	
15 520	
15 500
NKNC	
НКНХ ао
686	
3 300 791	
88,15	
88,9	
87,1	
89,9	
88,35
KZOS	
ОргСинт ао
384	
3 115 878	
82	
82,5	
81,4	
83,9	
81,9
CHKZ	
ЧКПЗ ао
258	
2 996 660	
5 740	
5 340	
5 340	
6 040	
5 400
CNTLP	
Телеграф-п
420	
2 889 748	
14,3	
14,28	
14,14	
14,4	
14,28
SELGP	
Селигдар-п
297	
2 849 815	
35,25	
36,15	
34,8	
36,15	
35,1
BISVP	
БашИнСв ап
437	
2 718 280	
12	
11,7	
11,68	
12,38	
11,84
MRKZ	
МРСК СЗ
86	
2 701 348	
0,0496	
0,0497	
0,0494	
0,05005	
0,0497
UNAC	
iАвиастКао
363	
2 501 920	
0,421	
0,4215	
0,414	
0,428	
0,4275
TGKB	
ТГК-2
158	
2 482 745	
0,004	
0,004015	
0,003975	
0,00403	
0,004005
MRKC	
МРСК Центр
353	
2 262 242	
0,2954	
0,2966	
0,293	
0,2986	
0,2956
SFIN	
САФМАР ао
128	
2 168 698	
491,6	
483,4	
481,4	
509	
482,6
HIMCP	
Химпром ап
222	
1 856 173	
7,99	
8	
7,95	
8,03	
8,01
LNZLP	
Лензол. ап
100	
1 769 675	
4 005	
4 045	
3 995	
4 045	
4 005
BRZL	
БурЗолото
340	
1 611 993	
1 013	
1 033	
1 005	
1 034	
1 020
UWGN	
ОВК ао
229	
1 584 958	
200,2	
201,1	
200	
201,8	
201,5
MSRS	
РСетиМР ао
152	
1 563 891	
1,1645	
1,1735	
1,159	
1,1735	
1,163
CNTL	
Телеграф
170	
1 467 465	
16,7	
16,75	
16,6	
16,75	
16,7
DZRDP	
iДонскЗР п
263	
1 418 310	
1 580	
1 630	
1 390	
1 640	
1 580
SAGO	
СамарЭн-ао
136	
1 358 680	
0,574	
0,576	
0,55	
0,604	
0,558
MGTSP	
МГТС-4ап
142	
1 310 864	
1 922	
1 916	
1 912	
1 930	
1 930
SVAV	
СОЛЛЕРС
43	
1 306 355	
288,5	
289,5	
287	
289,5	
287,5
RNFT	
РуссНфт ао
444	
1 254 030	
343,4	
350	
342	
350	
342
GEMA	
iММЦБ ао
143	
1 239 254	
603	
606	
600,5	
609	
608
LSNG	
РСетиЛЭ
202	
1 105 382	
5,57	
5,52	
5,5	
5,6	
5,58
TNSE	
ТНСэнрг ао
92	
1 058 795	
1 140	
1 085	
1 060	
1 180	
1 070
TGKD	
Квадра
138	
1 018 393	
0,00367	
0,00371	
0,00363	
0,00372	
0,00367
KBTK	
КузбТК ао
248	
992 204	
150,2	
146,4	
146	
156,8	
149,4
ROLO	
Русолово
85	
968 054	
6,328	
6,41	
6,256	
6,456	
6,34
SAGOP	
СамарЭн-ап
135	
949 460	
0,477	
0,441	
0,441	
0,512	
0,462
RDRB	
РДБанк ао
87	
907 550	
220	
215	
215	
225	
225
RUGR	
Русгрэйн
1 293	
907 009	
9,134	
9,144	
9,09	
9,2	
9,106
MRKV	
РсетВол ао
145	
896 929	
0,06855	
0,06835	
0,0683	
0,06895	
0,06875
KMAZ	
КАМАЗ
275	
862 937	
59,7	
59,5	
59,5	
59,9	
59,7
RBCM	
РБК ао
163	
860 478	
3,286	
3,302	
3,26	
3,35	
3,34
NSVZ	
НаукаСвяз
143	
799 355	
201	
201,5	
200	
203	
200
YKEN	
Якутскэнрг
47	
795 470	
0,404	
0,396	
0,3955	
0,41	
0,406
BELU	
Белуга ао
146	
768 407	
1 279	
1 297	
1 274	
1 297	
1 278
INGR	
ИНГРАД ао
24	
739 889	
801	
802	
800	
808	
801
GTRK	
ГТМ ао
256	
710 318	
42,25	
42,7	
42	
42,75	
42,3
ABRD	
АбрауДюрсо
144	
699 985	
194	
194,5	
193	
195,5	
194
NKHP	
НКХП ао
86	
667 425	
263	
265,5	
261,5	
265,5	
263
TTLK	
Таттел. ао
55	
656 000	
0,3295	
0,33	
0,327	
0,331	
0,328
VSYDP	
ВыбСудЗ ап
88	
649 260	
3 860	
3 920	
3 400	
4 300	
3 840
TGKN	
ТГК-14
58	
644 430	
0,0031	
0,00308	
0,00308	
0,00311	
0,0031
ZILL	
ЗИЛ ао
51	
636 850	
2 480	
2 465	
2 455	
2 500	
2 500
ZVEZ	
ЗВЕЗДА ао
46	
616 675	
4,5	
4,505	
4,495	
4,545	
4,5
CHEP	
ЧТПЗ ао
89	
532 770	
207,5	
206,5	
205,5	
208	
208
IRGZ	
ИркЭнерго
80	
522 680	
11,8	
11,56	
11,56	
11,94	
11,94
NFAZ	
Нефтекамск
46	
504 412	
205,8	
209,6	
204	
209,6	
205
MFGS	
Мегион-ао
32	
497 090	
320,5	
335	
319,5	
335	
329,5
MRKU	
МРСК Ур
79	
487 156	
0,1372	
0,1382	
0,137	
0,1382	
0,1378
KZOSP	
ОргСинт ап
527	
474 880	
11,39	
11,31	
11,18	
11,5	
11,4
KAZT	
Куйбазот
76	
456 622	
159,6	
157,8	
157,6	
164	
158,2
MAGE	
МагадЭн ао
50	
447 250	
5,96	
5,84	
5,83	
6,1	
5,9
KAZTP	
Куйбазот-п
28	
444 776	
153,4	
151,2	
151,2	
154	
151,4
WTCM	
ЦМТ ао
81	
434 738	
9,12	
9,1	
8,94	
9,34	
9
ARSA	
Арсагера
70	
412 100	
3,75	
3,91	
3,65	
3,92	
3,73
PRMB	
Приморье
15	
409 800	
27 400	
27 000	
27 000	
27 600	
27 200
ROST	
РОСИНТЕРао
69	
400 218	
60,6	
61,2	
60,2	
61,8	
60,6
AVAN	
Авангрд-ао
119	
397 555	
830	
845	
810	
850	
830
IRKT	
ИРКУТ-3
50	
385 350	
33,5	
33,66	
33,42	
33,68	
33,46
RLMN	
Роллман
119	
368 857	
17,35	
17,45	
17,15	
17,65	
17,5
UTAR	
ЮТэйр ао
82	
368 844	
6,86	
6,88	
6,83	
6,91	
6,85
KUZB	
КузнецкийБ
300	
355 337	
0,01408	
0,01402	
0,01389	
0,01447	
0,0142
TASBP	
ТамбЭнСб-п
17	
336 875	
0,276	
0,281	
0,2755	
0,281	
0,276
TGKDP	
Квадра-п
118	
330 458	
0,004715	
0,00473	
0,0046	
0,004845	
0,004715
KTSBP	
КСБ ап
45	
321 845	
0,2705	
0,2805	
0,268	
0,2805	
0,2695
KLSB	
КалужскСК
85	
310 223	
13,26	
13,23	
13,01	
13,51	
13,23
MRSB	
МордЭнСб
39	
304 580	
0,435	
0,437	
0,43	
0,437	
0,437
VGSBP	
ВолгЭнСб-п
84	
299 945	
1,875	
1,93	
1,805	
1,95	
1,86
MAGEP	
МагадЭн ап
40	
293 480	
5,99	
6,09	
5,8	
6,23	
6,06
MRKY	
РоссЮг ао
142	
288 255	
0,0479	
0,0482	
0,0477	
0,0482	
0,04785
RUSP	
Русполимет
67	
281 773	
0,632	
0,63	
0,629	
0,634	
0,633
VRSB	
ТНСэнВорон
28	
275 140	
70,6	
69,6	
69,2	
71,4	
71
KROT	
КрасОкт-ао
39	
256 645	
377,5	
368,5	
368,5	
380,5	
377,5
VJGZ	
Варьеган
92	
239 284	
615	
630	
607	
634	
621
MRKS	
РсетСиб ао
12	
233 675	
0,229	
0,23	
0,2285	
0,231	
0,23
KRSB	
Красэсб ао
86	
233 658	
7,37	
7,25	
7,23	
7,54	
7,33
AMEZ	
АшинскийМЗ
195	
232 929	
4,65	
4,665	
4,625	
4,67	
4,655
LVHK	
Левенгук
68	
226 486	
8,45	
8,55	
8,4	
8,55	
8,44
NNSB	
ТНСэнНН ао
49	
219 205	
1 685	
1 720	
1 635	
1 750	
1 645
PMSBP	
ПермьЭнС-п
58	
214 434	
130,8	
130	
129,8	
131	
130,8
RKKE	
ЭнергияРКК
24	
202 210	
6 740	
6 700	
6 700	
6 830	
6 730
BLNG	
Белон ао
72	
201 533	
4,19	
4,166	
4,112	
4,22	
4,22
RTSB	
ТНСэнРст
31	
200 350	
0,515	
0,525	
0,5	
0,525	
0,51
KRKOP	
ТКЗКК ап
98	
195 011	
8,515	
8,505	
8,415	
8,685	
8,5
PMSB	
ПермьЭнСб
47	
190 325	
134	
131,3	
131,3	
135	
132,6
PAZA	
ПавлАвт ао
22	
185 170	
8 050	
8 150	
7 950	
8 150	
8 030
KRKN	
СаратНПЗ
15	
182 000	
12 150	
12 200	
11 450	
12 400	
12 300
VZRZP	
Возрожд-п
37	
180 428	
311	
309,2	
308,2	
317,2	
309,4
URKZ	
УрКузница
11	
172 940	
15 720	
16 000	
15 600	
16 000	
15 680
RUSI	
ИКРУСС-ИНВ
18	
171 300	
38,1	
37,8	
37,8	
38,7	
38
DVEC	
ДЭК ао
55	
169 286	
0,91	
0,909	
0,908	
0,914	
0,912
KRSBP	
Красэсб ап
74	
165 086	
7,76	
7,56	
7,42	
8,02	
7,56
JNOS	
Славн-ЯНОС
30	
161 535	
18,55	
18	
17,9	
19,15	
18,2
HALS	
Галс-Девел
24	
155 090	
1 124	
1 122	
1 121	
1 144	
1 124
LPSB	
ЛЭСК ао
38	
152 140	
7,95	
8,1	
7,85	
8,1	
8
SAREP	
СаратЭн-ап
54	
143 976	
0,1134	
0,1132	
0,1124	
0,117	
0,1128
STSBP	
СтаврЭнСбп
81	
143 879	
0,3785	
0,376	
0,372	
0,3825	
0,379
RZSB	
РязЭнСб
12	
134 250	
9,08	
9,06	
9,06	
9,14	
9,12
RAVN	
Raven
12	
128 890	
29,95	
30,15	
29,95	
30,4	
29,95
CHMK	
ЧМК ао
36	
128 565	
2 570	
2 565	
2 555	
2 590	
2 570
USBN	
УралСиб ао
30	
124 427	
0,0673	
0,0673	
0,0671	
0,0674	
0,0672
MGNZ	
СМЗ-ао
13	
119 110	
4 760	
4 720	
4 700	
4 800	
4 710
DZRD	
iДонскЗР
46	
118 555	
2 045	
2 085	
2 020	
2 085	
2 055
YKENP	
Якутскэн-п
19	
114 645	
0,3955	
0,3935	
0,3865	
0,4	
0,4
OMZZP	
ОМЗ-ап
21	
113 720	
3 445	
3 415	
3 415	
3 490	
3 485
TORSP	
ТРК ап
7	
108 710	
0,2785	
0,2785	
0,278	
0,281	
0,281
ALBK	
БестЭфБ ао
31	
103 610	
59	
59	
58	
59	
59
RGSS	
РГС СК ао
44	
100 974	
0,1468	
0,1466	
0,146	
0,1478	
0,1466
RTGZ	
ГазпРнД ао
3	
83 150	
27 700	
27 750	
27 700	
27 750	
27 700
TGKBP	
ТГК-2 ап
53	
74 870	
0,007	
0,00703	
0,00694	
0,00704	
0,00699
RTSBP	
ТНСэнРст-п
11	
68 890	
0,492	
0,494	
0,49	
0,494	
0,491
ELTZ	
Электрцинк
43	
68 726	
173,5	
175	
172,5	
175	
174
TASB	
ТамбЭнСб
13	
67 880	
0,377	
0,384	
0,373	
0,384	
0,3755
VRSBP	
ТНСэнВор-п
9	
67 200	
45	
44,5	
44,5	
45,5	
45
GAZA	
ГАЗ ао
16	
66 900	
393,5	
392,5	
390	
396	
396
MFGSP	
Мегион-ап
3	
65 160	
310	
316	
310	
316	
310
ROSB	
Росбанк ао
19	
63 056	
77,8	
78,6	
77,2	
79	
77,6
SARE	
СаратЭн-ао
31	
62 942	
0,134	
0,1358	
0,1314	
0,1388	
0,1328
VSYD	
ВыбСудЗ ао
5	
62 420	
3 900	
3 890	
3 890	
3 920	
3 900
GAZAP	
ГАЗ ап
13	
49 615	
310	
310	
307,5	
313	
307,5
IGSTP	
Ижсталь ап
31	
47 191	
843	
856	
835	
856	
840
UCSS	
ОКС ао
9	
42 310	
1 460	
1 460	
1 450	
1 480	
1 460
MGTS	
МГТС-5ао
12	
41 765	
2 200	
2 195	
2 180	
2 215	
2 215
EELT	
ЕвроЭлтех
41	
40 449	
7,44	
7,52	
7,38	
7,52	
7,42
KCHE	
КамчатЭ ао
3	
39 015	
0,217	
0,2165	
0,2165	
0,217	
0,217
MISBP	
ТНСэМаЭл-п
21	
38 360	
12	
11,9	
11,9	
12,1	
12,1
STSB	
СтаврЭнСб
29	
37 851	
0,5485	
0,554	
0,5425	
0,5565	
0,555
TUZA	
ТЗА ао
16	
37 400	
104	
105	
103	
105	
104
IGST	
Ижсталь2ао
20	
36 647	
964	
982	
957	
982	
960
WTCMP	
ЦМТ ап
13	
34 360	
8,18	
8,24	
8,1	
8,26	
8,14
NKSH	
Нижкамшина
7	
33 288	
22,2	
22,16	
22,12	
22,3	
22,3
UKUZ	
ЮжКузб. ао
18	
32 554	
500	
500	
500	
506	
500
VGSB	
ВолгЭнСб
5	
32 180	
4,025	
4,025	
4,015	
4,025	
4,015
KMEZ	
КМЗ
14	
30 692	
495	
499	
494	
499	
495
VJGZP	
Варьеган-п
9	
30 270	
336	
338	
334	
338	
336
NNSBP	
ТНСэнНН ап
14	
28 699	
638	
644	
635	
644	
638
NAUK	
iНПОНаука
11	
28 236	
201,6	
203,4	
200,2	
203,4	
200,2
KTSB	
КСБ ао
13	
27 946	
0,622	
0,626	
0,618	
0,626	
0,618
KBSB	
ТНСэКубань
10	
26 790	
134	
134,5	
133,5	
134,5	
134
KGKCP	
КурганГКап
4	
23 760	
54	
54	
54	
54	
54
KUBE	
Кубанэнр
15	
23 119	
70,1	
70,6	
69,6	
70,6	
70,5
RLMNP	
Роллман-п
28	
22 617	
17,94	
18	
17,8	
18,2	
18,2
VLHZ	
ВХЗ-ао
6	
21 963	
53,55	
53,95	
53,45	
53,95	
53,55
SLEN	
Сахэнер ао
8	
20 582	
6,43	
6,395	
6,395	
6,5	
6,425
JNOSP	
Слав-ЯНОСп
7	
19 614	
14,02	
14,08	
13,94	
14,14	
13,96
KGKC	
КурганГКао
20	
17 110	
55	
55	
55	
55,5	
55,5
CHGZ	
РН-ЗапСиб
2	
10 340	
51,8	
51,8	
51,6	
51,8	
51,8
KROTP	
КрасОкт-1п
3	
7 945	
265	
265,5	
264,5	
265,5	
264,5
MISB	
ТНСэнМарЭл
6	
7 430	
12,4	
12,5	
12,3	
12,5	
12,3
ASSB	
АстрЭнСб
6	
5 262	
0,7515	
0,75	
0,7485	
0,764	
0,749
YRSB	
ТНСэнЯр
1	
4 980	
166	
166	
166	
166	
166
TORS	
ТРК ао
1	
3 870	
0,387	
0,387	
0,387	
0,387	
0,387
MRKK	
Россети СК
4	
3 050	
25,42	
25,46	
25,04	
25,46	
25,4
YRSBP	
ТНСэнЯр-п
2	
2 570	
85,5	
86	
85,5	
86	
85,5
BISV	
БашИнСв ао
0	
0	
-	
-	
-	
-	
8,7
GAZC	
ГАЗКОН-ао
0	
0	
-	
-	
-	
-	
295
KUNF	
КУЗОЦМ ао
0	
0	
-	
-	
-	
-	
-
PRTK	
ПРОТЕК ао
0	
0	
-	
-	
-	
-	
99,6
NPOF	
Физика ао
0	
0	
-	
-	
-	
-	
11 850
TRCN	
ТрансК ао
0	
0	
-	
-	
-	
-	
8 595
GAZS	
ГАЗ-сервис
0	
0	
-	
-	
-	
-	
293
KMTZ	
КосогМЗ ао
0	
0	
-	
-	
-	
-	
-
KZMS	
КЗМС ао
0	
0	
-	
-	
-	
-	
226
MSTT	
Мостотрест
0	
0	
-	
-	
-	
-	
161
TRFM	
ТрансФ ао
0	
0	
-	
-	
-	
-	
-
GAZT	
ГАЗ-Тек ао
0	
0	
-	
-	
-	
-	
85
HIMC	
Химпром ао
0	
0	
-	
-	
-	
-	
0,99
KOGK	
КоршГОК ао
0	
0	
-	
-	
-	
-	
46 600
BISV	
БашИнСв ао
0	
0	
-	
-	
-	
-	
8,7
KCHEP	
КамчатЭ ап
0	
0	
-	
-	
-	
-	
0,38
KSGR	
Кокс ао
0	
0	
-	
-	
-	
-	
-
MOBB	
МосОблБанк
0	
0	
-	
-	
-	
-	
0,698
URKA	
Уркалий-ао
0	
0	
-	
-	
-	
-	
119,04
VZRZ	
Возрожд-ао
0	
0	
-	
-	
-	
-	
480
MFON	
МегаФон ао
0	
0	
-	
-	
-	
-	
650,6
KRKO	
ТКЗКК ао
0	
0	
-	
-	
-	
-	
11,8
VZRZ	
Возрожд-ао
0	
0	
-	
-	
-	
-	
480