SBER	
Сбербанк
69 320	
11 138 328 731	
217,27	
218,71	
215,34	
218,88	
216,84
GAZP	
ГАЗПРОМ ао
70 344	
6 215 339 604	
182,58	
184,44	
180,91	
184,73	
181,5
LKOH	
ЛУКОЙЛ
31 362	
5 820 719 723	
5 115	
5 170	
5 055	
5 178	
5 073,5
GMKN	
ГМКНорНик
23 978	
5 139 650 794	
19 666	
19 700	
19 510	
19 808	
19 534
PLZL	
Полюс
24 727	
3 611 591 421	
16 242,5	
16 327	
16 075	
16 430	
16 288
MGNT	
Магнит ао
25 221	
2 347 284 443	
4 693	
4 707	
4 622	
4 775	
4 637
YNDX	
Yandex clA
27 301	
2 275 794 338	
4 146,8	
4 182,2	
4 104,4	
4 196,8	
4 139
ROSN	
Роснефть
19 500	
2 015 026 531	
355,8	
359,05	
352,6	
359,6	
354,25
IRAO	
ИнтерРАОао
26 220	
1 845 471 972	
5,7755	
5,79	
5,69	
5,8875	
5,718
SBERP	
Сбербанк-п
29 193	
1 784 330 054	
201,78	
203	
200,38	
210,01	
202,4
VTBR	
ВТБ ао
36 792	
1 746 401 395	
0,038595	
0,0385	
0,03825	
0,039115	
0,03825
ALRS	
АЛРОСА ао
23 006	
1 505 273 587	
66,71	
66,4	
65,83	
67,56	
66,11
POLY	
Polymetal
17 294	
1 488 183 759	
1 811,7	
1 787,8	
1 781,4	
1 839,4	
1 815
AFLT	
Аэрофлот
30 622	
1 404 410 193	
82,56	
83,68	
81,7	
83,8	
82,24
SNGS	
Сургнфгз
18 350	
1 276 655 072	
37,22	
37,2	
36,85	
37,62	
37,04
SNGSP	
Сургнфгз-п
22 535	
1 218 036 201	
37,5	
37,4	
36,89	
37,8	
37,415
CHMF	
СевСт-ао
26 499	
1 164 190 405	
909	
925,4	
896	
925,6	
905,6
MTSS	
МТС-ао
15 599	
1 158 083 414	
326,45	
328,95	
324,35	
328,95	
324,65
TATN	
Татнфт 3ао
16 363	
1 125 910 374	
558,2	
560	
552,4	
563,7	
555,7
NLMK	
НЛМК ао
16 186	
1 056 467 372	
144,38	
147,16	
142,78	
147,36	
145,26
HYDR	
РусГидро
21 486	
931 332 285	
0,7656	
0,775	
0,752	
0,7819	
0,759
MOEX	
МосБиржа
17 807	
919 005 804	
131,36	
133,99	
128,63	
134,2	
131
NVTK	
Новатэк ао
8 507	
861 642 600	
1 084	
1 088,2	
1 075,4	
1 092,6	
1 076,2
POGR	
Petropavl
15 223	
853 328 665	
40,085	
40,14	
38,735	
41,175	
38,805
LNTA	
Лента др
41 131	
831 445 369	
230,6	
232,9	
214,1	
242,9	
224
MAGN	
ММК
9 716	
735 849 269	
39,215	
39,9	
38,64	
39,94	
39,285
FEES	
ФСК ЕЭС ао
12 266	
597 019 936	
0,20006	
0,204	
0,19752	
0,204	
0,19752
RSTI	
Россети ао
9 484	
528 531 896	
1,5799	
1,6116	
1,5602	
1,6237	
1,5602
FIVE	
FIVE-гдр
5 831	
414 598 545	
2 806	
2 850	
2 770	
2 875	
2 790
RUAL	
РУСАЛ ао
13 707	
352 688 850	
28,07	
28,35	
27,535	
28,6	
28,035
AFKS	
Система ао
7 544	
351 065 207	
19,232	
19,28	
19,045	
19,399	
19,19
TCSG	
TCS-гдр
10 916	
332 823 873	
1 784,2	
1 820	
1 725	
1 828,4	
1 778,2
CBOM	
МКБ ао
7 887	
326 429 409	
5,886	
5,918	
5,822	
5,925	
5,876
SIBN	
Газпрнефть
5 493	
282 189 369	
323,15	
326,4	
320,3	
327	
320,5
TRNFP	
Транснф ап
1 052	
265 072 400	
134 850	
135 250	
134 200	
135 600	
135 150
MAIL	
MAIL-гдр
10 167	
238 201 269	
1 997,4	
2 008,8	
1 970,2	
2 026	
1 990
DSKY	
ДетскийМир
7 140	
235 791 912	
115,28	
116	
114,28	
116,3	
115,62
UPRO	
Юнипро ао
4 245	
213 346 833	
2,792	
2,84	
2,771	
2,845	
2,801
PHOR	
ФосАгро ао
3 726	
212 682 277	
2 672	
2 700	
2 656	
2 709	
2 673
TATNP	
Татнфт 3ап
5 400	
189 206 289	
538,6	
539	
535	
542,2	
535
RTKM	
Ростел -ао
6 382	
170 161 607	
90,46	
91,91	
89,67	
91,91	
90,22
OGKB	
ОГК-2 ао
5 594	
151 122 589	
0,7346	
0,7465	
0,7216	
0,7491	
0,7255
MVID	
М.видео
4 674	
125 827 405	
431,9	
437,7	
425,4	
438,8	
433
AGRO	
AGRO-гдр
4 823	
109 293 796	
726	
742	
706,2	
750	
723,6
TGKB	
ТГК-2
4 799	
101 577 700	
0,004645	
0,00419	
0,004185	
0,004905	
0,00451
NAUK	
iНПОНаука
8 107	
96 672 318	
234,4	
202,4	
194,8	
254	
219
AQUA	
РусАква ао
3 898	
91 991 770	
205	
216	
198,5	
220	
200,5
RKKE	
ЭнергияРКК
3 833	
89 374 600	
10 200	
8 340	
8 280	
11 050	
11 050
TGKA	
ТГК-1
4 222	
86 160 164	
0,012012	
0,01216	
0,01179	
0,01218	
0,011902
LNZL	
Лензолото
2 016	
77 084 750	
17 510	
18 410	
17 010	
18 620	
17 290
NMTP	
НМТП ао
5 804	
74 065 268	
9,265	
9,4	
9,195	
9,435	
9,2
PIKK	
ПИК ао
1 813	
65 188 757	
495,2	
498,6	
489	
500,9	
489,5
CNTL	
Телеграф
2 177	
64 404 495	
28,3	
28,85	
28	
28,9	
28,45
RASP	
Распадская
2 094	
63 314 481	
105,94	
107,8	
104,68	
107,8	
105
RTKMP	
Ростел -ап
3 332	
57 962 278	
85,2	
86,1	
84,25	
86,5	
84,5
RSTIP	
Россети ап
2 655	
57 464 922	
2,165	
2,146	
2,071	
2,216	
2,082
UNKL	
ЮУНК ао
3 053	
56 656 210	
9 080	
10 010	
8 200	
10 900	
8 690
ENPG	
ЭН+ГРУП ао
649	
54 283 247	
747	
760	
733,5	
760	
751
MTLR	
Мечел ао
5 079	
50 722 052	
66,06	
66,76	
65,5	
67	
65,5
SELG	
Селигдар
3 262	
48 330 349	
38,68	
38,69	
37,36	
40,64	
37,48
CNTLP	
Телеграф-п
2 211	
46 383 648	
28,38	
28,88	
28	
28,9	
28,4
QIWI	
iQIWI
2 277	
44 864 118	
1 380	
1 391	
1 355,5	
1 415	
1 387,5
ETLN	
ETLN-гдр
3 062	
43 960 175	
110,28	
112,06	
109,12	
112,36	
109,46
BANEP	
Башнефт ап
2 219	
43 650 920	
1 347	
1 355	
1 341	
1 355	
1 346,5
LSRG	
ЛСР ао
2 950	
41 428 164	
735,2	
745	
731,2	
745	
735
SFIN	
САФМАР ао
104	
35 818 348	
518,4	
519,6	
518	
519,6	
518,8
ENRU	
ЭнелРос ао
1 963	
29 523 249	
0,9505	
0,9515	
0,9425	
0,9575	
0,9455
AKRN	
Акрон
783	
29 118 166	
5 774	
5 740	
5 710	
5 800	
5 800
MSNG	
+МосЭнерго
1 235	
27 109 490	
2,142	
2,1535	
2,115	
2,1755	
2,139
DZRDP	
iДонскЗР п
3 021	
24 665 330	
1 850	
1 590	
1 590	
2 130	
2 020
DZRD	
iДонскЗР
2 608	
20 606 975	
2 580	
1 995	
1 995	
2 805	
2 800
NKNCP	
НКНХ ап
2 164	
20 150 979	
79,48	
79,5	
78,9	
80,4	
79,18
BSPB	
БСП ао
1 996	
20 135 757	
42,72	
43,03	
42,26	
43,18	
42,5
ISKJ	
iИСКЧ ао
1 234	
19 095 958	
25,13	
25,73	
24,51	
26,13	
24,8
LIFE	
iФармсинтз
1 538	
18 546 329	
7,465	
7,6	
7,22	
7,775	
7,345
TGKN	
ТГК-14
1 069	
17 698 670	
0,00326	
0,00311	
0,00311	
0,00336	
0,00319
LSNGP	
РСетиЛЭ-п
1 119	
17 215 502	
150,6	
151,5	
149,45	
151,95	
149,5
TRMK	
ТМК ао
968	
16 952 188	
59,12	
58,56	
58,4	
59,4	
59,38
MTLRP	
Мечел ап
949	
16 878 973	
85,1	
85,85	
83,1	
86,5	
84,5
MRKP	
МРСК ЦП
933	
16 720 065	
0,2115	
0,2155	
0,21	
0,2168	
0,2107
OBUV	
ОР ао
1 597	
16 484 347	
34,5	
34,75	
34	
35,1	
34,15
RUGR	
Русгрэйн
7 001	
14 765 038	
9,69	
9,75	
9,418	
9,998	
9,73
TGKBP	
ТГК-2 ап
847	
14 659 790	
0,00749	
0,00717	
0,00714	
0,00784	
0,00737
ROLO	
Русолово
1 037	
12 820 470	
5,584	
5,55	
5,268	
5,872	
5,46
YAKG	
ЯТЭК ао
68	
12 372 110	
42,6	
43	
41,9	
43	
42,35
GCHE	
ЧеркизГ-ао
1 220	
12 115 651	
1 793	
1 785,5	
1 754	
1 819	
1 755
IGSTP	
Ижсталь ап
2 335	
11 563 602	
1 044	
1 099	
975	
1 157	
1 005
BRZL	
БурЗолото
1 408	
11 094 583	
1 175	
1 185	
1 127	
1 220	
1 128
MSRS	
РСетиМР ао
554	
9 705 825	
1,201	
1,204	
1,182	
1,218	
1,1925
LNZLP	
Лензол. ап
713	
9 307 350	
5 400	
5 660	
5 215	
5 660	
5 260
FESH	
ДВМП ао
468	
9 165 756	
7,67	
7,78	
7,62	
7,78	
7,69
PAZA	
ПавлАвт ао
564	
8 385 620	
9 180	
9 030	
8 830	
9 640	
8 940
RTSBP	
ТНСэнРст-п
828	
8 227 770	
0,373	
0,331	
0,329	
0,417	
0,355
KRKNP	
СаратНПЗ-п
193	
7 997 040	
16 100	
16 180	
16 000	
16 280	
16 020
AMEZ	
АшинскийМЗ
2 062	
7 620 456	
4,35	
4,295	
4,18	
4,465	
4,305
BANE	
Башнефт ао
640	
7 595 191	
1 737	
1 734,5	
1 732	
1 747,5	
1 736,5
RTSB	
ТНСэнРст
535	
7 192 600	
0,51	
0,43	
0,42	
0,565	
0,465
UNAC	
iАвиастКао
579	
6 507 430	
0,4925	
0,48	
0,48	
0,504	
0,484
IRKT	
ИРКУТ-3
413	
6 478 396	
35,22	
35,8	
34,3	
36,36	
34,96
SELGP	
Селигдар-п
415	
6 418 205	
28	
28,6	
27,55	
28,6	
27,95
RGSS	
РГС СК ао
550	
6 138 965	
0,1512	
0,153	
0,1492	
0,157	
0,1502
MRKC	
МРСК Центр
514	
5 678 445	
0,2944	
0,2954	
0,291	
0,2958	
0,294
RNFT	
РуссНфт ао
1 481	
5 639 397	
511	
514	
496,2	
515,8	
499,8
SVAV	
СОЛЛЕРС
202	
5 539 855	
272	
272	
267	
274	
268,5
VSMO	
ВСМПО-АВСМ
181	
5 343 640	
18 300	
18 360	
18 240	
18 360	
18 260
TGKD	
Квадра
558	
4 925 333	
0,00334	
0,00349	
0,00322	
0,0035	
0,00327
IGST	
Ижсталь2ао
766	
4 633 609	
1 134	
1 208	
1 071	
1 220	
1 092
GEMA	
iММЦБ ао
162	
4 147 105	
601,5	
598	
597,5	
605,5	
601
KMAZ	
КАМАЗ
705	
4 125 145	
59,5	
60,9	
58,4	
60,9	
59,5
KBSB	
ТНСэКубань
555	
3 742 715	
144	
139,5	
138	
157	
141
MRKV	
РсетВол ао
501	
3 740 171	
0,07385	
0,07375	
0,0732	
0,0744	
0,07345
TTLK	
Таттел. ао
332	
3 573 450	
0,293	
0,288	
0,2875	
0,2975	
0,29
MGTSP	
МГТС-4ап
301	
3 467 096	
1 978	
1 982	
1 966	
2 000	
1 984
NKNC	
НКНХ ао
444	
3 331 146	
92,65	
92,95	
92	
93,15	
92,45
ELTZ	
Электрцинк
820	
3 201 986	
183	
173,5	
170	
195	
181
NSVZ	
НаукаСвяз
658	
3 176 035	
224	
218,5	
217	
233	
222,5
IRGZ	
ИркЭнерго
210	
2 840 456	
11,68	
11,7	
11,54	
11,9	
11,6
CHMK	
ЧМК ао
240	
2 786 210	
2 620	
2 675	
2 575	
2 680	
2 610
HALS	
Галс-Девел
256	
2 172 781	
1 109	
1 050	
1 040	
1 147	
1 095
KZOS	
ОргСинт ао
395	
2 133 351	
86,2	
86,7	
85,9	
86,7	
85,9
APTK	
Аптеки36и6
1 299	
2 080 857	
13,546	
13,52	
13,52	
13,606	
13,554
BELU	
Белуга ао
261	
1 990 723	
1 334	
1 335	
1 325	
1 345	
1 337
LPSB	
ЛЭСК ао
468	
1 987 060	
7,95	
7,75	
7,6	
8,3	
7,75
RBCM	
РБК ао
467	
1 810 067	
3,468	
3,434	
3,414	
3,538	
3,47
DIOD	
ЗаводДИОД
313	
1 622 293	
6,56	
6,48	
6,47	
6,7	
6,57
SLEN	
Сахэнер ао
309	
1 602 241	
5,785	
5,92	
5,655	
6,07	
5,655
KUZB	
КузнецкийБ
367	
1 575 565	
0,01502	
0,01514	
0,01494	
0,01539	
0,01501
MRKZ	
МРСК СЗ
261	
1 550 499	
0,0504	
0,05095	
0,0495	
0,0518	
0,0505
VRSBP	
ТНСэнВор-п
41	
1 505 200	
46,5	
48	
45	
48	
45,5
EELT	
ЕвроЭлтех
191	
1 340 355	
8,76	
8,54	
8,38	
9,2	
8,6
VLHZ	
ВХЗ-ао
253	
1 332 537	
53,7	
53,2	
52,7	
55,25	
53,65
STSBP	
СтаврЭнСбп
301	
1 280 625	
0,3715	
0,3675	
0,3625	
0,38	
0,3755
KROT	
КрасОкт-ао
87	
1 229 435	
378,5	
381	
366,5	
386,5	
384,5
KLSB	
КалужскСК
202	
1 215 434	
11,75	
11,76	
11,65	
11,87	
11,65
MSTT	
Мостотрест
124	
1 207 217	
156,15	
158,85	
155,3	
159	
155,6
INGR	
ИНГРАД ао
108	
1 200 351	
739	
747	
736	
747	
740
URKZ	
УрКузница
51	
1 160 280	
16 340	
16 720	
16 080	
16 900	
16 500
KOGK	
КоршГОК ао
21	
1 138 600	
49 600	
49 800	
48 800	
50 000	
48 800
LSNG	
РСетиЛЭ
230	
1 110 168	
6,09	
6,13	
6,03	
6,15	
6,08
MRKS	
РсетСиб ао
50	
1 089 615	
0,2395	
0,241	
0,237	
0,2435	
0,2375
RZSB	
РязЭнСб
73	
1 089 260	
9,32	
9,3	
9,24	
9,42	
9,28
KRSB	
Красэсб ао
92	
1 070 520	
7,04	
6,72	
6,71	
7,29	
7,07
DVEC	
ДЭК ао
138	
1 051 129	
1,039	
1,038	
1,032	
1,064	
1,039
BLNG	
Белон ао
380	
1 030 944	
4,644	
4,67	
4,5	
4,79	
4,7
RLMN	
Роллман
182	
1 021 770	
18,9	
19,15	
18,4	
19,25	
19,1
GTRK	
ГТМ ао
166	
973 053	
43,2	
42,9	
42,65	
43,75	
43,5
PMSBP	
ПермьЭнС-п
86	
926 590	
129,8	
130,6	
129,4	
130,6	
129,8
MGNZ	
СМЗ-ао
63	
882 940	
4 700	
4 870	
4 400	
4 900	
4 590
ALNU	
АЛРОСА-Нюр
10	
815 200	
54 400	
54 200	
54 200	
54 400	
54 400
VJGZ	
Варьеган
142	
798 653	
575	
576	
568	
588	
575
MRKU	
МРСК Ур
99	
783 826	
0,1546	
0,155	
0,1542	
0,1552	
0,1546
USBN	
УралСиб ао
86	
763 683	
0,0691	
0,0696	
0,0688	
0,0699	
0,0689
RTGZ	
ГазпРнД ао
21	
752 750	
25 950	
24 800	
24 800	
26 500	
25 800
HIMCP	
Химпром ап
90	
720 167	
6,06	
6,14	
6,02	
6,14	
6,05
MISB	
ТНСэнМарЭл
64	
702 940	
13,1	
13,1	
13	
13,3	
13,1
KZOSP	
ОргСинт ап
301	
653 937	
11,95	
12	
11,9	
12,14	
11,97
MAGEP	
МагадЭн ап
61	
648 965	
7,545	
7,57	
7,39	
7,87	
7,395
CHEP	
ЧТПЗ ао
99	
620 895	
209	
209,5	
207	
210	
209,5
UWGN	
ОВК ао
113	
620 192	
237	
237,7	
232	
239,7	
236,2
MGTS	
МГТС-5ао
61	
554 155	
2 280	
2 260	
2 255	
2 300	
2 275
UTAR	
ЮТэйр ао
82	
553 608	
7,12	
7,15	
7,1	
7,16	
7,11
NKHP	
НКХП ао
108	
545 870	
230,5	
231,5	
228	
233	
230,5
TUZA	
ТЗА ао
55	
537 940	
93	
92	
92	
94	
93
KTSBP	
КСБ ап
54	
534 335	
0,274	
0,2625	
0,2605	
0,28	
0,2795
RAVN	
Raven
36	
527 210	
31,55	
31,25	
31,25	
32	
31,35
VJGZP	
Варьеган-п
17	
513 560	
347	
345	
344	
352	
345
ZILL	
ЗИЛ ао
33	
504 560	
2 640	
2 655	
2 625	
2 655	
2 625
PMSB	
ПермьЭнСб
102	
455 551	
129,8	
129,8	
128,9	
130,8	
130
RUSP	
Русполимет
50	
451 685	
0,6275	
0,623	
0,6215	
0,635	
0,627
RUSI	
ИКРУСС-ИНВ
46	
450 390	
34,9	
40,6	
25	
40,9	
38
MAGE	
МагадЭн ао
40	
439 420	
6,76	
6,87	
6,69	
6,93	
6,76
TGKDP	
Квадра-п
145	
438 475	
0,0041	
0,00419	
0,004005	
0,00425	
0,004095
KRKOP	
ТКЗКК ап
116	
403 975	
7,135	
7,08	
7,08	
7,19	
7,14
NFAZ	
Нефтекамск
71	
401 904	
165,4	
167,4	
161,4	
169	
164,8
RLMNP	
Роллман-п
102	
371 913	
19,88	
19,64	
19,5	
20,7	
20,3
VRSB	
ТНСэнВорон
41	
368 660	
55	
55,2	
53,8	
55,8	
54,4
SARE	
СаратЭн-ао
42	
368 450	
0,1204	
0,12	
0,1184	
0,1228	
0,1194
VGSB	
ВолгЭнСб
52	
353 285	
1,75	
1,67	
1,665	
1,835	
1,705
CHKZ	
ЧКПЗ ао
37	
352 640	
5 260	
5 420	
5 100	
5 500	
5 400
BISVP	
БашИнСв ап
43	
338 175	
8,27	
8,38	
8,22	
8,39	
8,32
KRSBP	
Красэсб ап
33	
328 440	
7	
6,78	
6,78	
7,28	
7,04
GAZA	
ГАЗ ао
10	
316 940	
391,5	
388	
388	
392	
392
ZVEZ	
ЗВЕЗДА ао
19	
292 340	
4,57	
4,575	
4,555	
4,58	
4,565
UKUZ	
ЮжКузб. ао
64	
280 232	
572	
546	
546	
580	
552
WTCM	
ЦМТ ао
49	
263 650	
9	
9,02	
8,94	
9,04	
9
MISBP	
ТНСэМаЭл-п
37	
254 160	
13,4	
13,6	
13	
13,6	
13,4
NNSB	
ТНСэнНН ао
62	
252 865	
1 350	
1 330	
1 315	
1 405	
1 320
KAZT	
Куйбазот
78	
249 346	
145	
144,4	
141,2	
147,2	
146,6
VZRZP	
Возрожд-п
55	
249 340	
346,4	
357,4	
339	
358	
344
MRSB	
МордЭнСб
37	
236 560	
0,353	
0,347	
0,347	
0,359	
0,353
YKEN	
Якутскэнрг
30	
226 045	
0,353	
0,353	
0,348	
0,3555	
0,349
KAZTP	
Куйбазот-п
20	
225 100	
145,2	
148,2	
145	
148,4	
146,8
KRKN	
СаратНПЗ
17	
221 200	
13 000	
12 700	
12 650	
13 600	
12 900
SAGO	
СамарЭн-ао
21	
207 120	
0,46	
0,45	
0,45	
0,466	
0,452
VGSBP	
ВолгЭнСб-п
77	
191 260	
1,16	
1,205	
1,12	
1,22	
1,16
NNSBP	
ТНСэнНН ап
40	
188 126	
599	
582	
582	
615	
605
MRKY	
РоссЮг ао
73	
186 587	
0,0503	
0,0508	
0,05015	
0,0508	
0,0503
UCSS	
ОКС ао
21	
186 140	
1 450	
1 460	
1 440	
1 480	
1 460
TASBP	
ТамбЭнСб-п
39	
173 345	
0,327	
0,33	
0,3235	
0,33	
0,3255
ABRD	
АбрауДюрсо
54	
159 865	
130	
129,5	
129,5	
130,5	
130
ASSB	
АстрЭнСб
67	
153 720	
0,75	
0,74	
0,74	
0,755	
0,746
VSYDP	
ВыбСудЗ ап
25	
146 420	
4 060	
4 100	
4 040	
4 100	
4 040
MRKK	
Россети СК
42	
125 644	
26,08	
26,1	
25,9	
26,32	
26,08
KMEZ	
КМЗ
50	
125 212	
491	
493,5	
489	
495	
489
KTSB	
КСБ ао
63	
123 602	
0,632	
0,606	
0,598	
0,668	
0,644
TASB	
ТамбЭнСб
17	
121 795	
0,435	
0,421	
0,421	
0,4425	
0,433
KUBE	
Кубанэнр
49	
115 509	
68,8	
68,5	
67,9	
69,4	
68,6
PRMB	
Приморье
5	
112 400	
22 400	
22 600	
22 200	
22 800	
22 800
TNSE	
ТНСэнрг ао
24	
112 345	
1 010	
1 015	
995	
1 020	
1 000
GAZAP	
ГАЗ ап
30	
111 140	
308,5	
312,5	
305	
312,5	
307
ROST	
РОСИНТЕРао
36	
97 572	
62,2	
62,2	
61	
62,8	
61,2
TORSP	
ТРК ап
17	
97 280	
0,27	
0,2705	
0,269	
0,271	
0,269
VSYD	
ВыбСудЗ ао
14	
94 645	
3 945	
3 900	
3 900	
3 995	
3 980
STSB	
СтаврЭнСб
49	
93 917	
0,425	
0,4125	
0,4125	
0,432	
0,428
KCHE	
КамчатЭ ао
17	
91 385	
0,2075	
0,206	
0,201	
0,21	
0,202
OMZZP	
ОМЗ-ап
17	
87 800	
3 510	
3 540	
3 475	
3 540	
3 520
YRSBP	
ТНСэнЯр-п
16	
86 655	
89,5	
90,5	
86	
90,5	
86
KBTK	
КузбТК ао
27	
84 450	
153,6	
152,4	
152,4	
154,8	
152,6
YKENP	
Якутскэн-п
12	
79 855	
0,3325	
0,334	
0,329	
0,336	
0,33
RDRB	
РДБанк ао
15	
76 800	
240	
240	
235	
245	
235
LVHK	
Левенгук
40	
69 124	
8,04	
7,91	
7,9	
8,3	
8,3
MFGSP	
Мегион-ап
8	
63 805	
319	
319,5	
318	
319,5	
319
TORS	
ТРК ао
11	
58 200	
0,416	
0,417	
0,409	
0,419	
0,419
KROTP	
КрасОкт-1п
10	
55 335	
276,5	
279	
275	
279	
277,5
JNOS	
Славн-ЯНОС
9	
48 910	
18,8	
18,85	
18,75	
19,1	
18,75
KGKC	
КурганГКао
6	
45 310	
53	
53	
52	
54	
53
KCHEP	
КамчатЭ ап
10	
42 490	
0,354	
0,34	
0,34	
0,359	
0,359
SAGOP	
СамарЭн-ап
10	
41 090	
0,411	
0,402	
0,402	
0,414	
0,414
WTCMP	
ЦМТ ап
20	
40 870	
8,34	
8,24	
8,24	
8,44	
8,36
YRSB	
ТНСэнЯр
9	
32 620	
172	
174	
168	
174	
168
ALBK	
БестЭфБ ао
19	
31 255	
52	
52,5	
51,5	
52,5	
52
ARSA	
Арсагера
6	
31 220	
3,48	
3,53	
3,43	
3,53	
3,44
ROSB	
Росбанк ао
15	
25 202	
70	
70,2	
69,8	
70,2	
70
JNOSP	
Слав-ЯНОСп
11	
23 318	
14,58	
14,56	
14,44	
14,76	
14,44
AVAN	
Авангрд-ао
8	
21 900	
705	
710	
700	
710	
710
KGKCP	
КурганГКап
5	
17 115	
53,5	
53	
53	
53,5	
53,5
NKSH	
Нижкамшина
2	
4 508	
22,54	
22,54	
22,54	
22,54	
22,54
SAREP	
СаратЭн-ап
4	
3 700	
0,0926	
0,0922	
0,0922	
0,0928	
0,0928
CHGZ	
РН-ЗапСиб
1	
3 540	
35,4	
35,4	
35,4	
35,4	
35,4
PRTK	
ПРОТЕК ао
0	
0	
-	
-	
-	
-	
99,6
GAZC	
ГАЗКОН-ао
0	
0	
-	
-	
-	
-	
295
GAZS	
ГАЗ-сервис
0	
0	
-	
-	
-	
-	
293
GAZT	
ГАЗ-Тек ао
0	
0	
-	
-	
-	
-	
85
GTSS	
ГЕОТЕК ао
0	
0	
-	
-	
-	
-	
-
HIMC	
Химпром ао
0	
0	
-	
-	
-	
-	
0,99
KMTZ	
КосогМЗ ао
0	
0	
-	
-	
-	
-	
-
KRKO	
ТКЗКК ао
0	
0	
-	
-	
-	
-	
11,8
KSGR	
Кокс ао
0	
0	
-	
-	
-	
-	
-
KUNF	
КУЗОЦМ ао
0	
0	
-	
-	
-	
-	
-
KZMS	
КЗМС ао
0	
0	
-	
-	
-	
-	
226
MFGS	
Мегион-ао
0	
0	
-	
-	
-	
-	
371,5
MFON	
МегаФон ао
0	
0	
-	
-	
-	
-	
650,6
MOBB	
МосОблБанк
0	
0	
-	
-	
-	
-	
0,698
MORI	
Морион ао
0	
0	
-	
-	
-	
-	
4,31
NPOF	
Физика ао
0	
0	
-	
-	
-	
-	
11 850
PRTK	
ПРОТЕК ао
0	
0	
-	
-	
-	
-	
99,6
TRCN	
ТрансК ао
0	
0	
-	
-	
-	
-	
8 595
TRFM	
ТрансФ ао
0	
0	
-	
-	
-	
-	
-
URKA	
Уркалий-ао
0	
0	
-	
-	
-	
-	
119,04
VZRZ	
Возрожд-ао
0	
0	
-	
-	
-	
-	
480