SBER	
Сбербанк
120 948	
16 984 102 870	
180,04	
177	
174,9	
183,2	
183
ROSN	
Роснефть
77 005	
9 078 115 601	
303,25	
316,5	
293,55	
325,75	
301
GAZP	
ГАЗПРОМ ао
79 871	
8 376 815 426	
174,6	
171,99	
170,5	
177,63	
176,44
LKOH	
ЛУКОЙЛ
46 010	
7 592 631 328	
4 401,5	
4 355	
4 313	
4 459	
4 459
GMKN	
ГМКНорНик
28 188	
5 505 722 590	
19 202	
19 100	
18 796	
19 520	
19 462
SNGS	
Сургнфгз
34 364	
3 399 946 018	
31,235	
30,3	
29,71	
32,075	
31,7
PLZL	
Полюс
27 020	
2 626 333 801	
11 109	
10 830	
10 618,5	
11 295	
11 172,5
VTBR	
ВТБ ао
60 030	
2 411 365 421	
0,030855	
0,03074	
0,02982	
0,031795	
0,03165
AFLT	
Аэрофлот
64 255	
2 305 036 733	
65,22	
65,68	
62,88	
66,7	
65,48
SBERP	
Сбербанк-п
40 945	
2 304 803 496	
171,39	
169,54	
167,43	
173,9	
173,75
TATN	
Татнфт 3ао
28 669	
2 107 601 368	
517,9	
519,3	
500	
528,8	
521,8
YNDX	
Yandex clA
25 929	
1 741 342 480	
2 637,8	
2 577,2	
2 577	
2 678,8	
2 670,2
NVTK	
Новатэк ао
21 503	
1 729 161 772	
857,4	
859,8	
826,2	
875,6	
866
MOEX	
МосБиржа
32 684	
1 569 727 938	
92,15	
91	
89,44	
94,08	
93,6
SNGSP	
Сургнфгз-п
20 613	
1 546 016 210	
36,515	
35,5	
35,41	
37	
37
POLY	
Polymetal
31 199	
1 511 539 368	
1 339,4	
1 275	
1 210	
1 394,6	
1 376
ALRS	
АЛРОСА ао
33 844	
1 339 453 516	
57,03	
55,77	
54,47	
58,95	
58,72
MTSS	
МТС-ао
19 076	
1 301 305 521	
291,3	
287	
283,25	
297	
296,95
MGNT	
Магнит ао
20 121	
1 204 021 237	
3 108,5	
3 100,5	
3 045	
3 159	
3 128,5
IRAO	
ИнтерРАОао
16 117	
950 161 434	
4,58	
4,42	
4,36	
4,6995	
4,6995
CHMF	
СевСт-ао
17 045	
838 645 104	
834,2	
813,8	
807,2	
843,6	
843,6
HYDR	
РусГидро
22 103	
745 275 284	
0,5927	
0,5949	
0,5753	
0,6038	
0,6008
TATNP	
Татнфт 3ап
18 728	
729 421 808	
484,1	
494	
415,6	
494,9	
487
NLMK	
НЛМК ао
11 899	
690 745 350	
117,06	
114	
113,4	
118,78	
118,78
AFKS	
Система ао
21 384	
643 588 284	
12,22	
11,834	
11,834	
12,45	
12,373
SIBN	
Газпрнефть
12 674	
630 691 483	
285,05	
280,2	
280	
290,65	
287,05
MAGN	
ММК
10 180	
620 736 037	
35,975	
35,2	
35,05	
36,58	
36,135
FIVE	
FIVE-гдр
11 868	
579 110 242	
2 006,5	
1 980	
1 960	
2 047,5	
2 020
TCSG	
TCS-гдр
20 673	
501 613 678	
839	
882	
824,4	
882	
831,8
RSTI	
Россети ао
13 920	
402 815 615	
1,1467	
1,15	
1,1211	
1,168	
1,1522
FEES	
ФСК ЕЭС ао
13 289	
386 873 681	
0,15394	
0,1525	
0,15	
0,1559	
0,15406
DSKY	
ДетскийМир
20 596	
378 929 253	
87,82	
85,5	
83,74	
90,5	
89,64
PHOR	
ФосАгро ао
6 239	
367 902 006	
2 442	
2 395	
2 380	
2 473	
2 473
AKRN	
Акрон
2 111	
346 023 104	
5 978	
5 970	
5 912	
6 100	
5 966
CBOM	
МКБ ао
13 877	
297 944 123	
5,242	
5,258	
5,13	
5,341	
5,336
RUAL	
RUSAL plc
16 592	
291 036 887	
24,02	
24,31	
23,605	
24,495	
24,395
RTKM	
Ростел -ао
11 855	
274 667 250	
69,56	
67	
66,92	
71,05	
70,72
MTLR	
Мечел ао
14 561	
239 802 161	
58,19	
57,87	
56,26	
59,5	
59,29
TRNFP	
Транснф ап
963	
197 284 800	
138 550	
136 450	
135 800	
140 200	
140 200
OGKB	
ОГК-2 ао
15 312	
185 938 158	
0,5619	
0,546	
0,5271	
0,577	
0,573
TGKA	
ТГК-1
13 504	
162 283 398	
0,009592	
0,00969	
0,0092	
0,00987	
0,009856
QIWI	
iQIWI
6 767	
154 716 063	
842,5	
812	
801	
890	
877,5
LSRG	
ЛСР ао
8 121	
140 722 552	
551,6	
540	
535	
567	
558,8
UPRO	
Юнипро ао
4 306	
126 980 771	
2,498	
2,449	
2,449	
2,532	
2,482
MTLRP	
Мечел ап
4 740	
94 240 593	
58,85	
58,4	
55,75	
63,05	
62,75
RASP	
Распадская
2 622	
88 315 578	
94,84	
92,96	
92,02	
96,72	
96,44
APTK	
Аптеки36и6
19 831	
88 036 242	
14,09	
13,4	
13,144	
14,7	
14,074
TRMK	
ТМК ао
5 603	
79 962 571	
40,28	
39,52	
38,1	
41,6	
40,66
BANEP	
Башнефт ап
3 144	
64 358 632	
1 253,5	
1 250	
1 213	
1 274,5	
1 269,5
LNTA	
Лента др
7 113	
48 859 742	
151	
150,8	
146,1	
154	
150,5
MSNG	
+МосЭнерго
2 380	
46 143 907	
1,758	
1,761	
1,7035	
1,785	
1,7755
RTKMP	
Ростел -ап
2 508	
35 895 284	
62,1	
60	
60	
63,25	
63,1
MVID	
М.видео
1 651	
33 084 807	
386,1	
380	
375,2	
393,5	
387
KMAZ	
КАМАЗ
2 350	
32 670 896	
50,2	
54,7	
49,5	
54,7	
51,1
BANE	
Башнефт ао
1 801	
32 284 417	
1 478	
1 450,5	
1 445	
1 499,5	
1 499
NKNCP	
НКНХ ап
2 432	
27 794 762	
78,66	
78,5	
76,02	
79,88	
79,6
LNZL	
Лензолото
1 214	
24 058 400	
8 250	
7 810	
7 810	
8 400	
8 300
NMTP	
НМТП ао
1 635	
22 721 446	
8,38	
8,28	
8,005	
8,575	
8,525
RSTIP	
Россети ап
1 098	
22 024 463	
1,332	
1,34	
1,278	
1,372	
1,351
ENRU	
ЭнелРос ао
1 567	
21 064 353	
0,861	
0,855	
0,835	
0,874	
0,8695
MRKP	
МРСК ЦП
1 133	
20 676 452	
0,141	
0,1412	
0,1354	
0,1439	
0,1428
PIKK	
ПИК ао
916	
20 484 186	
399,7	
395	
395	
405	
401
AGRO	
AGRO-гдр
2 118	
20 219 160	
564,8	
561	
550	
570,8	
568,4
LIFE	
iФармсинтз
1 019	
12 015 146	
6,345	
6,13	
6,1	
6,495	
6,335
RUGR	
Русгрэйн
6 457	
11 619 375	
6,352	
5,598	
5,47	
6,716	
6,564
TGKB	
ТГК-2
643	
11 546 700	
0,003495	
0,003495	
0,00341	
0,00355	
0,00352
VSMO	
ВСМПО-АВСМ
270	
10 341 700	
18 980	
19 000	
18 600	
19 180	
19 020
ENPG	
ЭН+ГРУП ао
156	
10 072 631	
553,2	
564	
548,6	
564	
553
LNZLP	
Лензол. ап
881	
8 938 795	
3 650	
3 385	
3 385	
3 805	
3 600
BSPB	
БСП ао
2 763	
8 894 131	
42,58	
43	
40,71	
43,59	
42,61
OBUV	
ОР ао
2 001	
8 534 135	
31,75	
30,7	
30,7	
33,7	
31,6
ENPL	
ENPL-гдр
1 014	
8 315 695	
522,4	
524,8	
502,8	
537,8	
530
NKNC	
НКНХ ао
822	
8 141 371	
90,25	
92,25	
88,25	
92,25	
91,5
YAKG	
ЯТЭК ао
771	
7 720 552	
50,1	
43,12	
42,06	
55,62	
51,74
MRKV	
МРСКВол
773	
7 603 518	
0,06235	
0,06265	
0,0612	
0,0637	
0,06315
ETLN	
ETLN-гдр
386	
7 413 839	
102,46	
103,26	
100,4	
104	
101,1
GCHE	
ЧеркизГ-ао
858	
7 238 065	
1 845	
1 810	
1 810	
1 857	
1 842,5
MRKC	
МРСК Центр
984	
6 378 762	
0,2288	
0,2222	
0,2196	
0,2328	
0,2308
RAVN	
Raven
253	
6 081 660	
26,4	
28,2	
25,4	
29,2	
26,6
SVAV	
СОЛЛЕРС
267	
5 741 575	
240	
237	
221,5	
246	
238
SFIN	
САФМАР ао
509	
5 379 196	
458,2	
459,6	
453	
468,2	
462
SELG	
Селигдар
793	
5 202 514	
15,7	
15,24	
15,01	
16	
15,7
RNFT	
РуссНфт ао
1 762	
5 034 342	
447,2	
449,8	
444,4	
450	
447,8
AMEZ	
АшинскийМЗ
1 268	
4 921 328	
3,575	
3,415	
3,39	
3,7	
3,545
MGTSP	
МГТС-4ап
410	
4 734 620	
2 130	
2 150	
1 970	
2 216	
2 180
GTRK	
ГТМ ао
977	
4 304 232	
28,4	
29	
25,65	
29,55	
29,3
PRTK	
ПРОТЕК ао
412	
3 483 631	
98,4	
97,8	
95	
99	
98,9
RGSS	
РГС СК ао
805	
3 336 873	
0,138	
0,137	
0,128	
0,1448	
0,1396
MSRS	
МОЭСК
390	
2 842 115	
0,9465	
0,915	
0,915	
0,9695	
0,962
BELU	
Белуга ао
109	
2 670 295	
1 101	
1 123	
1 092	
1 136	
1 096
FESH	
ДВМП ао
457	
2 635 483	
5,54	
5,51	
5,3	
5,75	
5,59
TTLK	
Таттел. ао
223	
2 248 305	
0,25	
0,248	
0,247	
0,253	
0,251
KZOS	
ОргСинт ао
462	
2 225 604	
84,5	
84	
83,5	
85,8	
84
TRCN	
ТрансК ао
64	
2 167 710	
8 305	
8 500	
8 225	
8 500	
8 350
BRZL	
БурЗолото
285	
2 089 021	
816	
810	
810	
832	
811
MSTT	
Мостотрест
386	
1 906 110	
137,45	
138,95	
135,2	
138,95	
137,5
ALNU	
АЛРОСА-Нюр
29	
1 854 600	
46 400	
43 000	
43 000	
47 400	
46 200
KRKNP	
СаратНПЗ-п
88	
1 817 300	
14 900	
14 720	
14 720	
15 000	
14 960
VLHZ	
ВХЗ-ао
254	
1 471 221	
50,15	
51,4	
49,1	
52,95	
50,7
CNTLP	
Телеграф-п
212	
1 426 708	
15,58	
15,34	
15,34	
15,78	
15,68
MOBB	
МосОблБанк
363	
1 395 894	
1,942	
2,098	
1,272	
2,098	
2,06
ZILL	
ЗИЛ ао
118	
1 280 260	
1 118	
1 116	
1 010	
1 210	
1 158
AQUA	
РусАква ао
106	
1 245 050	
221	
202,5	
201	
232,5	
227,5
MRKZ	
МРСК СЗ
264	
1 188 426	
0,043	
0,043	
0,04165	
0,0441	
0,0436
KZOSP	
ОргСинт ап
867	
1 163 036	
10,46	
10,51	
9,84	
10,87	
10,54
UNAC	
iАвиастКао
222	
1 158 271	
0,454	
0,4305	
0,4305	
0,4675	
0,461
TGKBP	
ТГК-2 ап
111	
1 062 890	
0,00618	
0,00617	
0,006	
0,00638	
0,00637
ROLO	
Русолово
128	
1 026 962	
3,832	
3,898	
3,232	
3,996	
3,86
PMSBP	
ПермьЭнС-п
74	
956 806	
120,2	
119,2	
118	
122,4	
120,4
RBCM	
РБК ао
335	
944 552	
2,942	
3,018	
2,89	
3,046	
2,92
RUSP	
Русполимет
105	
901 585	
0,5335	
0,516	
0,5015	
0,599	
0,536
MAGE	
МагадЭн ао
50	
899 490	
3,89	
3,81	
3,59	
4,43	
4,15
ELTZ	
Электрцинк
353	
880 419	
165,5	
160,5	
153	
182,5	
165
MRKS	
МРСКСиб
45	
871 080	
0,2125	
0,2095	
0,206	
0,2155	
0,2145
TGKN	
ТГК-14
137	
852 830	
0,00272	
0,00263	
0,00262	
0,00278	
0,00277
KAZTP	
Куйбазот-п
120	
844 142	
140,8	
140	
138	
145,8	
144,4
DASB	
ДагСб ао
219	
843 611	
0,079	
0,0786	
0,0775	
0,081	
0,0797
SELGP	
Селигдар-п
98	
825 515	
25,95	
25,15	
25,15	
26,25	
26,25
MRKY	
РоссЮг ао
190	
804 426	
0,047	
0,0462	
0,04585	
0,04855	
0,04855
IRGZ	
ИркЭнерго
197	
763 832	
8,98	
8,94	
8,78	
9,14	
9,04
BLNG	
Белон ао
119	
693 662	
3,868	
3,72	
3,72	
3,906	
3,82
IRKT	
ИРКУТ-3
99	
663 130	
27,18	
27,44	
26,44	
27,96	
27,22
STSBP	
СтаврЭнСбп
22	
639 564	
0,295	
0,2986	
0,2906	
0,2988	
0,295
UTAR	
ЮТэйр ао
75	
574 410	
5,97	
6,18	
5,9	
6,18	
6,14
VJGZP	
Варьеган-п
75	
567 780	
297	
303	
281	
303	
302
KROT	
КрасОкт-ао
75	
552 945	
283,5	
280	
278	
298	
285
KLSB	
КалужскСК
120	
547 829	
9,09	
9,04	
8,99	
9,36	
9,22
MRKU	
МРСК Ур
101	
543 072	
0,1272	
0,1266	
0,123	
0,1322	
0,1274
HIMCP	
Химпром ап
174	
542 121	
5,5	
5,4	
5,4	
5,6	
5,55
UWGN	
ОВК ао
131	
481 584	
225,4	
222,1	
222	
229	
224,3
ABRD	
АбрауДюрсо
162	
440 245	
132	
128	
128	
135	
133
WTCMP	
ЦМТ ап
45	
437 592	
7,44	
7,42	
7,24	
7,7	
7,46
VZRZP	
Возрожд-п
34	
436 264	
278	
280	
272,6	
280,2	
279,8
KAZT	
Куйбазот
65	
431 558	
142,4	
149	
138,2	
149,2	
145
CNTL	
Телеграф
86	
403 340	
18,6	
18,9	
18,15	
19,55	
18,8
TGKD	
Квадра
213	
396 443	
0,002825	
0,002785	
0,00273	
0,00287	
0,002855
CHMK	
ЧМК ао
70	
386 730	
2 195	
2 135	
2 100	
2 290	
2 235
KROTP	
КрасОкт-1п
19	
356 875	
206,5	
208,5	
203,5	
209,5	
206,5
ISKJ	
iИСКЧ ао
59	
351 775	
11,57	
11,47	
11,3	
11,65	
11,63
HALS	
Галс-Девел
76	
350 516	
711	
725	
705	
725	
707
SAGOP	
СамарЭн-ап
15	
341 430	
0,352	
0,35	
0,343	
0,36	
0,359
RLMN	
Роллман
144	
327 484	
14,9	
15,6	
14,4	
15,6	
15,15
PMSB	
ПермьЭнСб
102	
312 920	
121,3	
117,5	
117,2	
124,9	
121,3
USBN	
УралСиб ао
59	
301 316	
0,0674	
0,0688	
0,0661	
0,0688	
0,0681
GEMA	
iММЦБ ао
18	
292 856	
725	
730	
720,5	
730	
722
NSVZ	
НаукаСвяз
68	
290 940	
182	
187	
176,5	
187	
180,5
RTGZ	
ГазпРнД ао
8	
268 900	
20 700	
21 350	
20 450	
21 350	
20 700
KGKC	
КурганГКао
28	
267 340	
53	
49	
49	
55	
53
NKHP	
НКХП ао
58	
258 060	
215	
212	
208,5	
219	
219
YRSB	
ТНСэнЯр
62	
243 260	
148	
168	
130	
168	
160
VSYDP	
ВыбСудЗ ап
42	
238 500	
2 440	
2 360	
2 360	
2 600	
2 560
ROST	
РОСИНТЕРао
95	
236 340	
54,2	
55,2	
53	
55,2	
54,8
CHEP	
ЧТПЗ ао
49	
223 310	
189	
190,5	
185,5	
190,5	
188,5
MGTS	
МГТС-5ао
37	
217 660	
2 475	
2 485	
2 440	
2 500	
2 500
DVEC	
ДЭК ао
96	
205 010	
0,737	
0,731	
0,71	
0,757	
0,742
GAZA	
ГАЗ ао
45	
201 175	
353	
354,5	
340	
395	
370,5
UCSS	
ОКС ао
29	
193 230	
1 440	
1 450	
1 430	
1 460	
1 440
VRSB	
ТНСэнВорон
26	
191 760	
42,6	
46,6	
40,2	
46,6	
43,4
MAGEP	
МагадЭн ап
14	
188 290	
3,69	
3,6	
3,6	
3,795	
3,795
NKSH	
Нижкамшина
19	
175 684	
20,92	
20,24	
20,24	
21,12	
20,7
JNOSP	
Слав-ЯНОСп
19	
172 560	
12,6	
12,54	
12,46	
12,8	
12,58
CHKZ	
ЧКПЗ ао
30	
170 220	
3 960	
4 020	
3 700	
4 180	
4 180
RKKE	
ЭнергияРКК
26	
167 640	
4 790	
4 730	
4 670	
4 970	
4 820
KBTK	
КузбТК ао
51	
167 620	
144,6	
147,8	
140,4	
148,8	
145,2
SZPR	
СЗПароход
66	
159 390	
624	
620	
532	
688	
682
TGKDP	
Квадра-п
51	
150 007	
0,003365	
0,003375	
0,00328	
0,00343	
0,003405
ROSB	
Росбанк ао
49	
144 638	
62,4	
62	
61	
65	
61,4
VJGZ	
Варьеган
60	
138 867	
562	
584	
540	
584	
567
LVHK	
Левенгук
79	
137 271	
7,19	
7,07	
7	
7,33	
7,2
KBSB	
ТНСэКубань
48	
136 285	
125	
124,5	
115	
129	
128
NFAZ	
Нефтекамск
30	
122 636	
129,2	
129	
127	
134,8	
128,8
KUBE	
Кубанэнр
17	
121 885	
59,2	
58,4	
58,4	
59,9	
59,9
GAZAP	
ГАЗ ап
25	
120 435	
293,5	
299,5	
262,5	
305	
293,5
DZRD	
iДонскЗР
15	
119 080	
1 890	
1 854	
1 796	
1 932	
1 910
DIOD	
ЗаводДИОД
42	
117 628	
4,92	
4,99	
4,75	
5	
4,91
IGST	
Ижсталь2ао
41	
101 851	
645	
656	
606	
678	
669
RDRB	
РДБанк ао
10	
97 600	
245	
230	
230	
250	
245
AVAN	
Авангрд-ао
35	
97 375	
620	
595	
580	
640	
640
ZVEZ	
ЗВЕЗДА ао
23	
97 250	
4,05	
3,965	
3,965	
4,135	
4,135
MFGSP	
Мегион-ап
20	
96 400	
283,5	
278	
271,5	
290	
286
LPSB	
ЛЭСК ао
54	
89 375	
7,5	
7,05	
7	
7,7	
7,4
NAUK	
iНПОНаука
42	
87 230	
153	
150,2	
150,2	
154,4	
153,8
KOGK	
КоршГОК ао
2	
83 600	
41 800	
41 800	
41 800	
41 800	
41 800
MRKK	
Россети СК
34	
82 998	
24,64	
24	
24	
24,96	
24,92
PAZA	
ПавлАвт ао
15	
81 340	
5 080	
5 120	
5 060	
5 160	
5 160
KRKN	
СаратНПЗ
7	
79 550	
11 350	
11 450	
11 250	
11 450	
11 400
UNKL	
ЮУНК ао
14	
77 490	
2 870	
2 710	
2 710	
2 900	
2 900
ASSB	
АстрЭнСб
36	
76 888	
0,5265	
0,537	
0,523	
0,537	
0,524
INGR	
ИНГРАД ао
20	
68 890	
757	
725	
725	
768	
768
YKENP	
Якутскэн-п
6	
63 840	
0,2775	
0,277	
0,275	
0,2865	
0,2835
BISVP	
БашИнСв ап
20	
57 518	
6,54	
6,75	
6,46	
6,75	
6,55
MFGS	
Мегион-ао
9	
56 235	
296	
295	
294,5	
300,5	
298,5
RZSB	
РязЭнСб
7	
54 740	
5,47	
5,45	
5,43	
5,69	
5,5
RLMNP	
Роллман-п
53	
48 344	
17,14	
17,66	
16,12	
17,9	
16,88
KRSBP	
Красэсб ап
7	
48 060	
5,34	
5,32	
5,32	
5,4	
5,36
KTSB	
КСБ ао
31	
47 542	
0,436	
0,432	
0,412	
0,452	
0,438
WTCM	
ЦМТ ао
24	
46 690	
8,34	
8,2	
8,14	
8,56	
8,28
ALBK	
БестЭфБ ао
43	
45 885	
47,5	
48	
46	
48	
48
YKEN	
Якутскэнрг
12	
45 870	
0,306	
0,302	
0,3	
0,317	
0,303
NNSB	
ТНСэнНН ао
18	
45 285	
1 225	
1 235	
1 090	
1 295	
1 255
TNSE	
ТНСэнрг ао
12	
44 645	
1 015	
1 040	
995	
1 045	
1 005
DZRDP	
iДонскЗР п
12	
42 140	
1 410	
1 370	
1 370	
1 410	
1 410
VGSBP	
ВолгЭнСб-п
10	
42 125	
0,845	
0,89	
0,825	
0,89	
0,89
SARE	
СаратЭн-ао
13	
39 810	
0,0996	
0,098	
0,098	
0,1002	
0,1
RUSI	
ИКРУСС-ИНВ
9	
37 860	
34,4	
33,4	
33,4	
35,2	
35,2
KRSB	
Красэсб ао
6	
35 860	
5,12	
5,05	
5,05	
5,19	
5,17
SLEN	
Сахэнер ао
18	
35 234	
3,96	
3,885	
3,885	
4,05	
4
OMZZP	
ОМЗ-ап
7	
35 040	
2 695	
2 890	
2 580	
2 890	
2 670
KMEZ	
КМЗ
15	
33 556	
419,5	
426,5	
416	
426,5	
416
JNOS	
Славн-ЯНОС
6	
30 835	
15,4	
15,1	
15,1	
15,45	
15,4
MISB	
ТНСэнМарЭл
12	
29 060	
9,7	
10,2	
9,3	
10,2	
9,8
MGNZ	
СМЗ-ао
4	
28 550	
4 080	
3 950	
3 950	
4 100	
4 100
KCHE	
КамчатЭ ао
13	
27 610	
0,1625	
0,1615	
0,1615	
0,165	
0,1615
CHGZ	
РН-ЗапСиб
6	
26 700	
29,8	
29,8	
29,4	
29,8	
29,4
SAREP	
СаратЭн-ап
12	
26 116	
0,0792	
0,0784	
0,0784	
0,0804	
0,079
TASBP	
ТамбЭнСб-п
4	
25 265	
0,1945	
0,19	
0,19	
0,1975	
0,197
KUZB	
КузнецкийБ
66	
25 067	
0,014	
0,01402	
0,01361	
0,01426	
0,01409
UKUZ	
ЮжКузб. ао
12	
23 430	
478	
468	
466	
486	
474
VSYD	
ВыбСудЗ ао
8	
21 810	
2 725	
2 670	
2 670	
2 785	
2 780
MRSB	
МордЭнСб
6	
18 580	
0,31	
0,306	
0,306	
0,312	
0,312
STSB	
СтаврЭнСб
9	
18 545	
0,3255	
0,3285	
0,323	
0,33	
0,3265
NNSBP	
ТНСэнНН ап
16	
15 825	
465	
440	
431	
483	
464
IGSTP	
Ижсталь ап
7	
15 155	
606	
609	
591	
609	
608
KGKCP	
КурганГКап
10	
14 645	
54	
52	
52	
55,5	
53,5
MISBP	
ТНСэМаЭл-п
10	
13 000	
9,4	
9,2	
9	
9,6	
9,6
TUZA	
ТЗА ао
15	
12 350	
73	
72	
72	
74	
74
URKZ	
УрКузница
1	
9 720	
9 720	
9 720	
9 720	
9 720	
9 720
YRSBP	
ТНСэнЯр-п
5	
9 675	
69	
69	
69	
70,5	
70,5
ARSA	
Арсагера
3	
9 210	
3,07	
3,11	
3,05	
3,11	
3,05
TORS	
ТРК ао
1	
3 570	
0,357	
0,357	
0,357	
0,357	
0,357
SAGO	
СамарЭн-ао
1	
3 560	
0,356	
0,356	
0,356	
0,356	
0,356
RTSBP	
ТНСэнРст-п
1	
2 340	
0,234	
0,234	
0,234	
0,234	
0,234
VRSBP	
ТНСэнВор-п
1	
2 250	
22,5	
22,5	
22,5	
22,5	
22,5
KRKOP	
ТКЗКК ап
2	
724	
3,62	
3,6	
3,6	
3,64	
3,64
BISV	
БашИнСв ао
0	
0	
-	
-	
-	
-	
8,7
FTRE	
БУДУЩЕЕ ао
0	
0	
-	
-	
-	
-	
80
GAZC	
ГАЗКОН-ао
0	
0	
-	
-	
-	
-	
295
GAZS	
ГАЗ-сервис
0	
0	
-	
-	
-	
-	
293
GAZT	
ГАЗ-Тек ао
0	
0	
-	
-	
-	
-	
85
GTSS	
ГЕОТЕК ао
0	
0	
-	
-	
-	
-	
-
VGSB	
ВолгЭнСб
0	
0	
-	
-	
-	
-	
1,39
GAZC	
ГАЗКОН-ао
0	
0	
-	
-	
-	
-	
295
GTSS	
ГЕОТЕК ао
0	
0	
-	
-	
-	
-	
-
TRFM	
ТрансФ ао
0	
0	
-	
-	
-	
-	
-
KMTZ	
КосогМЗ ао
0	
0	
-	
-	
-	
-	
-
KZMS	
КЗМС ао
0	
0	
-	
-	
-	
-	
226
RTSB	
ТНСэнРст
0	
0	
-	
-	
-	
-	
0,29
TASB	
ТамбЭнСб
0	
0	
-	
-	
-	
-	
0,251
BISV	
БашИнСв ао
0	
0	
-	
-	
-	
-	
8,7
GAZS	
ГАЗ-сервис
0	
0	
-	
-	
-	
-	
293
HIMC	
Химпром ао
0	
0	
-	
-	
-	
-	
0,99
LSNG	
Ленэнерго
0	
0	
-	
-	
-	
-	
5,66
URKA	
Уркалий-ао
0	
0	
-	
-	
-	
-	
119,04
VZRZ	
Возрожд-ао
0	
0	
-	
-	
-	
-	
480
GAZT	
ГАЗ-Тек ао
0	
0	
-	
-	
-	
-	
85
KCHEP	
КамчатЭ ап
0	
0	
-	
-	
-	
-	
0,307
KSGR	
Кокс ао
0	
0	
-	
-	
-	
-	
-
LSNGP	
Ленэнерг-п
0	
0	
105	
-	
-	
-	
119,95
MFON	
МегаФон ао
0	
0	
-	
-	
-	
-	
650,6
MORI	
Морион ао
0	
0	
-	
-	
-	
-	
4,31
PRMB	
Приморье
0	
0	
-	
-	
-	
-	
18 000
RU000A0JVT35	
ИСУ ЕФГ-3
0	
0	
-	
-	
-	
-	
400