SBER	
Сбербанк
123 316	
16 956 465 783	
202,69	
203,62	
200,61	
204,84	
201,03
GAZP	
ГАЗПРОМ ао
69 821	
6 629 759 483	
155,19	
155	
154,08	
156,2	
155
LKOH	
ЛУКОЙЛ
35 938	
4 961 063 844	
4 039	
4 001	
3 970	
4 089	
4 045
GMKN	
ГМКНорНик
21 582	
4 432 295 812	
18 884	
18 898	
18 654	
19 112	
18 862
TATN	
Татнфт 3ао
46 232	
3 086 069 711	
408,9	
400	
396,4	
416,3	
410,5
YNDX	
Yandex clA
28 427	
2 968 716 024	
4 551,4	
4 597,6	
4 515	
4 619,6	
4 524,8
MOEX	
МосБиржа
43 321	
2 798 507 321	
136,16	
139,5	
133,75	
139,66	
134
PLZL	
Полюс
19 913	
2 496 740 082	
15 393,5	
15 520	
15 127	
15 600	
15 560
SNGSP	
Сургнфгз-п
39 380	
2 181 345 152	
36,615	
37,075	
36,255	
37,14	
36,255
AFLT	
Аэрофлот
38 403	
2 129 113 007	
56,98	
55,9	
55,3	
57,88	
56,9
NVTK	
Новатэк ао
29 153	
2 111 054 783	
961,4	
979,2	
948,8	
979,4	
955
ROSN	
Роснефть
21 209	
2 001 396 193	
349,4	
349	
343,6	
352,35	
351,1
NLMK	
НЛМК ао
22 061	
1 679 103 421	
183,62	
180	
177,8	
186,4	
186
MGNT	
Магнит ао
19 599	
1 660 836 939	
4 654	
4 639	
4 542	
4 728	
4 720
POLY	
Polymetal
18 386	
1 607 259 709	
1 680,6	
1 694,2	
1 639	
1 701,8	
1 674,4
CHMF	
СевСт-ао
21 570	
1 590 218 528	
1 070,8	
1 051,2	
1 038	
1 092,2	
1 086,4
SNGS	
Сургнфгз
33 355	
1 519 094 219	
33,28	
33,075	
32,49	
33,82	
32,95
SBERP	
Сбербанк-п
27 730	
1 391 615 892	
193,54	
194	
192,49	
194,92	
193,6
IRAO	
ИнтерРАОао
17 638	
1 311 933 653	
5,0875	
5,07	
5	
5,153	
5,084
MAGN	
ММК
18 490	
1 293 162 956	
36,865	
36,14	
35,695	
37,66	
37,66
ALRS	
АЛРОСА ао
18 453	
997 807 266	
70,93	
71,6	
69,94	
71,69	
71,42
VTBR	
ВТБ ао
37 385	
995 555 087	
0,03277	
0,032475	
0,03222	
0,03322	
0,032745
AFKS	
Система ао
16 998	
905 982 397	
25,232	
25,401	
24,919	
25,564	
25,259
MTSS	
МТС-ао
12 963	
904 587 073	
311,1	
311,1	
308,6	
312,35	
311
MAIL	
MAIL-гдр
16 346	
676 059 511	
2 096	
2 110	
2 080	
2 117,8	
2 096
TATNP	
Татнфт 3ап
16 931	
533 726 638	
394,8	
391,9	
384,2	
402	
397,3
FIVE	
FIVE-гдр
9 516	
532 410 904	
2 761	
2 775	
2 701	
2 820	
2 797
RSTI	
Россети ао
8 115	
483 259 941	
1,4317	
1,424	
1,3972	
1,4589	
1,454
HYDR	
РусГидро
10 202	
390 918 617	
0,7192	
0,7228	
0,7131	
0,7242	
0,722
POGR	
Petropavl
9 474	
388 024 131	
27,775	
28,25	
27,06	
28,685	
27,575
FEES	
ФСК ЕЭС ао
7 074	
382 381 536	
0,1878	
0,18772	
0,1841	
0,1905	
0,1899
CBOM	
МКБ ао
7 796	
317 038 974	
5,478	
5,502	
5,439	
5,504	
5,465
TCSG	
TCS-гдр
11 302	
308 435 815	
1 861,2	
1 874,6	
1 807	
1 899,8	
1 888
PHOR	
ФосАгро ао
5 497	
241 275 283	
2 778	
2 800	
2 726	
2 823	
2 820
RTKM	
Ростел -ао
7 394	
240 646 960	
91,96	
92,51	
90,62	
92,8	
92,76
MVID	
М.видео
3 922	
221 557 733	
683,1	
683,4	
673,1	
689,5	
680,5
DSKY	
ДетскийМир
10 411	
210 845 074	
109,08	
111,04	
108,1	
111,04	
110
SIBN	
Газпрнефть
4 844	
209 032 661	
272,85	
272,75	
270,2	
275,2	
273,45
HHRU	
iHHRU-адр
681	
201 253 922	
1 815,4	
1 827,8	
1 799,4	
1 831,2	
1 824
LSRG	
ЛСР ао
7 615	
174 468 103	
899,4	
885,2	
882,6	
911,6	
909,6
TRNFP	
Транснф ап
862	
161 740 300	
132 350	
133 450	
131 850	
133 450	
132 100
UPRO	
Юнипро ао
4 587	
158 106 978	
2,58	
2,615	
2,564	
2,615	
2,585
RUAL	
РУСАЛ ао
12 671	
128 538 389	
30,305	
30,595	
29,765	
30,695	
30,63
AKRN	
Акрон
1 523	
81 496 504	
6 330	
6 280	
6 202	
6 380	
6 362
GLTR	
GLTR-гдр
1 358	
65 681 302	
454,9	
457,7	
449,7	
463	
455,6
MTLR	
Мечел ао
7 547	
64 582 947	
54,48	
54,92	
53,94	
54,92	
54,15
PIKK	
ПИК ао
1 827	
64 043 407	
567,9	
572	
563,9	
572	
567,5
BANEP	
Башнефт ап
2 530	
59 308 263	
1 144,5	
1 150	
1 126	
1 155	
1 144
SMLT	
Самолет ао
2 118	
52 488 207	
964,8	
955	
951,6	
990	
955
ETLN	
ETLN-гдр
6 582	
49 238 049	
126,42	
127,8	
124,64	
127,8	
127
AGRO	
AGRO-гдр
2 086	
48 829 274	
729,6	
728	
724,2	
735,6	
730,6
RASP	
Распадская
1 023	
48 278 277	
111,78	
110,94	
109,24	
113,46	
111,04
FLOT	
Совкомфлот
2 512	
42 411 416	
97,63	
98,1	
97	
98,2	
98,09
OGKB	
ОГК-2 ао
2 207	
40 023 538	
0,6808	
0,6735	
0,6732	
0,6878	
0,6827
QIWI	
iQIWI
3 202	
36 681 255	
1 175,5	
1 204	
1 150	
1 209	
1 169
NMTP	
НМТП ао
2 207	
36 607 752	
7,86	
7,85	
7,755	
7,98	
7,845
LNTA	
Лента др
11 931	
34 648 059	
207,1	
209	
205,7	
209	
206
TRMK	
ТМК ао
1 823	
27 833 695	
57,22	
58,6	
56,02	
58,6	
56,06
ENRU	
ЭнелРос ао
1 850	
24 776 575	
0,898	
0,8945	
0,891	
0,9045	
0,902
MTLRP	
Мечел ап
1 761	
22 179 863	
61,6	
62,7	
60,55	
62,7	
62,15
BSPB	
БСП ао
3 227	
20 928 078	
43,61	
43,26	
42,93	
44,17	
43,46
RTKMP	
Ростел -ап
1 994	
20 642 950	
81,8	
82,5	
81	
82,95	
82
FESH	
ДВМП ао
916	
19 651 570	
9,49	
9,11	
9,03	
9,77	
9,54
MSNG	
+МосЭнерго
693	
15 932 013	
1,995	
2,02	
1,98	
2,02	
1,996
IRKT	
ИРКУТ-3
820	
9 881 226	
25,74	
27	
24,8	
27	
24,92
TGKA	
ТГК-1
1 197	
9 119 838	
0,01061	
0,01072	
0,010556	
0,01079	
0,010578
LSNGP	
РСетиЛЭ-п
798	
8 956 963	
146,15	
145,45	
144,45	
147	
145,95
SVAV	
СОЛЛЕРС
141	
8 383 085	
269,5	
271	
267	
280	
270,5
APTK	
Аптеки36и6
7 302	
7 681 668	
13,646	
13,406	
13,406	
13,8	
13,792
INGR	
ИНГРАД ао
507	
7 488 184	
949	
955	
944	
957	
948
MRKP	
МРСК ЦП
377	
7 210 549	
0,2177	
0,2168	
0,2145	
0,2195	
0,219
BELU	
Белуга ао
203	
7 167 630	
1 196	
1 207	
1 184	
1 207	
1 196
AMEZ	
АшинскийМЗ
1 183	
6 807 282	
4,215	
4,37	
4,15	
4,4	
4,19
ENPG	
ЭН+ГРУП ао
1 319	
6 655 485	
654	
656	
650	
660	
660
RSTIP	
Россети ап
535	
6 415 724	
1,946	
1,951	
1,92	
1,972	
1,961
NKNCP	
НКНХ ап
993	
6 408 783	
72,68	
73,12	
72,48	
73,28	
72,68
TTLK	
Таттел. ао
298	
5 828 645	
0,339	
0,321	
0,321	
0,35	
0,3375
OBUV	
ОР ао
1 044	
5 787 521	
28,95	
29,3	
28,6	
29,4	
29,05
LNZL	
Лензолото
60	
5 654 700	
19 300	
19 340	
19 280	
19 350	
19 330
BANE	
Башнефт ао
517	
5 158 736	
1 513,5	
1 501,5	
1 500	
1 527	
1 518
SELG	
Селигдар
458	
5 118 739	
41,65	
41,7	
41,3	
42,12	
41,44
ISKJ	
iИСКЧ ао
493	
4 785 367	
26,42	
27	
26,1	
27,4	
26,23
AQUA	
РусАква ао
232	
4 064 690	
226	
226	
224	
227,5	
227
LIFE	
iФармсинтз
468	
4 033 342	
6,425	
6,35	
6,32	
6,525	
6,495
RUSP	
Русполимет
914	
3 871 093	
0,7135	
0,6825	
0,6825	
0,7485	
0,721
SELGP	
Селигдар-п
280	
3 628 100	
37,1	
37,8	
36,45	
37,8	
37,2
VSMO	
ВСМПО-АВСМ
131	
3 506 520	
16 080	
16 220	
16 000	
16 220	
16 060
MSRS	
РСетиМР ао
185	
2 630 964	
1,222	
1,216	
1,2145	
1,23	
1,2205
LVHK	
Левенгук
817	
2 585 893	
8,39	
7,69	
7,69	
8,85	
7,9
MSTT	
Мостотрест
355	
2 479 517	
108	
108,05	
105,65	
110,2	
110,1
MRSB	
МордЭнСб
184	
2 453 050	
0,372	
0,372	
0,36	
0,38	
0,364
KROT	
КрасОкт-ао
234	
2 445 140	
347,5	
349	
324	
363	
338
TNSE	
ТНСэнрг ао
142	
2 356 950	
1 015	
1 000	
980	
1 050	
1 015
ROLO	
Русолово
157	
2 336 934	
5,946	
6,062	
5,794	
6,1	
6
MRKC	
МРСК Центр
712	
2 258 233	
0,297	
0,2958	
0,2948	
0,2996	
0,2984
LNZLP	
Лензол. ап
141	
2 242 140	
3 995	
4 010	
3 970	
4 015	
3 975
KRKNP	
СаратНПЗ-п
91	
1 868 340	
14 600	
14 500	
14 500	
14 680	
14 620
MRKV	
РсетВол ао
347	
1 827 968	
0,06695	
0,067	
0,066	
0,0674	
0,06735
KZOS	
ОргСинт ао
299	
1 797 004	
75,1	
76,2	
74,8	
76,3	
75
TGKB	
ТГК-2
173	
1 581 620	
0,003695	
0,00375	
0,003665	
0,00375	
0,00369
NSVZ	
НаукаСвяз
248	
1 322 885	
185	
189	
182,5	
190	
186,5
UWGN	
ОВК ао
972	
1 304 063	
170,6	
172,5	
169	
175	
170
NKNC	
НКНХ ао
377	
1 286 053	
83,6	
84,4	
83,3	
84,4	
83,3
CNTLP	
Телеграф-п
268	
1 282 406	
12,84	
13	
12,7	
13,04	
12,96
MGTSP	
МГТС-4ап
172	
1 236 046	
1 792	
1 798	
1 782	
1 812	
1 796
RUGR	
Русгрэйн
2 894	
1 180 859	
8,724	
8,89	
8,602	
8,89	
8,744
MAGEP	
МагадЭн ап
123	
1 173 670	
6,08	
5,83	
5,82	
6,4	
5,89
GCHE	
ЧеркизГ-ао
272	
1 173 152	
1 802	
1 794,5	
1 792,5	
1 809,5	
1 809
TGKD	
Квадра
916	
1 027 206	
0,003665	
0,003715	
0,003635	
0,00372	
0,00367
GEMA	
iММЦБ ао
180	
1 022 139	
545,5	
567,5	
542	
567,5	
544,5
KMAZ	
КАМАЗ
438	
1 010 755	
57,9	
58,3	
57,2	
58,5	
57,9
MAGE	
МагадЭн ао
95	
951 770	
5,88	
5,8	
5,73	
6,1	
5,85
UNAC	
iАвиастКао
317	
929 739	
0,3835	
0,3905	
0,38	
0,3905	
0,3855
ALBK	
БестЭфБ ао
281	
924 300	
53,5	
53,5	
51,5	
56,5	
53,5
MRKS	
РсетСиб ао
61	
896 215	
0,3005	
0,301	
0,297	
0,3035	
0,2995
GTRK	
ГТМ ао
748	
836 646	
37,75	
39	
37,05	
39	
38,05
RLMN	
Роллман
435	
835 910	
13,2	
13,15	
12,8	
13,55	
13,4
MRKU	
МРСК Ур
95	
831 092	
0,1294	
0,1308	
0,129	
0,1308	
0,129
BRZL	
БурЗолото
112	
825 948	
933	
941	
928	
942	
931
CNTL	
Телеграф
109	
811 490	
15,35	
15,4	
15,2	
15,45	
15,4
RNFT	
РуссНфт ао
651	
760 190	
289	
292,6	
264,2	
292,8	
290
LSNG	
РСетиЛЭ
314	
691 596	
5,03	
5,04	
5	
5,12	
5,02
ABRD	
АбрауДюрсо
200	
627 985	
189,5	
191,5	
188	
191,5	
190,5
CHEP	
ЧТПЗ ао
119	
619 725	
210	
207,5	
207,5	
211,5	
211,5
KZOSP	
ОргСинт ап
952	
606 097	
10,33	
10,43	
10,03	
10,69	
10,4
MRKZ	
МРСК СЗ
226	
564 013	
0,0486	
0,04915	
0,04825	
0,0494	
0,04885
TUZA	
ТЗА ао
87	
485 940	
92	
95	
90	
95	
93
UNKL	
ЮУНК ао
21	
441 280	
6 040	
6 030	
6 000	
6 050	
6 050
HIMCP	
Химпром ап
161	
427 499	
6,8	
6,74	
6,73	
6,9	
6,83
CHKZ	
ЧКПЗ ао
54	
407 200	
5 280	
5 020	
5 020	
5 460	
5 200
YKENP	
Якутскэн-п
14	
383 405	
0,3515	
0,3645	
0,34	
0,3645	
0,352
RZSB	
РязЭнСб
67	
377 088	
8,9	
8,9	
8,64	
9,08	
9
SFIN	
САФМАР ао
33	
375 974	
458,6	
459	
455	
466,2	
455
NNSB	
ТНСэнНН ао
43	
347 900	
2 595	
2 720	
2 565	
2 720	
2 605
NFAZ	
Нефтекамск
34	
335 054	
208,2	
205	
205	
212	
211
MRKY	
РоссЮг ао
350	
334 664	
0,04485	
0,04545	
0,0445	
0,04545	
0,04485
KTSBP	
КСБ ап
52	
300 150	
0,2585	
0,2705	
0,242	
0,2705	
0,2605
IRGZ	
ИркЭнерго
73	
297 072	
10,72	
11	
10,62	
11	
10,72
KLSB	
КалужскСК
71	
287 248	
12,22	
12,45	
12,13	
12,45	
12,2
VLHZ	
ВХЗ-ао
43	
285 209	
52,5	
52,65	
52	
53	
52,75
PMSBP	
ПермьЭнС-п
77	
280 858	
126,6	
126,4	
126	
126,8	
126,6
RGSS	
РГС СК ао
98	
279 718	
0,1336	
0,1344	
0,133	
0,1344	
0,134
HALS	
Галс-Девел
50	
273 643	
1 140	
1 146	
1 126	
1 146	
1 145
VRSB	
ТНСэнВорон
25	
270 740	
66	
67,2	
65	
67,2	
65,4
DIOD	
ЗаводДИОД
70	
269 470	
6,82	
6,96	
6,78	
6,96	
6,78
NKHP	
НКХП ао
58	
257 115	
247	
246,5	
245	
250,5	
246,5
ELTZ	
Электрцинк
131	
245 656	
146,5	
150	
141,5	
151	
144
MFGS	
Мегион-ао
24	
232 155	
279,5	
278,5	
275,5	
280,5	
280,5
ALNU	
АЛРОСА-Нюр
4	
224 800	
56 200	
56 400	
56 000	
56 400	
56 000
URKZ	
УрКузница
15	
216 960	
14 460	
14 700	
13 800	
14 940	
14 420
KRKOP	
ТКЗКК ап
69	
216 340	
8,62	
8,895	
8,505	
8,895	
8,55
ZVEZ	
ЗВЕЗДА ао
32	
213 755	
3,96	
3,9	
3,84	
4,035	
3,98
DVEC	
ДЭК ао
106	
200 994	
0,855	
0,859	
0,85	
0,86	
0,856
RAVN	
Raven
18	
184 810	
24,95	
24,65	
24,6	
25,2	
24,95
KGKCP	
КурганГКап
90	
177 810	
59	
59,5	
57	
60	
58
BISVP	
БашИнСв ап
40	
177 679	
9,02	
9,08	
8,99	
9,12	
9,01
LPSB	
ЛЭСК ао
62	
175 605	
7,65	
7,8	
7,5	
7,85	
7,75
STSBP	
СтаврЭнСбп
63	
175 387	
0,321	
0,334	
0,3195	
0,334	
0,3225
MGTS	
МГТС-5ао
56	
174 575	
2 080	
2 015	
2 010	
2 190	
2 030
ROST	
РОСИНТЕРао
42	
167 778	
61,4	
61	
60,2	
62,6	
62
USBN	
УралСиб ао
37	
167 079	
0,0619	
0,0625	
0,0615	
0,0625	
0,062
UCSS	
ОКС ао
26	
159 950	
1 450	
1 390	
1 390	
1 480	
1 460
VZRZP	
Возрожд-п
30	
157 028	
285,6	
282,4	
281,2	
289,8	
289,6
EELT	
ЕвроЭлтех
145	
143 491	
8,28	
8,3	
8,2	
8,34	
8,32
RTGZ	
ГазпРнД ао
4	
125 300	
25 050	
25 100	
25 050	
25 100	
25 050
KRSB	
Красэсб ао
28	
122 134	
7,02	
7,04	
7	
7,1	
7,08
TGKBP	
ТГК-2 ап
111	
119 314	
0,00628	
0,00648	
0,00619	
0,00648	
0,00624
KGKC	
КурганГКао
18	
114 320	
53	
53	
52,5	
53,5	
53,5
RTSB	
ТНСэнРст
17	
114 200	
0,52	
0,515	
0,51	
0,53	
0,525
RKKE	
ЭнергияРКК
15	
102 490	
6 030	
6 030	
6 000	
6 080	
6 000
RDRB	
РДБанк ао
14	
100 900	
220	
225	
215	
225	
220
SAGOP	
СамарЭн-ап
10	
98 980	
0,43	
0,437	
0,429	
0,437	
0,433
TGKN	
ТГК-14
23	
96 380	
0,00292	
0,00294	
0,0029	
0,00295	
0,00293
PMSB	
ПермьЭнСб
33	
93 731	
128,4	
127,6	
127,6	
129,5	
128,1
NAUK	
iНПОНаука
23	
91 498	
183	
182,6	
182,4	
183,4	
182,8
YAKG	
ЯТЭК ао
15	
89 425	
49,7	
49,1	
49,1	
50,2	
49,75
KBTK	
КузбТК ао
31	
88 494	
136,2	
141,2	
133,6	
141,2	
135,4
RBCM	
РБК ао
83	
87 631	
3,086	
3,09	
3,078	
3,1	
3,086
CHMK	
ЧМК ао
31	
85 870	
2 385	
2 400	
2 375	
2 400	
2 375
TASBP	
ТамбЭнСб-п
25	
85 315	
0,2585	
0,2615	
0,238	
0,27	
0,26
YKEN	
Якутскэнрг
17	
81 930	
0,3725	
0,37	
0,362	
0,38	
0,3735
MISB	
ТНСэнМарЭл
40	
81 360	
11,6	
11,4	
11,4	
11,9	
11,8
YRSB	
ТНСэнЯр
13	
77 780	
156	
156	
154	
158	
158
WTCM	
ЦМТ ао
29	
76 918	
8,18	
8,2	
8,08	
8,26	
8,14
TGKDP	
Квадра-п
30	
75 006	
0,004935	
0,0049	
0,004895	
0,00494	
0,00494
OMZZP	
ОМЗ-ап
16	
74 995	
3 260	
3 315	
3 210	
3 315	
3 215
GAZAP	
ГАЗ ап
15	
73 975	
308	
302	
302	
310	
304
NNSBP	
ТНСэнНН ап
41	
73 001	
676	
689	
669	
689	
675
RTSBP	
ТНСэнРст-п
14	
69 980	
0,5	
0,503	
0,483	
0,514	
0,484
PAZA	
ПавлАвт ао
5	
69 740	
7 750	
8 000	
7 610	
8 000	
7 780
SAREP	
СаратЭн-ап
34	
68 744	
0,0928	
0,0956	
0,09	
0,0956	
0,0934
SARE	
СаратЭн-ао
28	
65 062	
0,1122	
0,112	
0,1112	
0,1128	
0,1124
KAZT	
Куйбазот
26	
63 962	
142,2	
142	
140,2	
143,6	
143,6
KUZB	
КузнецкийБ
68	
63 504	
0,01286	
0,01289	
0,01261	
0,01295	
0,01282
VGSB	
ВолгЭнСб
16	
62 340	
3,665	
3,595	
3,595	
3,79	
3,79
STSB	
СтаврЭнСб
36	
58 626	
0,501	
0,51	
0,498	
0,51	
0,5
VRSBP	
ТНСэнВор-п
10	
51 400	
43	
42,5	
42,5	
43,5	
42,5
KROTP	
КрасОкт-1п
10	
50 185	
251	
251,5	
250	
252,5	
252
TORSP	
ТРК ап
9	
48 310	
0,2685	
0,2695	
0,267	
0,27	
0,2675
IGST	
Ижсталь2ао
11	
45 470	
812	
832	
808	
832	
813
BLNG	
Белон ао
40	
45 087	
4,134	
4,12	
4,104	
4,186	
4,166
KMEZ	
КМЗ
46	
39 878	
539	
550,5	
527,5	
550,5	
535,5
VJGZ	
Варьеган
15	
39 610	
591	
602	
589	
602	
592
WTCMP	
ЦМТ ап
13	
38 530	
7,7	
7,78	
7,68	
7,78	
7,7
KUBE	
Кубанэнр
25	
38 074	
64,5	
64,8	
63,6	
64,9	
64,6
VJGZP	
Варьеган-п
11	
35 630	
297	
299	
291	
300	
300
KRKN	
СаратНПЗ
3	
34 150	
11 400	
11 150	
11 150	
11 500	
11 500
TORS	
ТРК ао
6	
34 020	
0,377	
0,363	
0,363	
0,382	
0,379
JNOSP	
Слав-ЯНОСп
5	
33 930	
13,06	
13,22	
13	
13,22	
13
KAZTP	
Куйбазот-п
12	
33 666	
146,4	
146	
146	
146,8	
146,4
ROSB	
Росбанк ао
16	
32 984	
76,8	
77,8	
76,2	
77,8	
77,4
UKUZ	
ЮжКузб. ао
13	
31 690	
466	
464	
462	
470	
468
AVAN	
Авангрд-ао
23	
28 965	
805	
810	
800	
810	
805
MISBP	
ТНСэМаЭл-п
7	
28 540	
11,4	
11,4	
11,4	
11,5	
11,5
NKSH	
Нижкамшина
8	
28 316	
21,78	
21,26	
21,26	
22,18	
21,76
MGNZ	
СМЗ-ао
6	
27 980	
4 660	
4 670	
4 650	
4 690	
4 690
SAGO	
СамарЭн-ао
5	
25 900	
0,518	
0,524	
0,51	
0,524	
0,52
UTAR	
ЮТэйр ао
14	
25 162	
6,62	
6,55	
6,55	
6,67	
6,63
KTSB	
КСБ ао
16	
23 408	
0,586	
0,588	
0,58	
0,588	
0,588
GAZA	
ГАЗ ао
3	
23 195	
386,5	
385,5	
385,5	
387,5	
387
DZRD	
iДонскЗР
9	
21 510	
1 955	
1 950	
1 945	
1 960	
1 960
RLMNP	
Роллман-п
29	
20 909	
14,82	
14,7	
14,66	
15	
14,98
CHGZ	
РН-ЗапСиб
4	
20 480	
51,2	
50	
50	
52	
52
KBSB	
ТНСэКубань
15	
20 250	
126,5	
127,5	
126	
127,5	
126,5
MFGSP	
Мегион-ап
3	
18 220	
260,5	
259,5	
257,5	
261	
257,5
SLEN	
Сахэнер ао
9	
15 561	
5,765	
5,795	
5,425	
5,795	
5,79
VSYD	
ВыбСудЗ ао
4	
14 775	
3 695	
3 765	
3 635	
3 765	
3 655
MRKK	
Россети СК
9	
13 610	
24,74	
24,96	
24,68	
24,96	
24,76
KRSBP	
Красэсб ап
10	
12 902	
7,16	
7,1	
7,06	
7,2	
7,16
ASSB	
АстрЭнСб
12	
11 418	
0,761	
0,762	
0,7565	
0,763	
0,763
ARSA	
Арсагера
3	
10 970	
3,66	
3,67	
3,63	
3,67	
3,66
DZRDP	
iДонскЗР п
6	
9 950	
1 420	
1 430	
1 410	
1 430	
1 420
TASB	
ТамбЭнСб
2	
7 475	
0,374	
0,374	
0,3735	
0,374	
0,374
KCHEP	
КамчатЭ ап
2	
7 330	
0,367	
0,366	
0,366	
0,367	
0,367
VSYDP	
ВыбСудЗ ап
1	
7 280	
3 640	
3 640	
3 640	
3 640	
3 640
KCHE	
КамчатЭ ао
3	
6 120	
0,204	
0,204	
0,2035	
0,2045	
0,2045
IGSTP	
Ижсталь ап
7	
5 338	
763	
810	
744	
810	
753
JNOS	
Славн-ЯНОС
2	
5 135	
17,1	
17,05	
17,05	
17,15	
17,15
ZILL	
ЗИЛ ао
2	
5 005	
2 505	
2 505	
2 500	
2 505	
2 500
RUSI	
ИКРУСС-ИНВ
1	
3 700	
37	
37	
37	
37	
37
VGSBP	
ВолгЭнСб-п
1	
1 635	
1,635	
1,635	
1,635	
1,635	
1,635
YRSBP	
ТНСэнЯр-п
1	
860	
86	
86	
86	
86	
86
BISV	
БашИнСв ао
0	
0	
-	
-	
-	
-	
8,7
DERZP	
Держава ап
0	
0	
-	
-	
-	
-	
-
GAZC	
ГАЗКОН-ао
0	
0	
-	
-	
-	
-	
295
GAZS	
ГАЗ-сервис
0	
0	
-	
-	
-	
-	
293
GAZT	
ГАЗ-Тек ао
0	
0	
-	
-	
-	
-	
85
GTSS	
ГЕОТЕК ао
0	
0	
-	
-	
-	
-	
-
HIMC	
Химпром ао
0	
0	
-	
-	
-	
-	
0,99
KMTZ	
КосогМЗ ао
0	
0	
-	
-	
-	
-	
-
KOGK	
КоршГОК ао
0	
0	
-	
-	
-	
-	
44 200
KRKO	
ТКЗКК ао
0	
0	
-	
-	
-	
-	
11,8
KSGR	
Кокс ао
0	
0	
-	
-	
-	
-	
-
KUNF	
КУЗОЦМ ао
0	
0	
-	
-	
-	
-	
-
KZMS	
КЗМС ао
0	
0	
-	
-	
-	
-	
226
MFON	
МегаФон ао
0	
0	
-	
-	
-	
-	
650,6
MOBB	
МосОблБанк
0	
0	
-	
-	
-	
-	
0,698
MORI	
Морион ао
0	
0	
-	
-	
-	
-	
4,31
NPOF	
Физика ао
0	
0	
-	
-	
-	
-	
11 850
PRMB	
Приморье
0	
0	
-	
-	
-	
-	
24 400
KZMS	
КЗМС ао
0	
0	
-	
-	
-	
-	
226
TRCN	
ТрансК ао
0	
0	
-	
-	
-	
-	
8 595
HIMC	
Химпром ао
0	
0	
-	
-	
-	
-	
0,99
KOGK	
КоршГОК ао
0	
0	
-	
-	
-	
-	
44 200
TRFM	
ТрансФ ао
0	
0	
-	
-	
-	
-	
-