SBER	
Сбербанк
74 836	
13 145 917 241	
220,17	
218,19	
217,43	
221,98	
221,13
GAZP	
ГАЗПРОМ ао
90 943	
8 224 422 073	
182,9	
182,6	
181,61	
184,84	
182,02
PLZL	
Полюс
34 441	
6 174 124 837	
16 737	
16 578	
16 466	
17 079,5	
16 957,5
LKOH	
ЛУКОЙЛ
23 476	
4 389 704 225	
5 085,5	
5 114	
5 051	
5 130	
5 083
GMKN	
ГМКНорНик
19 786	
3 982 555 612	
19 696	
19 682	
19 530	
19 924	
19 648
YNDX	
Yandex clA
33 541	
3 422 788 785	
4 220,4	
4 213	
4 180,2	
4 267,6	
4 232,6
MGNT	
Магнит ао
28 518	
2 515 252 700	
4 602,5	
4 652,5	
4 555	
4 686,5	
4 558
IRAO	
ИнтерРАОао
22 038	
2 069 815 017	
5,8075	
5,7995	
5,74	
5,88	
5,7735
SBERP	
Сбербанк-п
24 220	
1 795 214 029	
204,85	
203,9	
203,14	
205,95	
204,62
POLY	
Polymetal
21 913	
1 707 627 803	
1 849,7	
1 841,4	
1 829	
1 873	
1 856,6
ALRS	
АЛРОСА ао
26 063	
1 663 435 122	
67,59	
66,7	
66,23	
68,64	
68,31
SNGSP	
Сургнфгз-п
14 521	
1 444 818 866	
37,435	
37,405	
37,135	
37,73	
37,42
ROSN	
Роснефть
12 274	
1 431 736 627	
356	
356	
353,5	
358,2	
356,5
MTSS	
МТС-ао
15 977	
1 286 712 415	
326,95	
326,3	
325,6	
328,4	
326
VTBR	
ВТБ ао
24 667	
1 095 743 839	
0,0387	
0,03844	
0,03844	
0,0389	
0,03852
AFLT	
Аэрофлот
20 371	
981 364 027	
83,08	
82,54	
82,18	
83,54	
82,54
MOEX	
МосБиржа
14 362	
965 656 686	
132,4	
132	
131,14	
133,5	
133,02
TATN	
Татнфт 3ао
14 751	
952 250 040	
554,4	
558	
550,3	
559,3	
550,8
SNGS	
Сургнфгз
8 966	
908 551 471	
37,195	
37,26	
36,995	
37,395	
37,15
CHMF	
СевСт-ао
15 619	
902 909 479	
911,2	
912	
904	
920	
909
NLMK	
НЛМК ао
13 131	
842 579 196	
144,3	
145,88	
142,58	
146	
145,46
MAGN	
ММК
8 020	
834 542 526	
39,39	
39,285	
38,77	
39,96	
39,96
AFKS	
Система ао
16 904	
759 624 811	
19,636	
19,29	
19,238	
19,977	
19,758
NVTK	
Новатэк ао
7 538	
660 991 031	
1 085,4	
1 088,8	
1 077,2	
1 092	
1 092
POGR	
Petropavl
14 581	
557 083 867	
38,87	
39,995	
37,755	
40,495	
38,7
FEES	
ФСК ЕЭС ао
8 891	
480 485 672	
0,19958	
0,2	
0,19736	
0,20198	
0,1985
LNTA	
Лента др
20 918	
425 613 576	
216,8	
220	
209	
224,7	
214,6
HYDR	
РусГидро
9 093	
416 639 459	
0,7639	
0,7639	
0,7571	
0,7703	
0,7592
CBOM	
МКБ ао
8 169	
379 726 800	
5,896	
5,881	
5,855	
5,944	
5,944
DSKY	
ДетскийМир
7 970	
357 818 852	
116,56	
115,62	
115,12	
117,5	
116,9
RSTI	
Россети ао
6 259	
356 711 278	
1,5791	
1,57	
1,5632	
1,592	
1,592
TCSG	
TCS-гдр
10 469	
347 156 406	
1 841	
1 779,8	
1 770,4	
1 875	
1 870
FIVE	
FIVE-гдр
4 146	
246 495 955	
2 797	
2 795,5	
2 772,5	
2 824,5	
2 780
MAIL	
MAIL-гдр
11 194	
235 061 181	
1 991,2	
2 000,2	
1 960	
2 022	
1 975
RUAL	
РУСАЛ ао
9 926	
221 016 712	
28,155	
28,04	
27,75	
28,465	
28
SIBN	
Газпрнефть
4 227	
206 198 460	
322,75	
321,15	
320,8	
325,4	
320,8
TATNP	
Татнфт 3ап
5 012	
156 993 243	
537,4	
539,5	
533,8	
541,1	
537,2
OGKB	
ОГК-2 ао
4 386	
144 990 002	
0,7416	
0,7309	
0,7258	
0,7508	
0,7508
RTKM	
Ростел -ао
4 206	
139 612 004	
90,3	
90,4	
89,88	
90,81	
89,88
LNZL	
Лензолото
2 929	
137 193 580	
18 680	
18 990	
17 900	
19 450	
18 600
UPRO	
Юнипро ао
2 471	
133 663 018	
2,824	
2,795	
2,795	
2,839	
2,831
MVID	
М.видео
4 783	
129 741 929	
438,6	
430,1	
430,1	
454	
431,3
PHOR	
ФосАгро ао
2 446	
119 832 375	
2 680	
2 700	
2 670	
2 700	
2 689
TRNFP	
Транснф ап
422	
96 027 900	
134 700	
135 000	
134 300	
135 100	
134 700
RKKE	
ЭнергияРКК
4 117	
75 768 730	
10 290	
12 120	
8 880	
12 140	
9 090
MTLR	
Мечел ао
5 347	
75 175 069	
65,88	
65,54	
65	
66,46	
65,98
LSRG	
ЛСР ао
2 997	
60 814 438	
736,6	
734	
732,6	
740,6	
734
ENPG	
ЭН+ГРУП ао
546	
55 432 559	
756	
758,5	
748,5	
762,5	
752,5
AGRO	
AGRO-гдр
2 557	
52 965 231	
721,6	
726	
705,4	
735	
720
LSNGP	
РСетиЛЭ-п
2 060	
50 955 972	
149,75	
150,75	
148,1	
151,95	
150,5
QIWI	
iQIWI
2 790	
50 394 557	
1 423	
1 400	
1 391,5	
1 447	
1 437
CNTLP	
Телеграф-п
2 486	
48 461 020	
28,78	
28,64	
28,4	
29,1	
28,78
NMTP	
НМТП ао
3 389	
47 728 612	
9,25	
9,225	
9,205	
9,295	
9,23
SELG	
Селигдар
2 684	
46 725 688	
39,4	
39,58	
38,2	
39,98	
39,2
CNTL	
Телеграф
2 012	
46 635 520	
28,85	
28,45	
28,25	
29,15	
29
TGKA	
ТГК-1
2 471	
45 263 608	
0,012032	
0,0121	
0,011902	
0,0121	
0,012096
RTKMP	
Ростел -ап
2 158	
45 198 480	
85,3	
85,7	
84,75	
85,95	
85,3
PIKK	
ПИК ао
1 733	
39 701 179	
491,1	
486,5	
486,5	
494,4	
486,9
AQUA	
РусАква ао
1 503	
39 642 395	
201	
201,5	
197,5	
205	
200,5
LNZLP	
Лензол. ап
2 076	
37 407 655	
5 850	
5 455	
5 455	
6 100	
5 770
RASP	
Распадская
1 297	
35 246 684	
105,62	
105,02	
105,02	
106,08	
105,9
TRMK	
ТМК ао
731	
34 058 614	
59,94	
59,38	
58,28	
60,38	
60,38
MSNG	
+МосЭнерго
1 197	
32 497 124	
2,1565	
2,1485	
2,137	
2,169	
2,169
AKRN	
Акрон
687	
30 310 170	
5 794	
5 772	
5 728	
5 838	
5 816
ETLN	
ETLN-гдр
2 262	
30 041 324	
109,7	
110,48	
108,9	
110,82	
109
BANEP	
Башнефт ап
1 556	
28 707 757	
1 349	
1 348,5	
1 345	
1 352,5	
1 352
TGKB	
ТГК-2
1 550	
28 497 700	
0,00453	
0,00457	
0,00433	
0,004715	
0,004525
ENRU	
ЭнелРос ао
1 652	
26 785 125	
0,9495	
0,9455	
0,9455	
0,9545	
0,95
BRZL	
БурЗолото
2 586	
24 937 248	
1 199	
1 168	
1 157	
1 298	
1 191
HALS	
Галс-Девел
3 395	
22 411 249	
1 264	
1 110	
1 110	
1 422	
1 192
DZRD	
iДонскЗР
2 747	
20 352 860	
2 985	
3 080	
2 350	
3 840	
2 460
SFIN	
САФМАР ао
136	
17 985 482	
519,6	
518,2	
518,2	
520,4	
519,2
ELTZ	
Электрцинк
4 036	
17 456 440	
204,5	
184,5	
181	
225	
184
NAUK	
iНПОНаука
1 921	
16 595 940	
204,8	
230	
195	
230	
202,6
NKNCP	
НКНХ ап
1 174	
15 583 817	
79,42	
79,92	
79	
80	
79,44
RSTIP	
Россети ап
916	
14 871 879	
2,131	
2,118	
2,099	
2,167	
2,119
MRKP	
МРСК ЦП
1 025	
14 840 762	
0,2125	
0,2116	
0,21	
0,2167	
0,2106
KCHE	
КамчатЭ ао
1 855	
14 568 850	
0,2525	
0,2095	
0,2095	
0,2845	
0,234
UNKL	
ЮУНК ао
1 015	
14 375 570	
8 240	
8 700	
7 830	
8 700	
8 360
BSPB	
БСП ао
1 280	
13 614 568	
42,53	
42,68	
42,23	
42,79	
42,32
MTLRP	
Мечел ап
651	
10 710 295	
84,5	
84,15	
83,9	
85,5	
84,4
DZRDP	
iДонскЗР п
1 358	
10 240 000	
1 880	
2 000	
1 720	
2 140	
1 760
APTK	
Аптеки36и6
1 964	
9 499 593	
13,394	
13,554	
13,152	
13,606	
13,396
OBUV	
ОР ао
1 061	
9 446 822	
34,55	
34,35	
34,15	
34,95	
34,35
LIFE	
iФармсинтз
960	
8 674 927	
7,315	
7,375	
7,22	
7,445	
7,285
TTLK	
Таттел. ао
669	
8 464 395	
0,3015	
0,297	
0,2905	
0,317	
0,298
SELGP	
Селигдар-п
524	
8 367 565	
28,15	
28,25	
27,7	
28,5	
28,2
KCHEP	
КамчатЭ ап
886	
6 248 620	
0,444	
0,357	
0,357	
0,495	
0,417
KRKNP	
СаратНПЗ-п
210	
6 198 360	
16 020	
16 100	
15 920	
16 160	
16 000
KMAZ	
КАМАЗ
922	
6 026 645	
58,3	
59,8	
57,7	
60,2	
57,7
BANE	
Башнефт ао
565	
5 909 513	
1 733	
1 736,5	
1 727	
1 742,5	
1 733
RUGR	
Русгрэйн
2 430	
5 880 498	
9,504	
9,54	
9,356	
9,698	
9,408
AMEZ	
АшинскийМЗ
657	
5 767 236	
4,39	
4,39	
4,31	
4,455	
4,36
VSMO	
ВСМПО-АВСМ
168	
5 544 700	
18 300	
18 360	
18 240	
18 400	
18 260
KBSB	
ТНСэКубань
611	
5 435 050	
150	
142,5	
140	
158,5	
148,5
ISKJ	
iИСКЧ ао
451	
5 431 798	
25,03	
24,9	
24,72	
25,33	
24,95
TGKD	
Квадра
741	
5 288 538	
0,00342	
0,0033	
0,003285	
0,003495	
0,003415
SVAV	
СОЛЛЕРС
388	
4 962 160	
268,5	
269,5	
267	
271,5	
267,5
UNAC	
iАвиастКао
542	
4 876 989	
0,4955	
0,4875	
0,485	
0,515	
0,489
CHEP	
ЧТПЗ ао
326	
4 783 645	
213,5	
208,5	
208	
217,5	
213,5
ROLO	
Русолово
366	
4 773 408	
5,488	
5,52	
5,406	
5,68	
5,406
TASBP	
ТамбЭнСб-п
539	
4 677 170	
0,3845	
0,3285	
0,3265	
0,419	
0,3525
RNFT	
РуссНфт ао
1 317	
4 639 301	
496	
500	
492	
504,8	
492
YAKG	
ЯТЭК ао
80	
4 545 215	
42,9	
42,5	
42,45	
44	
42,5
MSRS	
РСетиМР ао
255	
3 647 131	
1,1995	
1,1855	
1,1765	
1,214	
1,196
MRKC	
МРСК Центр
325	
3 626 543	
0,2962	
0,296	
0,2948	
0,2978	
0,2968
MRKV	
РсетВол ао
339	
3 463 046	
0,07375	
0,07375	
0,07335	
0,07425	
0,07355
GCHE	
ЧеркизГ-ао
443	
3 218 713	
1 770,5	
1 759	
1 759	
1 796,5	
1 780
VGSB	
ВолгЭнСб
146	
3 195 510	
1,775	
1,705	
1,7	
1,9	
1,71
TASB	
ТамбЭнСб
307	
3 194 675	
0,4625	
0,4415	
0,432	
0,4785	
0,434
MSTT	
Мостотрест
175	
3 081 885	
157,5	
156,5	
156	
158,3	
156,7
TGKBP	
ТГК-2 ап
235	
2 891 830	
0,0074	
0,00768	
0,00705	
0,0077	
0,00721
IRKT	
ИРКУТ-3
327	
2 783 328	
35,24	
35,06	
34,34	
35,86	
35,54
NKNC	
НКНХ ао
289	
2 769 968	
93	
92,75	
92,55	
93,2	
93
PMSBP	
ПермьЭнС-п
117	
2 463 334	
130,6	
130	
129,4	
131	
131
ZILL	
ЗИЛ ао
145	
2 456 285	
2 675	
2 655	
2 600	
2 740	
2 700
KLSB	
КалужскСК
371	
2 432 459	
11,88	
11,68	
11,65	
12,11	
11,86
MGTSP	
МГТС-4ап
220	
2 420 106	
1 992	
1 976	
1 976	
2 000	
1 996
DIOD	
ЗаводДИОД
379	
2 416 942	
6,58	
6,61	
6,49	
6,72	
6,72
GEMA	
iММЦБ ао
165	
2 348 722	
589	
600	
555	
605	
599,5
FESH	
ДВМП ао
377	
2 341 618	
7,65	
7,65	
7,6	
7,71	
7,61
RTSBP	
ТНСэнРст-п
155	
2 322 470	
0,376	
0,375	
0,338	
0,418	
0,363
RTSB	
ТНСэнРст
220	
2 267 400	
0,47	
0,475	
0,43	
0,51	
0,445
BELU	
Белуга ао
300	
2 257 673	
1 326	
1 333	
1 322	
1 338	
1 322
RUSP	
Русполимет
175	
2 176 050	
0,6345	
0,6355	
0,622	
0,6485	
0,6275
INGR	
ИНГРАД ао
234	
2 009 498	
750	
746	
740	
764	
749
TGKN	
ТГК-14
174	
1 828 460	
0,00317	
0,00322	
0,00314	
0,00322	
0,00315
BLNG	
Белон ао
545	
1 728 665	
4,56	
4,71	
4,484	
4,72	
4,534
WTCMP	
ЦМТ ап
85	
1 664 700	
8,46	
8,38	
8,24	
8,68	
8,26
WTCM	
ЦМТ ао
318	
1 612 292	
9,48	
9,06	
8,86	
9,96	
9,12
STSBP	
СтаврЭнСбп
320	
1 593 345	
0,3705	
0,376	
0,3625	
0,38	
0,377
CHMK	
ЧМК ао
128	
1 584 135	
2 625	
2 600	
2 580	
2 675	
2 615
PAZA	
ПавлАвт ао
114	
1 570 720	
8 820	
8 940	
8 700	
9 190	
8 780
SLEN	
Сахэнер ао
141	
1 500 955	
5,815	
5,68	
5,675	
6	
5,8
TGKDP	
Квадра-п
463	
1 370 287	
0,004185	
0,004215	
0,004	
0,0044	
0,00418
MRKU	
МРСК Ур
154	
1 331 786	
0,156	
0,154	
0,154	
0,161	
0,1556
KZOS	
ОргСинт ао
302	
1 297 285	
86,1	
85,8	
85,8	
86,6	
86,2
CHGZ	
РН-ЗапСиб
46	
1 288 160	
36	
35,2	
35,2	
37,2	
35,6
MAGE	
МагадЭн ао
94	
1 264 040	
6,62	
6,75	
6,46	
6,8	
6,58
LSNG	
РСетиЛЭ
237	
1 247 478	
6,13	
6,11	
6,05	
6,16	
6,15
EELT	
ЕвроЭлтех
156	
1 181 974	
8,48	
8,62	
8,36	
8,62	
8,38
IGST	
Ижсталь2ао
227	
1 141 069	
1 133	
1 072	
1 072	
1 250	
1 101
RBCM	
РБК ао
363	
1 091 335	
3,434	
3,466	
3,396	
3,476	
3,416
RGSS	
РГС СК ао
153	
1 033 142	
0,1506	
0,15	
0,15	
0,1522	
0,1504
IGSTP	
Ижсталь ап
247	
988 306	
1 027	
1 000	
990	
1 060	
1 006
VRSBP	
ТНСэнВор-п
69	
971 450	
46,5	
47	
45,5	
47,5	
46
UWGN	
ОВК ао
117	
961 112	
238	
238,3	
236,2	
239,5	
238,3
USBN	
УралСиб ао
75	
909 331	
0,0693	
0,0692	
0,0684	
0,07	
0,0692
VLHZ	
ВХЗ-ао
122	
875 712	
53,3	
54	
52,55	
54,05	
53,85
GTRK	
ГТМ ао
156	
855 409	
43,25	
43,65	
43,1	
43,65	
43,35
KUZB	
КузнецкийБ
543	
831 954	
0,01496	
0,01501	
0,01476	
0,01511	
0,015
IRGZ	
ИркЭнерго
113	
814 752	
11,64	
11,74	
11,56	
11,74	
11,6
KOGK	
КоршГОК ао
12	
687 800	
49 200	
49 800	
48 600	
49 800	
49 400
GAZAP	
ГАЗ ап
72	
682 015	
304,5	
306	
303	
308	
306,5
MGNZ	
СМЗ-ао
78	
674 540	
4 720	
4 600	
4 600	
4 800	
4 720
STSB	
СтаврЭнСб
163	
626 164	
0,4375	
0,413	
0,413	
0,4565	
0,437
MRSB	
МордЭнСб
53	
532 670	
0,346	
0,351	
0,339	
0,353	
0,353
KRKOP	
ТКЗКК ап
174	
524 752	
7,12	
7,045	
7,045	
7,245	
7,165
KRKN	
СаратНПЗ
33	
515 750	
12 900	
12 900	
12 600	
13 200	
12 950
MRKY	
РоссЮг ао
72	
515 142	
0,05045	
0,0505	
0,0501	
0,05065	
0,05035
MISB	
ТНСэнМарЭл
57	
495 730	
13,1	
13,2	
13	
13,3	
13
KRSB	
Красэсб ао
44	
476 660	
7,01	
7,16	
6,9	
7,21	
6,96
MGTS	
МГТС-5ао
74	
468 420	
2 330	
2 260	
2 260	
2 380	
2 365
GAZA	
ГАЗ ао
47	
453 500	
394,5	
390,5	
384,5	
398,5	
394
RTGZ	
ГазпРнД ао
14	
447 150	
26 300	
26 600	
26 000	
26 750	
26 600
ABRD	
АбрауДюрсо
96	
429 805	
130	
130	
129,5	
131	
129,5
DVEC	
ДЭК ао
75	
422 232	
1,05	
1,038	
1,038	
1,059	
1,044
KZOSP	
ОргСинт ап
262	
406 536	
11,93	
11,94	
11,9	
11,99	
11,97
VRSB	
ТНСэнВорон
45	
400 020	
54,2	
53,6	
53,2	
55,6	
54,6
YKEN	
Якутскэнрг
18	
390 795	
0,3555	
0,353	
0,3505	
0,36	
0,355
ALNU	
АЛРОСА-Нюр
6	
382 200	
54 600	
54 400	
54 400	
54 800	
54 600
VZRZP	
Возрожд-п
40	
374 582	
337,4	
342,2	
333,6	
342,2	
339,2
NFAZ	
Нефтекамск
41	
347 556	
161	
162	
160	
163	
162
RUSI	
ИКРУСС-ИНВ
53	
342 020	
37,6	
37,6	
34	
38,9	
38,7
PMSB	
ПермьЭнСб
71	
327 001	
130,3	
129,9	
129,7	
131	
131
KAZTP	
Куйбазот-п
19	
324 116	
148	
147,6	
147	
149,2	
148
ZVEZ	
ЗВЕЗДА ао
20	
317 280	
4,6	
4,595	
4,56	
4,61	
4,61
LPSB	
ЛЭСК ао
120	
314 080	
7,65	
7,65	
7,6	
7,8	
7,7
VSYD	
ВыбСудЗ ао
42	
307 265	
3 990	
4 000	
3 955	
4 050	
3 980
MRKZ	
МРСК СЗ
108	
303 769	
0,0508	
0,05	
0,05	
0,0512	
0,05065
BISVP	
БашИнСв ап
44	
295 718	
8,35	
8,21	
8,21	
8,44	
8,32
NKSH	
Нижкамшина
29	
286 350	
22,2	
22,52	
21,66	
22,52	
22,2
NKHP	
НКХП ао
57	
274 025	
230,5	
229,5	
229	
232	
231
RZSB	
РязЭнСб
22	
259 780	
9,28	
9,32	
9,22	
9,32	
9,3
NSVZ	
НаукаСвяз
75	
244 470	
222	
219,5	
218,5	
226	
221
RLMN	
Роллман
87	
242 210	
18,85	
19,15	
18,65	
19,15	
18,85
MAGEP	
МагадЭн ап
20	
236 005	
7,615	
7,55	
7,425	
7,69	
7,635
MRKS	
РсетСиб ао
45	
234 170	
0,2415	
0,233	
0,233	
0,2485	
0,238
VGSBP	
ВолгЭнСб-п
42	
231 520	
1,22	
1,16	
1,155	
1,25	
1,185
MFGSP	
Мегион-ап
7	
220 685	
321	
325	
318	
325	
318,5
HIMCP	
Химпром ап
68	
213 825	
6,07	
6,03	
6,03	
6,1	
6,1
PRMB	
Приморье
9	
202 800	
22 600	
22 800	
22 000	
23 200	
22 800
URKZ	
УрКузница
12	
199 720	
16 640	
16 500	
16 340	
16 900	
16 800
RAVN	
Raven
15	
190 270	
31,7	
31,5	
31,4	
32,1	
31,6
MRKK	
Россети СК
48	
185 067	
26,1	
26,1	
25,92	
26,48	
25,98
TNSE	
ТНСэнрг ао
68	
173 950	
990	
995	
960	
1 010	
1 000
MISBP	
ТНСэМаЭл-п
44	
164 680	
13,2	
13,8	
13	
13,8	
13
ALBK	
БестЭфБ ао
46	
164 645	
53	
52,5	
51,5	
53,5	
53,5
UCSS	
ОКС ао
28	
162 530	
1 450	
1 440	
1 440	
1 460	
1 460
YKENP	
Якутскэн-п
19	
159 660	
0,3325	
0,328	
0,324	
0,335	
0,335
VSYDP	
ВыбСудЗ ап
19	
150 180	
4 060	
4 040	
4 020	
4 100	
4 100
KRSBP	
Красэсб ап
18	
149 280	
7,12	
7,1	
6,98	
7,18	
7,16
LVHK	
Левенгук
78	
142 046	
8,07	
8,3	
7,92	
8,3	
7,94
ASSB	
АстрЭнСб
76	
141 787	
0,75	
0,746	
0,74	
0,757	
0,7495
ROST	
РОСИНТЕРао
30	
137 260	
62,2	
61	
61	
62,8	
61,6
KUBE	
Кубанэнр
46	
135 991	
68,7	
68,6	
67,8	
69,6	
69
KROT	
КрасОкт-ао
23	
113 845	
379,5	
387	
373,5	
387	
380
KTSB	
КСБ ао
48	
106 326	
0,626	
0,622	
0,612	
0,646	
0,626
TORS	
ТРК ао
20	
96 580	
0,42	
0,419	
0,41	
0,429	
0,412
UTAR	
ЮТэйр ао
39	
94 307	
7,14	
7,14	
7,13	
7,17	
7,13
RDRB	
РДБанк ао
14	
93 050	
240	
245	
235	
245	
240
KAZT	
Куйбазот
18	
92 302	
146,6	
146,2	
146	
147,2	
147,2
SAGO	
СамарЭн-ао
12	
87 280	
0,46	
0,454	
0,454	
0,464	
0,462
TORSP	
ТРК ап
14	
83 115	
0,268	
0,268	
0,2675	
0,271	
0,2705
VJGZ	
Варьеган
24	
79 090	
577	
576	
576	
584	
582
AVAN	
Авангрд-ао
31	
68 140	
725	
710	
710	
740	
725
OMZZP	
ОМЗ-ап
19	
67 210	
3 535	
3 520	
3 500	
3 600	
3 505
KMEZ	
КМЗ
29	
66 847	
491,5	
494	
489	
494,5	
490
UKUZ	
ЮжКузб. ао
13	
66 012	
550	
550	
548	
558	
552
SAGOP	
СамарЭн-ап
8	
57 960	
0,414	
0,414	
0,409	
0,415	
0,411
VJGZP	
Варьеган-п
10	
48 330	
345	
349	
341	
350	
341
KBTK	
КузбТК ао
22	
47 496	
153,2	
154,6	
152,4	
154,6	
153,6
SAREP	
СаратЭн-ап
18	
46 128	
0,0924	
0,092	
0,092	
0,0936	
0,0932
NNSBP	
ТНСэнНН ап
20	
42 458	
598	
574	
574	
619	
607
ARSA	
Арсагера
10	
42 290	
3,52	
3,44	
3,43	
3,6	
3,55
KTSBP	
КСБ ап
10	
41 075	
0,274	
0,28	
0,27	
0,28	
0,275
RLMNP	
Роллман-п
42	
38 697	
19,96	
19,82	
19,82	
20,18	
20,08
MFGS	
Мегион-ао
6	
36 520	
370,5	
366	
365	
366	
365
ROSB	
Росбанк ао
23	
36 260	
69,8	
70,4	
69,2	
70,8	
69,4
NNSB	
ТНСэнНН ао
9	
35 720	
1 325	
1 390	
1 310	
1 390	
1 325
JNOS	
Славн-ЯНОС
9	
32 035	
18,85	
18,8	
18,75	
19,1	
18,8
TUZA	
ТЗА ао
8	
31 600	
93	
93	
92	
93	
93
KROTP	
КрасОкт-1п
6	
22 165	
277	
277	
276	
277,5	
276
SARE	
СаратЭн-ао
8	
19 262	
0,1198	
0,1208	
0,1192	
0,1208	
0,1194
CHKZ	
ЧКПЗ ао
3	
16 120	
5 380	
5 380	
5 360	
5 380	
5 380
JNOSP	
Слав-ЯНОСп
6	
12 936	
14,38	
14,4	
14,34	
14,4	
14,34
KGKCP	
КурганГКап
8	
7 470	
53,5	
53,5	
53	
53,5	
53
YRSBP	
ТНСэнЯр-п
5	
6 185	
88,5	
88	
88	
89,5	
89
KGKC	
КурганГКао
5	
3 760	
54	
54	
53	
54	
53
BISV	
БашИнСв ао
0	
0	
-	
-	
-	
-	
8,7
PRTK	
ПРОТЕК ао
0	
0	
-	
-	
-	
-	
99,6
GAZC	
ГАЗКОН-ао
0	
0	
-	
-	
-	
-	
295
GTSS	
ГЕОТЕК ао
0	
0	
-	
-	
-	
-	
-
NPOF	
Физика ао
0	
0	
-	
-	
-	
-	
11 850
TRCN	
ТрансК ао
0	
0	
-	
-	
-	
-	
8 595
KMTZ	
КосогМЗ ао
0	
0	
-	
-	
-	
-	
-
KZMS	
КЗМС ао
0	
0	
-	
-	
-	
-	
226
TRFM	
ТрансФ ао
0	
0	
-	
-	
-	
-	
-
GAZS	
ГАЗ-сервис
0	
0	
-	
-	
-	
-	
293
HIMC	
Химпром ао
0	
0	
-	
-	
-	
-	
0,99
GAZT	
ГАЗ-Тек ао
0	
0	
-	
-	
-	
-	
85
KSGR	
Кокс ао
0	
0	
-	
-	
-	
-	
-
MOBB	
МосОблБанк
0	
0	
-	
-	
-	
-	
0,698
URKA	
Уркалий-ао
0	
0	
-	
-	
-	
-	
119,04
VZRZ	
Возрожд-ао
0	
0	
-	
-	
-	
-	
480
YRSB	
ТНСэнЯр
0	
0	
-	
-	
-	
-	
168
BISV	
БашИнСв ао
0	
0	
-	
-	
-	
-	
8,7
MFON	
МегаФон ао
0	
0	
-	
-	
-	
-	
650,6
KRKO	
ТКЗКК ао
0	
0	
-	
-	
-	
-	
11,8
MORI	
Морион ао
0	
0	
-	
-	
-	
-	
4,31