SBER	
Сбербанк
118 532	
21 273 110 564	
186,56	
186	
184,25	
188,77	
187,21
GAZP	
ГАЗПРОМ ао
87 900	
12 652 995 037	
181,25	
178,5	
178,01	
184,64	
181,41
LKOH	
ЛУКОЙЛ
61 665	
11 267 610 443	
4 630,5	
4 550	
4 501	
4 715	
4 715
GMKN	
ГМКНорНик
39 005	
8 384 802 678	
19 492	
19 788	
19 162	
19 900	
19 518
ROSN	
Роснефть
64 663	
8 013 511 084	
313,85	
305,1	
304	
319,75	
314,35
SNGS	
Сургнфгз
40 979	
4 567 353 514	
32,8	
32,3	
31,49	
33,9	
33,9
PLZL	
Полюс
39 815	
3 782 635 685	
10 980,5	
11 127	
10 552,5	
11 484	
10 637,5
SNGSP	
Сургнфгз-п
29 212	
3 225 460 775	
37,635	
37,015	
36,905	
38	
37,6
NVTK	
Новатэк ао
33 333	
3 184 849 977	
907,4	
879,8	
876,2	
924,4	
917,6
TATN	
Татнфт 3ао
37 339	
2 865 300 285	
546,7	
533	
531,7	
558,3	
552,6
AFLT	
Аэрофлот
66 646	
2 813 484 699	
68,06	
66,04	
66,04	
69,2	
68,38
ALRS	
АЛРОСА ао
47 172	
2 626 025 146	
61,91	
59,03	
59,03	
64,59	
64,59
SBERP	
Сбербанк-п
33 988	
2 567 410 067	
176,48	
176	
174,13	
178,3	
176,83
MTSS	
МТС-ао
30 778	
2 384 616 403	
297	
297,2	
291	
300,65	
299,1
VTBR	
ВТБ ао
67 460	
2 335 547 554	
0,032275	
0,032345	
0,031795	
0,032695	
0,0326
YNDX	
Yandex clA
32 803	
2 205 845 081	
2 703	
2 700	
2 647	
2 749,4	
2 714,4
POLY	
Polymetal
32 023	
2 045 273 769	
1 352,1	
1 369,9	
1 320	
1 398,7	
1 354,4
MOEX	
МосБиржа
41 344	
2 020 937 961	
95,76	
93,88	
93,7	
97,25	
97,25
CHMF	
СевСт-ао
30 331	
1 864 039 152	
856,2	
848,4	
837,4	
873	
866,6
TATNP	
Татнфт 3ап
31 679	
1 790 113 842	
518	
511,2	
503,1	
530,6	
520,5
IRAO	
ИнтерРАОао
23 625	
1 518 831 913	
4,8585	
4,7545	
4,72	
4,9495	
4,9225
MGNT	
Магнит ао
22 091	
1 494 331 887	
3 191	
3 148,5	
3 065	
3 241,5	
3 202,5
HYDR	
РусГидро
38 502	
1 219 483 106	
0,6028	
0,609	
0,5901	
0,6194	
0,6077
NLMK	
НЛМК ао
18 466	
1 165 787 832	
123,02	
120,78	
119,98	
125,3	
124
AFKS	
Система ао
24 276	
929 604 804	
12,889	
12,59	
12,484	
13,185	
13,115
MAGN	
ММК
14 372	
926 048 091	
37,655	
36,475	
36,39	
38,5	
38,5
FIVE	
FIVE-гдр
14 482	
879 864 492	
2 088	
2 020,5	
2 020,5	
2 135	
2 091,5
SIBN	
Газпрнефть
13 861	
769 035 126	
299,05	
295,2	
292	
305	
305
TCSG	
TCS-гдр
28 030	
677 033 439	
882,6	
855	
835	
918	
900
FEES	
ФСК ЕЭС ао
21 137	
670 569 310	
0,15996	
0,1565	
0,1561	
0,1628	
0,16098
RTKM	
Ростел -ао
15 164	
462 584 400	
72,73	
72	
65,71	
74	
74
RSTI	
Россети ао
10 036	
420 631 363	
1,1744	
1,1752	
1,153	
1,19	
1,1792
RUAL	
RUSAL plc
17 641	
416 077 441	
24,845	
24,6	
24,005	
25,4	
25,15
MTLR	
Мечел ао
29 828	
413 973 729	
61,08	
59,29	
59,29	
62,85	
60,79
DSKY	
ДетскийМир
19 330	
383 805 669	
91,7	
90,02	
89,7	
93,48	
91,02
TRNFP	
Транснф ап
1 506	
344 426 050	
144 850	
142 800	
140 400	
147 750	
147 750
PHOR	
ФосАгро ао
6 229	
305 804 408	
2 472	
2 470	
2 442	
2 498	
2 480
CBOM	
МКБ ао
15 986	
298 947 896	
5,419	
5,373	
5,344	
5,505	
5,495
UPRO	
Юнипро ао
6 475	
225 961 220	
2,551	
2,5	
2,5	
2,6	
2,574
TGKA	
ТГК-1
15 062	
207 502 988	
0,010114	
0,009952	
0,00985	
0,010384	
0,00985
AKRN	
Акрон
1 287	
188 772 728	
6 006	
6 016	
5 986	
6 090	
5 990
MTLRP	
Мечел ап
5 257	
169 427 032	
63,15	
62,2	
61,25	
64,8	
64,5
LSRG	
ЛСР ао
9 433	
163 686 622	
576,2	
564,8	
551,8	
587	
587
OGKB	
ОГК-2 ао
11 218	
160 412 050	
0,5865	
0,5786	
0,5769	
0,5945	
0,5816
BANEP	
Башнефт ап
4 386	
143 245 677	
1 314	
1 297	
1 289	
1 330	
1 330
TRMK	
ТМК ао
6 374	
114 670 063	
42,06	
42,84	
41,08	
42,84	
42,3
QIWI	
iQIWI
5 031	
87 345 278	
876,5	
877,5	
857	
888	
881
RUGR	
Русгрэйн
25 956	
86 726 752	
8,008	
6,684	
6,566	
8,7	
8,7
RASP	
Распадская
2 032	
71 707 713	
97,26	
97	
96,02	
98,28	
97,7
LNTA	
Лента др
6 714	
70 677 880	
151,7	
152,5	
150,3	
153,5	
151,6
RTKMP	
Ростел -ап
3 170	
68 961 415	
64,35	
63,4	
62,75	
65,3	
64,45
MVID	
М.видео
1 554	
63 986 472	
389,4	
389,9	
386,3	
390	
390
MSNG	
+МосЭнерго
2 273	
61 531 140	
1,8255	
1,8	
1,777	
1,849	
1,849
NKNCP	
НКНХ ап
2 886	
45 430 733	
81,4	
80	
79,96	
82,48	
81,2
BANE	
Башнефт ао
2 022	
42 748 549	
1 539	
1 517,5	
1 498	
1 566,5	
1 539
APTK	
Аптеки36и6
9 791	
42 722 274	
14,178	
14,07	
13,902	
14,4	
14,184
AGRO	
AGRO-гдр
3 196	
42 250 545	
576,6	
573,2	
568,2	
583	
575,4
MRKP	
МРСК ЦП
2 079	
38 120 188	
0,1513	
0,1428	
0,1428	
0,1575	
0,1564
ENPL	
ENPL-гдр
3 471	
34 140 853	
525,6	
532,2	
516,6	
539,2	
531
LNZL	
Лензолото
1 522	
30 168 840	
8 590	
8 400	
8 300	
8 890	
8 510
ENRU	
ЭнелРос ао
1 801	
25 388 885	
0,877	
0,87	
0,8515	
0,8895	
0,8705
PIKK	
ПИК ао
936	
20 516 869	
405,2	
403	
401,4	
410	
410
NMTP	
НМТП ао
1 462	
18 053 759	
8,695	
8,555	
8,525	
8,8	
8,67
KMAZ	
КАМАЗ
1 355	
17 426 426	
51,3	
51,1	
49,9	
52,8	
51,7
TGKB	
ТГК-2
898	
17 280 360	
0,00362	
0,00356	
0,00355	
0,0037	
0,0036
VSMO	
ВСМПО-АВСМ
418	
15 473 440	
19 300	
19 180	
18 600	
19 700	
19 200
GCHE	
ЧеркизГ-ао
1 082	
15 354 222	
1 876,5	
1 840	
1 825	
1 896	
1 888
ENPG	
ЭН+ГРУП ао
229	
14 300 682	
550,3	
556	
545,6	
556	
551,4
RSTIP	
Россети ап
764	
13 534 745	
1,383	
1,359	
1,341	
1,4	
1,39
BSPB	
БСП ао
2 312	
13 368 604	
43,29	
42,71	
42,71	
44	
43,1
OBUV	
ОР ао
3 104	
12 312 356	
32	
31,65	
31	
33	
31,45
MRKV	
МРСКВол
1 203	
12 008 421	
0,0652	
0,0632	
0,0632	
0,06615	
0,0658
NKNC	
НКНХ ао
973	
11 888 296	
94,25	
93,55	
92,4	
96	
95,45
KZOS	
ОргСинт ао
702	
11 844 665	
84,4	
83,5	
83,5	
86,5	
85
TGKN	
ТГК-14
922	
10 993 540	
0,00298	
0,00273	
0,00273	
0,00327	
0,00296
LIFE	
iФармсинтз
822	
10 987 085	
6,46	
6,46	
6,34	
6,57	
6,48
YAKG	
ЯТЭК ао
420	
9 669 462	
54,48	
52,98	
51,8	
57,92	
52,9
SFIN	
САФМАР ао
596	
8 240 330	
462,8	
462,2	
458	
469,6	
469,6
MRKC	
МРСК Центр
1 079	
8 181 364	
0,2368	
0,2308	
0,2308	
0,2402	
0,2382
AMEZ	
АшинскийМЗ
952	
7 496 425	
3,71	
3,565	
3,565	
3,835	
3,74
LNZLP	
Лензол. ап
619	
7 271 870	
3 710	
3 660	
3 600	
3 785	
3 705
ETLN	
ETLN-гдр
502	
6 851 935	
100,66	
100,04	
99,02	
102,02	
101,58
RNFT	
РуссНфт ао
2 053	
6 784 215	
455,2	
455	
446,2	
469,2	
469,2
RAVN	
Raven
206	
5 556 160	
28,8	
26,6	
26,2	
30,4	
29,6
SVAV	
СОЛЛЕРС
426	
5 449 275	
246,5	
245,5	
239,5	
251,5	
251
GTRK	
ГТМ ао
1 027	
5 140 400	
30,65	
28,7	
28,4	
31,6	
30,4
GAZA	
ГАЗ ао
254	
5 130 795	
419	
362	
343	
459,5	
364
MSRS	
МОЭСК
387	
4 792 302	
0,9835	
0,9555	
0,9555	
0,999	
0,982
MGTSP	
МГТС-4ап
323	
4 572 218	
2 206	
2 104	
2 104	
2 246	
2 190
KRKNP	
СаратНПЗ-п
167	
4 496 040	
15 180	
15 080	
15 000	
15 440	
15 260
SELG	
Селигдар
322	
3 421 849	
15,79	
15,93	
15,6	
15,96	
15,72
RGSS	
РГС СК ао
627	
3 340 966	
0,1406	
0,1418	
0,1384	
0,1446	
0,1406
MRKZ	
МРСК СЗ
388	
3 194 669	
0,0444	
0,04435	
0,0436	
0,04585	
0,04405
FESH	
ДВМП ао
440	
3 172 888	
5,77	
5,69	
5,66	
5,88	
5,74
BELU	
Белуга ао
317	
3 095 777	
1 097	
1 119	
992	
1 127	
1 100
AQUA	
РусАква ао
242	
3 006 600	
230,5	
227,5	
215	
247	
233,5
TTLK	
Таттел. ао
297	
2 981 440	
0,2585	
0,252	
0,249	
0,267	
0,2595
MSTT	
Мостотрест
474	
2 919 259	
139	
138,45	
137,55	
139,85	
139,8
ALNU	
АЛРОСА-Нюр
48	
2 757 000	
46 800	
44 400	
44 400	
47 600	
47 000
PRTK	
ПРОТЕК ао
325	
2 628 308	
97,9	
98,8	
94,1	
99,7	
98,7
BLNG	
Белон ао
849	
2 567 277	
4,234	
3,86	
3,86	
4,58	
3,968
ROLO	
Русолово
106	
2 479 030	
3,88	
3,96	
3,784	
3,964	
3,888
UNAC	
iАвиастКао
366	
2 466 292	
0,4655	
0,47	
0,456	
0,4865	
0,4615
RBCM	
РБК ао
327	
2 262 104	
3,01	
2,95	
2,904	
3,05	
2,96
BRZL	
БурЗолото
253	
2 102 562	
810	
811	
800	
819	
814
KZOSP	
ОргСинт ап
1 224	
1 896 808	
10,94	
10,71	
10,27	
11,73	
10,72
DASB	
ДагСб ао
430	
1 790 689	
0,0842	
0,0819	
0,0811	
0,0883	
0,0851
VLHZ	
ВХЗ-ао
388	
1 767 326	
52,2	
50,6	
50,2	
58	
51,95
IRKT	
ИРКУТ-3
143	
1 731 150	
27,62	
28,04	
27,1	
28,04	
27,94
TGKBP	
ТГК-2 ап
116	
1 614 400	
0,00648	
0,0065	
0,00641	
0,00662	
0,0065
CNTLP	
Телеграф-п
191	
1 405 474	
15,84	
15,64	
15,6	
15,9	
15,88
IRGZ	
ИркЭнерго
216	
1 297 486	
9,18	
9,12	
9,06	
9,3	
9,2
MRKS	
МРСКСиб
87	
1 287 030	
0,2155	
0,215	
0,2065	
0,2285	
0,2125
NKSH	
Нижкамшина
126	
1 161 658	
20,28	
20,4	
19,5	
20,98	
20,58
WTCMP	
ЦМТ ап
230	
1 112 616	
8,22	
7,8	
7,7	
9,36	
7,8
VRSB	
ТНСэнВорон
83	
1 097 020	
49	
45,4	
45	
51	
46,4
ELTZ	
Электрцинк
274	
1 016 096	
168	
168	
155	
180	
172
MRKU	
МРСК Ур
127	
1 003 598	
0,1296	
0,127	
0,1268	
0,132	
0,1308
MGTS	
МГТС-5ао
79	
989 240	
2 485	
2 550	
2 455	
2 575	
2 460
USBN	
УралСиб ао
241	
984 166	
0,0674	
0,068	
0,066	
0,0695	
0,0673
YRSB	
ТНСэнЯр
96	
919 860	
172	
168	
150	
182	
178
NKHP	
НКХП ао
124	
918 315	
220	
213	
213	
225	
221,5
WTCM	
ЦМТ ао
99	
823 978	
8,64	
8,5	
8,36	
9,12	
8,48
VJGZP	
Варьеган-п
69	
791 860	
308	
303	
302	
317	
309
RDRB	
РДБанк ао
116	
789 600	
260	
245	
230	
285	
280
NNSB	
ТНСэнНН ао
103	
784 800	
1 405	
1 300	
1 215	
1 550	
1 345
CHEP	
ЧТПЗ ао
78	
743 980	
190,5	
186,5	
186,5	
191	
189
MOBB	
МосОблБанк
175	
690 098	
2,124	
2,086	
2,012	
2,178	
2,114
MISB	
ТНСэнМарЭл
92	
648 320	
11,2	
10,2	
10,2	
11,6	
10,3
ZILL	
ЗИЛ ао
92	
617 304	
1 228	
1 176	
1 176	
1 272	
1 248
INGR	
ИНГРАД ао
98	
613 232	
771	
750	
740	
796	
794
RTSB	
ТНСэнРст
56	
604 700	
0,335	
0,3	
0,3	
0,345	
0,3
KAZT	
Куйбазот
110	
602 320	
145,8	
144,2	
142,6	
148	
147,8
PMSBP	
ПермьЭнС-п
117	
599 596	
123	
121,4	
121,2	
124,4	
122,2
RLMN	
Роллман
355	
597 912	
15,45	
14,8	
14,8	
16,3	
15,2
DVEC	
ДЭК ао
154	
591 770	
0,771	
0,75	
0,75	
0,8	
0,78
KLSB	
КалужскСК
145	
585 786	
9,33	
9,41	
8,98	
9,43	
9,31
NSVZ	
НаукаСвяз
104	
576 935	
182	
179	
179	
186	
183
SELGP	
Селигдар-п
77	
552 630	
25,95	
25,65	
25,6	
26,45	
25,75
PAZA	
ПавлАвт ао
64	
540 890	
5 250	
5 160	
5 120	
5 440	
5 250
KBSB	
ТНСэКубань
66	
517 460	
137,5	
134	
130	
142,5	
134,5
UWGN	
ОВК ао
192	
491 301	
227,6	
224,6	
224,1	
233,2	
227,6
YKEN	
Якутскэнрг
50	
490 020	
0,3065	
0,314	
0,303	
0,327	
0,305
ABRD	
АбрауДюрсо
152	
483 420	
133,5	
133	
129,5	
135	
134
TRCN	
ТрансК ао
34	
468 340	
8 365	
8 440	
8 230	
8 445	
8 395
RUSP	
Русполимет
55	
456 675	
0,5375	
0,535	
0,527	
0,5485	
0,53
ISKJ	
iИСКЧ ао
79	
451 353	
11,72	
11,65	
11,37	
12,25	
11,68
JNOS	
Славн-ЯНОС
49	
450 460	
15,5	
15,25	
15,25	
15,85	
15,45
PRMB	
Приморье
17	
447 800	
18 000	
16 200	
16 200	
18 600	
17 800
CNTL	
Телеграф
77	
432 710	
19,05	
20	
18,45	
20	
18,9
UCSS	
ОКС ао
57	
418 350	
1 480	
1 450	
1 440	
1 500	
1 470
KROT	
КрасОкт-ао
75	
414 250	
285,5	
291,5	
276	
294,5	
291,5
TGKDP	
Квадра-п
131	
413 436	
0,00352	
0,003405	
0,003405	
0,0037	
0,0035
UTAR	
ЮТэйр ао
58	
408 646	
6,22	
6,15	
6,12	
6,33	
6,24
HIMCP	
Химпром ап
231	
400 011	
5,61	
5,55	
5,55	
5,84	
5,64
GAZAP	
ГАЗ ап
35	
395 830	
311,5	
305	
305	
321	
312
TGKD	
Квадра
186	
388 751	
0,002925	
0,002845	
0,002845	
0,002965	
0,0029
VJGZ	
Варьеган
64	
370 262	
568	
569	
557	
590	
573
TASB	
ТамбЭнСб
39	
367 960	
0,252	
0,266	
0,25	
0,266	
0,25
CHMK	
ЧМК ао
80	
363 965	
2 305	
2 240	
2 240	
2 345	
2 310
PMSB	
ПермьЭнСб
65	
363 831	
122,9	
121,5	
121	
124,9	
121,9
VZRZP	
Возрожд-п
60	
340 160	
288,4	
281	
279,2	
294,6	
283,6
VRSBP	
ТНСэнВор-п
53	
318 450	
25,5	
23	
23	
27	
26,5
KAZTP	
Куйбазот-п
78	
297 488	
145,2	
141,4	
135	
149,6	
145,6
DIOD	
ЗаводДИОД
40	
280 032	
4,91	
4,98	
4,9	
4,98	
4,92
MRKY	
РоссЮг ао
141	
276 452	
0,04865	
0,0478	
0,0478	
0,04935	
0,04855
CHKZ	
ЧКПЗ ао
27	
274 200	
4 220	
3 920	
3 900	
4 300	
4 300
KRKN	
СаратНПЗ
14	
232 400	
11 600	
11 450	
11 450	
11 750	
11 750
UNKL	
ЮУНК ао
31	
226 660	
2 870	
2 950	
2 800	
2 980	
2 940
MRKK	
Россети СК
65	
205 980	
25,5	
24,98	
24,98	
25,84	
25,12
NFAZ	
Нефтекамск
29	
201 832	
130,2	
134,4	
127,6	
134,4	
131
TUZA	
ТЗА ао
87	
200 200	
72	
74	
69	
75	
74
MAGE	
МагадЭн ао
31	
199 120	
4,24	
4,28	
4,1	
4,5	
4,33
HALS	
Галс-Девел
71	
197 056	
722	
713	
713	
746	
720
BISVP	
БашИнСв ап
53	
192 726	
6,88	
6,55	
6,54	
7,17	
6,76
KUBE	
Кубанэнр
51	
191 839	
61,7	
60	
58,5	
62,5	
59,9
OMZZP	
ОМЗ-ап
17	
189 455	
2 745	
2 790	
2 710	
2 800	
2 745
JNOSP	
Слав-ЯНОСп
27	
186 620	
12,44	
12,56	
12,3	
12,7	
12,7
NAUK	
iНПОНаука
52	
179 904	
157,8	
155,2	
155	
160	
158,8
AVAN	
Авангрд-ао
37	
176 040	
645	
595	
595	
665	
645
ARSA	
Арсагера
33	
175 380	
3,02	
3,11	
2,85	
3,19	
3,03
LPSB	
ЛЭСК ао
78	
174 260	
7,4	
7,5	
7,05	
7,6	
7,35
ROSB	
Росбанк ао
67	
172 992	
61,8	
63,4	
60	
64,2	
62,4
YKENP	
Якутскэн-п
28	
169 665	
0,283	
0,283	
0,2765	
0,2895	
0,282
STSB	
СтаврЭнСб
58	
169 176	
0,3245	
0,3325	
0,3195	
0,34	
0,3285
TORSP	
ТРК ап
25	
151 615	
0,2615	
0,2725	
0,2575	
0,274	
0,258
ZVEZ	
ЗВЕЗДА ао
32	
144 210	
4,12	
4,16	
3,98	
4,22	
4,16
VGSB	
ВолгЭнСб
18	
140 300	
1,375	
1,375	
1,375	
1,4	
1,4
TASBP	
ТамбЭнСб-п
26	
131 410	
0,19	
0,1905	
0,19	
0,1995	
0,194
RTGZ	
ГазпРнД ао
5	
122 900	
20 500	
20 750	
20 000	
20 950	
20 450
KRSB	
Красэсб ао
11	
119 900	
5,21	
5,39	
5,03	
5,39	
5,28
RKKE	
ЭнергияРКК
13	
116 200	
4 840	
4 800	
4 780	
4 930	
4 840
VSYDP	
ВыбСудЗ ап
27	
107 420	
2 560	
2 540	
2 500	
2 660	
2 580
ROST	
РОСИНТЕРао
33	
100 392	
54,6	
53,8	
53,8	
56	
55
MFGS	
Мегион-ао
14	
95 820	
299,5	
304	
298	
304	
298
KMEZ	
КМЗ
67	
91 607	
414,5	
416	
411	
423	
411,5
URKZ	
УрКузница
9	
88 920	
9 880	
9 920	
9 720	
10 060	
9 840
MRSB	
МордЭнСб
13	
88 270	
0,315	
0,329	
0,31	
0,329	
0,31
SZPR	
СЗПароход
45	
86 414	
714	
686	
686	
738	
694
KBTK	
КузбТК ао
36	
85 368	
149,8	
144	
144	
153,2	
147,8
SAGOP	
СамарЭн-ап
13	
82 150	
0,357	
0,358	
0,35	
0,36	
0,359
MISBP	
ТНСэМаЭл-п
35	
80 820	
10,2	
9,8	
9,8	
10,6	
9,8
RLMNP	
Роллман-п
66	
64 428	
17	
17,56	
16,58	
17,98	
17,06
ASSB	
АстрЭнСб
59	
61 198	
0,537	
0,534	
0,5275	
0,5445	
0,5405
MAGEP	
МагадЭн ап
10	
61 065	
3,815	
3,865	
3,79	
3,895	
3,815
RUSI	
ИКРУСС-ИНВ
14	
57 270	
35,8	
35,9	
35,2	
37	
35,2
KROTP	
КрасОкт-1п
16	
54 335	
209	
207	
206	
213	
207
LVHK	
Левенгук
39	
52 186	
7,25	
7,21	
7,15	
7,32	
7,31
MGNZ	
СМЗ-ао
6	
51 870	
3 990	
3 960	
3 960	
4 190	
4 080
SLEN	
Сахэнер ао
21	
51 253	
4,135	
4,065	
3,95	
4,19	
4,15
IGSTP	
Ижсталь ап
15	
49 360	
625	
623	
622	
630	
630
KUZB	
КузнецкийБ
107	
47 669	
0,01449	
0,01418	
0,01411	
0,0147	
0,01469
DZRDP	
iДонскЗР п
16	
43 620	
1 410	
1 410	
1 400	
1 430	
1 410
KRSBP	
Красэсб ап
6	
42 460	
5,32	
5,38	
5,14	
5,38	
5,3
UKUZ	
ЮжКузб. ао
29	
38 994	
476	
482	
468	
482	
478
IGST	
Ижсталь2ао
24	
38 705	
679	
669	
669	
691	
690
KGKC	
КурганГКао
8	
37 120	
52	
51	
51	
53	
53
VSYD	
ВыбСудЗ ао
13	
35 715	
2 745	
2 630	
2 600	
2 850	
2 750
MFGSP	
Мегион-ап
6	
31 765	
289	
286,5	
286,5	
289	
289
SAREP	
СаратЭн-ап
15	
31 546	
0,079	
0,0782	
0,0782	
0,0804	
0,0794
GEMA	
iММЦБ ао
6	
26 893	
727	
726,5	
726	
732	
726,5
KCHEP	
КамчатЭ ап
5	
24 800	
0,306	
0,314	
0,307	
0,319	
0,319
TORS	
ТРК ао
5	
22 570	
0,376	
0,384	
0,366	
0,384	
0,366
KCHE	
КамчатЭ ао
8	
18 200	
0,1655	
0,166	
0,16	
0,166	
0,16
TNSE	
ТНСэнрг ао
7	
17 265	
1 015	
995	
995	
1 020	
1 015
YRSBP	
ТНСэнЯр-п
15	
14 270	
71,5	
70,5	
70	
73,5	
72
SARE	
СаратЭн-ао
11	
14 090	
0,1006	
0,1004	
0,0992	
0,1032	
0,0996
ALBK	
БестЭфБ ао
12	
12 745	
49	
49	
48,5	
49,5	
49,5
SAGO	
СамарЭн-ао
3	
11 220	
0,374	
0,37	
0,37	
0,376	
0,376
RZSB	
РязЭнСб
2	
11 010	
5,51	
5,51	
5,5	
5,51	
5,51
KTSBP	
КСБ ап
5	
10 575	
0,2115	
0,211	
0,209	
0,216	
0,216
STSBP	
СтаврЭнСбп
17	
10 064	
0,296	
0,299	
0,2924	
0,3042	
0,2992
KRKOP	
ТКЗКК ап
7	
6 247	
3,675	
3,77	
3,565	
3,77	
3,69
CHGZ	
РН-ЗапСиб
2	
5 960	
29,8	
29,8	
29,8	
29,8	
29,8
KGKCP	
КурганГКап
4	
5 955	
54	
52,5	
52,5	
54,5	
54,5
DZRD	
iДонскЗР
3	
5 870	
1 958	
1 934	
1 934	
1 996	
1 996
NNSBP	
ТНСэнНН ап
4	
5 677	
473	
472	
465	
475	
465
RTSBP	
ТНСэнРст-п
1	
2 410	
0,241	
0,241	
0,241	
0,241	
0,241
KTSB	
КСБ ао
2	
898	
0,45	
0,448	
0,448	
0,45	
0,45
BISV	
БашИнСв ао
0	
0	
-	
-	
-	
-	
8,7
KRKO	
ТКЗКК ао
0	
0	
-	
-	
-	
-	
11,8
KUNF	
КУЗОЦМ ао
0	
0	
-	
-	
-	
-	
-
NPOF	
Физика ао
0	
0	
-	
-	
-	
-	
11 850
GAZC	
ГАЗКОН-ао
0	
0	
-	
-	
-	
-	
295
GTSS	
ГЕОТЕК ао
0	
0	
-	
-	
-	
-	
-
TRFM	
ТрансФ ао
0	
0	
-	
-	
-	
-	
-
VGSBP	
ВолгЭнСб-п
0	
0	
-	
-	
-	
-	
0,89
KMTZ	
КосогМЗ ао
0	
0	
-	
-	
-	
-	
-
KZMS	
КЗМС ао
0	
0	
-	
-	
-	
-	
226
BISV	
БашИнСв ао
0	
0	
-	
-	
-	
-	
8,7
GAZS	
ГАЗ-сервис
0	
0	
-	
-	
-	
-	
293
HIMC	
Химпром ао
0	
0	
-	
-	
-	
-	
0,99
KOGK	
КоршГОК ао
0	
0	
-	
-	
-	
-	
41 800
LSNG	
Ленэнерго
0	
0	
-	
-	
-	
-	
5,66
URKA	
Уркалий-ао
0	
0	
-	
-	
-	
-	
119,04
VZRZ	
Возрожд-ао
0	
0	
-	
-	
-	
-	
480
GAZT	
ГАЗ-Тек ао
0	
0	
-	
-	
-	
-	
85
KSGR	
Кокс ао
0	
0	
-	
-	
-	
-	
-
LSNGP	
Ленэнерг-п
0	
0	
-	
-	
-	
-	
119,95
MFON	
МегаФон ао
0	
0	
-	
-	
-	
-	
650,6
MORI	
Морион ао
0	
0	
-	
-	
-	
-	
4,31
RU000A0JVT35	
ИСУ ЕФГ-3
0	
0	
-	
-	
-	
-	
400