YNDX	
Yandex clA
268 724	
116 391 184 143	
5 111,8	
4 890,6	
4 881	
5 165	
5 165
SBER	
Сбербанк
68 211	
14 071 375 877	
226,92	
227	
225	
229,71	
225
GAZP	
ГАЗПРОМ ао
70 715	
8 626 213 258	
181,72	
183,11	
180,51	
184,28	
180,72
GMKN	
ГМКНорНик
28 122	
7 812 444 362	
19 400	
19 442	
19 250	
19 672	
19 250
LKOH	
ЛУКОЙЛ
36 120	
7 114 939 662	
5 021	
5 095,5	
4 960	
5 128,5	
4 970
PLZL	
Полюс
17 422	
4 122 507 244	
18 080	
18 400,5	
17 890,5	
18 404,5	
17 992
ROSN	
Роснефть
19 552	
2 831 941 264	
376,65	
382	
371,25	
385	
371,85
POLY	
Polymetal
32 582	
2 704 648 334	
2 006,9	
2 031,7	
1 965,2	
2 084,5	
1 978
TATN	
Татнфт 3ао
22 406	
2 274 151 624	
550,6	
557,1	
544,5	
561,2	
544,5
MOEX	
МосБиржа
27 948	
2 222 374 182	
137,83	
140	
135,62	
140,69	
136,65
MGNT	
Магнит ао
22 205	
2 107 619 106	
4 501	
4 590	
4 420,5	
4 603	
4 420,5
IRAO	
ИнтерРАОао
24 939	
1 839 761 892	
5,2135	
5,32	
5,161	
5,3215	
5,2
SBERP	
Сбербанк-п
21 900	
1 610 259 426	
215,9	
216,38	
214,57	
217,11	
215,49
ALRS	
АЛРОСА ао
20 288	
1 465 425 843	
66,58	
67,31	
65,65	
68,02	
65,65
SNGS	
Сургнфгз
10 059	
1 398 314 783	
36,855	
37,26	
36,525	
37,575	
36,525
NLMK	
НЛМК ао
14 929	
1 351 699 180	
155,26	
156,4	
154,08	
157,64	
154,26
CHMF	
СевСт-ао
23 757	
1 284 688 925	
936,8	
945	
929,2	
952,2	
929,2
VTBR	
ВТБ ао
31 492	
1 062 231 833	
0,03561	
0,03606	
0,035055	
0,036195	
0,035055
FIVE	
FIVE-гдр
7 444	
989 252 476	
2 679	
2 724,5	
2 663	
2 750	
2 666,5
MAGN	
ММК
13 988	
918 162 900	
37,99	
38,655	
37,55	
38,845	
37,55
MTSS	
МТС-ао
14 140	
908 420 711	
340	
342,55	
334,1	
343,95	
338,4
AFLT	
Аэрофлот
23 643	
891 838 436	
81,22	
82,62	
80	
82,88	
80,8
MAIL	
MAIL-гдр
21 203	
857 199 517	
2 342,6	
2 320	
2 304,8	
2 364,8	
2 350
POGR	
Petropavl
22 026	
847 270 914	
36,955	
37,055	
35,695	
37,98	
36,255
DSKY	
ДетскийМир
20 711	
815 653 297	
117,66	
120,7	
114,32	
120,7	
116,34
HYDR	
РусГидро
22 307	
810 540 688	
0,7354	
0,7495	
0,7251	
0,752	
0,7252
SNGSP	
Сургнфгз-п
9 216	
793 882 545	
37,255	
37,685	
37,075	
37,685	
37,105
TATNP	
Татнфт 3ап
22 768	
655 190 442	
535,5	
541,8	
527,2	
544,5	
535,5
NVTK	
Новатэк ао
9 593	
597 333 840	
1 106,4	
1 098,8	
1 098,8	
1 112	
1 107
PHOR	
ФосАгро ао
7 773	
595 946 333	
2 783	
2 731	
2 719	
2 807	
2 770
AFKS	
Система ао
11 425	
548 031 436	
21,487	
21,401	
21,31	
21,625	
21,35
TCSG	
TCS-гдр
12 771	
510 082 517	
1 914,4	
1 884,4	
1 851,6	
1 950,4	
1 950,4
RSTI	
Россети ао
8 533	
451 593 657	
1,4645	
1,4932	
1,441	
1,497	
1,4525
RTKM	
Ростел -ао
8 616	
392 602 913	
97,03	
97,51	
95,66	
98,2	
96,8
SIBN	
Газпрнефть
5 426	
361 743 520	
317,95	
318,2	
316,55	
320	
317,95
TRNFP	
Транснф ап
1 285	
355 160 600	
138 500	
138 900	
137 450	
139 600	
137 450
CBOM	
МКБ ао
6 919	
350 645 166	
5,922	
5,884	
5,85	
6,132	
6,132
FEES	
ФСК ЕЭС ао
6 073	
252 516 718	
0,19708	
0,1983	
0,195	
0,199	
0,195
MVID	
М.видео
4 546	
185 282 803	
570,1	
565	
559,4	
584,5	
562,7
UPRO	
Юнипро ао
4 576	
146 989 083	
2,702	
2,722	
2,67	
2,738	
2,691
RUAL	
РУСАЛ ао
6 987	
144 356 824	
30,875	
31,235	
30,5	
31,235	
30,595
PIKK	
ПИК ао
3 667	
130 004 515	
504,4	
500	
498	
509,5	
504,1
OGKB	
ОГК-2 ао
3 545	
110 060 856	
0,7367	
0,7381	
0,723	
0,7449	
0,744
LSRG	
ЛСР ао
4 686	
92 011 128	
783,6	
785,6	
776,4	
786	
783
AQUA	
РусАква ао
3 209	
89 200 520	
220	
223,5	
209,5	
226,5	
223,5
LNTA	
Лента др
4 960	
74 765 190	
206,1	
204,5	
202,4	
209,3	
203,6
QIWI	
iQIWI
3 540	
72 545 207	
1 357	
1 349,5	
1 325,5	
1 390	
1 331,5
BANEP	
Башнефт ап
3 097	
63 559 551	
1 338	
1 340,5	
1 331,5	
1 347	
1 338
MTLR	
Мечел ао
5 196	
63 449 868	
65,03	
65,43	
64,1	
65,88	
64,1
ETLN	
ETLN-гдр
1 936	
52 983 813	
117,7	
118	
116	
118,2	
116,3
TGKA	
ТГК-1
3 124	
43 981 566	
0,011526	
0,0116	
0,01145	
0,011672	
0,011476
RASP	
Распадская
1 174	
42 080 599	
115,92	
115,32	
114,38	
116,88	
114,6
MSNG	
+МосЭнерго
1 006	
40 379 659	
2,066	
2,087	
2,054	
2,089	
2,069
RTKMP	
Ростел -ап
2 315	
39 205 330	
89,1	
88,95	
88,3	
89,8	
88,45
SELG	
Селигдар
1 935	
35 286 407	
48,03	
48,01	
47,05	
49	
47,32
AGRO	
AGRO-гдр
2 415	
32 785 661	
759,8	
754	
752,6	
764	
761,4
RSTIP	
Россети ап
1 745	
30 525 070	
2,024	
2,064	
1,95	
2,075	
2,009
NMTP	
НМТП ао
2 337	
28 382 570	
8,9	
8,91	
8,865	
8,985	
8,87
MTLRP	
Мечел ап
1 712	
24 037 675	
71,8	
72,05	
71	
72,7	
71,2
ENRU	
ЭнелРос ао
2 504	
22 025 114	
0,9195	
0,921	
0,916	
0,927	
0,917
BSPB	
БСП ао
1 614	
18 499 053	
44,68	
44,5	
44,22	
45,12	
44,35
MSRS	
РСетиМР ао
746	
18 318 378	
1,197	
1,159	
1,157	
1,23	
1,21
LSNGP	
РСетиЛЭ-п
1 065	
17 407 386	
151,3	
151,95	
150,5	
152,5	
151,5
DIOD	
ЗаводДИОД
2 328	
14 597 841	
7,61	
8,2	
7,37	
8,2	
7,43
MRKP	
МРСК ЦП
762	
13 728 078	
0,2176	
0,2203	
0,2148	
0,2214	
0,2157
SELGP	
Селигдар-п
581	
13 449 785	
36,05	
37	
35	
37	
35,95
NKNCP	
НКНХ ап
1 613	
12 777 432	
79,78	
80,22	
79,5	
80,22	
79,7
OBUV	
ОР ао
1 230	
11 977 051	
36	
35,65	
35,45	
36,5	
35,6
AKRN	
Акрон
420	
11 544 316	
5 914	
5 900	
5 862	
5 958	
5 950
TRMK	
ТМК ао
278	
11 424 564	
58,52	
58,44	
58,44	
58,8	
58,5
BANE	
Башнефт ао
466	
9 655 383	
1 735	
1 737,5	
1 730	
1 742	
1 730
KTSBP	
КСБ ап
80	
9 155 180	
0,317	
0,3215	
0,303	
0,324	
0,3115
MRKV	
РсетВол ао
746	
8 901 017	
0,0718	
0,072	
0,0708	
0,07245	
0,0708
LNZL	
Лензолото
167	
8 416 430	
17 950	
18 030	
17 890	
18 030	
17 890
TGKB	
ТГК-2
301	
6 614 725	
0,0044	
0,00439	
0,00435	
0,00449	
0,004365
VSMO	
ВСМПО-АВСМ
201	
6 550 120	
17 660	
17 580	
17 580	
17 700	
17 640
NFAZ	
Нефтекамск
855	
6 351 408	
183,2	
173	
170,2	
196	
172,2
NSVZ	
НаукаСвяз
888	
6 303 640	
232	
235	
220	
250	
230,5
GCHE	
ЧеркизГ-ао
542	
6 271 359	
1 909,5	
1 900	
1 896,5	
1 919,5	
1 904
KMAZ	
КАМАЗ
913	
6 260 111	
65	
64	
63,6	
65,9	
63,8
FESH	
ДВМП ао
482	
6 220 631	
7,48	
7,57	
7	
7,61	
7,57
SFIN	
САФМАР ао
41	
6 083 606	
528,6	
529,2	
527	
529,4	
528,2
MRKC	
МРСК Центр
577	
6 038 283	
0,2898	
0,2948	
0,2854	
0,295	
0,288
LIFE	
iФармсинтз
370	
5 836 740	
7,35	
7,295	
7,25	
7,41	
7,305
KRKNP	
СаратНПЗ-п
205	
5 675 680	
15 540	
15 520	
15 500	
15 640	
15 540
CNTLP	
Телеграф-п
676	
5 198 728	
16,2	
16,34	
16,1	
16,46	
16,12
NNSB	
ТНСэнНН ао
819	
4 974 900	
2 135	
1 940	
1 940	
2 465	
2 030
RNFT	
РуссНфт ао
573	
4 767 006	
453,4	
460	
301	
500	
455
ALBK	
БестЭфБ ао
663	
4 765 485	
65,5	
66,5	
63	
70	
64,5
LNZLP	
Лензол. ап
364	
4 754 340	
4 735	
4 780	
4 630	
4 875	
4 635
ENPG	
ЭН+ГРУП ао
339	
4 705 135	
693	
686	
686	
698,5	
690
ROLO	
Русолово
310	
4 539 214	
7,126	
7,2	
7	
7,37	
7,022
UNAC	
iАвиастКао
484	
4 242 933	
0,485	
0,487	
0,48	
0,493	
0,4815
CNTL	
Телеграф
364	
4 035 960	
18,1	
18,1	
18,05	
18,2	
18,1
NKNC	
НКНХ ао
493	
2 663 914	
91,85	
92,45	
91,5	
92,45	
91,55
UTAR	
ЮТэйр ао
170	
2 429 455	
7,11	
7,12	
7,02	
7,2	
7,09
SVAV	
СОЛЛЕРС
150	
2 405 140	
286	
284,5	
283,5	
287,5	
286,5
CHEP	
ЧТПЗ ао
243	
2 214 575	
208,5	
208	
206,5	
211	
207
IRGZ	
ИркЭнерго
194	
2 183 104	
12,52	
12,36	
12,06	
12,78	
12,64
UNKL	
ЮУНК ао
160	
2 108 080	
7 400	
7 610	
7 300	
7 630	
7 340
KUZB	
КузнецкийБ
933	
2 104 350	
0,01631	
0,01619	
0,0159	
0,01679	
0,016
IRKT	
ИРКУТ-3
193	
2 090 896	
36,18	
35,4	
35,4	
36,84	
36
YKEN	
Якутскэнрг
132	
2 007 200	
0,4065	
0,4135	
0,4	
0,4245	
0,4145
RDRB	
РДБанк ао
380	
1 997 800	
245	
250	
235	
255	
240
MGTSP	
МГТС-4ап
209	
1 958 124	
2 012	
2 018	
2 002	
2 026	
2 006
KZOS	
ОргСинт ао
419	
1 957 374	
86,2	
86,3	
85,5	
86,9	
85,9
EELT	
ЕвроЭлтех
131	
1 903 220	
8,12	
8,16	
8	
8,24	
8,06
VRSB	
ТНСэнВорон
181	
1 802 020	
83,8	
88,8	
80,4	
89	
82
BRZL	
БурЗолото
236	
1 768 058	
1 160	
1 170	
1 147	
1 172	
1 160
NNSBP	
ТНСэнНН ап
414	
1 705 421	
724	
719	
680	
760	
687
NAUK	
iНПОНаука
155	
1 696 218	
214,2	
210,6	
207,6	
217	
212
ISKJ	
iИСКЧ ао
188	
1 524 966	
22,86	
23,35	
22,73	
23,35	
22,94
ABRD	
АбрауДюрсо
252	
1 515 700	
203	
202	
200,5	
206,5	
201,5
BISVP	
БашИнСв ап
154	
1 490 256	
10,67	
10,66	
10,2	
10,8	
10,42
APTK	
Аптеки36и6
996	
1 465 866	
13,412	
13,478	
13,4	
13,478	
13,42
AMEZ	
АшинскийМЗ
392	
1 353 855	
4,905	
5,01	
4,835	
5,01	
4,865
TTLK	
Таттел. ао
157	
1 346 540	
0,326	
0,335	
0,321	
0,3385	
0,3255
NKHP	
НКХП ао
261	
1 329 275	
278,5	
273	
273	
286	
280
STSBP	
СтаврЭнСбп
400	
1 291 766	
0,426	
0,416	
0,4115	
0,435	
0,428
BELU	
Белуга ао
217	
1 288 296	
1 313	
1 329	
1 305	
1 330	
1 311
HALS	
Галс-Девел
164	
1 284 821	
1 323	
1 353	
1 300	
1 383	
1 334
RGSS	
РГС СК ао
191	
1 147 379	
0,1492	
0,1494	
0,1472	
0,152	
0,1492
RUGR	
Русгрэйн
1 257	
1 142 990	
9,52	
9,556	
9,432	
9,654	
9,526
MSTT	
Мостотрест
104	
981 876	
156,6	
156,05	
155,5	
157,5	
156,4
SARE	
СаратЭн-ао
224	
933 478	
0,1454	
0,1498	
0,143	
0,15	
0,1492
ALNU	
АЛРОСА-Нюр
15	
894 000	
55 800	
55 400	
55 400	
56 200	
56 200
GEMA	
iММЦБ ао
118	
787 390	
598,5	
600	
595	
601	
596,5
TNSE	
ТНСэнрг ао
99	
774 675	
1 030	
1 050	
1 015	
1 070	
1 015
HIMCP	
Химпром ап
126	
763 745	
6,31	
6,27	
6,2	
6,41	
6,36
CHGZ	
РН-ЗапСиб
57	
741 600	
59,4	
60,8	
57,2	
61,8	
58,8
KZOSP	
ОргСинт ап
356	
730 948	
11,77	
11,76	
11,69	
11,93	
11,7
RKKE	
ЭнергияРКК
69	
726 440	
7 650	
7 870	
7 400	
7 870	
7 560
ZILL	
ЗИЛ ао
34	
724 820	
2 545	
2 585	
2 505	
2 600	
2 595
UWGN	
ОВК ао
103	
694 039	
231,3	
234,8	
230	
234,8	
231,9
DZRDP	
iДонскЗР п
60	
622 160	
1 890	
1 880	
1 870	
1 910	
1 870
MRKZ	
МРСК СЗ
96	
621 273	
0,0506	
0,0501	
0,0501	
0,05095	
0,05035
MRKU	
МРСК Ур
83	
595 442	
0,147	
0,1468	
0,146	
0,149	
0,1476
PMSB	
ПермьЭнСб
71	
592 092	
131,6	
133,5	
130,9	
133,5	
131,6
RTSBP	
ТНСэнРст-п
68	
575 190	
0,618	
0,621	
0,604	
0,645	
0,621
KOGK	
КоршГОК ао
12	
568 400	
47 400	
47 800	
47 000	
47 800	
47 000
LSNG	
РСетиЛЭ
183	
558 247	
6,02	
6	
5,95	
6,05	
6
PMSBP	
ПермьЭнС-п
116	
557 458	
130,6	
129,6	
129,6	
131,4	
130,8
RTSB	
ТНСэнРст
49	
546 900	
0,69	
0,675	
0,665	
0,71	
0,68
KRSBP	
Красэсб ап
33	
537 460	
7,26	
7,38	
7,06	
7,46	
7,14
URKZ	
УрКузница
26	
532 220	
16 120	
16 180	
15 800	
16 280	
16 240
CHMK	
ЧМК ао
81	
518 500	
2 645	
2 665	
2 620	
2 690	
2 635
SAGO	
СамарЭн-ао
27	
518 220	
0,488	
0,49	
0,482	
0,498	
0,488
TGKN	
ТГК-14
60	
505 860	
0,00326	
0,00326	
0,00325	
0,00328	
0,00325
STSB	
СтаврЭнСб
183	
497 519	
0,573	
0,56	
0,55	
0,585	
0,569
TGKBP	
ТГК-2 ап
38	
490 230	
0,00721	
0,0072	
0,00718	
0,00728	
0,0072
KAZTP	
Куйбазот-п
13	
470 284	
147	
147,2	
146,6	
147,8	
147
RUSP	
Русполимет
38	
458 060	
0,645	
0,655	
0,634	
0,658	
0,643
VRSBP	
ТНСэнВор-п
63	
455 600	
48,5	
49	
47,5	
50	
48
OMZZP	
ОМЗ-ап
70	
448 705	
3 590	
3 540	
3 530	
3 665	
3 545
KLSB	
КалужскСК
110	
432 944	
13,49	
13,5	
13,3	
13,7	
13,32
VZRZP	
Возрожд-п
39	
417 760	
314,2	
316,6	
312,8	
316,6	
312,8
RBCM	
РБК ао
167	
412 327	
3,352	
3,362	
3,332	
3,388	
3,362
KBTK	
КузбТК ао
87	
411 924	
154,2	
159,8	
153	
160,8	
153
NKSH	
Нижкамшина
72	
409 950	
23,42	
23,98	
23,2	
23,98	
23,5
KRKN	
СаратНПЗ
12	
393 450	
12 700	
12 700	
12 650	
12 850	
12 850
KAZT	
Куйбазот
31	
366 624	
150,8	
152,6	
149,6	
152,6	
152,2
INGR	
ИНГРАД ао
52	
365 916	
810	
804	
804	
818	
809
KROT	
КрасОкт-ао
48	
354 025	
380,5	
388	
378	
388	
378
GAZA	
ГАЗ ао
35	
346 195	
422	
422	
418	
427,5	
427,5
MRSB	
МордЭнСб
47	
318 850	
0,42	
0,412	
0,407	
0,433	
0,425
SAGOP	
СамарЭн-ап
34	
310 500	
0,414	
0,42	
0,404	
0,423	
0,415
LPSB	
ЛЭСК ао
65	
308 620	
8,15	
8,3	
8,1	
8,35	
8,25
VLHZ	
ВХЗ-ао
69	
307 133	
55,55	
54,75	
54,75	
56,45	
56
RLMN	
Роллман
55	
306 958	
18,9	
18,8	
18,7	
18,95	
18,85
KUBE	
Кубанэнр
63	
303 944	
73,2	
73,9	
72,7	
74,9	
73,3
TGKD	
Квадра
84	
300 141	
0,00351	
0,00347	
0,00347	
0,00353	
0,0035
RTGZ	
ГазпРнД ао
10	
299 350	
27 200	
26 900	
26 900	
27 350	
27 350
MAGEP	
МагадЭн ап
30	
283 720	
7,09	
7,24	
7	
7,47	
7,09
DZRD	
iДонскЗР
72	
278 670	
2 230	
2 270	
2 205	
2 270	
2 225
YAKG	
ЯТЭК ао
33	
262 510	
42,35	
42,2	
42,05	
42,5	
42,4
YKENP	
Якутскэн-п
22	
248 620	
0,394	
0,407	
0,383	
0,407	
0,383
TUZA	
ТЗА ао
39	
245 410	
105	
103	
103	
107	
106
AVAN	
Авангрд-ао
44	
242 225	
855	
855	
850	
860	
855
SLEN	
Сахэнер ао
30	
237 237	
7	
6,98	
6,9	
7,085	
7
ELTZ	
Электрцинк
59	
204 747	
187	
190	
186	
190	
187
ASSB	
АстрЭнСб
76	
203 775	
0,784	
0,7715	
0,7715	
0,7995	
0,783
MGNZ	
СМЗ-ао
26	
202 850	
4 830	
4 840	
4 780	
4 850	
4 800
CHKZ	
ЧКПЗ ао
25	
199 200	
5 700	
5 700	
5 660	
5 740	
5 700
MRKK	
Россети СК
59	
197 628	
25,04	
25,1	
25	
25,36	
25,1
KRSB	
Красэсб ао
16	
193 230	
7,16	
7,18	
7,05	
7,29	
7,13
USBN	
УралСиб ао
39	
186 817	
0,0687	
0,0688	
0,0685	
0,0692	
0,0685
ARSA	
Арсагера
23	
172 730	
4,11	
4,1	
4,09	
4,16	
4,1
ROSB	
Росбанк ао
52	
172 628	
80	
82	
79	
82	
81
PRMB	
Приморье
6	
167 600	
28 000	
27 600	
27 600	
28 600	
28 400
TGKDP	
Квадра-п
36	
164 516	
0,00404	
0,004105	
0,003995	
0,004135	
0,004035
LVHK	
Левенгук
45	
161 609	
8,25	
8,12	
8,12	
8,3	
8,28
JNOS	
Славн-ЯНОС
17	
159 610	
18,8	
18,9	
18,7	
19,05	
18,7
DVEC	
ДЭК ао
42	
159 310	
0,926	
0,919	
0,915	
0,928	
0,922
GTRK	
ГТМ ао
72	
150 260	
43,45	
43,5	
43	
43,55	
43
KBSB	
ТНСэКубань
49	
144 820	
145	
144,5	
143	
146,5	
145,5
KRKOP	
ТКЗКК ап
72	
138 513	
8,395	
8,555	
8,34	
8,555	
8,355
VSYD	
ВыбСудЗ ао
17	
137 650	
4 050	
4 050	
4 040	
4 060	
4 050
GAZAP	
ГАЗ ап
31	
136 250	
317	
316	
314,5	
321	
314,5
VJGZ	
Варьеган
50	
131 845	
643	
664	
635	
664	
648
PAZA	
ПавлАвт ао
12	
124 830	
8 920	
8 910	
8 900	
8 950	
8 910
ZVEZ	
ЗВЕЗДА ао
16	
119 880	
4,61	
4,625	
4,58	
4,695	
4,6
MRKY	
РоссЮг ао
54	
118 893	
0,04995	
0,0501	
0,0498	
0,0502	
0,0498
IGSTP	
Ижсталь ап
25	
118 513	
891	
892	
889	
905	
894
YRSBP	
ТНСэнЯр-п
32	
115 775	
89	
91,5	
87,5	
91,5	
87,5
RZSB	
РязЭнСб
12	
112 940	
9,42	
9,4	
9,34	
9,5	
9,34
KGKC	
КурганГКао
28	
112 490	
58,5	
58,5	
57	
60	
57,5
IGST	
Ижсталь2ао
26	
112 271	
994	
993	
991	
999	
992
VJGZP	
Варьеган-п
15	
105 110	
362	
364	
359	
366	
362
MISBP	
ТНСэМаЭл-п
24	
98 630	
11,9	
11,9	
11,7	
12	
11,8
MFGSP	
Мегион-ап
14	
93 155	
321	
323,5	
320	
326	
324
RUSI	
ИКРУСС-ИНВ
21	
85 320	
38,8	
39,2	
38,3	
39,2	
38,3
MRKS	
РсетСиб ао
8	
83 250	
0,2375	
0,2385	
0,2375	
0,2395	
0,2375
WTCM	
ЦМТ ао
24	
80 296	
9,22	
9,3	
9,2	
9,3	
9,2
SAREP	
СаратЭн-ап
30	
79 400	
0,1204	
0,1206	
0,118	
0,1234	
0,1194
TORSP	
ТРК ап
14	
78 410	
0,2775	
0,283	
0,279	
0,283	
0,2795
MGTS	
МГТС-5ао
21	
74 695	
2 265	
2 295	
2 250	
2 300	
2 255
WTCMP	
ЦМТ ап
31	
72 354	
8,22	
8,26	
8,12	
8,36	
8,24
UCSS	
ОКС ао
14	
70 200	
1 460	
1 460	
1 460	
1 470	
1 460
TASB	
ТамбЭнСб
11	
70 015	
0,4375	
0,4375	
0,434	
0,443	
0,4395
BLNG	
Белон ао
27	
65 605	
4,374	
4,428	
4,334	
4,428	
4,404
VSYDP	
ВыбСудЗ ап
12	
64 620	
4 040	
4 060	
4 020	
4 060	
4 020
VGSBP	
ВолгЭнСб-п
15	
64 015	
2,135	
2,15	
2,08	
2,155	
2,15
VGSB	
ВолгЭнСб
13	
63 490	
4,235	
4,2	
4,2	
4,29	
4,25
RLMNP	
Роллман-п
29	
60 538	
18,98	
19	
18,72	
19,18	
19
KMEZ	
КМЗ
16	
54 740	
531,5	
528	
528	
536	
530
KCHE	
КамчатЭ ао
14	
45 360	
0,216	
0,219	
0,2145	
0,219	
0,218
RAVN	
Raven
13	
44 600	
29,75	
29,65	
29,65	
29,85	
29,75
KGKCP	
КурганГКап
17	
41 565	
56	
56	
55,5	
56,5	
55,5
JNOSP	
Слав-ЯНОСп
7	
38 812	
14,38	
14,52	
14,34	
14,52	
14,34
TASBP	
ТамбЭнСб-п
9	
37 300	
0,339	
0,342	
0,337	
0,342	
0,339
MAGE	
МагадЭн ао
4	
30 750	
6,15	
6,23	
6,13	
6,23	
6,13
ROST	
РОСИНТЕРао
19	
28 444	
61,8	
62	
61,6	
62,4	
62,2
MFGS	
Мегион-ао
7	
26 555	
379,5	
378	
377,5	
383	
377,5
KROTP	
КрасОкт-1п
7	
22 305	
279	
286	
272,5	
286,5	
276
TORS	
ТРК ао
4	
21 590	
0,432	
0,444	
0,428	
0,444	
0,43
KTSB	
КСБ ао
11	
21 140	
0,728	
0,728	
0,72	
0,742	
0,72
MISB	
ТНСэнМарЭл
13	
19 600	
12,3	
12,3	
12,1	
12,4	
12,3
UKUZ	
ЮжКузб. ао
19	
19 168	
532	
532	
532	
534	
532
KCHEP	
КамчатЭ ап
4	
15 400	
0,385	
0,385	
0,385	
0,385	
0,385
YRSB	
ТНСэнЯр
6	
14 080	
176	
176	
176	
176	
176
BISV	
БашИнСв ао
0	
0	
-	
-	
-	
-	
8,7
GAZC	
ГАЗКОН-ао
0	
0	
-	
-	
-	
-	
295
GAZS	
ГАЗ-сервис
0	
0	
-	
-	
-	
-	
293
GAZT	
ГАЗ-Тек ао
0	
0	
-	
-	
-	
-	
85
GTSS	
ГЕОТЕК ао
0	
0	
-	
-	
-	
-	
-
HIMC	
Химпром ао
0	
0	
-	
-	
-	
-	
0,99
KMTZ	
КосогМЗ ао
0	
0	
-	
-	
-	
-	
-
KRKO	
ТКЗКК ао
0	
0	
-	
-	
-	
-	
11,8
KSGR	
Кокс ао
0	
0	
-	
-	
-	
-	
-
KUNF	
КУЗОЦМ ао
0	
0	
-	
-	
-	
-	
-
KZMS	
КЗМС ао
0	
0	
-	
-	
-	
-	
226
MFON	
МегаФон ао
0	
0	
-	
-	
-	
-	
650,6
MOBB	
МосОблБанк
0	
0	
-	
-	
-	
-	
0,698
MORI	
Морион ао
0	
0	
-	
-	
-	
-	
4,31
NPOF	
Физика ао
0	
0	
-	
-	
-	
-	
11 850
PRTK	
ПРОТЕК ао
0	
0	
-	
-	
-	
-	
99,6
TRCN	
ТрансК ао
0	
0	
-	
-	
-	
-	
8 595
TRFM	
ТрансФ ао
0	
0	
-	
-	
-	
-	
-
URKA	
Уркалий-ао
0	
0	
-	
-	
-	
-	
119,04
VZRZ	
Возрожд-ао
0	
0	
-	
-	
-	
-	
480