SBER	
Сбербанк
60 764	
10 956 456 920	
194,27	
195,68	
193,26	
195,68	
193,69
GAZP	
ГАЗПРОМ ао
78 185	
7 999 612 801	
186,15	
188	
184,52	
188,17	
185,7
LKOH	
ЛУКОЙЛ
35 271	
6 089 001 272	
4 827	
4 787	
4 751,5	
4 909,5	
4 848,5
MGNT	
Магнит ао
56 083	
5 036 732 610	
3 754,5	
3 675	
3 612	
3 858	
3 760
GMKN	
ГМКНорНик
21 348	
3 870 120 908	
20 066	
20 236	
19 866	
20 292	
20 126
ROSN	
Роснефть
23 074	
2 906 086 354	
329,05	
330,55	
325,05	
332,75	
331
TATN	
Татнфт 3ао
50 351	
2 491 335 427	
538,7	
540	
529	
551,4	
544,9
PLZL	
Полюс
21 644	
2 302 455 133	
12 086	
12 100	
11 835,5	
12 350	
12 023
MOEX	
МосБиржа
43 910	
2 207 144 009	
120,42	
118,66	
117,88	
122,47	
119,6
SNGS	
Сургнфгз
14 431	
1 435 374 889	
36,265	
36,63	
35,81	
36,77	
36,41
NVTK	
Новатэк ао
20 877	
1 285 107 921	
1 021,6	
1 024	
1 007,2	
1 035	
1 030
YNDX	
Yandex clA
19 731	
1 166 411 574	
2 811,2	
2 809,8	
2 776,8	
2 848,8	
2 828,8
VTBR	
ВТБ ао
29 995	
1 138 975 268	
0,03462	
0,0345	
0,034105	
0,0351	
0,03486
POLY	
Polymetal
16 650	
1 075 165 871	
1 537,7	
1 539	
1 520,3	
1 559,8	
1 529
MTSS	
МТС-ао
10 852	
937 106 324	
315,25	
314,75	
312,35	
318,05	
316,55
SBERP	
Сбербанк-п
20 361	
873 348 515	
176,12	
176,6	
174,59	
177,12	
176,34
ALRS	
АЛРОСА ао
32 690	
828 667 350	
61,92	
61,68	
60,81	
62,8	
62,5
IRAO	
ИнтерРАОао
14 490	
791 172 535	
4,9305	
4,98	
4,8605	
4,984	
4,931
AFLT	
Аэрофлот
23 055	
771 711 499	
74,28	
75	
73,2	
75	
74,4
CHMF	
СевСт-ао
29 349	
768 606 304	
872	
881	
866	
881,2	
871
SNGSP	
Сургнфгз-п
11 621	
728 679 581	
36,195	
36,34	
35,85	
36,59	
36,27
NLMK	
НЛМК ао
14 589	
670 085 429	
125,1	
127,68	
123,9	
127,68	
124,8
FIVE	
FIVE-гдр
6 730	
551 574 374	
2 200,5	
2 178	
2 159,5	
2 225	
2 207
TATNP	
Татнфт 3ап
11 024	
506 868 391	
503,9	
508	
494,6	
513,8	
507
MAGN	
ММК
8 106	
485 892 692	
39,34	
39,89	
39,02	
39,985	
39,51
CBOM	
МКБ ао
18 120	
451 916 761	
5,386	
5,399	
5,326	
5,455	
5,397
TRNFP	
Транснф ап
2 118	
440 925 900	
135 600	
135 300	
134 550	
136 650	
136 650
SIBN	
Газпрнефть
9 834	
440 762 498	
328,2	
331,95	
323,6	
331,95	
329,55
HYDR	
РусГидро
11 549	
305 772 323	
0,6241	
0,6288	
0,616	
0,6337	
0,6313
AFKS	
Система ао
7 528	
294 258 403	
14,126	
14,281	
13,92	
14,281	
14,209
TCSG	
TCS-гдр
6 825	
289 489 448	
1 007,8	
1 006	
994,8	
1 025,4	
1 020
MTLR	
Мечел ао
18 166	
279 457 890	
64,24	
64,75	
63,42	
65,47	
64
RTKM	
Ростел -ао
14 300	
257 149 990	
81,55	
81,4	
79,39	
83,3	
82,76
RSTI	
Россети ао
8 124	
240 194 687	
1,2727	
1,268	
1,252	
1,2963	
1,2867
FEES	
ФСК ЕЭС ао
7 430	
235 713 536	
0,1823	
0,182	
0,18022	
0,18464	
0,18336
PHOR	
ФосАгро ао
5 246	
213 947 967	
2 713	
2 700	
2 640	
2 765	
2 765
RUAL	
RUSAL plc
9 344	
168 678 144	
25,905	
26,015	
25,615	
26,32	
26,18
DSKY	
ДетскийМир
11 617	
165 179 224	
86,5	
87,5	
85,64	
87,5	
86,5
UPRO	
Юнипро ао
4 668	
157 263 125	
2,764	
2,799	
2,731	
2,814	
2,769
OGKB	
ОГК-2 ао
7 957	
136 076 986	
0,6308	
0,627	
0,6204	
0,6387	
0,628
LSRG	
ЛСР ао
6 671	
114 689 701	
603,8	
601	
595	
610	
607,6
TGKA	
ТГК-1
7 021	
105 342 994	
0,01169	
0,0115	
0,0115	
0,011802	
0,011652
BANEP	
Башнефт ап
3 519	
100 881 104	
1 372	
1 369,5	
1 342,5	
1 390,5	
1 390,5
TRMK	
ТМК ао
2 356	
98 495 876	
56,78	
56,64	
56,54	
56,88	
56,56
QIWI	
iQIWI
5 076	
98 054 375	
947,5	
936	
919	
974	
921,5
MTLRP	
Мечел ап
2 935	
73 290 991	
72,25	
73,6	
70,95	
73,7	
72,2
ISKJ	
iИСКЧ ао
5 421	
66 412 902	
34,05	
31,77	
30,11	
36	
34,5
AKRN	
Акрон
1 007	
46 080 022	
5 830	
5 774	
5 704	
5 880	
5 854
RASP	
Распадская
1 281	
43 242 541	
105,08	
104,3	
104,2	
106,04	
105,58
LNTA	
Лента др
4 381	
42 052 553	
154,9	
152,8	
152	
157	
155,9
RSTIP	
Россети ап
1 793	
37 191 706	
1,574	
1,54	
1,502	
1,638	
1,585
TGKB	
ТГК-2
1 733	
34 628 340	
0,00444	
0,0047	
0,00428	
0,0047	
0,004445
APTK	
Аптеки36и6
8 984	
34 399 242	
13,996	
14,022	
13,5	
14,248	
13,906
ENPG	
ЭН+ГРУП ао
619	
31 520 231	
645,5	
644,5	
625	
669,5	
655
NKNCP	
НКНХ ап
3 207	
29 340 050	
75,1	
75,88	
74,68	
75,88	
75,12
RTKMP	
Ростел -ап
1 949	
27 575 910	
70,5	
70,85	
68,95	
72,05	
71,25
MSNG	
+МосЭнерго
1 438	
25 567 447	
1,938	
1,96	
1,913	
1,985	
1,9545
MVID	
М.видео
1 528	
25 555 506	
359,8	
365,5	
356,2	
365,5	
358,6
ETLN	
ETLN-гдр
2 732	
23 457 486	
84,2	
85,86	
83,6	
86	
84,14
BSPB	
БСП ао
2 218	
22 814 832	
41,07	
41,04	
40,9	
41,33	
40,92
AGRO	
AGRO-гдр
1 643	
17 476 104	
617,4	
625,6	
610,4	
625,6	
619
KRKNP	
СаратНПЗ-п
388	
16 570 260	
16 040	
16 000	
15 880	
16 200	
16 120
NKNC	
НКНХ ао
1 490	
15 263 083	
92,85	
95	
92,05	
96,1	
92,3
BANE	
Башнефт ао
908	
15 131 527	
1 717	
1 735	
1 691,5	
1 743,5	
1 732,5
PIKK	
ПИК ао
898	
14 935 497	
389,8	
389,4	
387	
392,5	
392,4
GEMA	
iММЦБ ао
1 183	
14 777 911	
689	
716	
667,5	
717,5	
690,5
ENRU	
ЭнелРос ао
1 248	
14 533 693	
0,9175	
0,921	
0,9115	
0,925	
0,919
NMTP	
НМТП ао
1 442	
12 764 993	
8,58	
8,62	
8,545	
8,62	
8,58
MRKP	
МРСК ЦП
760	
10 061 916	
0,1713	
0,1714	
0,17	
0,1729	
0,1714
WTCMP	
ЦМТ ап
495	
9 609 388	
10,42	
10,3	
10,04	
10,9	
10,62
SZPR	
СЗПароход
1 155	
8 821 436	
1 018	
750	
728	
1 054	
1 054
VSMO	
ВСМПО-АВСМ
224	
8 542 480	
18 260	
18 660	
18 040	
18 660	
18 280
MRKV	
МРСКВол
1 003	
8 470 101	
0,06535	
0,0659	
0,065	
0,0666	
0,0655
TASB	
ТамбЭнСб
908	
8 276 615	
0,325	
0,281	
0,2805	
0,355	
0,308
KZOS	
ОргСинт ао
668	
7 401 438	
94,5	
94,1	
93,7	
95	
94,8
BRZL	
БурЗолото
1 040	
7 026 973	
874	
828	
827	
938	
857
LNZL	
Лензолото
303	
6 574 060	
8 630	
8 700	
8 480	
8 790	
8 530
OBUV	
ОР ао
1 187	
6 191 751	
30,1	
30,3	
29,8	
30,5	
30,1
SELG	
Селигдар
622	
5 755 748	
21,64	
21,47	
21,12	
21,98	
21,53
CHMK	
ЧМК ао
457	
5 598 220	
2 270	
2 305	
2 230	
2 345	
2 235
GCHE	
ЧеркизГ-ао
688	
5 256 643	
1 690	
1 687	
1 672	
1 699	
1 687
RNFT	
РуссНфт ао
2 576	
5 233 665	
412,8	
417,6	
411	
417,6	
413
SFIN	
САФМАР ао
621	
5 171 210	
429,2	
430,2	
427,4	
431,8	
430,2
MGTSP	
МГТС-4ап
358	
5 069 546	
2 332	
2 322	
2 302	
2 378	
2 342
TTLK	
Таттел. ао
391	
4 829 295	
0,331	
0,3345	
0,32	
0,3345	
0,3325
TASBP	
ТамбЭнСб-п
784	
4 695 340	
0,2415	
0,204	
0,204	
0,2755	
0,2335
UNAC	
iАвиастКао
434	
4 657 698	
0,4945	
0,5065	
0,489	
0,5115	
0,4915
MRKC	
МРСК Центр
563	
4 549 771	
0,2436	
0,246	
0,2406	
0,247	
0,243
LNZLP	
Лензол. ап
308	
4 009 165	
3 720	
3 720	
3 520	
3 850	
3 720
WTCM	
ЦМТ ао
442	
3 892 906	
10,54	
10,24	
10,1	
11	
10,6
VRSBP	
ТНСэнВор-п
489	
3 831 450	
39	
42	
35	
45	
36,5
TGKBP	
ТГК-2 ап
196	
3 740 300	
0,00756	
0,00778	
0,00745	
0,00792	
0,00751
LIFE	
iФармсинтз
544	
3 601 264	
8,245	
8,37	
8,15	
8,37	
8,34
FESH	
ДВМП ао
411	
3 548 837	
6,4	
6,3	
6,3	
6,59	
6,36
VSYD	
ВыбСудЗ ао
314	
3 413 335	
5 125	
4 755	
4 720	
5 305	
4 990
VRSB	
ТНСэнВорон
293	
3 142 760	
53,2	
51,8	
50,2	
57,4	
51
IRGZ	
ИркЭнерго
397	
2 683 772	
11,96	
12,44	
11,6	
12,44	
12,04
IRKT	
ИРКУТ-3
216	
2 286 120	
28,9	
29,32	
28,52	
29,7	
28,68
MSRS	
МОЭСК
264	
2 273 858	
0,9965	
0,9875	
0,9845	
1,007	
1,006
PRTK	
ПРОТЕК ао
270	
2 148 730	
97,6	
99,3	
96,1	
99,3	
97,8
MAGE	
МагадЭн ао
132	
2 120 520	
4,82	
4,69	
4,62	
4,98	
4,79
RGSS	
РГС СК ао
389	
2 053 720	
0,1488	
0,148	
0,1452	
0,1534	
0,1482
RUGR	
Русгрэйн
1 780	
2 041 698	
7,746	
7,854	
7,606	
7,854	
7,75
BELU	
Белуга ао
182	
2 016 605	
1 496	
1 500	
1 480	
1 525	
1 480
MAGEP	
МагадЭн ап
115	
1 669 035	
5,06	
4,585	
4,51	
5,35	
5,08
VSYDP	
ВыбСудЗ ап
180	
1 652 980	
5 740	
5 360	
5 360	
6 140	
5 420
AQUA	
РусАква ао
202	
1 617 905	
193,5	
196	
191,5	
196	
194,5
CNTLP	
Телеграф-п
252	
1 533 258	
18,12	
18,14	
18,02	
18,42	
18,18
AMEZ	
АшинскийМЗ
426	
1 473 243	
4,025	
4,04	
3,995	
4,075	
4,01
PAZA	
ПавлАвт ао
142	
1 463 610	
8 180	
8 430	
8 000	
8 520	
8 020
TRCN	
ТрансК ао
61	
1 461 640	
8 165	
8 260	
8 105	
8 285	
8 190
YAKG	
ЯТЭК ао
67	
1 417 890	
43,1	
43	
42,5	
43,9	
43,5
LPSB	
ЛЭСК ао
354	
1 306 030	
8	
7,55	
7,55	
8,45	
7,8
RUSP	
Русполимет
93	
1 258 935	
0,6425	
0,648	
0,6215	
0,699	
0,648
RBCM	
РБК ао
267	
1 219 041	
3,112	
3,116	
3,098	
3,16	
3,12
ALNU	
АЛРОСА-Нюр
25	
1 194 000	
47 800	
47 800	
46 600	
48 600	
48 000
PMSBP	
ПермьЭнС-п
187	
1 191 996	
130,8	
129,4	
128,2	
132	
131,4
SELGP	
Селигдар-п
93	
1 139 995	
27,6	
27,45	
27,4	
27,8	
27,6
KLSB	
КалужскСК
229	
1 134 505	
10,68	
10,8	
10,35	
11,3	
10,78
DVEC	
ДЭК ао
233	
1 123 278	
0,848	
0,81	
0,81	
0,868	
0,839
SVAV	
СОЛЛЕРС
58	
1 111 285	
256,5	
255	
255	
259	
256
GTRK	
ГТМ ао
336	
1 102 567	
43,4	
43,1	
42,85	
44,6	
43
DIOD	
ЗаводДИОД
175	
1 076 654	
6	
5,99	
5,9	
6,04	
6,03
TGKD	
Квадра
289	
1 019 558	
0,003025	
0,003075	
0,002975	
0,00308	
0,00305
ARSA	
Арсагера
150	
976 380	
3,41	
3,5	
3,24	
3,58	
3,37
KMAZ	
КАМАЗ
267	
940 822	
55,1	
56,1	
54,8	
56,1	
55,1
TGKN	
ТГК-14
89	
907 190	
0,00325	
0,00331	
0,00321	
0,00331	
0,00328
KZOSP	
ОргСинт ап
799	
860 674	
12,81	
12,8	
12,53	
13	
12,81
RZSB	
РязЭнСб
56	
802 960	
6,7	
6,84	
6,38	
6,84	
6,78
USBN	
УралСиб ао
104	
796 171	
0,0705	
0,0701	
0,0701	
0,0719	
0,0708
KMEZ	
КМЗ
310	
755 014	
479	
489,5	
460	
492	
465
TORS	
ТРК ао
79	
634 680	
0,351	
0,357	
0,344	
0,362	
0,35
MRKY	
РоссЮг ао
145	
584 616	
0,0502	
0,05085	
0,05	
0,0509	
0,05055
ZVEZ	
ЗВЕЗДА ао
63	
584 070	
4,425	
4,365	
4,35	
4,5	
4,435
MFGSP	
Мегион-ап
46	
562 595	
319,5	
311,5	
308	
325	
315
HIMCP	
Химпром ап
84	
532 115	
5,87	
5,86	
5,81	
5,95	
5,87
KRKN	
СаратНПЗ
35	
520 400	
12 100	
12 000	
11 800	
12 350	
12 100
CHEP	
ЧТПЗ ао
91	
510 815	
193,5	
195,5	
190,5	
197	
192,5
KRSB	
Красэсб ао
49	
499 830	
6,33	
6,39	
6,18	
6,49	
6,29
KUBE	
Кубанэнр
149	
491 977	
63,1	
65,4	
62,2	
65,4	
63,4
MSTT	
Мостотрест
126	
489 248	
153,85	
153,4	
153,4	
154,25	
154,1
CNTL	
Телеграф
80	
480 415	
22,55	
22,25	
22,15	
23	
22,6
ROLO	
Русолово
40	
475 578	
3,774	
3,734	
3,658	
3,824	
3,8
KAZTP	
Куйбазот-п
83	
437 380	
140,2	
143	
136	
143	
141,2
KAZT	
Куйбазот
54	
402 378	
139,8	
138,2	
138,2	
140,8	
139,4
RAVN	
Raven
11	
378 155	
32,9	
32,75	
32,55	
32,9	
32,75
MFGS	
Мегион-ао
44	
368 410	
357,5	
330,5	
330,5	
410	
369
MGNZ	
СМЗ-ао
42	
363 330	
4 330	
4 190	
4 130	
4 450	
4 200
MRKU	
МРСК Ур
72	
360 442	
0,1496	
0,15	
0,1486	
0,1506	
0,1496
KRSBP	
Красэсб ап
29	
327 700	
6,44	
6,38	
6,3	
6,48	
6,3
RLMN	
Роллман
175	
315 718	
18,35	
18,3	
18	
18,7	
18,25
MRKZ	
МРСК СЗ
137	
308 145	
0,04905	
0,04885	
0,04845	
0,0494	
0,049
UWGN	
ОВК ао
95	
306 230	
241,7	
247,7	
240,3	
247,7	
240,9
STSBP	
СтаврЭнСбп
39	
264 615	
0,2885	
0,2895	
0,283	
0,2895	
0,289
MGTS	
МГТС-5ао
42	
264 100	
2 590	
2 625	
2 575	
2 630	
2 595
TORSP	
ТРК ап
58	
260 940	
0,2535	
0,254	
0,249	
0,258	
0,2545
YKENP	
Якутскэн-п
34	
260 610	
0,33	
0,3285	
0,324	
0,3585	
0,3265
DASB	
ДагСб ао
106	
255 525	
0,095	
0,0959	
0,093	
0,0967	
0,0946
ABRD	
АбрауДюрсо
91	
249 735	
131,5	
130,5	
130	
132	
131,5
AVAN	
Авангрд-ао
79	
237 670	
790	
805	
775	
810	
785
MOBB	
МосОблБанк
82	
235 207	
2,4	
2,484	
2,362	
2,484	
2,382
RTSB	
ТНСэнРст
28	
233 950	
0,325	
0,315	
0,315	
0,335	
0,315
VLHZ	
ВХЗ-ао
91	
231 419	
48,8	
49,3	
48,05	
49,35	
48,8
KUZB	
КузнецкийБ
201	
226 679	
0,01643	
0,01679	
0,01624	
0,01693	
0,01651
MISBP	
ТНСэМаЭл-п
79	
225 540	
9,4	
9,4	
9,2	
9,4	
9,4
ZILL	
ЗИЛ ао
68	
225 500	
1 295	
1 310	
1 250	
1 330	
1 275
NKHP	
НКХП ао
50	
224 375	
233,5	
235	
232	
235,5	
233,5
ASSB	
АстрЭнСб
74	
218 796	
0,6145	
0,5975	
0,5975	
0,624	
0,6185
BISVP	
БашИнСв ап
65	
215 170	
6,81	
6,67	
6,67	
6,99	
6,82
JNOS	
Славн-ЯНОС
23	
203 685	
18,2	
18,35	
17,95	
18,35	
18,25
NSVZ	
НаукаСвяз
35	
197 150	
221,5	
223,5	
219	
224	
220
BLNG	
Белон ао
35	
186 536	
3,994	
3,99	
3,95	
4,06	
4,012
PMSB	
ПермьЭнСб
59	
185 781	
130,8	
130,9	
128,6	
131,9	
131,4
KROT	
КрасОкт-ао
28	
184 825	
324,5	
321	
320	
329,5	
320,5
NKSH	
Нижкамшина
33	
183 944	
22,72	
22,3	
22,3	
23,3	
22,88
ROST	
РОСИНТЕРао
33	
175 542	
58,6	
58,8	
58	
60	
58,4
TGKDP	
Квадра-п
55	
170 194	
0,0044	
0,004495	
0,00432	
0,0045	
0,004445
UCSS	
ОКС ао
39	
168 020	
1 440	
1 450	
1 420	
1 450	
1 440
UTAR	
ЮТэйр ао
55	
160 518	
6,37	
6,43	
6,31	
6,45	
6,37
TUZA	
ТЗА ао
43	
152 450	
98	
98	
97	
100	
100
VZRZP	
Возрожд-п
29	
151 534	
286	
288,2	
285	
288,8	
286,8
UNKL	
ЮУНК ао
26	
149 460	
3 400	
3 380	
3 350	
3 430	
3 380
KRKOP	
ТКЗКК ап
97	
141 614	
5,425	
5,355	
5,3	
5,48	
5,4
KGKCP	
КурганГКап
26	
140 705	
53	
53	
52	
53,5	
53,5
URKZ	
УрКузница
13	
132 120	
10 160	
10 320	
10 020	
10 340	
10 180
NFAZ	
Нефтекамск
42	
127 256	
143	
144,8	
139	
147,2	
147,2
LVHK	
Левенгук
51	
125 541	
8,26	
8,1	
8,03	
8,5	
8,17
RTSBP	
ТНСэнРст-п
6	
109 200	
0,26	
0,26	
0,26	
0,26	
0,26
YKEN	
Якутскэнрг
22	
105 505	
0,3515	
0,343	
0,3425	
0,3585	
0,3455
RLMNP	
Роллман-п
123	
99 557	
19,12	
19,52	
18,68	
20	
19,62
NAUK	
iНПОНаука
42	
95 980	
171,4	
170	
169,8	
175	
173,6
HALS	
Галс-Девел
29	
91 823	
729	
721	
720	
735	
731
MRKS	
МРСКСиб
17	
74 385	
0,219	
0,217	
0,217	
0,2195	
0,219
KCHE	
КамчатЭ ао
30	
61 880	
0,182	
0,183	
0,174	
0,188	
0,1825
UKUZ	
ЮжКузб. ао
28	
61 596	
502	
500	
490	
514	
496
GAZA	
ГАЗ ао
9	
57 810	
385,5	
385,5	
385	
386	
385
KBTK	
КузбТК ао
18	
56 892	
158	
155,4	
155,4	
159,8	
159
KTSB	
КСБ ао
36	
53 706	
0,502	
0,488	
0,488	
0,518	
0,508
VJGZP	
Варьеган-п
13	
53 080	
332	
329	
329	
335	
335
STSB	
СтаврЭнСб
19	
52 868	
0,3435	
0,3475	
0,341	
0,351	
0,3505
VGSBP	
ВолгЭнСб-п
22	
51 820	
1,015	
1,015	
1	
1,03	
1,015
VGSB	
ВолгЭнСб
9	
49 535	
1,455	
1,45	
1,445	
1,465	
1,465
IGSTP	
Ижсталь ап
21	
48 232	
709	
708	
697	
725	
707
ELTZ	
Электрцинк
35	
47 735	
169,5	
169,5	
167	
170	
168
RKKE	
ЭнергияРКК
5	
44 260	
4 920	
4 920	
4 900	
4 930	
4 910
ROSB	
Росбанк ао
11	
41 110	
71	
71	
70,8	
71	
71
MISB	
ТНСэнМарЭл
14	
40 950	
11,1	
10,8	
10,5	
11,5	
10,9
JNOSP	
Слав-ЯНОСп
10	
39 486	
13,62	
13,54	
13,54	
13,86	
13,82
INGR	
ИНГРАД ао
21	
39 433	
744	
743	
730	
765	
761
KGKC	
КурганГКао
15	
37 490	
52	
52	
52	
53	
53
PRMB	
Приморье
1	
34 400	
17 200	
17 200	
17 200	
17 200	
17 200
KROTP	
КрасОкт-1п
14	
33 955	
226,5	
225,5	
225	
231	
227,5
GAZAP	
ГАЗ ап
6	
32 935	
329,5	
329,5	
325	
332	
332
SAGOP	
СамарЭн-ап
6	
29 600	
0,37	
0,369	
0,369	
0,371	
0,37
RDRB	
РДБанк ао
4	
26 000	
260	
260	
255	
265	
260
NNSBP	
ТНСэнНН ап
11	
24 461	
520	
529	
510	
529	
520
IGST	
Ижсталь2ао
13	
23 242	
861	
864	
843	
865	
861
TNSE	
ТНСэнрг ао
13	
22 820	
990	
1 000	
975	
1 005	
995
MRSB	
МордЭнСб
4	
20 900	
0,348	
0,352	
0,347	
0,352	
0,35
MRKK	
Россети СК
31	
20 076	
26,42	
26,4	
26,2	
26,62	
26,36
DZRD	
iДонскЗР
9	
19 570	
2 175	
2 135	
2 135	
2 195	
2 190
VJGZ	
Варьеган
10	
19 163	
618	
624	
616	
624	
617
SARE	
СаратЭн-ао
5	
17 984	
0,1124	
0,1152	
0,1108	
0,1152	
0,1108
ALBK	
БестЭфБ ао
13	
17 935	
53	
52,5	
52	
54	
53
SAGO	
СамарЭн-ао
4	
16 000	
0,4	
0,398	
0,396	
0,404	
0,396
DZRDP	
iДонскЗР п
9	
14 800	
1 640	
1 660	
1 630	
1 660	
1 650
OMZZP	
ОМЗ-ап
4	
13 730	
3 435	
3 460	
3 405	
3 460	
3 405
SLEN	
Сахэнер ао
10	
10 980	
4,065	
4,03	
4,025	
4,085	
4,08
KCHEP	
КамчатЭ ап
2	
7 000	
0,35	
0,35	
0,35	
0,35	
0,35
CHGZ	
РН-ЗапСиб
2	
6 440	
32,2	
32,2	
32,2	
32,2	
32,2
SAREP	
СаратЭн-ап
6	
5 090	
0,0848	
0,0844	
0,0844	
0,0858	
0,0848
YRSBP	
ТНСэнЯр-п
3	
4 905	
82	
81,5	
81,5	
82	
82
KTSBP	
КСБ ап
2	
4 745	
0,2375	
0,2375	
0,237	
0,2375	
0,237
YRSB	
ТНСэнЯр
2	
3 200	
160	
158	
158	
162	
162
NNSB	
ТНСэнНН ао
1	
1 210	
1 210	
1 210	
1 210	
1 210	
1 210
KUNF	
КУЗОЦМ ао
0	
0	
-	
-	
-	
-	
-
NPOF	
Физика ао
0	
0	
-	
-	
-	
-	
11 850
GAZC	
ГАЗКОН-ао
0	
0	
-	
-	
-	
-	
295
GTSS	
ГЕОТЕК ао
0	
0	
-	
-	
-	
-	
-
KBSB	
ТНСэКубань
0	
0	
-	
-	
-	
-	
134
GTSS	
ГЕОТЕК ао
0	
0	
-	
-	
-	
-	
-
HIMC	
Химпром ао
0	
0	
-	
-	
-	
-	
0,99
KBSB	
ТНСэКубань
0	
0	
-	
-	
-	
-	
134
KMTZ	
КосогМЗ ао
0	
0	
-	
-	
-	
-	
-
KOGK	
КоршГОК ао
0	
0	
-	
-	
-	
-	
45 600
KRKO	
ТКЗКК ао
0	
0	
-	
-	
-	
-	
11,8
KSGR	
Кокс ао
0	
0	
-	
-	
-	
-	
-
KUNF	
КУЗОЦМ ао
0	
0	
-	
-	
-	
-	
-
KZMS	
КЗМС ао
0	
0	
-	
-	
-	
-	
226
LSNG	
Ленэнерго
0	
0	
-	
-	
-	
-	
5,66
LSNGP	
Ленэнерг-п
0	
0	
-	
-	
-	
-	
119,95
MFON	
МегаФон ао
0	
0	
-	
-	
-	
-	
650,6
MORI	
Морион ао
0	
0	
-	
-	
-	
-	
4,31
NPOF	
Физика ао
0	
0	
-	
-	
-	
-	
11 850
RTGZ	
ГазпРнД ао
0	
0	
-	
-	
-	
-	
22 000
RUSI	
ИКРУСС-ИНВ
0	
0	
-	
-	
-	
-	
41
TRFM	
ТрансФ ао
0	
0	
-	
-	
-	
-	
-
URKA	
Уркалий-ао
0	
0	
-	
-	
-	
-	
119,04
VZRZ	
Возрожд-ао
0	
0	
-	
-	
-	
-	
480