GMKN	
ГМКНорНик
157 868	
34 743 786 084	
20 394	
21 510	
19 738	
21 614	
20 000
SBER	
Сбербанк
128 251	
26 485 488 602	
216,22	
220,67	
212,55	
221	
213,1
GAZP	
ГАЗПРОМ ао
86 895	
14 709 947 675	
203,59	
207,99	
200,6	
207,99	
201,46
LKOH	
ЛУКОЙЛ
35 651	
8 107 827 225	
5 475	
5 530,5	
5 430	
5 553	
5 430
PLZL	
Полюс
33 686	
4 246 231 961	
10 740	
10 495	
10 450,5	
11 036	
10 688,5
ROSN	
Роснефть
27 252	
3 458 594 258	
392	
397	
387,65	
397,3	
390,05
TATN	
Татнфт 3ао
42 725	
3 110 542 183	
560,8	
567,7	
555,4	
567,7	
559,2
AFLT	
Аэрофлот
46 949	
2 876 718 898	
86,66	
86,6	
85,1	
89	
85,96
MGNT	
Магнит ао
20 715	
2 422 256 618	
3 828,5	
3 870	
3 789,5	
3 887	
3 836
SBERP	
Сбербанк-п
34 928	
2 371 745 588	
195,65	
198	
192,08	
199,38	
193,1
MTSS	
МТС-ао
21 365	
2 133 117 888	
325,25	
329,6	
321,15	
330,6	
323,5
AFKS	
Система ао
40 441	
1 930 995 073	
16,734	
16,162	
15,702	
17,411	
17,133
SNGSP	
Сургнфгз-п
22 598	
1 813 151 746	
34,705	
35,09	
34,315	
35,135	
34,455
NVTK	
Новатэк ао
16 249	
1 804 660 695	
1 070,2	
1 067,2	
1 053,4	
1 081,8	
1 067,6
VTBR	
ВТБ ао
39 020	
1 788 951 384	
0,03724	
0,03787	
0,0368	
0,0379	
0,03715
POLY	
Polymetal
25 256	
1 653 127 757	
1 301,8	
1 313,7	
1 283,5	
1 324,5	
1 309
SNGS	
Сургнфгз
14 583	
1 533 836 505	
39,675	
39,85	
39,26	
39,99	
39,99
NLMK	
НЛМК ао
18 192	
1 522 889 063	
139	
140,38	
136,72	
140,88	
138,86
MOEX	
МосБиржа
22 880	
1 496 457 981	
117,61	
118,5	
115,83	
119,57	
118,4
ALRS	
АЛРОСА ао
27 825	
1 385 010 694	
66,84	
68	
66,06	
68,3	
66,89
YNDX	
Yandex clA
15 605	
1 313 061 406	
2 862,8	
2 856	
2 837	
2 882	
2 861,6
MTLR	
Мечел ао
56 610	
1 276 644 566	
71,67	
72,6	
67,53	
74,34	
72,98
IRAO	
ИнтерРАОао
15 920	
1 223 042 422	
4,9815	
5,0895	
4,903	
5,0895	
4,9985
RSTI	
Россети ао
26 698	
1 177 370 901	
1,6021	
1,64	
1,5656	
1,6465	
1,6
HYDR	
РусГидро
22 241	
1 113 075 271	
0,7207	
0,709	
0,7004	
0,7325	
0,7202
SIBN	
Газпрнефть
15 073	
1 102 274 709	
346,35	
352	
342,1	
352	
345
CHMF	
СевСт-ао
18 385	
1 095 908 426	
945,6	
950	
934,4	
953,2	
940,6
TRMK	
ТМК ао
1 892	
1 046 923 392	
59,42	
59,42	
59,28	
59,54	
59,46
TATNP	
Татнфт 3ап
14 239	
951 800 647	
540,3	
547	
534,7	
547	
540
TRNFP	
Транснф ап
3 844	
950 868 150	
137 700	
139 300	
135 650	
139 800	
138 850
RUAL	
РУСАЛ ао
40 115	
904 597 762	
27,11	
28,08	
26,515	
28,095	
26,92
FIVE	
FIVE-гдр
10 456	
574 374 437	
2 122	
2 162,5	
2 100	
2 162,5	
2 125
MAGN	
ММК
8 589	
541 164 499	
42,635	
42,595	
41,81	
43,135	
42,52
FEES	
ФСК ЕЭС ао
13 219	
535 281 864	
0,18426	
0,1875	
0,18222	
0,1879	
0,18362
TCSG	
TCS-гдр
10 641	
339 917 205	
1 222,6	
1 242,8	
1 209	
1 250	
1 215
CBOM	
МКБ ао
12 861	
285 264 393	
5,49	
5,515	
5,462	
5,519	
5,474
RTKM	
Ростел -ао
7 397	
269 081 737	
84,34	
84,78	
83,18	
85,12	
85
DSKY	
ДетскийМир
15 870	
260 144 615	
100,58	
100,48	
98,9	
102,12	
101,2
LSRG	
ЛСР ао
11 599	
257 880 117	
633,4	
647,4	
624	
649,2	
635
PHOR	
ФосАгро ао
3 946	
231 050 999	
2 807	
2 837	
2 782	
2 857	
2 816
OGKB	
ОГК-2 ао
10 014	
229 904 823	
0,7046	
0,7182	
0,6906	
0,7226	
0,7
UPRO	
Юнипро ао
5 058	
223 309 030	
2,783	
2,803	
2,756	
2,808	
2,779
LNTA	
Лента др
13 995	
223 036 078	
165,4	
171,3	
161,1	
171,3	
162,7
KRKNP	
СаратНПЗ-п
4 597	
199 925 580	
18 960	
19 540	
18 420	
19 620	
19 080
MVID	
М.видео
6 314	
181 436 896	
386,9	
397,9	
378,2	
397,9	
386,1
BANEP	
Башнефт ап
5 984	
141 475 128	
1 441,5	
1 460	
1 430	
1 460,5	
1 444,5
TGKA	
ТГК-1
8 931	
137 798 404	
0,013058	
0,0133	
0,01282	
0,013384	
0,013
RASP	
Распадская
2 487	
97 270 119	
109,26	
110,14	
108,54	
110,3	
109,22
SFIN	
САФМАР ао
1 365	
93 490 998	
457,8	
474	
453	
474	
453
PIKK	
ПИК ао
3 054	
92 635 708	
384,6	
381,9	
381,1	
387	
387
MSNG	
+МосЭнерго
2 781	
91 845 964	
2,1865	
2,27	
2,1405	
2,2795	
2,169
NKNCP	
НКНХ ап
4 556	
88 588 621	
86,08	
87,66	
85,24	
87,66	
85,58
MTLRP	
Мечел ап
3 478	
77 275 009	
79,2	
80,5	
77,05	
81,2	
79,45
ENPG	
ЭН+ГРУП ао
1 850	
75 867 608	
605	
620,5	
580	
621,5	
593
ETLN	
ETLN-гдр
2 872	
65 761 197	
87,32	
88,02	
86,44	
89,3	
88,7
MOBB	
МосОблБанк
17 194	
64 242 827	
1,112	
1,352	
0,89	
1,396	
0,982
AKRN	
Акрон
1 780	
51 132 998	
5 978	
6 012	
5 940	
6 032	
5 958
RSTIP	
Россети ап
2 957	
49 272 021	
2,35	
2,37	
2,302	
2,39	
2,339
NMTP	
НМТП ао
3 067	
49 078 208	
9,435	
9,695	
9,215	
9,695	
9,415
LSNGP	
РСетиЛЭ-п
2 325	
48 748 357	
167,8	
168,95	
167,05	
168,95	
167,05
BSPB	
БСП ао
2 137	
43 741 804	
40,74	
40,93	
40,4	
41,35	
40,6
ENRU	
ЭнелРос ао
1 938	
35 198 325	
0,981	
0,986	
0,975	
0,991	
0,983
QIWI	
iQIWI
2 078	
34 254 309	
996,5	
1 002,5	
985	
1 009,5	
995
AGRO	
AGRO-гдр
2 456	
28 145 562	
654	
664	
648,2	
664	
649,2
BANE	
Башнефт ао
1 419	
21 856 138	
1 809,5	
1 816,5	
1 774,5	
1 839,5	
1 808
MRKP	
МРСК ЦП
1 030	
21 589 304	
0,1913	
0,1928	
0,1904	
0,1928	
0,1911
ZILL	
ЗИЛ ао
2 030	
21 222 585	
2 290	
2 180	
1 990	
2 555	
2 140
RTKMP	
Ростел -ап
1 348	
20 953 658	
75,25	
75,85	
74,9	
75,85	
75,4
OBUV	
ОР ао
2 489	
19 985 595	
30,45	
31,2	
29,9	
31,2	
30,05
LIFE	
iФармсинтз
1 241	
14 849 106	
7,605	
7,465	
7,365	
7,845	
7,505
AQUA	
РусАква ао
824	
14 841 030	
221	
215	
213,5	
228	
220,5
PAZA	
ПавлАвт ао
1 118	
14 832 390	
8 790	
7 730	
7 730	
9 750	
8 290
UNAC	
iАвиастКао
920	
12 527 303	
0,48	
0,468	
0,4665	
0,4965	
0,47
MRKC	
МРСК Центр
907	
12 162 389	
0,2624	
0,2632	
0,2596	
0,265	
0,2606
MSRS	
РСетиМР ао
536	
11 801 814	
1,1495	
1,1475	
1,146	
1,1565	
1,147
NKNC	
НКНХ ао
807	
11 107 837	
98,3	
100,15	
97,25	
100,15	
97,85
VSMO	
ВСМПО-АВСМ
222	
7 609 440	
18 700	
18 920	
18 600	
18 920	
18 640
KOGK	
КоршГОК ао
93	
7 382 000	
48 800	
45 400	
45 400	
54 800	
46 600
FESH	
ДВМП ао
456	
6 605 838	
7,69	
7,72	
7,61	
7,84	
7,65
APTK	
Аптеки36и6
2 748	
6 519 043	
13,788	
13,95	
13,7	
13,95	
13,784
MRKV	
РсетВол ао
808	
6 178 446	
0,0667	
0,0675	
0,0663	
0,0676	
0,0666
TGKB	
ТГК-2
484	
5 889 250	
0,00428	
0,004345	
0,004215	
0,004425	
0,004225
GCHE	
ЧеркизГ-ао
603	
5 884 050	
1 721	
1 715	
1 708	
1 729,5	
1 720
LSNG	
РСетиЛЭ
740	
5 571 887	
6,11	
6,13	
6,07	
6,3	
6,1
LNZL	
Лензолото
268	
5 362 310	
8 570	
8 750	
8 340	
8 750	
8 490
SELG	
Селигдар
409	
5 356 520	
24,31	
24,3	
24,2	
24,4	
24,2
MGTSP	
МГТС-4ап
570	
5 260 674	
2 058	
2 090	
2 044	
2 090	
2 064
RNFT	
РуссНфт ао
1 286	
5 048 143	
437,4	
441	
435	
441	
435,4
PRTK	
ПРОТЕК ао
300	
5 037 913	
99	
99,4	
98,1	
99,8	
99,3
BELU	
Белуга ао
353	
4 820 879	
1 335	
1 350	
1 309	
1 350	
1 335
DZRD	
iДонскЗР
594	
4 066 885	
2 115	
1 885	
1 885	
2 395	
2 005
RUGR	
Русгрэйн
2 333	
3 632 873	
7,6	
7,66	
7,5	
7,8	
7,522
KMAZ	
КАМАЗ
589	
3 272 565	
58,3	
59,3	
57,2	
59,7	
58,3
ISKJ	
iИСКЧ ао
470	
3 239 179	
29,34	
29,06	
29,02	
30,36	
29,03
MSTT	
Мостотрест
217	
3 071 203	
162,65	
163,7	
161,7	
163,7	
162,75
RBCM	
РБК ао
527	
3 059 676	
3,312	
3,242	
3,24	
3,388	
3,336
RZSB	
РязЭнСб
250	
2 999 820	
10,1	
10,88	
9,52	
11	
9,64
TGKN	
ТГК-14
141	
2 975 000	
0,00328	
0,00331	
0,00324	
0,00331	
0,00326
MRKU	
МРСК Ур
295	
2 903 908	
0,167	
0,1682	
0,1662	
0,17	
0,1672
ROLO	
Русолово
273	
2 824 942	
4,076	
3,97	
3,884	
4,3	
3,94
KZOS	
ОргСинт ао
499	
2 761 690	
90,8	
91	
90	
92,2	
90,4
USBN	
УралСиб ао
288	
2 688 448	
0,0716	
0,0733	
0,0701	
0,0754	
0,0713
DZRDP	
iДонскЗР п
554	
2 407 280	
1 700	
1 570	
1 530	
1 850	
1 620
KRSB	
Красэсб ао
166	
2 344 630	
8,06	
8,1	
7,9	
8,27	
7,95
IRGZ	
ИркЭнерго
282	
2 175 600	
12,08	
12,48	
11,96	
12,48	
12,02
TTLK	
Таттел. ао
363	
2 142 795	
0,2785	
0,28	
0,2745	
0,284	
0,2755
ROSB	
Росбанк ао
583	
2 089 424	
76,6	
71,6	
71,2	
85	
75
MAGE	
МагадЭн ао
209	
2 051 370	
6,73	
7,26	
6,35	
7,26	
6,39
CHEP	
ЧТПЗ ао
263	
1 987 150	
212	
211,5	
209	
215	
210,5
SVAV	
СОЛЛЕРС
133	
1 954 415	
257	
258	
255,5	
259	
257
TGKBP	
ТГК-2 ап
103	
1 909 560	
0,00732	
0,00735	
0,00716	
0,00748	
0,00727
PMSB	
ПермьЭнСб
150	
1 872 709	
162,6	
165	
161,5	
165	
163,3
TRCN	
ТрансК ао
74	
1 818 670	
8 540	
8 580	
8 505	
8 650	
8 520
PMSBP	
ПермьЭнС-п
257	
1 815 492	
160,4	
163	
159,8	
163	
160
ALNU	
АЛРОСА-Нюр
32	
1 808 000	
50 200	
49 400	
49 400	
52 400	
49 800
KRKN	
СаратНПЗ
84	
1 631 150	
13 050	
13 050	
12 700	
13 300	
13 050
MRKS	
РсетСиб ао
163	
1 506 570	
0,2325	
0,2405	
0,2295	
0,2405	
0,2355
GTRK	
ГТМ ао
222	
1 506 511	
42,85	
43	
42,3	
43,35	
42,5
MRKZ	
МРСК СЗ
336	
1 476 153	
0,0526	
0,053	
0,05205	
0,05395	
0,0525
KRSBP	
Красэсб ап
67	
1 381 080	
8,32	
8,68	
8,02	
8,7	
8,3
VLHZ	
ВХЗ-ао
134	
1 370 266	
48,55	
48,5	
48,2	
48,85	
48,4
GEMA	
iММЦБ ао
162	
1 366 076	
599	
592,5	
592,5	
602	
600
BISVP	
БашИнСв ап
70	
1 346 340	
7,78	
7,43	
7,36	
8	
7,49
CNTLP	
Телеграф-п
132	
1 313 538	
17,5	
17,54	
17,4	
17,82	
17,46
SELGP	
Селигдар-п
134	
1 300 130	
26,1	
26,25	
25,8	
26,3	
26,2
KCHE	
КамчатЭ ао
113	
1 258 150	
0,212	
0,2125	
0,196	
0,23	
0,1965
IRKT	
ИРКУТ-3
150	
1 247 380	
34,36	
34,52	
34,14	
35	
34,34
DIOD	
ЗаводДИОД
203	
1 240 497	
5,75	
5,79	
5,68	
5,79	
5,73
NFAZ	
Нефтекамск
84	
1 196 924	
155,4	
157,2	
152,4	
159,4	
152,6
RGSS	
РГС СК ао
239	
1 196 417	
0,1508	
0,1518	
0,15	
0,152	
0,15
NSVZ	
НаукаСвяз
203	
1 129 460	
232	
229,5	
225	
250	
234,5
ABRD	
АбрауДюрсо
127	
1 073 450	
130,5	
131,5	
130	
132	
131
RUSP	
Русполимет
30	
1 012 065	
0,617	
0,616	
0,615	
0,62	
0,618
RAVN	
Raven
62	
992 810	
30,25	
29,8	
29,75	
31,2	
30,95
NAUK	
iНПОНаука
79	
977 236	
181	
180,6	
179	
183	
180,6
KUZB	
КузнецкийБ
469	
959 154	
0,01727	
0,01662	
0,01652	
0,01808	
0,01676
AMEZ	
АшинскийМЗ
232	
956 432	
4,04	
4,1	
4,025	
4,1	
4,03
LNZLP	
Лензол. ап
115	
880 925	
3 580	
3 605	
3 565	
3 610	
3 580
DVEC	
ДЭК ао
129	
862 884	
0,833	
0,837	
0,823	
0,857	
0,823
GAZA	
ГАЗ ао
58	
837 405	
389,5	
383	
378,5	
394,5	
387
UTAR	
ЮТэйр ао
135	
827 275	
6,57	
6,52	
6,51	
6,75	
6,58
ASSB	
АстрЭнСб
222	
667 090	
0,78	
0,7965	
0,773	
0,7965	
0,774
KZOSP	
ОргСинт ап
454	
645 064	
12,38	
12,44	
12,01	
12,64	
12,33
JNOS	
Славн-ЯНОС
103	
642 545	
19,05	
19,85	
18,25	
19,85	
19,05
UWGN	
ОВК ао
147	
631 651	
243,5	
242,8	
241,8	
244	
243,3
INGR	
ИНГРАД ао
144	
608 810	
825	
816	
811	
835	
826
MRSB	
МордЭнСб
60	
506 650	
0,359	
0,363	
0,351	
0,365	
0,362
MRKY	
РоссЮг ао
143	
467 318	
0,0518	
0,0525	
0,0514	
0,0525	
0,0519
HIMCP	
Химпром ап
53	
463 454	
5,94	
5,97	
5,9	
5,97	
5,93
CHMK	
ЧМК ао
69	
451 990	
2 485	
2 515	
2 465	
2 515	
2 480
KLSB	
КалужскСК
71	
447 839	
11,42	
11,56	
11,28	
11,69	
11,43
NKHP	
НКХП ао
78	
431 220	
232	
236	
230,5	
236	
233
YAKG	
ЯТЭК ао
38	
423 160	
39,9	
40	
39,7	
40,1	
40,1
KMEZ	
КМЗ
223	
422 953	
449	
446	
431,5	
461	
457
KUBE	
Кубанэнр
72	
416 361	
71,2	
72,4	
70,8	
72,4	
71,4
VZRZP	
Возрожд-п
37	
407 842	
300	
298,6	
298,6	
304	
299,2
PRMB	
Приморье
15	
407 800	
27 200	
27 200	
26 800	
27 400	
27 400
TASB	
ТамбЭнСб
67	
388 020	
0,3435	
0,347	
0,338	
0,352	
0,3395
MGTS	
МГТС-5ао
38	
378 280	
2 555	
2 590	
2 505	
2 595	
2 520
SLEN	
Сахэнер ао
71	
375 308	
4,205	
4,205	
4,12	
4,28	
4,185
KROT	
КрасОкт-ао
62	
357 470	
347	
349	
341,5	
351	
342
NKSH	
Нижкамшина
10	
354 750	
23,2	
23,28	
22,86	
23,28	
22,86
MFGSP	
Мегион-ап
10	
350 155	
340	
337	
335	
345,5	
345,5
KRKOP	
ТКЗКК ап
141	
345 943	
5,825	
5,855	
5,805	
6,03	
5,81
VRSBP	
ТНСэнВор-п
33	
345 250	
31	
32,5	
30,5	
32,5	
31
KAZT	
Куйбазот
77	
345 136	
142,6	
143,4	
141	
143,4	
142,8
KAZTP	
Куйбазот-п
83	
341 616	
147,2	
149,8	
140,2	
150	
147,8
UCSS	
ОКС ао
60	
338 370	
1 450	
1 410	
1 400	
1 480	
1 440
KBTK	
КузбТК ао
38	
329 618	
157,8	
159,8	
156,4	
160,4	
157,6
OMZZP	
ОМЗ-ап
73	
328 045	
3 455	
3 410	
3 410	
3 550	
3 435
SAGO	
СамарЭн-ао
23	
317 700	
0,408	
0,404	
0,398	
0,416	
0,398
TGKD	
Квадра
92	
311 981	
0,003035	
0,003045	
0,003015	
0,00306	
0,003045
MAGEP	
МагадЭн ап
34	
284 495	
6,94	
7,15	
6,71	
7,15	
6,87
HALS	
Галс-Девел
27	
279 012	
777	
796	
771	
796	
779
ELTZ	
Электрцинк
129	
266 942	
172,5	
176,5	
171	
177	
172,5
RLMN	
Роллман
129	
255 744	
19,75	
20,15	
19,55	
20,15	
19,6
LPSB	
ЛЭСК ао
59	
253 035	
8,3	
8,3	
8,25	
8,5	
8,3
URKZ	
УрКузница
21	
252 380	
10 980	
11 020	
10 920	
11 120	
10 920
IGSTP	
Ижсталь ап
101	
248 335	
669	
664	
651	
689	
666
WTCMP	
ЦМТ ап
69	
247 036	
8,1	
8,34	
8	
8,36	
8,1
TORSP	
ТРК ап
29	
241 745	
0,281	
0,283	
0,2795	
0,2845	
0,28
BRZL	
БурЗолото
56	
238 377	
831	
827	
827	
839	
827
MGNZ	
СМЗ-ао
11	
237 240	
4 020	
4 020	
4 010	
4 060	
4 040
RKKE	
ЭнергияРКК
23	
203 480	
4 960	
4 970	
4 920	
5 010	
4 930
GAZAP	
ГАЗ ап
40	
202 830	
322	
316	
316	
325	
319
KGKCP	
КурганГКап
35	
200 430	
57,5	
58	
56	
59	
58
ZVEZ	
ЗВЕЗДА ао
33	
190 555	
4,535	
4,53	
4,505	
4,585	
4,555
SARE	
СаратЭн-ао
22	
185 662	
0,1198	
0,1204	
0,1196	
0,1218	
0,1202
STSBP	
СтаврЭнСбп
71	
168 448	
0,326	
0,3235	
0,3015	
0,334	
0,334
VJGZP	
Варьеган-п
24	
165 270	
359	
365	
348	
365	
365
YKEN	
Якутскэнрг
37	
163 890	
0,3485	
0,359	
0,341	
0,368	
0,3455
EELT	
ЕвроЭлтех
62	
158 141	
7,44	
7,52	
7,4	
7,52	
7,44
RDRB	
РДБанк ао
18	
154 900	
245	
245	
245	
250	
250
VSYD	
ВыбСудЗ ао
19	
144 130	
4 005	
4 060	
3 950	
4 060	
4 055
SZPR	
СЗПароход
69	
142 858	
794	
792	
780	
810	
798
KGKC	
КурганГКао
27	
130 590	
54	
55	
53	
55	
54
KTSBP	
КСБ ап
24	
128 870	
0,248	
0,252	
0,245	
0,252	
0,245
IGST	
Ижсталь2ао
23	
122 852	
853	
857	
850	
865	
854
YKENP	
Якутскэн-п
26	
119 205	
0,331	
0,336	
0,3265	
0,3415	
0,333
STSB	
СтаврЭнСб
31	
110 079	
0,3915	
0,395	
0,3835	
0,396	
0,389
AVAN	
Авангрд-ао
52	
108 495	
740	
730	
730	
745	
740
CNTL	
Телеграф
19	
101 820	
21,2	
21,1	
21,1	
21,45	
21,15
CHKZ	
ЧКПЗ ао
9	
99 180	
5 220	
5 200	
5 200	
5 320	
5 220
ARSA	
Арсагера
25	
99 120	
3,3	
3,38	
3,24	
3,46	
3,25
WTCM	
ЦМТ ао
30	
97 160	
8,84	
8,96	
8,8	
8,96	
8,86
KROTP	
КрасОкт-1п
16	
86 675	
262,5	
263	
261	
265	
265
KTSB	
КСБ ао
24	
79 104	
0,57	
0,578	
0,564	
0,578	
0,57
LVHK	
Левенгук
34	
76 238	
8,11	
8,17	
8,08	
8,2	
8,14
MRKK	
Россети СК
46	
69 927	
26,3	
26,3	
26,22	
26,38	
26,3
BLNG	
Белон ао
20	
65 145	
4,022	
4,02	
4,01	
4,07	
4,022
VJGZ	
Варьеган
17	
64 523	
603	
607	
599	
607	
601
RUSI	
ИКРУСС-ИНВ
15	
61 630	
38,5	
38,2	
38,2	
38,7	
38,7
ALBK	
БестЭфБ ао
25	
61 225	
55,5	
56,5	
55	
56,5	
56,5
ROST	
РОСИНТЕРао
16	
57 446	
59,2	
58,8	
58,8	
59,8	
59,2
YRSBP	
ТНСэнЯр-п
8	
54 390	
83,5	
83,5	
83,5	
85	
84,5
UNKL	
ЮУНК ао
14	
51 570	
3 440	
3 480	
3 410	
3 490	
3 420
NNSBP	
ТНСэнНН ап
21	
49 735	
553	
544	
540	
563	
561
VSYDP	
ВыбСудЗ ап
7	
48 900	
4 080	
4 080	
4 060	
4 080	
4 080
MFGS	
Мегион-ао
6	
48 570	
347	
346,5	
346,5	
347	
347
TORS	
ТРК ао
10	
48 150	
0,401	
0,403	
0,397	
0,404	
0,398
RTGZ	
ГазпРнД ао
2	
41 250	
20 650	
20 500	
20 500	
20 750	
20 750
MISB	
ТНСэнМарЭл
11	
39 240	
11,2	
11,2	
11,2	
11,3	
11,2
VGSBP	
ВолгЭнСб-п
11	
36 775	
1,08	
1,08	
1,07	
1,12	
1,09
RLMNP	
Роллман-п
47	
35 491	
19,3	
19,54	
19,18	
19,58	
19,32
SAGOP	
СамарЭн-ап
7	
35 300	
0,392	
0,395	
0,389	
0,395	
0,389
UKUZ	
ЮжКузб. ао
20	
33 584	
526	
520	
518	
544	
522
VRSB	
ТНСэнВорон
6	
33 000	
47,2	
46,4	
46,4	
48,4	
47,6
VGSB	
ВолгЭнСб
9	
29 745	
1,655	
1,665	
1,635	
1,69	
1,675
TGKDP	
Квадра-п
25	
28 332	
0,00399	
0,00394	
0,00394	
0,004005	
0,00398
JNOSP	
Слав-ЯНОСп
8	
26 712	
14,84	
15,06	
14,78	
15,06	
14,78
KBSB	
ТНСэКубань
7	
24 005	
141	
139	
139	
141,5	
141,5
RTSBP	
ТНСэнРст-п
7	
23 130	
0,289	
0,276	
0,276	
0,293	
0,293
SAREP	
СаратЭн-ап
14	
22 114	
0,0922	
0,0896	
0,0894	
0,095	
0,0914
MISBP	
ТНСэМаЭл-п
10	
13 480	
10,4	
10,2	
10,2	
10,4	
10,4
TUZA	
ТЗА ао
7	
11 400	
95	
95	
95	
95	
95
CHGZ	
РН-ЗапСиб
3	
10 440	
34,8	
34,8	
34,8	
34,8	
34,8
TASBP	
ТамбЭнСб-п
2	
6 970	
0,3485	
0,3485	
0,3485	
0,3485	
0,3485
YRSB	
ТНСэнЯр
4	
6 680	
168	
166	
166	
168	
166
TNSE	
ТНСэнрг ао
3	
3 925	
980	
995	
970	
995	
990
KCHEP	
КамчатЭ ап
1	
3 540	
0,352	
0,354	
0,354	
0,354	
0,354
NNSB	
ТНСэнНН ао
1	
1 270	
1 270	
1 270	
1 270	
1 270	
1 270
GAZC	
ГАЗКОН-ао
0	
0	
-	
-	
-	
-	
295
GTSS	
ГЕОТЕК ао
0	
0	
-	
-	
-	
-	
-
TRFM	
ТрансФ ао
0	
0	
-	
-	
-	
-	
-
KMTZ	
КосогМЗ ао
0	
0	
-	
-	
-	
-	
-
KZMS	
КЗМС ао
0	
0	
-	
-	
-	
-	
226
RTSB	
ТНСэнРст
0	
0	
-	
-	
-	
-	
0,345
GAZS	
ГАЗ-сервис
0	
0	
-	
-	
-	
-	
293
HIMC	
Химпром ао
0	
0	
-	
-	
-	
-	
0,99
URKA	
Уркалий-ао
0	
0	
-	
-	
-	
-	
119,04
VZRZ	
Возрожд-ао
0	
0	
-	
-	
-	
-	
480
GAZT	
ГАЗ-Тек ао
0	
0	
-	
-	
-	
-	
85
KSGR	
Кокс ао
0	
0	
-	
-	
-	
-	
-
MFON	
МегаФон ао
0	
0	
-	
-	
-	
-	
650,6
MORI	
Морион ао
0	
0	
-	
-	
-	
-	
4,31
BISV	
БашИнСв ао
0	
0	
-	
-	
-	
-	
8,7
KRKO	
ТКЗКК ао
0	
0	
-	
-	
-	
-	
11,8
KUNF	
КУЗОЦМ ао
0	
0	
-	
-	
-	
-	
-
NPOF	
Физика ао
0	
0	
-	
-	
-	
-	
11 850