SBER	
Сбербанк
62 139	
9 543 108 136	
227,12	
227,39	
225,63	
228,85	
226,66
GAZP	
ГАЗПРОМ ао
65 805	
5 941 694 897	
183,11	
184,05	
182,17	
184,68	
183
GMKN	
ГМКНорНик
26 371	
5 363 394 282	
20 180	
20 070	
19 936	
20 414	
20 380
LKOH	
ЛУКОЙЛ
26 221	
3 922 693 264	
5 022,5	
5 052,5	
5 002	
5 060	
5 015
PLZL	
Полюс
28 165	
3 894 096 774	
16 989,5	
16 831	
16 707,5	
17 420	
16 905
MOEX	
МосБиржа
36 681	
2 313 381 667	
139,42	
139,36	
137,27	
140,79	
140,5
POLY	
Polymetal
29 448	
2 281 787 735	
1 846,5	
1 849,9	
1 805	
1 897,8	
1 860,7
VTBR	
ВТБ ао
38 133	
1 758 379 096	
0,040235	
0,0402	
0,03985	
0,040705	
0,04046
ALRS	
АЛРОСА ао
27 749	
1 705 983 003	
68,76	
68,47	
67,57	
70,08	
70,02
ROSN	
Роснефть
15 155	
1 690 415 448	
357,85	
356,5	
355	
360,7	
360
AFLT	
Аэрофлот
34 496	
1 660 284 410	
82,26	
83,72	
81,72	
84,08	
81,9
YNDX	
Yandex clA
18 944	
1 482 967 333	
4 311,2	
4 304	
4 280,2	
4 348,8	
4 308,6
NLMK	
НЛМК ао
19 013	
1 466 503 105	
147,58	
145	
144,52	
149,62	
149,52
MTSS	
МТС-ао
17 077	
1 331 928 709	
334,45	
332,6	
330,7	
336	
334,9
MGNT	
Магнит ао
10 915	
1 281 405 199	
4 629	
4 630	
4 600,5	
4 665	
4 645
SBERP	
Сбербанк-п
17 739	
1 162 266 041	
210,15	
210,4	
208,62	
211,62	
210,19
CHMF	
СевСт-ао
19 752	
1 107 167 342	
927,4	
920	
918	
935	
934,6
TATN	
Татнфт 3ао
19 907	
1 106 321 337	
544,1	
545,6	
541,5	
548,8	
546
SNGS	
Сургнфгз
12 572	
1 105 872 703	
36,72	
37,15	
36,52	
37,23	
36,62
SNGSP	
Сургнфгз-п
12 306	
1 003 127 734	
36,845	
36,995	
36,64	
37,06	
36,805
IRAO	
ИнтерРАОао
12 430	
948 995 407	
5,815	
5,85	
5,765	
5,854	
5,843
NVTK	
Новатэк ао
13 632	
856 753 166	
1 061,2	
1 069,8	
1 056	
1 069,8	
1 061,2
MAGN	
ММК
7 789	
649 331 399	
39,88	
39,9	
39,55	
40,315	
40,315
POGR	
Petropavl
18 495	
647 569 494	
35,96	
37,285	
35	
37,89	
36,585
MAIL	
MAIL-гдр
17 714	
464 210 661	
2 042,8	
2 049,8	
2 016	
2 062	
2 043
AFKS	
Система ао
8 975	
442 416 659	
20,284	
20,08	
20,001	
20,489	
20,305
RTKM	
Ростел -ао
10 628	
415 859 799	
92,11	
91,11	
90,64	
93,35	
92,75
MVID	
М.видео
12 543	
405 620 926	
462,9	
446,5	
445,9	
480,3	
476,7
DSKY	
ДетскийМир
11 768	
392 001 845	
119,14	
118,54	
117,66	
120,34	
120
RUAL	
РУСАЛ ао
14 882	
377 536 523	
28,875	
28,86	
28,545	
29,335	
29,1
FEES	
ФСК ЕЭС ао
8 449	
342 317 163	
0,20298	
0,203	
0,2007	
0,20538	
0,20366
SIBN	
Газпрнефть
6 033	
330 346 901	
318,3	
318,95	
317	
320,4	
319,1
FIVE	
FIVE-гдр
4 741	
298 865 595	
2 801,5	
2 805	
2 770	
2 822,5	
2 822
HYDR	
РусГидро
8 708	
294 274 281	
0,7693	
0,7701	
0,7657	
0,7727	
0,7698
TRNFP	
Транснф ап
1 185	
276 171 300	
132 500	
132 050	
131 800	
133 050	
132 600
TATNP	
Татнфт 3ап
9 778	
263 809 376	
525,2	
529,8	
522,5	
531	
524,6
CBOM	
МКБ ао
8 118	
261 218 705	
5,984	
5,965	
5,959	
6,01	
5,986
RSTI	
Россети ао
4 729	
215 088 906	
1,6254	
1,6338	
1,6113	
1,6464	
1,62
PHOR	
ФосАгро ао
4 460	
206 700 898	
2 689	
2 652	
2 638	
2 730	
2 730
UPRO	
Юнипро ао
3 513	
171 827 951	
2,849	
2,879	
2,831	
2,89	
2,843
LSRG	
ЛСР ао
7 131	
164 846 757	
763,6	
747,6	
747,6	
779	
773,6
LNTA	
Лента др
11 698	
163 665 017	
217,2	
217,3	
214,5	
222	
216,9
TCSG	
TCS-гдр
5 307	
154 276 092	
1 883,8	
1 889,6	
1 875	
1 893,8	
1 883,6
CNTLP	
Телеграф-п
5 183	
129 439 680	
29,12	
29,86	
28,52	
29,92	
28,98
CNTL	
Телеграф
3 373	
93 554 245	
29,2	
29,8	
28,75	
30	
29,1
OGKB	
ОГК-2 ао
3 564	
83 129 753	
0,7613	
0,768	
0,751	
0,7681	
0,764
RTKMP	
Ростел -ап
4 006	
78 269 935	
85,85	
85,95	
85,4	
86,25	
86,05
PIKK	
ПИК ао
1 743	
63 415 674	
502,3	
503,6	
494,5	
508	
498
SELG	
Селигдар
5 232	
59 895 748	
37,67	
38,86	
36,81	
39,23	
38,4
TGKA	
ТГК-1
2 408	
52 479 224	
0,012326	
0,012278	
0,0121	
0,0124	
0,0124
KLSB	
КалужскСК
4 646	
50 077 444	
13,49	
11,87	
11,85	
14,79	
14,65
RASP	
Распадская
1 109	
48 523 564	
106,74	
106,48	
105,54	
107,72	
107,64
NMTP	
НМТП ао
2 903	
42 496 177	
9,26	
9,225	
9,225	
9,3	
9,25
BANEP	
Башнефт ап
1 875	
38 480 519	
1 351	
1 352	
1 346,5	
1 354,5	
1 353
ENRU	
ЭнелРос ао
2 107	
38 311 358	
0,963	
0,963	
0,959	
0,969	
0,9635
LNZL	
Лензолото
1 000	
36 205 300	
18 090	
18 400	
17 800	
18 500	
18 160
BSPB	
БСП ао
1 943	
31 194 297	
43,08	
42,86	
42,67	
43,39	
43,38
AGRO	
AGRO-гдр
1 907	
30 516 866	
716,8	
712	
711	
721,6	
718
QIWI	
iQIWI
2 114	
30 420 811	
1 425,5	
1 438	
1 415	
1 442,5	
1 434,5
ETLN	
ETLN-гдр
2 465	
29 393 262	
110,68	
111	
110,1	
111,2	
110,92
MTLR	
Мечел ао
2 647	
27 653 658	
65,76	
65,68	
65,51	
66,27	
65,55
MTLRP	
Мечел ап
949	
23 616 398	
82,05	
81,85	
81,5	
82,75	
82
ENPG	
ЭН+ГРУП ао
753	
23 520 120	
716	
733,5	
703,5	
733,5	
704,5
MSNG	
+МосЭнерго
708	
21 788 654	
2,1625	
2,1785	
2,1535	
2,1825	
2,161
UNKL	
ЮУНК ао
1 254	
20 694 530	
8 970	
9 290	
8 510	
10 080	
8 900
AKRN	
Акрон
740	
20 196 256	
5 870	
5 912	
5 836	
5 934	
5 870
SFIN	
САФМАР ао
97	
19 610 708	
522,4	
521,2	
521	
523	
522,4
HALS	
Галс-Девел
2 461	
19 299 196	
1 300	
1 195	
1 150	
1 450	
1 236
DVEC	
ДЭК ао
2 194	
18 967 207	
0,964	
1,071	
0,92	
1,071	
0,98
RSTIP	
Россети ап
841	
18 863 814	
2,166	
2,146	
2,131	
2,197	
2,133
AQUA	
РусАква ао
791	
17 946 885	
202	
202	
200	
204,5	
204
LSNGP	
РСетиЛЭ-п
1 490	
17 638 307	
149,55	
149,9	
149,05	
150	
149,5
TRMK	
ТМК ао
840	
17 565 800	
58,78	
59,12	
58,2	
59,88	
58,3
VGSB	
ВолгЭнСб
2 271	
16 559 700	
2,185	
1,78	
1,76	
2,4	
2,4
MRKP	
МРСК ЦП
879	
16 263 736	
0,2163	
0,2145	
0,2145	
0,2177	
0,2164
VSMO	
ВСМПО-АВСМ
383	
16 011 280	
17 940	
18 000	
17 880	
18 000	
17 900
ELTZ	
Электрцинк
3 072	
15 787 412	
203	
180	
174,5	
215	
191
RAVN	
Raven
1 071	
15 232 095	
32,55	
33,9	
29,4	
39,9	
32,35
NKNCP	
НКНХ ап
1 071	
12 817 515	
79,94	
79,6	
79,6	
80,3	
80
VGSBP	
ВолгЭнСб-п
2 179	
11 284 790	
1,47	
1,19	
1,19	
1,65	
1,65
DZRD	
iДонскЗР
1 762	
11 210 260	
2 685	
2 405	
2 380	
2 985	
2 430
RKKE	
ЭнергияРКК
788	
10 208 910	
9 110	
9 900	
8 600	
9 950	
9 170
LNZLP	
Лензол. ап
541	
9 841 605	
5 670	
5 780	
5 555	
5 855	
5 700
MRKC	
МРСК Центр
569	
9 833 769	
0,3016	
0,3012	
0,2992	
0,308	
0,3052
TGKD	
Квадра
924	
9 169 891	
0,003625	
0,0034	
0,003365	
0,0038	
0,00359
CHGZ	
РН-ЗапСиб
789	
8 872 120	
45,6	
48,6	
41,8	
57,2	
44
YAKG	
ЯТЭК ао
72	
8 779 645	
42,7	
42,7	
42,65	
43,15	
43
TGKB	
ТГК-2
550	
8 687 055	
0,004415	
0,0045	
0,00433	
0,0045	
0,00438
LIFE	
iФармсинтз
732	
8 544 552	
7,21	
7,145	
7,135	
7,285	
7,225
BRZL	
БурЗолото
891	
7 753 284	
1 177	
1 190	
1 159	
1 200	
1 184
AMEZ	
АшинскийМЗ
917	
7 000 543	
4,3	
4,405	
4,23	
4,425	
4,305
OBUV	
ОР ао
787	
6 589 502	
34,5	
34,55	
34,2	
34,75	
34,65
MRKV	
РсетВол ао
457	
6 412 016	
0,07395	
0,0742	
0,07305	
0,07455	
0,07405
ROLO	
Русолово
523	
6 288 548	
4,988	
5,258	
4,834	
5,282	
4,964
ISKJ	
iИСКЧ ао
514	
6 127 249	
25,05	
25	
24,92	
25,66	
24,98
FESH	
ДВМП ао
427	
5 969 393	
7,65	
7,6	
7,58	
7,7	
7,62
TUZA	
ТЗА ао
1 069	
5 203 300	
103	
115	
99	
115	
103
DZRDP	
iДонскЗР п
1 058	
4 952 550	
1 780	
1 700	
1 650	
1 850	
1 700
RNFT	
РуссНфт ао
1 623	
4 666 294	
497	
496,6	
493,6	
502,2	
500
ALBK	
БестЭфБ ао
1 109	
4 601 605	
56,5	
53	
51	
62	
53,5
TTLK	
Таттел. ао
438	
4 429 355	
0,3105	
0,308	
0,3035	
0,3155	
0,3085
KRKNP	
СаратНПЗ-п
168	
4 411 860	
15 920	
16 080	
15 840	
16 080	
15 840
GEMA	
iММЦБ ао
166	
4 372 079	
604	
604,5	
598	
609,5	
604,5
MSRS	
РСетиМР ао
233	
4 329 748	
1,178	
1,1785	
1,1745	
1,186	
1,186
BANE	
Башнефт ао
398	
4 267 477	
1 727,5	
1 723	
1 720	
1 736	
1 728,5
MSTT	
Мостотрест
279	
3 943 571	
158,25	
155,15	
155,15	
162	
158,9
RZSB	
РязЭнСб
237	
3 805 220	
9,4	
9,32	
9,22	
9,78	
9,26
UNAC	
iАвиастКао
438	
3 577 635	
0,4995	
0,494	
0,4925	
0,501	
0,5
VLHZ	
ВХЗ-ао
578	
3 467 782	
57,45	
55	
53,8	
59,9	
57,25
NKNC	
НКНХ ао
435	
3 456 656	
93,5	
93,5	
92,5	
93,8	
93,55
RUGR	
Русгрэйн
1 582	
3 408 764	
9,68	
9,77	
9,54	
9,898	
9,55
GCHE	
ЧеркизГ-ао
404	
3 318 514	
1 783	
1 776	
1 770,5	
1 792	
1 782
SVAV	
СОЛЛЕРС
164	
2 782 940	
274,5	
273,5	
272	
276,5	
273,5
USBN	
УралСиб ао
105	
2 718 320	
0,0695	
0,0699	
0,0688	
0,0703	
0,0698
PAZA	
ПавлАвт ао
204	
2 700 500	
9 250	
8 810	
8 810	
9 550	
9 050
TGKDP	
Квадра-п
379	
2 662 562	
0,00441	
0,00425	
0,0041	
0,0045	
0,00435
KAZTP	
Куйбазот-п
33	
2 547 030	
149	
147,8	
147,8	
149	
149
SELGP	
Селигдар-п
233	
2 357 765	
27,85	
28,1	
27,55	
28,1	
27,85
ARSA	
Арсагера
332	
2 296 820	
3,75	
3,84	
3,62	
4,04	
3,71
APTK	
Аптеки36и6
1 390	
2 186 141	
13,482	
13,42	
13,392	
13,596	
13,422
SLEN	
Сахэнер ао
85	
2 102 220	
5,845	
5,825	
5,745	
5,96	
5,85
BLNG	
Белон ао
474	
1 972 341	
4,562	
4,43	
4,412	
4,646	
4,558
KZOS	
ОргСинт ао
307	
1 948 608	
86,6	
86,3	
86	
87	
86,8
IRKT	
ИРКУТ-3
144	
1 906 116	
35,1	
35,34	
34,8	
35,82	
35,08
INGR	
ИНГРАД ао
186	
1 891 430	
752	
752	
741	
762	
762
NAUK	
iНПОНаука
228	
1 837 246	
200,2	
201,2	
198	
205	
200,4
MGTSP	
МГТС-4ап
186	
1 833 188	
2 000	
2 002	
1 986	
2 004	
1 996
LSNG	
РСетиЛЭ
247	
1 797 981	
6,12	
6,12	
6,07	
6,18	
6,12
DIOD	
ЗаводДИОД
292	
1 742 420	
6,63	
6,7	
6,6	
6,7	
6,61
WTCMP	
ЦМТ ап
83	
1 729 718	
8,44	
8,42	
8,2	
8,64	
8,36
MGNZ	
СМЗ-ао
159	
1 725 300	
4 730	
4 660	
4 570	
5 000	
4 690
CHEP	
ЧТПЗ ао
237	
1 719 715	
211,5	
212	
209	
213,5	
212
TASBP	
ТамбЭнСб-п
296	
1 618 610	
0,3575	
0,3455	
0,33	
0,3905	
0,3495
KMAZ	
КАМАЗ
383	
1 598 164	
58,1	
58,4	
57,8	
58,6	
58,3
ALNU	
АЛРОСА-Нюр
15	
1 591 400	
54 800	
54 800	
54 000	
55 200	
55 200
LVHK	
Левенгук
350	
1 543 323	
8,17	
8,58	
8,02	
8,58	
8,19
HIMCP	
Химпром ап
162	
1 440 211	
6,24	
6,19	
6,11	
6,35	
6,21
MAGEP	
МагадЭн ап
86	
1 419 160	
7,13	
7,85	
7	
7,85	
7,22
BELU	
Белуга ао
289	
1 397 845	
1 309	
1 327	
1 300	
1 327	
1 309
RUSP	
Русполимет
47	
1 373 985	
0,633	
0,629	
0,627	
0,64	
0,6295
UTAR	
ЮТэйр ао
161	
1 265 154	
7,34	
7,2	
7,12	
7,51	
7,21
CHMK	
ЧМК ао
181	
1 232 205	
2 795	
2 820	
2 715	
2 865	
2 750
RBCM	
РБК ао
282	
1 177 492	
3,486	
3,442	
3,414	
3,56	
3,444
STSBP	
СтаврЭнСбп
267	
1 164 433	
0,3805	
0,378	
0,3755	
0,3875	
0,387
KBSB	
ТНСэКубань
180	
1 101 815	
145	
149	
141	
151	
145,5
WTCM	
ЦМТ ао
91	
1 013 186	
9,3	
9,04	
9,04	
9,68	
9,3
KCHE	
КамчатЭ ао
122	
995 350	
0,221	
0,232	
0,2155	
0,237	
0,218
RGSS	
РГС СК ао
129	
991 826	
0,1502	
0,1514	
0,1494	
0,1514	
0,1506
SARE	
СаратЭн-ао
93	
984 858	
0,1268	
0,1186	
0,1186	
0,1364	
0,1264
TGKN	
ТГК-14
94	
969 630	
0,00318	
0,00318	
0,00315	
0,00321	
0,00318
URKZ	
УрКузница
23	
959 080	
17 120	
17 120	
16 860	
17 300	
17 020
MISB	
ТНСэнМарЭл
86	
850 540	
13,1	
13,1	
13	
13,2	
13,2
TASB	
ТамбЭнСб
101	
810 935	
0,443	
0,44	
0,436	
0,476	
0,439
GTRK	
ГТМ ао
126	
763 065	
43,4	
43,55	
43	
43,6	
43,3
MRKU	
МРСК Ур
74	
743 222	
0,1548	
0,1552	
0,1542	
0,1556	
0,155
RLMN	
Роллман
174	
693 619	
19,35	
19,2	
19	
19,75	
19,6
TGKBP	
ТГК-2 ап
55	
663 530	
0,00721	
0,0073	
0,00713	
0,0073	
0,00717
RTSB	
ТНСэнРст
62	
631 900	
0,44	
0,435	
0,43	
0,475	
0,47
ZILL	
ЗИЛ ао
31	
621 365	
2 620	
2 640	
2 615	
2 640	
2 625
NFAZ	
Нефтекамск
77	
612 428	
164,2	
165	
162,4	
167,2	
165
MRKZ	
МРСК СЗ
133	
588 179	
0,05135	
0,0517	
0,0509	
0,05195	
0,05145
NKHP	
НКХП ао
56	
559 320	
230	
231	
229	
231	
230
KRSBP	
Красэсб ап
19	
543 340	
7,06	
7,02	
6,94	
7,12	
7,12
PMSBP	
ПермьЭнС-п
94	
540 220	
130,6	
130,4	
130	
131,2	
130,2
SAREP	
СаратЭн-ап
64	
531 054	
0,0972	
0,093	
0,093	
0,1	
0,097
KRKOP	
ТКЗКК ап
242	
524 821	
7,28	
7,2	
7,195	
7,435	
7,22
LPSB	
ЛЭСК ао
82	
428 035	
7,9	
7,75	
7,7	
8,05	
7,95
KAZT	
Куйбазот
23	
423 392	
149,6	
150	
147,8	
150	
148,8
ZVEZ	
ЗВЕЗДА ао
52	
408 035	
4,585	
4,575	
4,56	
4,73	
4,59
BISVP	
БашИнСв ап
94	
401 033	
8,46	
8,35	
8,25	
8,6	
8,38
IGSTP	
Ижсталь ап
97	
397 448	
974	
951	
951	
998	
975
UWGN	
ОВК ао
92	
391 718	
237,3	
238,5	
235,7	
239,5	
237,7
KRSB	
Красэсб ао
29	
370 050	
6,98	
6,95	
6,91	
7,12	
7,12
AVAN	
Авангрд-ао
101	
322 545	
745	
730	
730	
770	
750
VRSB	
ТНСэнВорон
24	
322 200	
54,6	
54,8	
53,8	
55	
54,4
MRKY	
РоссЮг ао
86	
321 289	
0,05005	
0,04985	
0,04985	
0,05025	
0,05
STSB	
СтаврЭнСб
63	
315 667	
0,448	
0,454	
0,4015	
0,459	
0,4485
MISBP	
ТНСэМаЭл-п
45	
298 300	
13,1	
13,4	
13	
13,4	
13,2
EELT	
ЕвроЭлтех
107	
277 707	
8,36	
8,3	
8,3	
8,44	
8,32
YKEN	
Якутскэнрг
32	
276 715	
0,3545	
0,3535	
0,352	
0,3575	
0,3565
KUZB	
КузнецкийБ
144	
261 861	
0,01504	
0,01502	
0,01498	
0,01512	
0,01504
MAGE	
МагадЭн ао
30	
250 590	
6,59	
6,7	
6,54	
6,7	
6,55
GAZA	
ГАЗ ао
14	
248 100	
394	
395	
390	
395	
393
MRKS	
РсетСиб ао
41	
247 385	
0,238	
0,238	
0,2365	
0,2445	
0,2445
VRSBP	
ТНСэнВор-п
21	
246 600	
46,5	
46	
46	
47	
46,5
RDRB	
РДБанк ао
20	
239 650	
240	
240	
235	
245	
245
VZRZP	
Возрожд-п
22	
236 856	
343,4	
343,2	
341	
346,8	
344
KROT	
КрасОкт-ао
27	
228 770	
387,5	
385	
383	
391	
383,5
GAZAP	
ГАЗ ап
41	
226 415	
310	
307	
306,5	
313,5	
309,5
YKENP	
Якутскэн-п
38	
224 130	
0,3395	
0,343	
0,331	
0,347	
0,347
NKSH	
Нижкамшина
25	
221 280	
22,14	
22,18	
21,82	
22,34	
22
MGTS	
МГТС-5ао
26	
220 030	
2 340	
2 330	
2 330	
2 345	
2 345
YRSB	
ТНСэнЯр
10	
197 380	
170	
168	
168	
174	
170
KOGK	
КоршГОК ао
4	
194 200	
48 600	
48 200	
48 200	
48 800	
48 600
KTSB	
КСБ ао
61	
192 930	
0,624	
0,648	
0,618	
0,648	
0,638
KRKN	
СаратНПЗ
10	
192 400	
12 850	
12 900	
12 800	
12 900	
12 800
KZOSP	
ОргСинт ап
205	
190 202	
11,92	
12,03	
11,89	
12,03	
11,91
PMSB	
ПермьЭнСб
53	
184 469	
130,8	
133,6	
130,1	
133,6	
131
UCSS	
ОКС ао
24	
179 050	
1 440	
1 460	
1 440	
1 460	
1 460
SAGO	
СамарЭн-ао
12	
172 780	
0,468	
0,464	
0,464	
0,47	
0,47
NSVZ	
НаукаСвяз
24	
167 960	
218	
218,5	
217,5	
218,5	
218
OMZZP	
ОМЗ-ап
20	
167 380	
3 560	
3 540	
3 530	
3 585	
3 530
IRGZ	
ИркЭнерго
60	
166 882	
11,68	
11,72	
11,6	
11,72	
11,7
RTGZ	
ГазпРнД ао
6	
161 150	
26 850	
26 900	
26 700	
27 000	
26 800
UKUZ	
ЮжКузб. ао
29	
144 256	
542	
546	
540	
550	
540
ABRD	
АбрауДюрсо
41	
143 310	
130,5	
129,5	
129,5	
130,5	
130
KMEZ	
КМЗ
69	
136 524	
486	
486	
484	
491	
491
VJGZP	
Варьеган-п
19	
124 960	
347	
343	
343	
350	
350
CHKZ	
ЧКПЗ ао
21	
123 180	
5 360	
5 360	
5 300	
5 440	
5 340
ROST	
РОСИНТЕРао
27	
118 214	
62,2	
61,2	
60,8	
62,8	
62,2
ROSB	
Росбанк ао
52	
107 874	
71	
70,4	
70	
72	
71,4
TNSE	
ТНСэнрг ао
29	
102 115	
1 000	
980	
975	
1 020	
990
JNOSP	
Слав-ЯНОСп
19	
100 616	
14,58	
14,74	
14,18	
14,78	
14,36
KBTK	
КузбТК ао
30	
80 468	
151,8	
152,2	
151,2	
153,4	
151,4
ASSB	
АстрЭнСб
16	
76 185	
0,7545	
0,7565	
0,751	
0,7565	
0,7555
MRSB	
МордЭнСб
7	
73 840	
0,352	
0,351	
0,351	
0,352	
0,352
RUSI	
ИКРУСС-ИНВ
14	
73 610	
38,7	
38,1	
38,1	
38,9	
38,4
IGST	
Ижсталь2ао
28	
73 566	
1 115	
1 139	
1 100	
1 139	
1 127
MRKK	
Россети СК
20	
65 848	
25,92	
25,98	
25,9	
26	
25,9
VJGZ	
Варьеган
26	
54 394	
573	
570	
570	
581	
580
JNOS	
Славн-ЯНОС
12	
45 815	
19,1	
19,1	
18,95	
19,25	
18,95
RTSBP	
ТНСэнРст-п
4	
45 720	
0,352	
0,353	
0,344	
0,353	
0,345
PRMB	
Приморье
2	
44 800	
22 400	
22 200	
22 200	
22 600	
22 600
VSYD	
ВыбСудЗ ао
8	
43 905	
3 990	
4 000	
3 955	
4 000	
3 995
KCHEP	
КамчатЭ ап
11	
43 810	
0,398	
0,393	
0,388	
0,408	
0,397
KGKCP	
КурганГКап
9	
41 450	
54	
54	
53,5	
54	
53,5
TORS	
ТРК ао
5	
41 380	
0,414	
0,411	
0,411	
0,422	
0,422
TORSP	
ТРК ап
8	
40 985	
0,273	
0,2725	
0,2725	
0,277	
0,2745
MFGS	
Мегион-ао
5	
40 135	
365	
364	
364	
373,5	
373,5
KUBE	
Кубанэнр
25	
38 807	
68,1	
67,6	
67,3	
68,8	
68,8
VSYDP	
ВыбСудЗ ап
9	
36 680	
4 080	
4 040	
4 040	
4 100	
4 080
NNSB	
ТНСэнНН ао
6	
22 685	
1 335	
1 315	
1 315	
1 360	
1 360
KTSBP	
КСБ ап
3	
19 355	
0,2765	
0,276	
0,276	
0,2795	
0,2795
NNSBP	
ТНСэнНН ап
9	
11 978	
599	
601	
581	
602	
600
KROTP	
КрасОкт-1п
2	
10 980	
274,5	
274,5	
274,5	
274,5	
274,5
YRSBP	
ТНСэнЯр-п
2	
10 620	
88,5	
88,5	
88,5	
88,5	
88,5
KGKC	
КурганГКао
12	
10 615	
53	
52,5	
52,5	
54	
54
MFGSP	
Мегион-ап
3	
9 620	
320,5	
320	
318	
324	
324
RLMNP	
Роллман-п
4	
797	
19,92	
19,82	
19,82	
20,08	
19,88
BISV	
БашИнСв ао
0	
0	
-	
-	
-	
-	
8,7
GAZC	
ГАЗКОН-ао
0	
0	
-	
-	
-	
-	
295
GAZS	
ГАЗ-сервис
0	
0	
-	
-	
-	
-	
293
GAZT	
ГАЗ-Тек ао
0	
0	
-	
-	
-	
-	
85
GTSS	
ГЕОТЕК ао
0	
0	
-	
-	
-	
-	
-
HIMC	
Химпром ао
0	
0	
-	
-	
-	
-	
0,99
KMTZ	
КосогМЗ ао
0	
0	
-	
-	
-	
-	
-
KRKO	
ТКЗКК ао
0	
0	
-	
-	
-	
-	
11,8
KSGR	
Кокс ао
0	
0	
-	
-	
-	
-	
-
KUNF	
КУЗОЦМ ао
0	
0	
-	
-	
-	
-	
-
KZMS	
КЗМС ао
0	
0	
-	
-	
-	
-	
226
MFON	
МегаФон ао
0	
0	
-	
-	
-	
-	
650,6
MOBB	
МосОблБанк
0	
0	
-	
-	
-	
-	
0,698
MORI	
Морион ао
0	
0	
-	
-	
-	
-	
4,31
NPOF	
Физика ао
0	
0	
-	
-	
-	
-	
11 850
PRTK	
ПРОТЕК ао
0	
0	
-	
-	
-	
-	
99,6
SAGOP	
СамарЭн-ап
0	
0	
-	
-	
-	
-	
0,418
TRCN	
ТрансК ао
0	
0	
-	
-	
-	
-	
8 595
TRFM	
ТрансФ ао
0	
0	
-	
-	
-	
-	
-
URKA	
Уркалий-ао
0	
0	
-	
-	
-	
-	
119,04
VZRZ	
Возрожд-ао
0	
0	
-	
-	
-	
-	
480