SBER	
Сбербанк
85 020	
15 500 726 113	
219,34	
218	
216,75	
222,5	
220
YNDX	
Yandex clA
104 788	
13 691 512 417	
4 886,4	
4 885,8	
4 766	
4 993,8	
4 821,6
GAZP	
ГАЗПРОМ ао
74 413	
7 701 327 150	
178,92	
178,98	
178	
180,56	
178,36
GMKN	
ГМКНорНик
22 222	
5 338 341 048	
19 832	
19 812	
19 628	
20 004	
19 890
LKOH	
ЛУКОЙЛ
29 111	
4 672 231 392	
4 844	
4 802	
4 802	
4 888	
4 829,5
PLZL	
Полюс
21 673	
3 747 737 036	
17 197	
16 968,5	
16 928,5	
17 380	
17 212,5
ROSN	
Роснефть
17 081	
2 089 568 956	
369,5	
365,75	
365	
372,8	
370,9
SBERP	
Сбербанк-п
31 516	
1 825 159 694	
211,24	
209,99	
207,4	
214,6	
212,32
POLY	
Polymetal
22 736	
1 770 383 583	
1 933,4	
1 924,8	
1 894,3	
1 955	
1 908,7
NVTK	
Новатэк ао
18 755	
1 596 203 618	
1 118,4	
1 090,4	
1 090,4	
1 133	
1 127,2
TATN	
Татнфт 3ао
20 021	
1 578 613 926	
534,6	
532,9	
529,3	
540,4	
532
MAIL	
MAIL-гдр
38 460	
1 516 632 346	
2 209,4	
2 248	
2 160	
2 310	
2 200
ALRS	
АЛРОСА ао
27 799	
1 438 796 233	
67,62	
67,03	
66,6	
68,18	
67,48
MOEX	
МосБиржа
21 940	
1 233 230 253	
134,53	
136	
129	
137,08	
134,14
CHMF	
СевСт-ао
20 011	
1 179 247 546	
941,4	
942,4	
932,4	
949,2	
940
MGNT	
Магнит ао
12 067	
1 148 670 070	
4 567	
4 555,5	
4 528	
4 616	
4 585
SNGS	
Сургнфгз
11 880	
1 144 059 304	
35,355	
35,41	
35	
35,91	
35,05
MTSS	
МТС-ао
14 149	
1 032 387 382	
335,3	
336,25	
332,2	
338,25	
333,75
SNGSP	
Сургнфгз-п
14 202	
807 676 735	
36,865	
36,91	
36,7	
37,195	
36,915
IRAO	
ИнтерРАОао
9 764	
770 544 603	
5,3245	
5,31	
5,28	
5,378	
5,315
DSKY	
ДетскийМир
18 345	
755 202 669	
110	
110,5	
109,06	
111,18	
109,06
VTBR	
ВТБ ао
21 258	
738 517 414	
0,03521	
0,034985	
0,034805	
0,0354	
0,03518
NLMK	
НЛМК ао
10 402	
721 491 934	
161,48	
161,5	
160,22	
162,94	
161,14
AFKS	
Система ао
12 101	
694 584 754	
20,639	
20,502	
20,249	
20,939	
20,602
MAGN	
ММК
9 008	
505 334 101	
37,13	
36,895	
36,895	
37,44	
36,975
FEES	
ФСК ЕЭС ао
10 648	
474 371 181	
0,19662	
0,19798	
0,19528	
0,1992	
0,1961
POGR	
Petropavl
7 076	
471 685 589	
35,43	
35,1	
34,59	
35,94	
35
AFLT	
Аэрофлот
11 615	
334 682 307	
81,62	
81,28	
80,6	
82,32	
81,66
TCSG	
TCS-гдр
8 753	
324 164 447	
1 789,4	
1 770,2	
1 721,4	
1 820	
1 794,6
TATNP	
Татнфт 3ап
8 223	
318 149 907	
521,3	
514,5	
512,2	
526,1	
521,5
CBOM	
МКБ ао
9 652	
313 459 062	
5,812	
5,83	
5,773	
5,844	
5,822
HYDR	
РусГидро
9 343	
308 004 211	
0,7274	
0,73	
0,7211	
0,7368	
0,7243
RTKM	
Ростел -ао
9 151	
300 124 619	
97,15	
96,77	
96,62	
97,98	
97,39
FIVE	
FIVE-гдр
5 144	
291 898 253	
2 650	
2 663,5	
2 623	
2 694	
2 655
RUAL	
РУСАЛ ао
8 716	
235 367 538	
31,495	
31	
30,93	
31,9	
31,675
SIBN	
Газпрнефть
4 218	
194 878 726	
313,3	
312,95	
311,2	
315,9	
314
RSTI	
Россети ао
3 998	
189 762 751	
1,4508	
1,4559	
1,4333	
1,4692	
1,4436
UPRO	
Юнипро ао
2 669	
170 663 536	
2,734	
2,745	
2,71	
2,749	
2,73
PHOR	
ФосАгро ао
3 231	
161 328 614	
2 767	
2 749	
2 735	
2 780	
2 766
TRNFP	
Транснф ап
825	
160 973 550	
136 900	
136 350	
136 250	
137 900	
136 300
MVID	
М.видео
4 139	
154 229 424	
566,2	
572,5	
556	
572,7	
562,8
BANEP	
Башнефт ап
4 489	
90 578 858	
1 313	
1 314	
1 302	
1 322	
1 307
LNTA	
Лента др
7 722	
90 167 959	
206,6	
206	
202,7	
209,1	
204,1
LSRG	
ЛСР ао
5 382	
78 236 460	
793,6	
789,4	
783,2	
799,8	
797,4
MTLR	
Мечел ао
4 946	
68 288 100	
63,55	
63,9	
62,95	
64,3	
63,23
OGKB	
ОГК-2 ао
2 608	
65 093 847	
0,7228	
0,7223	
0,7171	
0,7298	
0,7236
PIKK	
ПИК ао
1 948	
59 801 931	
532,9	
530	
528	
536	
533
QIWI	
iQIWI
3 017	
52 333 373	
1 228,5	
1 225	
1 204	
1 248,5	
1 219,5
TGKA	
ТГК-1
3 392	
49 499 942	
0,011252	
0,01128	
0,011182	
0,01135	
0,011202
AGRO	
AGRO-гдр
2 992	
44 826 812	
728,2	
734,6	
720	
735,4	
727,4
ETLN	
ETLN-гдр
2 293	
41 839 808	
113,76	
114,02	
112,4	
114,7	
114,4
UNKL	
ЮУНК ао
2 720	
38 993 810	
7 580	
6 480	
6 270	
8 150	
7 380
MSNG	
+МосЭнерго
1 481	
32 145 438	
2,034	
2,0395	
2,022	
2,0605	
2,022
RTKMP	
Ростел -ап
2 667	
29 064 691	
87,8	
87,6	
87,5	
88,4	
87,7
ISKJ	
iИСКЧ ао
2 605	
27 552 168	
22,26	
20,59	
20,1	
23,3	
22,09
SELG	
Селигдар
1 466	
24 689 872	
44,91	
45,53	
44,32	
45,53	
44,8
ENRU	
ЭнелРос ао
2 113	
24 019 480	
0,908	
0,906	
0,903	
0,912	
0,906
NMTP	
НМТП ао
2 235	
23 442 940	
8,63	
8,605	
8,6	
8,665	
8,655
MTLRP	
Мечел ап
2 455	
22 756 785	
68,55	
68,85	
67,05	
69,6	
68,65
RASP	
Распадская
640	
19 881 846	
111,78	
111,04	
110,92	
112,48	
111,52
LSNGP	
РСетиЛЭ-п
1 187	
17 053 496	
147,75	
148,95	
147,05	
148,95	
148,45
BSPB	
БСП ао
1 354	
16 178 001	
42,54	
43,2	
42,3	
43,2	
42,45
ENPG	
ЭН+ГРУП ао
460	
15 562 720	
661,5	
665,5	
657	
666,5	
659
VSMO	
ВСМПО-АВСМ
390	
15 242 480	
17 500	
17 500	
17 360	
17 660	
17 500
AQUA	
РусАква ао
1 028	
15 133 580	
225,5	
225	
219,5	
229	
227,5
BANE	
Башнефт ао
856	
13 993 738	
1 705,5	
1 712,5	
1 696	
1 723,5	
1 706
LIFE	
iФармсинтз
1 023	
13 547 885	
7,29	
7,24	
7,18	
7,44	
7,31
RNFT	
РуссНфт ао
695	
13 079 554	
423,4	
434,2	
420	
438	
433,6
RSTIP	
Россети ап
881	
12 741 950	
2,016	
2,025	
1,991	
2,05	
2,011
CNTLP	
Телеграф-п
1 227	
11 859 086	
14,84	
15,02	
14,52	
15,18	
14,56
AKRN	
Акрон
419	
11 706 636	
5 928	
5 962	
5 900	
5 978	
5 940
RKKE	
ЭнергияРКК
902	
10 821 390	
8 050	
7 430	
7 410	
8 570	
7 760
MRKP	
МРСК ЦП
733	
10 544 244	
0,2131	
0,2114	
0,2101	
0,2155	
0,2126
BELU	
Белуга ао
274	
9 835 873	
1 302	
1 324	
1 240	
1 324	
1 303
NKNCP	
НКНХ ап
1 296	
9 718 412	
78,8	
78,52	
78,16	
80	
78,54
TRMK	
ТМК ао
393	
9 209 181	
58,54	
58,76	
58,3	
58,8	
58,58
LNZL	
Лензолото
177	
8 585 490	
18 040	
17 970	
17 930	
18 150	
18 030
HIMCP	
Химпром ап
1 290	
8 331 803	
6,8	
6,96	
6,63	
7,1	
6,75
TGKB	
ТГК-2
427	
7 316 200	
0,004265	
0,00411	
0,004065	
0,004365	
0,00435
GCHE	
ЧеркизГ-ао
594	
6 592 144	
1 841	
1 850	
1 828	
1 864	
1 839
MRKC	
МРСК Центр
569	
5 711 106	
0,2876	
0,2892	
0,2858	
0,2902	
0,2866
CNTL	
Телеграф
530	
5 429 660	
17,05	
17,25	
17	
17,25	
17,05
MRKV	
РсетВол ао
752	
5 204 925	
0,0708	
0,07095	
0,0701	
0,0716	
0,0705
KMAZ	
КАМАЗ
693	
4 687 579	
61,3	
61	
60,1	
62,5	
61,6
OBUV	
ОР ао
730	
4 359 823	
34,05	
33,85	
33,65	
34,35	
34,15
SFIN	
САФМАР ао
218	
4 129 304	
528	
524,2	
524,2	
528,8	
528,4
ALNU	
АЛРОСА-Нюр
39	
3 931 000	
55 400	
55 000	
55 000	
56 000	
56 000
SELGP	
Селигдар-п
254	
3 302 705	
35	
35	
34,8	
35,3	
34,9
UNAC	
iАвиастКао
517	
3 133 951	
0,456	
0,463	
0,45	
0,463	
0,453
KRKNP	
СаратНПЗ-п
136	
3 102 820	
15 520	
15 500	
15 460	
15 580	
15 520
MSTT	
Мостотрест
141	
2 996 211	
153,1	
153,15	
151,75	
154	
153,3
MSRS	
РСетиМР ао
220	
2 953 038	
1,1575	
1,17	
1,1405	
1,17	
1,159
IRKT	
ИРКУТ-3
237	
2 575 102	
34,56	
34,6	
34,1	
35,16	
34,14
NSVZ	
НаукаСвяз
274	
2 551 845	
222	
225	
220	
225	
223
DIOD	
ЗаводДИОД
489	
2 381 686	
6,83	
7	
6,68	
7	
6,8
RUGR	
Русгрэйн
1 659	
2 356 959	
9,474	
9,502	
9,21	
9,65	
9,426
LNZLP	
Лензол. ап
177	
2 313 210	
4 510	
4 520	
4 470	
4 550	
4 515
TTLK	
Таттел. ао
189	
2 199 875	
0,3265	
0,324	
0,3215	
0,335	
0,325
FESH	
ДВМП ао
290	
2 014 151	
7,64	
7,79	
7,59	
7,79	
7,6
ABRD	
АбрауДюрсо
301	
2 003 900	
206	
212	
203	
212	
206
KZOS	
ОргСинт ао
206	
1 955 242	
85,8	
85,9	
85,2	
86,7	
85,7
MGTSP	
МГТС-4ап
237	
1 946 192	
1 984	
1 970	
1 970	
2 002	
1 978
ROLO	
Русолово
180	
1 941 246	
6,836	
6,804	
6,798	
6,89	
6,812
BRZL	
БурЗолото
304	
1 901 909	
1 101	
1 115	
1 065	
1 137	
1 100
APTK	
Аптеки36и6
858	
1 871 777	
13,404	
13,476	
13,368	
13,476	
13,414
MFGS	
Мегион-ао
6	
1 829 170	
358,5	
358,5	
358,5	
367,5	
367,5
ALBK	
БестЭфБ ао
266	
1 812 485	
61,5	
63,5	
60	
64	
61
NKHP	
НКХП ао
256	
1 795 170	
263,5	
272	
252,5	
275	
252,5
SVAV	
СОЛЛЕРС
98	
1 673 815	
284	
283,5	
282	
286	
285
CHMK	
ЧМК ао
221	
1 643 075	
2 695	
2 585	
2 560	
2 780	
2 675
NKNC	
НКНХ ао
331	
1 501 827	
90,45	
90,8	
90	
90,8	
90,7
MRKZ	
МРСК СЗ
186	
1 499 253	
0,0492	
0,0496	
0,049	
0,04985	
0,049
ZILL	
ЗИЛ ао
80	
1 242 830	
2 515	
2 535	
2 500	
2 555	
2 515
LSNG	
РСетиЛЭ
217	
1 165 948	
5,82	
5,86	
5,78	
5,89	
5,84
ZVEZ	
ЗВЕЗДА ао
122	
1 129 455	
4,845	
4,86	
4,715	
4,99	
4,955
STSBP	
СтаврЭнСбп
287	
1 105 280	
0,386	
0,3945	
0,3615	
0,395	
0,387
USBN	
УралСиб ао
63	
1 016 730	
0,0683	
0,0684	
0,0678	
0,0687	
0,0682
KUBE	
Кубанэнр
276	
875 472	
75,8	
72,8	
72,8	
78,4	
75
KGKC	
КурганГКао
270	
866 660	
56,5	
54,5	
52,5	
61	
57
MRKU	
МРСК Ур
131	
864 818	
0,1436	
0,1446	
0,1422	
0,1452	
0,144
RBCM	
РБК ао
158	
861 131	
3,28	
3,28	
3,264	
3,314	
3,28
SLEN	
Сахэнер ао
185	
860 591	
6,925	
7,18	
6,785	
7,29	
6,895
YKEN	
Якутскэнрг
70	
829 275	
0,3875	
0,3855	
0,383	
0,3985	
0,39
BLNG	
Белон ао
183	
815 236	
4,232	
4,3	
4,18	
4,398	
4,202
AVAN	
Авангрд-ао
102	
770 515	
840	
845	
820	
855	
830
VRSB	
ТНСэнВорон
82	
762 720	
75,6	
79,2	
72,6	
79,6	
73,4
URKZ	
УрКузница
34	
755 240	
15 420	
15 100	
14 480	
15 800	
15 720
PAZA	
ПавлАвт ао
56	
745 920	
8 570	
8 740	
8 300	
8 740	
8 450
NAUK	
iНПОНаука
109	
735 040	
203	
205	
201,8	
205,4	
202,2
MAGE	
МагадЭн ао
81	
729 350	
5,64	
5,89	
5,54	
5,96	
5,61
TGKBP	
ТГК-2 ап
169	
727 881	
0,00714	
0,00709	
0,00702	
0,00727	
0,00722
VGSB	
ВолгЭнСб
134	
719 960	
3,79	
3,945	
3,66	
4	
3,815
STSB	
СтаврЭнСб
185	
691 686	
0,5475	
0,55	
0,535	
0,5665	
0,5435
GTRK	
ГТМ ао
260	
670 422	
42,95	
42,45	
42,45	
43,9	
42,8
KOGK	
КоршГОК ао
13	
641 200	
45 800	
46 000	
45 600	
46 000	
46 000
TUZA	
ТЗА ао
163	
632 510	
105	
104	
103	
109	
105
MRKY	
РоссЮг ао
108	
613 282	
0,049	
0,0497	
0,0488	
0,04995	
0,0493
SARE	
СаратЭн-ао
189	
596 226	
0,1386	
0,1442	
0,1332	
0,147	
0,1358
TGKD	
Квадра
91	
555 592	
0,00345	
0,003465	
0,00342	
0,003465	
0,003455
VJGZ	
Варьеган
135	
549 983	
618	
631	
598	
642	
610
HALS	
Галс-Девел
98	
540 122	
1 250	
1 268	
1 236	
1 277	
1 238
PRMB	
Приморье
19	
531 200	
28 000	
28 600	
27 400	
28 800	
27 800
KLSB	
КалужскСК
151	
529 753	
12,55	
12,7	
12,4	
12,77	
12,45
MAGEP	
МагадЭн ап
44	
527 840	
6,43	
6,83	
6,25	
6,83	
6,33
KTSBP	
КСБ ап
71	
518 055	
0,2895	
0,3055	
0,281	
0,309	
0,287
YAKG	
ЯТЭК ао
52	
513 025	
42,05	
42,4	
41,35	
42,4	
42,4
MRSB	
МордЭнСб
38	
505 810	
0,401	
0,404	
0,4	
0,405	
0,4
PMSBP	
ПермьЭнС-п
79	
503 256	
130	
130,8	
128,6	
132	
129,2
IRGZ	
ИркЭнерго
85	
499 450	
12,4	
12,32	
12,26	
12,5	
12,42
GAZA	
ГАЗ ао
88	
494 055	
401,5	
406,5	
392,5	
410,5	
404
TASB	
ТамбЭнСб
78	
486 965	
0,396	
0,4125	
0,38	
0,4125	
0,39
CHEP	
ЧТПЗ ао
113	
485 410	
204	
204	
201,5	
205	
205
RGSS	
РГС СК ао
155	
484 060	
0,1466	
0,148	
0,1458	
0,148	
0,1478
RTSB	
ТНСэнРст
61	
481 900	
0,58	
0,605	
0,565	
0,605	
0,57
RLMN	
Роллман
109	
458 700	
18,6	
18,65	
18,45	
18,8	
18,5
INGR	
ИНГРАД ао
63	
445 405	
798	
796	
787	
802	
802
KUZB	
КузнецкийБ
258	
441 033	
0,01544	
0,01568	
0,0152	
0,01568	
0,01539
NFAZ	
Нефтекамск
90	
435 002	
166	
160	
160	
170,8	
165,2
NKSH	
Нижкамшина
49	
431 310	
22,58	
22,58	
22,32	
22,84	
22,42
RTSBP	
ТНСэнРст-п
60	
420 190	
0,546	
0,554	
0,532	
0,565	
0,533
ROSB	
Росбанк ао
48	
416 890	
83,2	
80,4	
79,2	
84,6	
80,4
KBSB	
ТНСэКубань
117	
414 280	
139,5	
140,5	
137,5	
142,5	
138,5
NNSB	
ТНСэнНН ао
54	
410 920	
1 810	
1 890	
1 750	
1 925	
1 770
KRSB	
Красэсб ао
38	
406 186	
6,88	
7,09	
6,64	
7,09	
6,9
UWGN	
ОВК ао
95	
404 780	
228	
228,9	
227,1	
228,9	
227,8
RDRB	
РДБанк ао
79	
399 800	
225	
230	
220	
230	
230
VRSBP	
ТНСэнВор-п
61	
396 050	
46	
46,5	
45	
47	
47
TGKN	
ТГК-14
51	
390 340	
0,00317	
0,0032	
0,00315	
0,0032	
0,00317
BISVP	
БашИнСв ап
122	
380 933	
10,13	
10,47	
10,01	
10,47	
10,08
KTSB	
КСБ ао
96	
356 884	
0,638	
0,69	
0,63	
0,69	
0,634
TASBP	
ТамбЭнСб-п
22	
355 700	
0,3295	
0,321	
0,321	
0,3315	
0,331
RAVN	
Raven
24	
352 875	
29,9	
30	
29,6	
30,1	
29,85
KAZTP	
Куйбазот-п
11	
326 908	
150	
149,2	
149,2	
150	
149,4
KZOSP	
ОргСинт ап
253	
317 656	
11,4	
11,46	
11,29	
11,59	
11,49
KRKOP	
ТКЗКК ап
186	
306 666	
7,925	
8	
7,835	
8	
8
VZRZP	
Возрожд-п
50	
301 438	
307,6	
307	
300,8	
311,8	
310
RLMNP	
Роллман-п
79	
298 967	
18,38	
18,64	
18,04	
18,76	
18,42
JNOSP	
Слав-ЯНОСп
55	
298 556	
14,14	
14,48	
14	
14,5	
14,26
OMZZP	
ОМЗ-ап
56	
298 090	
3 550	
3 620	
3 475	
3 650	
3 480
RUSP	
Русполимет
52	
261 591	
0,6395	
0,64	
0,636	
0,6475	
0,642
ELTZ	
Электрцинк
69	
238 321	
183	
188	
180,5	
188	
180,5
DZRDP	
iДонскЗР п
59	
229 340	
1 780	
1 830	
1 750	
1 830	
1 770
GEMA	
iММЦБ ао
56	
217 959	
592,5	
590,5	
588,5	
594,5	
592,5
AMEZ	
АшинскийМЗ
145	
214 699	
4,665	
4,67	
4,65	
4,68	
4,67
MRKK	
Россети СК
101	
213 744	
24,98	
25,42	
24,6	
25,48	
25,08
SAGO	
СамарЭн-ао
13	
208 800	
0,486	
0,478	
0,478	
0,49	
0,48
MGTS	
МГТС-5ао
33	
203 085	
2 230	
2 235	
2 225	
2 260	
2 230
SAREP	
СаратЭн-ап
67	
184 180	
0,1116	
0,1154	
0,1088	
0,1154	
0,1124
KGKCP	
КурганГКап
58	
173 440	
55	
54	
54	
56	
55,5
VLHZ	
ВХЗ-ао
67	
165 962	
53,9	
54,15	
53,25	
54,45	
54,05
UTAR	
ЮТэйр ао
58	
164 875	
6,99	
7	
6,91	
7,03	
6,99
TORSP	
ТРК ап
15	
161 870	
0,279	
0,2845	
0,2775	
0,285	
0,278
MFGSP	
Мегион-ап
5	
160 000	
320	
320	
320	
320	
320
ROST	
РОСИНТЕРао
22	
159 402	
62	
62,4	
61,6	
62,6	
62,4
EELT	
ЕвроЭлтех
66	
159 306	
7,96	
8	
7,94	
8,08	
7,96
KROT	
КрасОкт-ао
29	
158 705	
378	
382	
374,5	
382	
376
JNOS	
Славн-ЯНОС
29	
156 990	
18,25	
18,4	
18,05	
18,4	
18,2
RTGZ	
ГазпРнД ао
6	
154 800	
25 800	
26 800	
25 100	
27 000	
27 000
DVEC	
ДЭК ао
38	
147 104	
0,919	
0,915	
0,914	
0,924	
0,915
VGSBP	
ВолгЭнСб-п
43	
140 480	
1,925	
1,91	
1,865	
1,985	
1,87
MRKS	
РсетСиб ао
20	
138 755	
0,235	
0,237	
0,2345	
0,237	
0,2345
KRSBP	
Красэсб ап
22	
133 458	
7,14	
7,24	
7,04	
7,24	
7,08
TGKDP	
Квадра-п
65	
133 201	
0,004035	
0,004005	
0,003995	
0,004085	
0,004
PMSB	
ПермьЭнСб
59	
127 670	
133	
134	
130,7	
134,1	
131,9
IGSTP	
Ижсталь ап
12	
121 372	
892	
892	
886	
899	
887
VSYD	
ВыбСудЗ ао
16	
118 945	
3 965	
3 970	
3 950	
4 030	
4 020
CHGZ	
РН-ЗапСиб
20	
116 980	
55,8	
55,6	
55	
56,6	
55
KBTK	
КузбТК ао
28	
112 582	
149,8	
153	
148,2	
153	
150,4
IGST	
Ижсталь2ао
25	
104 611	
978	
981	
974	
996	
988
LPSB	
ЛЭСК ао
38	
104 380	
8,05	
8,15	
7,85	
8,2	
8,05
KAZT	
Куйбазот
31	
103 510	
152,2	
152,8	
150,6	
153	
150,6
VSYDP	
ВыбСудЗ ап
16	
102 220	
3 940	
3 880	
3 880	
3 960	
3 960
SAGOP	
СамарЭн-ап
8	
102 120	
0,408	
0,405	
0,405	
0,412	
0,409
DZRD	
iДонскЗР
38	
100 465	
2 050	
2 060	
2 025	
2 085	
2 085
MGNZ	
СМЗ-ао
14	
97 940	
4 660	
4 680	
4 590	
4 790	
4 790
KROTP	
КрасОкт-1п
16	
93 960	
268,5	
268	
267,5	
274,5	
273,5
YKENP	
Якутскэн-п
16	
93 135	
0,3725	
0,3735	
0,37	
0,376	
0,3705
RZSB	
РязЭнСб
23	
89 118	
9,28	
9,28	
9,24	
9,38	
9,26
YRSBP	
ТНСэнЯр-п
19	
86 310	
86,5	
87	
85,5	
89	
88
ARSA	
Арсагера
12	
85 190	
4,06	
4	
4	
4,11	
4,05
WTCMP	
ЦМТ ап
16	
80 612	
8,14	
8,18	
8,1	
8,22	
8,14
ASSB	
АстрЭнСб
43	
80 270	
0,772	
0,7725	
0,765	
0,778	
0,7655
KMEZ	
КМЗ
55	
80 189	
517,5	
516	
506	
524	
510,5
MISB	
ТНСэнМарЭл
15	
77 950	
12,4	
12,2	
12,2	
12,5	
12,4
CHKZ	
ЧКПЗ ао
14	
77 760	
5 560	
5 640	
5 500	
5 640	
5 520
KRKN	
СаратНПЗ
6	
76 050	
12 700	
12 600	
12 600	
12 750	
12 750
UKUZ	
ЮжКузб. ао
26	
65 520	
528	
526	
524	
530	
530
KCHE	
КамчатЭ ао
18	
62 605	
0,216	
0,216	
0,214	
0,2195	
0,217
MISBP	
ТНСэМаЭл-п
21	
60 350	
11,8	
12,2	
11,7	
12,2	
11,9
TNSE	
ТНСэнрг ао
14	
54 180	
1 005	
1 000	
990	
1 010	
1 010
LVHK	
Левенгук
22	
50 570	
8,03	
8,03	
7,99	
8,13	
8,08
TORS	
ТРК ао
10	
50 240	
0,419	
0,435	
0,411	
0,435	
0,424
VJGZP	
Варьеган-п
10	
42 010	
350	
352	
347	
352	
352
GAZAP	
ГАЗ ап
7	
33 970	
309	
308	
308	
311	
310
WTCM	
ЦМТ ао
14	
25 442	
9,08	
9,14	
9,04	
9,16	
9,12
RUSI	
ИКРУСС-ИНВ
4	
22 810	
38	
38,4	
37,8	
38,4	
38
KCHEP	
КамчатЭ ап
4	
15 540	
0,389	
0,389	
0,388	
0,389	
0,389
NNSBP	
ТНСэнНН ап
11	
14 635	
665	
678	
656	
678	
663
UCSS	
ОКС ао
4	
10 220	
1 460	
1 450	
1 450	
1 470	
1 460
YRSB	
ТНСэнЯр
3	
6 900	
172	
172	
172	
174	
174
KUNF	
КУЗОЦМ ао
0	
0	
-	
-	
-	
-	
-
PRTK	
ПРОТЕК ао
0	
0	
-	
-	
-	
-	
99,6
GAZC	
ГАЗКОН-ао
0	
0	
-	
-	
-	
-	
295
GTSS	
ГЕОТЕК ао
0	
0	
-	
-	
-	
-	
-
NPOF	
Физика ао
0	
0	
-	
-	
-	
-	
11 850
TRCN	
ТрансК ао
0	
0	
-	
-	
-	
-	
8 595
KMTZ	
КосогМЗ ао
0	
0	
-	
-	
-	
-	
-
KZMS	
КЗМС ао
0	
0	
-	
-	
-	
-	
226
TRFM	
ТрансФ ао
0	
0	
-	
-	
-	
-	
-
GAZS	
ГАЗ-сервис
0	
0	
-	
-	
-	
-	
293
HIMC	
Химпром ао
0	
0	
-	
-	
-	
-	
0,99
GAZT	
ГАЗ-Тек ао
0	
0	
-	
-	
-	
-	
85
KSGR	
Кокс ао
0	
0	
-	
-	
-	
-	
-
MOBB	
МосОблБанк
0	
0	
-	
-	
-	
-	
0,698
URKA	
Уркалий-ао
0	
0	
-	
-	
-	
-	
119,04
VZRZ	
Возрожд-ао
0	
0	
-	
-	
-	
-	
480
BISV	
БашИнСв ао
0	
0	
-	
-	
-	
-	
8,7
MFON	
МегаФон ао
0	
0	
-	
-	
-	
-	
650,6
KRKO	
ТКЗКК ао
0	
0	
-	
-	
-	
-	
11,8
MORI	
Морион ао
0	
0	
-	
-	
-	
-	
4,31