GAZP	
ГАЗПРОМ ао
67 311	
7 496 582 200	
189,04	
188,39	
187,3	
190,39	
190
LKOH	
ЛУКОЙЛ
41 445	
7 062 591 075	
4 937	
4 950	
4 880	
4 985	
4 975
SBER	
Сбербанк
50 142	
6 913 652 876	
195,08	
195,51	
194	
196,46	
194,75
ROSN	
Роснефть
36 867	
4 753 641 980	
340,15	
337	
334	
343,55	
342,5
GMKN	
ГМКНорНик
15 783	
2 928 710 122	
20 160	
20 300	
19 958	
20 452	
20 034
MGNT	
Магнит ао
30 296	
2 461 045 626	
3 718	
3 780	
3 664,5	
3 824,5	
3 702
TATN	
Татнфт 3ао
23 259	
2 064 297 738	
554	
556,6	
547,6	
563,4	
551,6
NVTK	
Новатэк ао
23 538	
1 552 859 826	
1 056,2	
1 044,6	
1 041,6	
1 076	
1 059,8
SNGS	
Сургнфгз
12 729	
1 404 887 826	
36,87	
36,98	
36,48	
37,315	
36,845
PLZL	
Полюс
12 694	
1 326 968 346	
11 889	
11 950	
11 805	
12 040	
11 832
MOEX	
МосБиржа
25 545	
1 165 880 226	
120,59	
121,1	
119,85	
121,59	
120,99
VTBR	
ВТБ ао
25 087	
1 060 435 682	
0,03538	
0,035265	
0,03516	
0,035655	
0,035475
SBERP	
Сбербанк-п
17 481	
1 008 461 683	
178,23	
177,61	
177,4	
179,18	
178,49
YNDX	
Yandex clA
15 838	
1 007 709 704	
2 851,4	
2 849	
2 831	
2 876,8	
2 842,2
ALRS	
АЛРОСА ао
19 067	
927 713 305	
62,71	
63,15	
62,21	
63,34	
62,79
POLY	
Polymetal
14 379	
889 577 930	
1 532,1	
1 520,6	
1 517,3	
1 543,7	
1 543,2
TATNP	
Татнфт 3ап
10 393	
644 952 977	
513,8	
517,1	
508	
523,4	
515
IRAO	
ИнтерРАОао
10 934	
624 561 991	
4,967	
4,98	
4,935	
5,017	
4,939
SIBN	
Газпрнефть
8 654	
576 467 549	
333,5	
335,5	
331,15	
336,95	
334,15
MTSS	
МТС-ао
8 663	
565 791 993	
319,35	
318,05	
317,35	
321,05	
320,4
AFLT	
Аэрофлот
13 107	
480 282 073	
75,42	
75	
74,52	
75,88	
75,7
CHMF	
СевСт-ао
11 622	
473 748 959	
873,8	
876,4	
870,4	
880,8	
873,2
NLMK	
НЛМК ао
6 692	
407 251 482	
125,3	
125,98	
124,7	
126,4	
125,08
SNGSP	
Сургнфгз-п
6 617	
335 851 117	
36,26	
36,53	
36,05	
36,6	
36,155
TRNFP	
Транснф ап
1 439	
335 849 750	
137 050	
137 300	
136 300	
138 000	
136 500
MAGN	
ММК
5 825	
333 216 993	
39,55	
39,7	
39,255	
40	
39,5
HYDR	
РусГидро
8 683	
284 437 553	
0,6371	
0,642	
0,6325	
0,6427	
0,6388
UPRO	
Юнипро ао
5 809	
279 198 036	
2,833	
2,817	
2,781	
2,865	
2,861
FIVE	
FIVE-гдр
5 343	
275 485 373	
2 200,5	
2 222	
2 182	
2 237	
2 184,5
RUAL	
RUSAL plc
8 607	
273 562 246	
26,31	
26,35	
26,075	
26,53	
26,43
RTKM	
Ростел -ао
7 654	
254 108 606	
82,62	
82,69	
81,6	
83,85	
82,42
CBOM	
МКБ ао
16 892	
246 797 480	
5,434	
5,411	
5,39	
5,476	
5,412
AFKS	
Система ао
6 529	
246 018 146	
14,399	
14,364	
14,259	
14,559	
14,489
FEES	
ФСК ЕЭС ао
7 982	
242 346 204	
0,18412	
0,1853	
0,18216	
0,1865	
0,183
RSTI	
Россети ао
5 917	
205 103 298	
1,2928	
1,3	
1,2812	
1,3088	
1,288
DSKY	
ДетскийМир
10 474	
204 157 561	
87,2	
86,98	
86,7	
88	
87,22
TCSG	
TCS-гдр
5 196	
164 708 141	
1 025,2	
1 030	
1 013,4	
1 037,8	
1 024
PHOR	
ФосАгро ао
4 103	
154 360 296	
2 739	
2 765	
2 712	
2 793	
2 742
OGKB	
ОГК-2 ао
8 652	
152 274 481	
0,6398	
0,6307	
0,6307	
0,6483	
0,648
MTLR	
Мечел ао
9 396	
122 790 297	
64,48	
65,07	
63,95	
65,33	
64,34
LSRG	
ЛСР ао
5 125	
93 758 859	
611,6	
615	
606	
615	
613,6
BANEP	
Башнефт ап
2 688	
89 827 700	
1 412	
1 417,5	
1 397	
1 421,5	
1 420
TGKA	
ТГК-1
4 467	
72 311 636	
0,011808	
0,01174	
0,011724	
0,011878	
0,01185
TGKB	
ТГК-2
2 968	
70 013 460	
0,004725	
0,0045	
0,00445	
0,004935	
0,00491
TRMK	
ТМК ао
3 397	
69 672 857	
56,98	
56,84	
56,7	
57,18	
56,9
RASP	
Распадская
1 269	
52 618 274	
105,66	
105,3	
104,88	
106,84	
105,96
LNTA	
Лента др
4 634	
49 999 022	
157,5	
156,6	
155,4	
159,2	
157,7
YAKG	
ЯТЭК ао
2 433	
43 927 465	
48,45	
43,5	
42,85	
53,5	
46,9
RSTIP	
Россети ап
2 084	
42 684 064	
1,668	
1,616	
1,586	
1,719	
1,705
AGRO	
AGRO-гдр
2 653	
38 676 813	
614	
624,8	
592,4	
625	
620,8
ISKJ	
iИСКЧ ао
3 248	
37 295 011	
33,48	
35,47	
32	
35,47	
33,15
QIWI	
iQIWI
2 299	
37 002 094	
934	
934,5	
925	
945	
935,5
PIKK	
ПИК ао
2 157	
33 424 825	
391,1	
392,4	
389,7	
392,5	
390,6
NKNCP	
НКНХ ап
2 382	
27 296 510	
75,36	
75,6	
74,9	
76,34	
75
SZPR	
СЗПароход
5 661	
27 121 504	
1 106	
1 158	
880	
1 402	
938
MTLRP	
Мечел ап
1 369	
24 719 065	
72,95	
72,6	
72,5	
73,75	
72,5
APTK	
Аптеки36и6
8 161	
24 510 520	
14,026	
14,016	
13,814	
14,24	
14
MVID	
М.видео
927	
21 962 513	
362,3	
362	
358,2	
364,6	
362,4
RLMN	
Роллман
4 324	
19 750 814	
21,15	
18,45	
18,2	
23,2	
22,9
NMTP	
НМТП ао
1 329	
18 232 234	
8,615	
8,63	
8,545	
8,66	
8,63
KRKNP	
СаратНПЗ-п
356	
17 767 400	
16 280	
16 140	
16 140	
16 380	
16 320
RTKMP	
Ростел -ап
1 224	
16 140 873	
71,8	
71,45	
71,15	
72,1	
71,7
BANE	
Башнефт ао
1 165	
16 136 773	
1 745,5	
1 750	
1 726	
1 774,5	
1 751,5
ENRU	
ЭнелРос ао
1 033	
15 850 462	
0,925	
0,922	
0,9205	
0,93	
0,924
ETLN	
ETLN-гдр
1 638	
15 598 374	
84,4	
83,8	
83,8	
85,24	
84,28
IRKT	
ИРКУТ-3
1 049	
15 092 970	
31,1	
29,36	
28,7	
32,78	
31,1
TGKBP	
ТГК-2 ап
760	
14 917 090	
0,00778	
0,00766	
0,00752	
0,00816	
0,0078
MSNG	
+МосЭнерго
883	
14 824 154	
1,964	
1,975	
1,9505	
1,983	
1,96
KZOS	
ОргСинт ао
1 037	
13 270 814	
92	
90,3	
89	
93,3	
92,4
AKRN	
Акрон
438	
12 600 066	
5 840	
5 870	
5 794	
5 888	
5 850
BSPB	
БСП ао
2 434	
12 314 190	
41,32	
41,02	
41,01	
42,39	
41,08
GCHE	
ЧеркизГ-ао
707	
9 854 215	
1 708,5	
1 690	
1 689,5	
1 720,5	
1 718
TTLK	
Таттел. ао
602	
9 358 695	
0,335	
0,3325	
0,3325	
0,338	
0,338
NKNC	
НКНХ ао
874	
7 370 006	
93,35	
92,4	
91,65	
95,35	
92,65
MRKP	
МРСК ЦП
433	
7 012 145	
0,1725	
0,1716	
0,1704	
0,1738	
0,1738
FESH	
ДВМП ао
604	
6 316 415	
6,45	
6,31	
6,3	
6,6	
6,54
WTCMP	
ЦМТ ап
688	
6 277 018	
9,12	
10	
7,1	
10,02	
9,68
OBUV	
ОР ао
1 054	
5 881 627	
30,25	
30,45	
30,05	
30,45	
30,2
SELG	
Селигдар
523	
5 595 943	
21,48	
21,6	
21,02	
21,87	
21,82
GEMA	
iММЦБ ао
704	
5 370 473	
678	
709	
668	
709	
680,5
RNFT	
РуссНфт ао
1 679	
5 116 098	
418,4	
418,6	
416,4	
420	
420
VSMO	
ВСМПО-АВСМ
146	
5 018 220	
18 380	
18 400	
18 220	
18 520	
18 400
MRKV	
МРСКВол
591	
5 008 531	
0,0661	
0,06575	
0,06575	
0,0665	
0,0659
SFIN	
САФМАР ао
594	
4 890 562	
434	
430	
430	
435,8	
430,4
MGTSP	
МГТС-4ап
308	
4 449 552	
2 364	
2 344	
2 300	
2 388	
2 382
ENPG	
ЭН+ГРУП ао
113	
4 349 783	
650,5	
664,5	
648	
664,5	
648
MSRS	
МОЭСК
374	
3 841 767	
1,0025	
1,0085	
0,997	
1,0205	
1,002
LIFE	
iФармсинтз
382	
3 520 561	
8,24	
8,36	
8,17	
8,36	
8,235
SVAV	
СОЛЛЕРС
154	
3 471 580	
259,5	
259,5	
257	
262	
257
VSYD	
ВыбСудЗ ао
371	
3 454 985	
4 535	
4 995	
3 680	
4 995	
4 455
RLMNP	
Роллман-п
1 339	
3 125 609	
21,52	
20,12	
19,6	
22,52	
21,84
BRZL	
БурЗолото
426	
3 113 409	
854	
858	
830	
890	
844
BELU	
Белуга ао
287	
3 053 502	
1 470	
1 498	
1 450	
1 499	
1 458
TGKN	
ТГК-14
167	
2 669 300	
0,00337	
0,00327	
0,00327	
0,00342	
0,00337
LNZL	
Лензолото
134	
2 609 270	
8 470	
8 590	
8 360	
8 590	
8 490
CHMK	
ЧМК ао
254	
2 521 275	
2 215	
2 250	
2 155	
2 250	
2 200
RBCM	
РБК ао
329	
2 466 252	
3,11	
3,13	
3,08	
3,168	
3,116
RZSB	
РязЭнСб
172	
2 252 580	
7,34	
6,84	
6,82	
7,94	
7,34
AMEZ	
АшинскийМЗ
320	
2 216 851	
4,05	
4,09	
4,025	
4,11	
4,03
UNAC	
iАвиастКао
234	
2 113 919	
0,5015	
0,492	
0,4915	
0,5115	
0,5015
WTCM	
ЦМТ ао
257	
2 108 976	
9,76	
10,4	
9,04	
10,4	
9,74
RUGR	
Русгрэйн
1 641	
2 066 773	
7,728	
7,8	
7,65	
7,888	
7,73
MRKC	
МРСК Центр
358	
2 033 878	
0,2456	
0,243	
0,243	
0,2468	
0,2468
MAGEP	
МагадЭн ап
190	
1 996 180	
5,145	
5,19	
4,73	
5,8	
5,09
MAGE	
МагадЭн ао
104	
1 863 830	
4,87	
4,73	
4,72	
5,07	
4,85
TGKD	
Квадра
281	
1 862 723	
0,003155	
0,00305	
0,00305	
0,003255	
0,003205
CNTLP	
Телеграф-п
286	
1 791 534	
18,06	
18,08	
17,98	
18,34	
18,12
GTRK	
ГТМ ао
367	
1 553 163	
43	
43,85	
42,65	
43,85	
42,85
VSYDP	
ВыбСудЗ ап
149	
1 522 180	
5 120	
5 580	
4 460	
5 580	
4 820
KMAZ	
КАМАЗ
298	
1 399 099	
55,9	
55,4	
55,1	
56,5	
56
IRGZ	
ИркЭнерго
199	
1 367 214	
12,24	
12,26	
12,06	
12,46	
12,28
PRTK	
ПРОТЕК ао
140	
1 300 191	
97,2	
97,8	
96,1	
98,5	
98,5
TASB	
ТамбЭнСб
194	
1 227 925	
0,2905	
0,305	
0,283	
0,305	
0,295
AQUA	
РусАква ао
146	
1 226 460	
195	
194,5	
193	
196	
195
DIOD	
ЗаводДИОД
216	
1 209 635	
6,02	
6,05	
5,99	
6,08	
6,02
KMEZ	
КМЗ
347	
1 204 848	
489,5	
467,5	
460	
505	
488
USBN	
УралСиб ао
139	
1 177 707	
0,0702	
0,0714	
0,0697	
0,0714	
0,0705
TGKDP	
Квадра-п
264	
1 114 108	
0,00432	
0,004585	
0,00377	
0,0046	
0,0044
MRKU	
МРСК Ур
113	
1 054 108	
0,1496	
0,1472	
0,144	
0,152	
0,149
RGSS	
РГС СК ао
184	
1 022 184	
0,1492	
0,1468	
0,1468	
0,1506	
0,1494
SELGP	
Селигдар-п
92	
1 017 660	
27,6	
27,7	
27,4	
27,7	
27,55
ZILL	
ЗИЛ ао
89	
998 940	
1 320	
1 295	
1 290	
1 350	
1 335
MSTT	
Мостотрест
97	
928 474	
154	
154,75	
153,7	
154,75	
154,1
PAZA	
ПавлАвт ао
76	
831 960	
8 240	
8 140	
8 050	
8 490	
8 150
PMSBP	
ПермьЭнС-п
118	
806 246	
132	
131,2	
131	
133,2	
132,4
NFAZ	
Нефтекамск
116	
787 148	
147,8	
143,8	
143,8	
152	
148
DVEC	
ДЭК ао
158	
771 242	
0,841	
0,82	
0,82	
0,864	
0,845
KAZT	
Куйбазот
103	
760 084	
138,8	
143	
137	
143	
139,4
TASBP	
ТамбЭнСб-п
144	
727 045	
0,2195	
0,246	
0,2025	
0,2565	
0,2235
UNKL	
ЮУНК ао
80	
689 990	
3 470	
3 400	
3 380	
3 560	
3 470
TRCN	
ТрансК ао
21	
686 755	
8 175	
8 240	
8 160	
8 240	
8 170
LNZLP	
Лензол. ап
61	
669 335	
3 720	
3 725	
3 685	
3 730	
3 715
DASB	
ДагСб ао
195	
654 958	
0,0969	
0,0965	
0,0946	
0,0998	
0,0977
KUBE	
Кубанэнр
112	
645 403	
63,2	
63,8	
62	
64,5	
64
VRSB	
ТНСэнВорон
81	
644 080	
49,2	
50	
48,2	
50	
49,8
KRSB	
Красэсб ао
23	
604 080	
6,29	
6,34	
6,25	
6,35	
6,27
STSBP	
СтаврЭнСбп
40	
590 074	
0,284	
0,2855	
0,283	
0,289	
0,288
RTSBP	
ТНСэнРст-п
24	
554 140	
0,273	
0,241	
0,241	
0,28	
0,261
KZOSP	
ОргСинт ап
520	
546 721	
12,84	
12,9	
12,7	
13,1	
12,82
MRKZ	
МРСК СЗ
185	
528 485	
0,0491	
0,0485	
0,0485	
0,0494	
0,04905
ALNU	
АЛРОСА-Нюр
11	
527 800	
48 000	
47 800	
47 600	
48 600	
48 000
TUZA	
ТЗА ао
108	
526 190	
96	
98	
94	
98	
96
KRKOP	
ТКЗКК ап
185	
474 127	
5,275	
5,585	
5,175	
5,59	
5,24
NSVZ	
НаукаСвяз
58	
441 730	
223	
222,5	
220	
237,5	
220
ABRD	
АбрауДюрсо
109	
405 360	
131,5	
131,5	
130,5	
133	
132
RUSP	
Русполимет
30	
382 235	
0,637	
0,6335	
0,633	
0,644	
0,636
RAVN	
Raven
14	
361 040	
32,25	
32,25	
31,85	
32,35	
32,35
CHEP	
ЧТПЗ ао
52	
338 665	
194,5	
194,5	
193,5	
195,5	
195,5
ROLO	
Русолово
53	
330 832	
3,848	
3,89	
3,786	
3,898	
3,798
KLSB	
КалужскСК
103	
314 789	
10,89	
10,55	
10,55	
11,19	
10,89
ELTZ	
Электрцинк
119	
310 963	
163,5	
168,5	
158	
168,5	
165
JNOS	
Славн-ЯНОС
25	
310 730	
18,4	
18,05	
18,05	
18,5	
18,35
KRSBP	
Красэсб ап
23	
307 400	
6,4	
6,38	
6,24	
6,5	
6,36
PMSB	
ПермьЭнСб
81	
304 122	
132,8	
129,2	
129,2	
134,8	
133
CNTL	
Телеграф
59	
293 955	
22,25	
22,25	
22,1	
22,8	
22,25
VLHZ	
ВХЗ-ао
52	
288 118	
48,9	
49,25	
48,4	
49,25	
48,95
VRSBP	
ТНСэнВор-п
41	
277 050	
37	
37	
36	
38	
36,5
KAZTP	
Куйбазот-п
73	
261 892	
140	
141,4	
137	
142,8	
141,4
UWGN	
ОВК ао
93	
254 999	
242,9	
241,4	
240,5	
246,4	
243,9
MRKS	
МРСКСиб
26	
252 600	
0,2215	
0,2215	
0,2195	
0,223	
0,2215
HALS	
Галс-Девел
35	
248 047	
738	
741	
730	
741	
740
LVHK	
Левенгук
79	
247 973	
8,16	
8,11	
8,07	
8,33	
8,15
MFGS	
Мегион-ао
40	
241 480	
350	
358,5	
340,5	
363	
350
HIMCP	
Химпром ап
90	
237 889	
5,93	
5,87	
5,86	
5,98	
5,98
MOBB	
МосОблБанк
80	
236 176	
2,418	
2,386	
2,374	
2,48	
2,386
LPSB	
ЛЭСК ао
109	
234 500	
7,8	
7,85	
7,6	
8,05	
8
YKENP	
Якутскэн-п
29	
221 805	
0,3215	
0,335	
0,315	
0,335	
0,3265
SLEN	
Сахэнер ао
34	
219 994	
4,105	
4,035	
4,005	
4,115	
4,115
ASSB	
АстрЭнСб
90	
212 241	
0,619	
0,6175	
0,614	
0,627	
0,615
VZRZP	
Возрожд-п
56	
207 304	
288	
286	
285	
291,8	
287,6
MRKY	
РоссЮг ао
54	
190 640	
0,0507	
0,05005	
0,05005	
0,05115	
0,05065
MGTS	
МГТС-5ао
34	
187 770	
2 570	
2 580	
2 545	
2 580	
2 575
MGNZ	
СМЗ-ао
15	
185 380	
4 210	
4 130	
4 130	
4 270	
4 230
MFGSP	
Мегион-ап
32	
182 700	
309,5	
307,5	
305	
321	
321
KRKN	
СаратНПЗ
11	
181 800	
12 100	
12 050	
12 050	
12 200	
12 100
KOGK	
КоршГОК ао
4	
179 800	
45 000	
46 000	
44 200	
46 000	
44 600
ARSA	
Арсагера
37	
176 800	
3,34	
3,34	
3,27	
3,43	
3,27
UTAR	
ЮТэйр ао
38	
169 974	
6,44	
6,38	
6,37	
6,49	
6,45
GAZA	
ГАЗ ао
22	
150 685	
386,5	
379	
379	
389	
386
NKHP	
НКХП ао
38	
138 165	
234	
233,5	
233	
235,5	
234
RDRB	
РДБанк ао
28	
137 050	
255	
260	
240	
265	
255
BISVP	
БашИнСв ап
45	
134 978	
6,89	
6,76	
6,76	
6,99	
6,87
NAUK	
iНПОНаука
61	
120 480	
174,6	
173,4	
172,6	
178,4	
175,8
KTSB	
КСБ ао
55	
119 090	
0,508	
0,514	
0,48	
0,54	
0,494
URKZ	
УрКузница
9	
111 900	
10 180	
10 120	
10 100	
10 240	
10 240
KTSBP	
КСБ ап
13	
99 705	
0,2375	
0,237	
0,229	
0,246	
0,246
BLNG	
Белон ао
21	
99 510	
4,014	
4,068	
3,998	
4,07	
4,01
VJGZP	
Варьеган-п
16	
95 320	
329	
332	
326	
332	
331
UCSS	
ОКС ао
20	
86 460	
1 440	
1 440	
1 430	
1 450	
1 440
KUZB	
КузнецкийБ
119	
86 106	
0,0164	
0,01656	
0,0163	
0,01656	
0,01645
ALBK	
БестЭфБ ао
14	
85 100	
53	
53	
52,5	
54	
53,5
MISBP	
ТНСэМаЭл-п
26	
83 080	
9,4	
9,4	
9,2	
9,6	
9,4
STSB	
СтаврЭнСб
15	
81 656	
0,3445	
0,3465	
0,343	
0,35	
0,3475
KBTK	
КузбТК ао
18	
79 172	
158,4	
157	
156,2	
160	
158,6
KROT	
КрасОкт-ао
15	
78 470	
327	
324	
324	
328,5	
324,5
KCHEP	
КамчатЭ ап
13	
75 720	
0,344	
0,341	
0,341	
0,35	
0,349
KCHE	
КамчатЭ ао
30	
75 530	
0,184	
0,187	
0,1785	
0,19	
0,1825
YKEN	
Якутскэнрг
13	
73 755	
0,351	
0,3535	
0,3445	
0,3595	
0,345
RKKE	
ЭнергияРКК
12	
68 310	
4 880	
4 860	
4 830	
4 940	
4 910
SAGOP	
СамарЭн-ап
15	
67 990	
0,378	
0,377	
0,375	
0,382	
0,381
ZVEZ	
ЗВЕЗДА ао
11	
66 090	
4,405	
4,4	
4,4	
4,475	
4,4
KROTP	
КрасОкт-1п
15	
63 870	
228	
220,5	
220,5	
237,5	
230
AVAN	
Авангрд-ао
26	
59 825	
800	
795	
785	
810	
810
IGST	
Ижсталь2ао
28	
58 016	
866	
830	
830	
888	
880
GAZAP	
ГАЗ ап
7	
56 070	
330	
324,5	
324,5	
336,5	
330
SARE	
СаратЭн-ао
19	
55 688	
0,1136	
0,1148	
0,1116	
0,115	
0,112
JNOSP	
Слав-ЯНОСп
18	
49 816	
13,84	
13,94	
13,74	
14	
13,88
TORS	
ТРК ао
9	
49 450	
0,353	
0,355	
0,35	
0,355	
0,353
TORSP	
ТРК ап
12	
45 835	
0,2545	
0,2555	
0,254	
0,2575	
0,254
VGSBP	
ВолгЭнСб-п
17	
45 045	
1,025	
1,055	
1,01	
1,06	
1,01
ROST	
РОСИНТЕРао
15	
45 024	
58,6	
58,2	
58	
58,8	
58,6
MRKK	
Россети СК
45	
41 494	
26,26	
26,4	
26,12	
26,54	
26,42
CHGZ	
РН-ЗапСиб
9	
35 920	
32,8	
31,8	
31,6	
34	
33,8
UKUZ	
ЮжКузб. ао
15	
32 670	
504	
504	
500	
504	
504
VJGZ	
Варьеган
8	
32 484	
613	
613	
610	
619	
619
SAREP	
СаратЭн-ап
9	
27 506	
0,086	
0,0852	
0,0852	
0,0864	
0,086
OMZZP	
ОМЗ-ап
6	
23 925	
3 420	
3 415	
3 405	
3 445	
3 425
MISB	
ТНСэнМарЭл
7	
23 040	
11	
11	
10,9	
11,1	
10,9
INGR	
ИНГРАД ао
8	
22 904	
763	
763	
763	
765	
764
KGKCP	
КурганГКап
7	
21 905	
53,5	
53,5	
53	
53,5	
53
RUSI	
ИКРУСС-ИНВ
4	
20 220	
40,4	
40,9	
40	
40,9	
40,8
RTSB	
ТНСэнРст
5	
19 250	
0,32	
0,32	
0,32	
0,325	
0,32
KBSB	
ТНСэКубань
11	
18 650	
133	
132	
132	
136	
135
PRMB	
Приморье
1	
17 400	
17 400	
17 400	
17 400	
17 400	
17 400
NKSH	
Нижкамшина
4	
16 006	
22,86	
22,52	
22,52	
23,26	
22,94
IGSTP	
Ижсталь ап
8	
13 458	
708	
707	
706	
717	
706
DZRDP	
iДонскЗР п
8	
13 110	
1 640	
1 640	
1 630	
1 650	
1 650
KGKC	
КурганГКао
10	
12 610	
53	
52	
52	
53	
53
SAGO	
СамарЭн-ао
3	
11 940	
0,398	
0,396	
0,396	
0,4	
0,4
YRSB	
ТНСэнЯр
1	
11 200	
160	
160	
160	
160	
160
ROSB	
Росбанк ао
11	
10 096	
72,2	
72	
71,2	
72,4	
71,8
NNSB	
ТНСэнНН ао
5	
9 865	
1 235	
1 225	
1 225	
1 270	
1 270
NNSBP	
ТНСэнНН ап
3	
8 467	
529	
530	
529	
530	
529
VGSB	
ВолгЭнСб
4	
7 445	
1,49	
1,445	
1,445	
1,535	
1,505
DZRD	
iДонскЗР
3	
6 535	
2 180	
2 155	
2 155	
2 195	
2 190
TNSE	
ТНСэнрг ао
2	
1 980	
990	
990	
990	
990	
990
YRSBP	
ТНСэнЯр-п
2	
1 625	
81,5	
81	
81	
81,5	
81,5
BISV	
БашИнСв ао
0	
0	
-	
-	
-	
-	
8,7
CHKZ	
ЧКПЗ ао
0	
0	
-	
-	
-	
-	
5 080
GAZC	
ГАЗКОН-ао
0	
0	
-	
-	
-	
-	
295
GAZS	
ГАЗ-сервис
0	
0	
-	
-	
-	
-	
293
GAZT	
ГАЗ-Тек ао
0	
0	
-	
-	
-	
-	
85
GTSS	
ГЕОТЕК ао
0	
0	
-	
-	
-	
-	
-
HIMC	
Химпром ао
0	
0	
-	
-	
-	
-	
0,99
KMTZ	
КосогМЗ ао
0	
0	
-	
-	
-	
-	
-
KRKO	
ТКЗКК ао
0	
0	
-	
-	
-	
-	
11,8
KSGR	
Кокс ао
0	
0	
-	
-	
-	
-	
-
KUNF	
КУЗОЦМ ао
0	
0	
-	
-	
-	
-	
-
KZMS	
КЗМС ао
0	
0	
-	
-	
-	
-	
226
LSNG	
Ленэнерго
0	
0	
-	
-	
-	
-	
5,66
LSNGP	
Ленэнерг-п
0	
0	
-	
-	
-	
-	
119,95
MFON	
МегаФон ао
0	
0	
-	
-	
-	
-	
650,6
MORI	
Морион ао
0	
0	
-	
-	
-	
-	
4,31
MRSB	
МордЭнСб
0	
0	
-	
-	
-	
-	
0,35
NPOF	
Физика ао
0	
0	
-	
-	
-	
-	
11 850
RTGZ	
ГазпРнД ао
0	
0	
-	
-	
-	
-	
22 000
TRFM	
ТрансФ ао
0	
0	
-	
-	
-	
-	
-
URKA	
Уркалий-ао
0	
0	
-	
-	
-	
-	
119,04
VZRZ	
Возрожд-ао
0	
0	
-	
-	
-	
-	
480