GMKN	
ГМКНорНик
112 785	
24 631 862 016	
20 426	
20 100	
19 950	
20 816	
20 400
SBER	
Сбербанк
93 133	
19 225 352 020	
216,87	
215,13	
213,6	
219,93	
219,1
GAZP	
ГАЗПРОМ ао
55 502	
9 103 399 503	
203,04	
202,69	
201,51	
204,84	
203,05
LKOH	
ЛУКОЙЛ
34 275	
6 683 616 591	
5 479	
5 475	
5 434	
5 511,5	
5 460
ROSN	
Роснефть
29 233	
4 615 612 701	
397,9	
394,5	
393	
402	
401,95
PLZL	
Полюс
33 660	
3 230 213 307	
10 373	
10 618	
10 150,5	
10 620,5	
10 246
AFLT	
Аэрофлот
47 350	
3 099 318 675	
87,9	
86,5	
85,64	
89,88	
89,8
TATN	
Татнфт 3ао
29 213	
2 679 734 306	
568	
565	
561,1	
574	
569,9
ALRS	
АЛРОСА ао
39 526	
2 208 230 530	
65,58	
66,9	
64,73	
67,2	
65,05
MTSS	
МТС-ао
20 570	
2 196 883 411	
325,6	
323,95	
321,7	
328,55	
326,25
SBERP	
Сбербанк-п
24 451	
2 097 682 460	
197,85	
195	
194,77	
200,65	
200,3
NVTK	
Новатэк ао
17 876	
2 042 099 370	
1 087,2	
1 073	
1 064	
1 101,2	
1 086,4
POLY	
Polymetal
30 755	
1 607 683 092	
1 247,3	
1 294	
1 211,6	
1 301,7	
1 235
SNGS	
Сургнфгз
13 310	
1 572 971 700	
40,2	
40,1	
39,935	
40,415	
40,335
SNGSP	
Сургнфгз-п
22 063	
1 439 161 839	
34,255	
34,58	
34	
34,7	
34,595
NLMK	
НЛМК ао
15 593	
1 252 315 852	
141,28	
138,88	
138,22	
144,16	
142
HYDR	
РусГидро
24 646	
1 231 635 149	
0,7303	
0,7261	
0,7167	
0,7424	
0,7414
YNDX	
Yandex clA
15 726	
1 222 768 235	
2 876	
2 871	
2 850	
2 911,8	
2 884
VTBR	
ВТБ ао
28 177	
1 178 618 730	
0,037455	
0,03731	
0,03719	
0,037675	
0,037595
MGNT	
Магнит ао
12 419	
1 153 368 632	
3 838,5	
3 840	
3 815	
3 867	
3 846
SIBN	
Газпрнефть
16 949	
1 115 823 789	
349,9	
350	
346,05	
353,45	
351,75
MOEX	
МосБиржа
18 144	
998 306 415	
118,22	
118,75	
117,3	
118,95	
118,28
RSTI	
Россети ао
15 459	
785 399 365	
1,6248	
1,612	
1,5926	
1,657	
1,611
AFKS	
Система ао
19 508	
776 551 564	
16,976	
17,3	
16,725	
17,343	
16,941
TATNP	
Татнфт 3ап
11 260	
761 216 040	
548,3	
544,5	
541,4	
552,1	
550,8
IRAO	
ИнтерРАОао
8 542	
663 771 407	
5,0225	
4,9985	
4,95	
5,059	
5,045
CHMF	
СевСт-ао
11 970	
660 801 542	
948	
945,6	
942,4	
951,8	
949
TRNFP	
Транснф ап
2 324	
644 371 150	
138 600	
139 000	
137 600	
139 700	
139 000
FIVE	
FIVE-гдр
9 536	
615 497 098	
2 120,5	
2 137	
2 093,5	
2 154	
2 126
MTLR	
Мечел ао
32 829	
490 065 688	
70,56	
71,48	
68,68	
73,39	
70,64
TRMK	
ТМК ао
2 073	
465 668 596	
59,66	
59,4	
59,4	
59,8	
59,8
RUAL	
РУСАЛ ао
21 597	
452 159 901	
27,465	
27,2	
26,93	
27,8	
27,65
FEES	
ФСК ЕЭС ао
10 494	
409 160 991	
0,18398	
0,1837	
0,183	
0,18544	
0,1838
CBOM	
МКБ ао
10 429	
376 653 723	
5,479	
5,471	
5,45	
5,522	
5,491
PHOR	
ФосАгро ао
5 371	
374 833 631	
2 804	
2 816	
2 782	
2 839	
2 818
DSKY	
ДетскийМир
12 568	
302 112 611	
100,88	
101,98	
100	
102	
100,94
MVID	
М.видео
8 195	
257 391 882	
401	
393,9	
386,3	
409,4	
408
MAGN	
ММК
3 578	
210 170 641	
42,62	
42,625	
42,27	
42,995	
42,505
TCSG	
TCS-гдр
7 129	
193 175 652	
1 219	
1 217	
1 206	
1 229	
1 222,4
RTKM	
Ростел -ао
4 868	
167 890 789	
84,61	
85	
84,02	
85,11	
84,9
LSRG	
ЛСР ао
9 019	
155 909 510	
647,6	
635	
635	
654,8	
647,8
LNTA	
Лента др
9 455	
154 674 756	
166,2	
164,3	
163,4	
168,6	
167,4
UPRO	
Юнипро ао
2 976	
145 589 288	
2,786	
2,78	
2,772	
2,798	
2,778
TGKA	
ТГК-1
6 107	
141 626 995	
0,013028	
0,013036	
0,0129	
0,013158	
0,013
OGKB	
ОГК-2 ао
4 931	
128 418 701	
0,7121	
0,7035	
0,7035	
0,7246	
0,7219
AKRN	
Акрон
2 809	
124 873 102	
5 954	
5 954	
5 872	
6 016	
5 900
KRKNP	
СаратНПЗ-п
2 745	
121 171 980	
19 340	
19 100	
19 100	
19 600	
19 300
BANEP	
Башнефт ап
3 978	
111 824 791	
1 451,5	
1 452	
1 446	
1 457,5	
1 457,5
RASP	
Распадская
2 563	
85 511 688	
107,46	
106,98	
106,82	
108,3	
107,1
ETLN	
ETLN-гдр
3 412	
80 748 776	
92,38	
89,3	
88,32	
94,5	
92,64
LSNGP	
РСетиЛЭ-п
2 818	
66 205 132	
166,9	
167,5	
165,35	
167,8	
166,55
PIKK	
ПИК ао
1 179	
60 884 636	
387,7	
386,2	
386	
389,8	
389,8
NKNCP	
НКНХ ап
2 828	
54 810 945	
86,96	
86,3	
85,8	
87,64	
87,46
MSNG	
+МосЭнерго
2 537	
54 218 466	
2,1475	
2,172	
2,1305	
2,19	
2,1545
BSPB	
БСП ао
3 010	
49 675 170	
41,07	
40,8	
40,55	
41,5	
41,1
ENRU	
ЭнелРос ао
1 957	
48 399 925	
0,987	
0,984	
0,9725	
0,993	
0,992
QIWI	
iQIWI
2 249	
41 511 657	
1 001,5	
993	
990	
1 013	
1 005
RSTIP	
Россети ап
2 154	
36 143 703	
2,373	
2,345	
2,34	
2,39	
2,371
AGRO	
AGRO-гдр
2 401	
31 819 993	
651,2	
655	
646	
656,8	
649
MTLRP	
Мечел ап
1 509	
31 233 398	
79,35	
81,65	
78,55	
81,65	
79,1
MOBB	
МосОблБанк
10 488	
27 852 885	
0,776	
0,95	
0,652	
0,964	
0,668
NMTP	
НМТП ао
1 615	
20 121 657	
9,455	
9,425	
9,385	
9,535	
9,47
MRKP	
МРСК ЦП
955	
18 940 677	
0,1902	
0,1924	
0,186	
0,1925	
0,1908
OBUV	
ОР ао
2 033	
16 435 656	
30,1	
30,05	
29,85	
30,45	
29,95
SFIN	
САФМАР ао
292	
15 136 964	
459,2	
461,8	
453,6	
464,6	
455
RTKMP	
Ростел -ап
1 250	
14 982 712	
75,4	
75,95	
75	
76	
75,15
ISKJ	
iИСКЧ ао
1 498	
14 737 407	
28,11	
29,14	
27,71	
29,25	
27,99
VSMO	
ВСМПО-АВСМ
385	
14 154 920	
18 580	
18 600	
18 340	
18 780	
18 560
ZILL	
ЗИЛ ао
647	
12 145 100	
2 580	
2 245	
2 070	
2 990	
2 990
SELG	
Селигдар
964	
11 896 687	
23,81	
24,13	
23,32	
24,37	
23,49
MRKC	
МРСК Центр
778	
11 170 613	
0,2646	
0,2632	
0,2602	
0,2668	
0,2658
MRKU	
МРСК Ур
575	
10 610 004	
0,1684	
0,168	
0,167	
0,1698	
0,1694
BANE	
Башнефт ао
819	
10 405 681	
1 824,5	
1 823,5	
1 790,5	
1 833,5	
1 823,5
MRKV	
РсетВол ао
805	
9 596 312	
0,0663	
0,06635	
0,066	
0,0671	
0,0666
LNZL	
Лензолото
369	
8 608 730	
8 210	
8 350	
8 000	
8 510	
8 170
MAGE	
МагадЭн ао
617	
8 567 250	
7,32	
6,45	
6,45	
8,25	
7,41
DVEC	
ДЭК ао
1 014	
7 989 191	
0,913	
0,829	
0,829	
0,974	
0,96
MSRS	
РСетиМР ао
545	
7 708 259	
1,1435	
1,1555	
1,136	
1,165	
1,148
MSTT	
Мостотрест
451	
7 353 857	
160,85	
163,1	
158,6	
163,5	
160,1
MGTSP	
МГТС-4ап
695	
6 897 606	
2 040	
2 064	
2 030	
2 064	
2 050
PRTK	
ПРОТЕК ао
304	
6 836 113	
98,9	
98,7	
98	
99,6	
99
KRKN	
СаратНПЗ
202	
6 766 100	
13 600	
13 350	
13 250	
14 150	
13 300
LIFE	
iФармсинтз
718	
6 494 918	
7,405	
7,54	
7,325	
7,62	
7,4
INGR	
ИНГРАД ао
339	
6 444 274	
812	
822	
800	
840	
810
NKNC	
НКНХ ао
638	
6 395 715	
98,8	
97,9	
97,9	
99,5	
99,1
PAZA	
ПавлАвт ао
500	
6 284 100	
8 570	
8 370	
8 170	
9 100	
8 210
AQUA	
РусАква ао
335	
5 884 505	
218,5	
224,5	
211	
227	
219
IRKT	
ИРКУТ-3
460	
5 590 200	
35,32	
34,9	
34,1	
36,5	
36,2
KMAZ	
КАМАЗ
643	
5 472 905	
59,7	
58,3	
57,5	
61	
59,9
ENPG	
ЭН+ГРУП ао
232	
5 271 836	
607	
599,5	
599,5	
611	
609
RNFT	
РуссНфт ао
1 228	
5 257 846	
438,8	
443	
435	
449,4	
440
KRSB	
Красэсб ао
280	
4 982 270	
7,78	
7,61	
7,5	
8,09	
7,8
GCHE	
ЧеркизГ-ао
516	
4 945 451	
1 720	
1 724,5	
1 712	
1 729,5	
1 718
GEMA	
iММЦБ ао
362	
4 738 660	
596,5	
610	
593	
610	
609,5
FESH	
ДВМП ао
353	
4 657 310	
7,63	
7,57	
7,38	
7,77	
7,72
APTK	
Аптеки36и6
2 005	
4 634 042	
13,738	
13,77	
13,65	
13,914	
13,756
UNAC	
iАвиастКао
540	
4 480 106	
0,472	
0,47	
0,467	
0,4845	
0,472
BELU	
Белуга ао
332	
3 895 355	
1 339	
1 338	
1 324	
1 350	
1 343
RZSB	
РязЭнСб
251	
3 746 420	
9,4	
9,52	
9,1	
9,78	
9,28
MAGEP	
МагадЭн ап
206	
3 607 445	
7,16	
7,055	
6,7	
7,395	
6,835
SVAV	
СОЛЛЕРС
150	
3 541 530	
257,5	
258	
255,5	
258,5	
258
RBCM	
РБК ао
692	
3 052 860	
3,374	
3,338	
3,274	
3,478	
3,304
TRCN	
ТрансК ао
40	
2 997 560	
8 540	
8 595	
8 460	
8 600	
8 515
TTLK	
Таттел. ао
431	
2 969 235	
0,284	
0,276	
0,276	
0,288	
0,2835
IRGZ	
ИркЭнерго
208	
2 707 556	
12,04	
12,02	
11,9	
12,24	
12,02
LSNG	
РСетиЛЭ
496	
2 530 599	
6,08	
6,1	
6,04	
6,12	
6,07
GTRK	
ГТМ ао
457	
2 457 657	
42,4	
42,4	
42	
43,05	
42,2
TGKB	
ТГК-2
308	
2 442 395	
0,004235	
0,004235	
0,0042	
0,00428	
0,00422
KZOS	
ОргСинт ао
385	
2 357 101	
91	
90,9	
90,5	
91,5	
91,3
MRKS	
РсетСиб ао
83	
1 985 640	
0,2365	
0,236	
0,231	
0,247	
0,2325
TGKBP	
ТГК-2 ап
116	
1 949 460	
0,00741	
0,00721	
0,00719	
0,00753	
0,0074
PMSBP	
ПермьЭнС-п
253	
1 920 404	
160	
161,8	
158,4	
161,8	
160
PMSB	
ПермьЭнСб
133	
1 697 927	
161,9	
162	
159,9	
162,1	
160,9
HIMCP	
Химпром ап
210	
1 691 729	
5,84	
5,96	
5,73	
5,98	
5,86
CNTLP	
Телеграф-п
191	
1 574 726	
17,32	
17,42	
17,2	
17,46	
17,26
TGKN	
ТГК-14
81	
1 518 560	
0,00325	
0,00329	
0,00323	
0,00329	
0,00324
ALNU	
АЛРОСА-Нюр
19	
1 457 000	
50 200	
50 000	
49 600	
50 800	
50 200
KRSBP	
Красэсб ап
89	
1 397 060	
8,18	
8,46	
8	
8,46	
8,02
ABRD	
АбрауДюрсо
262	
1 376 245	
130,5	
131,5	
129	
131,5	
130,5
TUZA	
ТЗА ао
301	
1 259 440	
99	
95	
94	
105	
97
TASBP	
ТамбЭнСб-п
175	
1 253 520	
0,297	
0,342	
0,28	
0,342	
0,309
AMEZ	
АшинскийМЗ
234	
1 186 155	
4,045	
4,04	
4,02	
4,085	
4,045
USBN	
УралСиб ао
184	
1 107 367	
0,0726	
0,0717	
0,071	
0,0746	
0,0722
MRKZ	
МРСК СЗ
295	
1 067 112	
0,0523	
0,05225	
0,0516	
0,0531	
0,0517
PRMB	
Приморье
41	
1 064 200	
24 200	
27 200	
22 200	
27 200	
24 200
CHEP	
ЧТПЗ ао
143	
1 003 905	
210,5	
210,5	
209	
213,5	
209,5
SELGP	
Селигдар-п
153	
999 910	
25,95	
26,1	
25,8	
26,1	
25,95
UTAR	
ЮТэйр ао
155	
997 115	
6,61	
6,63	
6,5	
6,79	
6,7
LNZLP	
Лензол. ап
110	
989 510	
3 545	
3 610	
3 510	
3 610	
3 545
RGSS	
РГС СК ао
158	
958 432	
0,1514	
0,1504	
0,15	
0,1528	
0,1528
DIOD	
ЗаводДИОД
182	
896 857	
5,75	
5,76	
5,67	
5,79	
5,78
KOGK	
КоршГОК ао
19	
882 400	
46 400	
46 400	
46 200	
46 800	
46 400
UWGN	
ОВК ао
264	
861 640	
242,7	
246,6	
241,5	
246,6	
242,1
KLSB	
КалужскСК
132	
829 370	
11,24	
11,53	
11,11	
11,53	
11,24
RUGR	
Русгрэйн
1 007	
820 446	
7,562	
7,7	
7,52	
7,7	
7,576
YAKG	
ЯТЭК ао
83	
803 260	
39,75	
40,15	
39,5	
40,2	
39,9
RAVN	
Raven
20	
789 825	
30,75	
30,85	
30,05	
32,25	
30,6
MFGSP	
Мегион-ап
17	
773 125	
348,5	
343	
340	
350	
340
URKZ	
УрКузница
37	
760 560	
11 180	
10 920	
10 900	
11 600	
11 160
GAZAP	
ГАЗ ап
51	
734 460	
319,5	
321,5	
316	
322	
320,5
KZOSP	
ОргСинт ап
492	
711 516	
12,24	
12,22	
12	
12,48	
12,37
KROT	
КрасОкт-ао
49	
654 480	
348	
346,5	
343,5	
352,5	
345
ASSB	
АстрЭнСб
140	
650 944	
0,775	
0,7755	
0,7615	
0,784	
0,7725
CHMK	
ЧМК ао
115	
589 220	
2 485	
2 480	
2 445	
2 520	
2 500
KGKCP	
КурганГКап
132	
577 145	
58	
58	
56	
61	
58,5
KAZT	
Куйбазот
63	
533 518	
144,2	
144,8	
142,2	
145	
144
BLNG	
Белон ао
248	
524 510	
4,112	
4,016	
4,016	
4,26	
4,082
RUSI	
ИКРУСС-ИНВ
81	
487 570	
38,1	
37,8	
37,5	
38,9	
38,1
KRKOP	
ТКЗКК ап
108	
462 271	
5,875	
5,82	
5,805	
6	
5,845
STSB	
СтаврЭнСб
97	
443 137	
0,3735	
0,3945	
0,3675	
0,3945	
0,378
ROLO	
Русолово
77	
441 728	
3,91	
3,95	
3,878	
3,992	
3,914
KUZB	
КузнецкийБ
208	
440 828	
0,01709	
0,01698	
0,0166	
0,0175	
0,01721
WTCM	
ЦМТ ао
97	
438 356	
8,9	
8,78	
8,64	
9	
8,96
VSYDP	
ВыбСудЗ ап
15	
417 800	
4 020	
4 020	
4 000	
4 020	
4 000
SZPR	
СЗПароход
122	
415 548	
802	
798	
780	
822	
798
NFAZ	
Нефтекамск
56	
409 426	
158,2	
154,6	
153	
161,2	
159
VLHZ	
ВХЗ-ао
70	
390 639	
48,3	
48,25	
48,1	
48,6	
48,25
LPSB	
ЛЭСК ао
89	
386 595	
8,2	
8,45	
8,1	
8,45	
8,3
NAUK	
iНПОНаука
55	
380 132	
178,6	
178,4	
177	
180,4	
179,4
VZRZP	
Возрожд-п
67	
377 778	
302,2	
298	
297,2	
307,8	
304,6
TASB	
ТамбЭнСб
61	
365 305	
0,335	
0,344	
0,329	
0,344	
0,332
TGKD	
Квадра
85	
360 374	
0,003015	
0,003045	
0,003	
0,00306	
0,003035
ROST	
РОСИНТЕРао
31	
360 214	
59,6	
59	
59	
60,2	
59,6
VJGZP	
Варьеган-п
27	
347 360	
362	
342	
342	
365	
365
BRZL	
БурЗолото
55	
346 707	
827	
828	
827	
833	
828
RLMN	
Роллман
156	
341 039	
19,7	
19,8	
19,2	
20,1	
19,95
MGTS	
МГТС-5ао
49	
333 315	
2 505	
2 585	
2 500	
2 585	
2 525
YKEN	
Якутскэнрг
47	
332 785	
0,3465	
0,341	
0,3405	
0,3545	
0,3455
SAGO	
СамарЭн-ао
47	
331 560	
0,4	
0,402	
0,394	
0,41	
0,402
DZRD	
iДонскЗР
78	
326 155	
1 965	
2 005	
1 925	
2 005	
1 955
NSVZ	
НаукаСвяз
83	
304 250	
229	
227,5	
224,5	
234	
230
KAZTP	
Куйбазот-п
33	
298 208	
147,6	
149,4	
147,2	
149,4	
147,8
RUSP	
Русполимет
38	
295 270	
0,615	
0,6175	
0,61	
0,6185	
0,6125
ELTZ	
Электрцинк
118	
270 887	
172	
174	
171	
175	
173
JNOS	
Славн-ЯНОС
40	
263 695	
19,25	
19,15	
19	
19,5	
19
GAZA	
ГАЗ ао
40	
261 055	
389,5	
393	
386	
393,5	
389,5
NKHP	
НКХП ао
59	
258 765	
233	
234	
231,5	
234,5	
232
KMEZ	
КМЗ
109	
253 498	
457,5	
452,5	
450	
462	
457,5
ZVEZ	
ЗВЕЗДА ао
37	
247 970	
4,59	
4,665	
4,55	
4,7	
4,55
JNOSP	
Слав-ЯНОСп
19	
247 882	
15,02	
14,72	
14,72	
15,3	
15,3
YRSBP	
ТНСэнЯр-п
40	
245 895	
90,5	
85	
85	
95,5	
86,5
LVHK	
Левенгук
41	
242 134	
8,13	
8,2	
8,07	
8,23	
8,1
KTSBP	
КСБ ап
16	
241 890	
0,242	
0,244	
0,2405	
0,2495	
0,248
VGSBP	
ВолгЭнСб-п
40	
234 965	
1,15	
1,075	
1,065	
1,185	
1,17
KCHE	
КамчатЭ ао
61	
234 805	
0,1925	
0,1975	
0,1885	
0,1985	
0,1935
SLEN	
Сахэнер ао
26	
227 591	
4,19	
4,165	
4,11	
4,23	
4,2
MRKY	
РоссЮг ао
86	
218 605	
0,0517	
0,0522	
0,0512	
0,0522	
0,0515
VSYD	
ВыбСудЗ ао
11	
204 330	
4 005	
4 045	
4 005	
4 045	
4 005
VRSBP	
ТНСэнВор-п
13	
192 550	
30,5	
31	
30,5	
31	
31
OMZZP	
ОМЗ-ап
40	
188 075	
3 420	
3 420	
3 390	
3 490	
3 425
VJGZ	
Варьеган
22	
186 449	
601	
599	
598	
604	
604
CNTL	
Телеграф
42	
178 975	
21,05	
21,2	
20,95	
21,2	
21,15
RDRB	
РДБанк ао
42	
176 950	
255	
255	
250	
255	
250
DZRDP	
iДонскЗР п
35	
165 850	
1 610	
1 610	
1 580	
1 640	
1 580
KBTK	
КузбТК ао
15	
153 150	
158	
157,8	
157,8	
158,8	
158,6
BISVP	
БашИнСв ап
29	
136 136	
7,56	
7,55	
7,42	
7,6	
7,6
RKKE	
ЭнергияРКК
13	
134 440	
4 980	
4 980	
4 940	
4 990	
4 990
TORSP	
ТРК ап
18	
130 795	
0,2785	
0,2825	
0,2755	
0,2825	
0,276
EELT	
ЕвроЭлтех
57	
130 523	
7,48	
7,38	
7,38	
7,52	
7,42
RLMNP	
Роллман-п
153	
127 905	
19,2	
19,4	
18,82	
19,6	
19,06
ROSB	
Росбанк ао
58	
125 930	
74,2	
76	
73,4	
76	
74
RTGZ	
ГазпРнД ао
6	
124 350	
20 750	
20 750	
20 650	
20 850	
20 850
YKENP	
Якутскэн-п
19	
120 640	
0,335	
0,3325	
0,3325	
0,34	
0,3345
WTCMP	
ЦМТ ап
35	
119 648	
8,14	
8,24	
8,06	
8,24	
8,2
UNKL	
ЮУНК ао
19	
112 430	
3 410	
3 410	
3 380	
3 460	
3 430
MGNZ	
СМЗ-ао
21	
104 860	
4 030	
3 990	
3 990	
4 100	
4 050
MRSB	
МордЭнСб
20	
103 370	
0,356	
0,353	
0,352	
0,363	
0,353
CHKZ	
ЧКПЗ ао
9	
99 260	
5 220	
5 240	
5 200	
5 300	
5 300
AVAN	
Авангрд-ао
27	
96 415	
735	
730	
725	
740	
735
ARSA	
Арсагера
21	
95 200	
3,28	
3,27	
3,27	
3,35	
3,27
VRSB	
ТНСэнВорон
10	
94 980	
47,6	
47,8	
47,2	
47,8	
47,8
MFGS	
Мегион-ао
14	
93 265	
358,5	
350,5	
350,5	
360,5	
358,5
KUBE	
Кубанэнр
37	
82 644	
71,2	
71,8	
70,8	
71,8	
71,2
IGSTP	
Ижсталь ап
47	
78 454	
682	
676	
676	
688	
684
TORS	
ТРК ао
15	
71 980	
0,4	
0,405	
0,394	
0,405	
0,401
SAGOP	
СамарЭн-ап
9	
70 990	
0,394	
0,396	
0,389	
0,398	
0,391
KGKC	
КурганГКао
26	
70 950	
55	
55	
54	
56	
55
MRKK	
Россети СК
54	
69 743	
26,22	
26,56	
26,14	
26,56	
26,24
TGKDP	
Квадра-п
27	
67 274	
0,004005	
0,00387	
0,00387	
0,00405	
0,00405
UCSS	
ОКС ао
17	
64 170	
1 430	
1 430	
1 420	
1 450	
1 430
NNSBP	
ТНСэнНН ап
4	
59 275	
565	
564	
563	
565	
565
HALS	
Галс-Девел
24	
56 114	
779	
778	
775	
786	
776
KTSB	
КСБ ао
22	
48 532	
0,564	
0,566	
0,558	
0,57	
0,568
IGST	
Ижсталь2ао
22	
46 995	
854	
861	
849	
865	
850
RTSB	
ТНСэнРст
5	
44 200	
0,34	
0,34	
0,34	
0,34	
0,34
UKUZ	
ЮжКузб. ао
35	
44 080	
520	
520	
516	
524	
524
KROTP	
КрасОкт-1п
10	
39 705	
264,5	
262,5	
262	
269,5	
262,5
KBSB	
ТНСэКубань
5	
27 965	
140	
139	
139	
143	
140
TNSE	
ТНСэнрг ао
4	
26 725	
990	
985	
985	
990	
990
YRSB	
ТНСэнЯр
5	
23 240	
166	
166	
166	
166	
166
STSBP	
СтаврЭнСбп
25	
22 734	
0,3295	
0,332	
0,327	
0,334	
0,33
NNSB	
ТНСэнНН ао
10	
15 430	
1 285	
1 260	
1 260	
1 300	
1 275
SARE	
СаратЭн-ао
6	
14 380	
0,1198	
0,12	
0,1196	
0,12	
0,12
CHGZ	
РН-ЗапСиб
3	
13 560	
34	
32,4	
32,4	
34,8	
34,2
MISB	
ТНСэнМарЭл
7	
10 190	
11,3	
11,3	
11,3	
11,4	
11,3
ALBK	
БестЭфБ ао
5	
9 035	
56,5	
56,5	
56	
57	
56,5
RTSBP	
ТНСэнРст-п
3	
8 460	
0,282	
0,282	
0,282	
0,282	
0,282
SAREP	
СаратЭн-ап
4	
8 186	
0,091	
0,0908	
0,0908	
0,091	
0,091
KCHEP	
КамчатЭ ап
2	
7 020	
0,351	
0,351	
0,351	
0,351	
0,351
NKSH	
Нижкамшина
2	
4 622	
23,12	
23,12	
23,1	
23,12	
23,12
MISBP	
ТНСэМаЭл-п
3	
3 100	
10,4	
10,4	
10,2	
10,4	
10,4
GAZC	
ГАЗКОН-ао
0	
0	
-	
-	
-	
-	
295
GTSS	
ГЕОТЕК ао
0	
0	
-	
-	
-	
-	
-
TRFM	
ТрансФ ао
0	
0	
-	
-	
-	
-	
-
KMTZ	
КосогМЗ ао
0	
0	
-	
-	
-	
-	
-
KZMS	
КЗМС ао
0	
0	
-	
-	
-	
-	
226
GAZS	
ГАЗ-сервис
0	
0	
-	
-	
-	
-	
293
HIMC	
Химпром ао
0	
0	
-	
-	
-	
-	
0,99
URKA	
Уркалий-ао
0	
0	
-	
-	
-	
-	
119,04
VZRZ	
Возрожд-ао
0	
0	
-	
-	
-	
-	
480
GAZT	
ГАЗ-Тек ао
0	
0	
-	
-	
-	
-	
85
KSGR	
Кокс ао
0	
0	
-	
-	
-	
-	
-
MFON	
МегаФон ао
0	
0	
-	
-	
-	
-	
650,6
MORI	
Морион ао
0	
0	
-	
-	
-	
-	
4,31
BISV	
БашИнСв ао
0	
0	
-	
-	
-	
-	
8,7
KRKO	
ТКЗКК ао
0	
0	
-	
-	
-	
-	
11,8
KUNF	
КУЗОЦМ ао
0	
0	
-	
-	
-	
-	
-
NPOF	
Физика ао
0	
0	
-	
-	
-	
-	
11 850
VGSB	
ВолгЭнСб
0	
0	
-	
-	
-	
-	
1,675