GAZP	
ГАЗПРОМ ао
108 254	
14 112 610 278	
187,07	
183,58	
183,35	
189,98	
189,6
SBER	
Сбербанк
66 727	
12 399 212 426	
226,89	
228,15	
224,31	
229,17	
225,99
PLZL	
Полюс
58 924	
9 009 677 155	
18 069	
17 463,5	
17 450,5	
18 500	
18 151
GMKN	
ГМКНорНик
34 309	
7 324 249 834	
20 786	
20 450	
20 390	
20 944	
20 900
VTBR	
ВТБ ао
146 663	
7 253 518 469	
0,03877	
0,04053	
0,03811	
0,040725	
0,03849
LKOH	
ЛУКОЙЛ
36 641	
6 136 539 150	
5 111,5	
5 051	
5 042	
5 155	
5 154,5
POLY	
Polymetal
35 267	
3 248 421 485	
1 939,9	
1 898	
1 897,9	
1 965	
1 964,3
ROSN	
Роснефть
21 472	
2 879 730 386	
362,4	
361	
359	
365,6	
364,55
NVTK	
Новатэк ао
20 482	
2 364 751 832	
1 089	
1 066	
1 063	
1 101,4	
1 097,2
YNDX	
Yandex clA
24 246	
2 205 020 878	
4 334,8	
4 333,2	
4 310	
4 355	
4 311,8
MOEX	
МосБиржа
35 210	
2 196 915 785	
144,03	
140,98	
140,14	
146,94	
144,3
SNGSP	
Сургнфгз-п
30 669	
2 157 595 826	
36,52	
36,81	
36,255	
36,935	
36,58
TATN	
Татнфт 3ао
23 002	
1 900 561 493	
555,7	
547	
545,3	
562,5	
561,1
SBERP	
Сбербанк-п
24 206	
1 859 556 329	
209,7	
210,71	
208,21	
211,5	
209,5
AFLT	
Аэрофлот
35 710	
1 755 143 558	
81,54	
82,08	
80,52	
82,72	
82
MGNT	
Магнит ао
17 822	
1 546 016 193	
4 641,5	
4 667	
4 591,5	
4 705,5	
4 615
SNGS	
Сургнфгз
22 521	
1 537 284 682	
37,255	
36,77	
36,72	
37,65	
37,6
MTSS	
МТС-ао
14 583	
1 205 539 991	
335,45	
335,15	
333,25	
337,9	
334
CHMF	
СевСт-ао
19 597	
1 075 716 892	
937	
935	
929,4	
942	
942
AFKS	
Система ао
22 106	
1 062 456 320	
20,517	
20,499	
20,241	
20,949	
20,437
ALRS	
АЛРОСА ао
20 858	
1 057 375 526	
69,96	
70,01	
69,37	
70,37	
69,83
NLMK	
НЛМК ао
16 322	
1 050 375 942	
148,76	
149,54	
148,08	
149,68	
148,32
RUAL	
РУСАЛ ао
30 768	
982 998 108	
30,01	
29,35	
29,045	
30,9	
30,25
RTKM	
Ростел -ао
22 161	
919 005 455	
94,74	
93,98	
93,31	
97,75	
95,5
POGR	
Petropavl
18 179	
829 180 718	
36,835	
37,8	
35,92	
38,695	
35,92
IRAO	
ИнтерРАОао
10 650	
757 212 121	
5,81	
5,8605	
5,767	
5,8605	
5,7945
MAGN	
ММК
7 498	
562 551 417	
40,15	
40,305	
39,96	
40,38	
40,3
FIVE	
FIVE-гдр
6 750	
499 636 338	
2 810	
2 827	
2 797	
2 838,5	
2 836
SIBN	
Газпрнефть
8 552	
490 236 668	
321,5	
320	
319	
323,8	
322,8
DSKY	
ДетскийМир
12 138	
462 138 210	
122,12	
120	
119,82	
123,88	
122
FEES	
ФСК ЕЭС ао
10 354	
451 619 456	
0,20338	
0,20362	
0,2012	
0,20626	
0,2039
HYDR	
РусГидро
11 661	
394 462 672	
0,7663	
0,7723	
0,7591	
0,7726	
0,767
CBOM	
МКБ ао
8 240	
382 812 481	
5,96	
5,999	
5,922	
6,006	
5,929
UPRO	
Юнипро ао
6 882	
364 945 618	
2,819	
2,865	
2,795	
2,865	
2,8
MAIL	
MAIL-гдр
13 991	
358 165 701	
2 037	
2 049,8	
2 025	
2 054,8	
2 031,4
TRNFP	
Транснф ап
1 545	
354 285 750	
133 450	
132 600	
132 350	
134 500	
134 450
TATNP	
Татнфт 3ап
9 009	
352 694 963	
535,6	
530,2	
527,6	
541,2	
539,5
TCSG	
TCS-гдр
10 582	
312 109 875	
1 917,4	
1 876,8	
1 867,2	
1 952,8	
1 926
MVID	
М.видео
7 584	
293 846 182	
485,2	
478,3	
470,5	
494	
481
RSTI	
Россети ао
5 378	
287 228 427	
1,6172	
1,6202	
1,6006	
1,6398	
1,6175
LNTA	
Лента др
10 920	
219 838 949	
214,6	
218,1	
211,5	
219	
214,3
RASP	
Распадская
4 001	
217 697 307	
109,74	
107,94	
107	
110,92	
110,04
PHOR	
ФосАгро ао
3 461	
136 163 242	
2 718	
2 728	
2 703	
2 737	
2 722
BANEP	
Башнефт ап
4 957	
128 350 476	
1 368	
1 355,5	
1 355	
1 374	
1 364
LSRG	
ЛСР ао
6 708	
120 801 427	
769,8	
772,2	
751,6	
775	
769,2
CNTLP	
Телеграф-п
4 980	
117 320 692	
28,54	
29,04	
28,22	
29,2	
28,5
RTKMP	
Ростел -ап
6 395	
115 505 957	
87,85	
87,05	
86,6	
88,95	
88,2
LNZL	
Лензолото
1 903	
86 158 040	
18 720	
19 100	
18 400	
19 340	
18 620
SELG	
Селигдар
3 133	
77 717 903	
39,49	
39,66	
38,4	
41	
41
ETLN	
ETLN-гдр
4 686	
77 630 278	
109,7	
110,32	
108,58	
111,56	
109,3
OGKB	
ОГК-2 ао
4 009	
69 001 535	
0,7628	
0,7641	
0,7561	
0,7709	
0,7651
CNTL	
Телеграф
2 952	
67 214 565	
28,75	
29,4	
28,4	
29,4	
28,75
AMEZ	
АшинскийМЗ
10 103	
66 170 218	
5,025	
4,325	
4,245	
5,44	
4,95
TGKA	
ТГК-1
3 171	
63 398 750	
0,01234	
0,0124	
0,0122	
0,01245	
0,01245
NMTP	
НМТП ао
5 327	
62 128 412	
9,245	
9,265	
9,2	
9,3	
9,255
MTLR	
Мечел ао
4 308	
60 257 764	
66,03	
65,55	
65,5	
66,68	
66,39
PIKK	
ПИК ао
1 470	
47 160 434	
498,9	
504,5	
494	
504,5	
499,8
TRMK	
ТМК ао
1 339	
46 381 045	
57,86	
58,2	
57,26	
58,6	
58,44
LSNGP	
РСетиЛЭ-п
1 727	
37 141 422	
152,15	
149,4	
149,4	
153,4	
152,5
MSNG	
+МосЭнерго
1 612	
37 103 525	
2,1525	
2,173	
2,1335	
2,173	
2,156
AGRO	
AGRO-гдр
1 781	
33 701 860	
722,6	
718,2	
717,4	
730,2	
720,8
ENRU	
ЭнелРос ао
2 010	
32 437 893	
0,963	
0,9635	
0,961	
0,967	
0,9615
BSPB	
БСП ао
2 701	
32 335 944	
43,91	
43,4	
43,13	
44,28	
43,94
KLSB	
КалужскСК
3 451	
32 004 314	
12,94	
14,65	
12,17	
14,72	
12,56
ABRD	
АбрауДюрсо
3 289	
30 996 855	
169	
131	
131	
182,5	
182,5
AKRN	
Акрон
1 081	
27 950 790	
5 870	
5 868	
5 814	
5 892	
5 880
QIWI	
iQIWI
1 694	
26 766 688	
1 442,5	
1 454,5	
1 426	
1 454,5	
1 447,5
ENPG	
ЭН+ГРУП ао
661	
25 910 852	
707,5	
709,5	
702	
724	
707
AQUA	
РусАква ао
1 211	
24 881 210	
206,5	
205	
202,5	
209,5	
207,5
SFIN	
САФМАР ао
90	
24 397 816	
523	
523,4	
522	
523,6	
523,6
MTLRP	
Мечел ап
938	
21 410 032	
82,1	
82,05	
81,6	
82,5	
82,35
NKNCP	
НКНХ ап
2 294	
20 650 558	
80,78	
80	
79,62	
81,42	
81
LNZLP	
Лензол. ап
877	
18 993 870	
5 960	
6 100	
5 800	
6 385	
5 810
ROLO	
Русолово
1 306	
17 964 266	
5,38	
4,924	
4,924	
5,552	
5,36
BANE	
Башнефт ао
925	
17 345 915	
1 739	
1 726	
1 726	
1 744,5	
1 741,5
OBUV	
ОР ао
1 596	
15 908 141	
35,15	
34,65	
34,4	
35,5	
35,2
VGSB	
ВолгЭнСб
1 804	
15 854 660	
2,83	
2,605	
2,43	
3,125	
2,75
RSTIP	
Россети ап
765	
15 746 737	
2,159	
2,14	
2,14	
2,181	
2,149
BRZL	
БурЗолото
1 417	
15 575 117	
1 172	
1 250	
713	
1 275	
1 200
YAKG	
ЯТЭК ао
120	
15 430 310	
42,5	
43,3	
41,75	
43,45	
42,7
VSMO	
ВСМПО-АВСМ
360	
15 367 700	
17 960	
17 900	
17 860	
18 000	
17 920
RTSB	
ТНСэнРст
696	
14 420 000	
0,575	
0,46	
0,46	
0,64	
0,61
RAVN	
Raven
502	
14 108 335	
30,8	
34,45	
30,2	
34,45	
30,7
UNKL	
ЮУНК ао
767	
13 722 890	
8 910	
9 090	
8 600	
9 230	
8 790
LIFE	
iФармсинтз
833	
13 143 564	
7,23	
7,225	
7,15	
7,33	
7,21
RTSBP	
ТНСэнРст-п
1 226	
12 965 060	
0,408	
0,344	
0,343	
0,46	
0,373
VGSBP	
ВолгЭнСб-п
2 086	
11 788 625	
1,705	
1,68	
1,325	
1,9	
1,585
DIOD	
ЗаводДИОД
1 767	
11 737 516	
7,01	
6,62	
6,62	
7,38	
7,04
MRKV	
РсетВол ао
504	
10 228 130	
0,07425	
0,07435	
0,0737	
0,0745	
0,07425
MRKP	
МРСК ЦП
844	
9 701 330	
0,2174	
0,218	
0,2156	
0,2181	
0,217
TGKB	
ТГК-2
479	
7 709 600	
0,004365	
0,00438	
0,00429	
0,00443	
0,004365
CHGZ	
РН-ЗапСиб
237	
6 719 100	
44,4	
42,4	
40,4	
46	
43
ISKJ	
iИСКЧ ао
561	
6 707 048	
24,86	
25	
24,6	
25,3	
25,03
SELGP	
Селигдар-п
382	
6 640 970	
28,2	
28,35	
27,95	
28,75	
28,15
KRKNP	
СаратНПЗ-п
251	
6 268 660	
15 920	
16 040	
15 860	
16 160	
15 940
MRKC	
МРСК Центр
662	
6 229 744	
0,3062	
0,3066	
0,3022	
0,3094	
0,3034
TTLK	
Таттел. ао
289	
5 295 545	
0,3145	
0,3075	
0,3075	
0,3185	
0,3125
FESH	
ДВМП ао
332	
5 179 405	
7,66	
7,66	
7,56	
7,7	
7,62
RKKE	
ЭнергияРКК
374	
5 065 730	
9 010	
9 210	
8 810	
9 400	
9 000
NKNC	
НКНХ ао
727	
4 899 464	
93,35	
93,25	
92,85	
93,8	
93,55
KZOS	
ОргСинт ао
697	
4 860 135	
88	
87,1	
86,7	
89,2	
89
MGTSP	
МГТС-4ап
291	
4 836 308	
1 990	
1 990	
1 972	
2 004	
1 996
APTK	
Аптеки36и6
1 622	
4 743 288	
13,41	
13,416	
13,35	
13,518	
13,356
RNFT	
РуссНфт ао
1 482	
4 642 538	
502,4	
493	
493	
508	
508
GCHE	
ЧеркизГ-ао
524	
4 299 857	
1 779,5	
1 782	
1 775	
1 786	
1 776,5
KMAZ	
КАМАЗ
624	
4 000 665	
58,7	
58,4	
58,1	
59,3	
58,5
AVAN	
Авангрд-ао
747	
3 874 770	
805	
750	
665	
930	
730
BELU	
Белуга ао
526	
3 731 031	
1 295	
1 309	
1 280	
1 310	
1 301
MSTT	
Мостотрест
255	
3 612 576	
160,05	
158,4	
157,5	
161,8	
160,6
MSRS	
РСетиМР ао
222	
3 562 388	
1,19	
1,176	
1,176	
1,1995	
1,1865
TASBP	
ТамбЭнСб-п
442	
3 120 200	
0,37	
0,36	
0,344	
0,418	
0,3625
UNAC	
iАвиастКао
351	
3 118 355	
0,4975	
0,499	
0,489	
0,501	
0,495
RGSS	
РГС СК ао
203	
3 083 689	
0,1496	
0,15	
0,1484	
0,1508	
0,1504
INGR	
ИНГРАД ао
239	
3 006 608	
761	
760	
752	
768	
767
DVEC	
ДЭК ао
493	
2 960 378	
0,963	
0,98	
0,95	
0,98	
0,96
HALS	
Галс-Девел
334	
2 913 051	
1 232	
1 280	
1 187	
1 280	
1 242
LSNG	
РСетиЛЭ
255	
2 787 781	
6,1	
6,12	
5,98	
6,16	
6,13
CHEP	
ЧТПЗ ао
275	
2 738 460	
209,5	
212	
207,5	
213	
209,5
RUGR	
Русгрэйн
1 504	
2 726 305	
9,582	
9,598	
9,4	
9,75	
9,574
KZOSP	
ОргСинт ап
627	
2 647 821	
12,08	
11,91	
11,85	
12,42	
12,15
ALNU	
АЛРОСА-Нюр
20	
2 536 000	
55 200	
55 200	
55 000	
55 400	
55 400
BLNG	
Белон ао
432	
2 484 435	
4,422	
4,63	
4,33	
4,63	
4,48
MRKZ	
МРСК СЗ
245	
2 471 986	
0,0517	
0,0518	
0,05105	
0,05215	
0,05175
IRKT	
ИРКУТ-3
212	
2 419 328	
35,02	
34,64	
34,64	
35,58	
35,1
LVHK	
Левенгук
564	
2 401 258	
8,33	
8,2	
8	
8,64	
8,21
TGKD	
Квадра
303	
2 356 364	
0,00361	
0,003665	
0,0035	
0,0037	
0,00355
STSBP	
СтаврЭнСбп
297	
2 231 517	
0,3885	
0,3875	
0,3825	
0,3925	
0,392
NAUK	
iНПОНаука
322	
2 120 862	
196,6	
200,4	
195	
200,4	
197,8
SVAV	
СОЛЛЕРС
130	
1 991 960	
276	
273	
273	
277	
275
ELTZ	
Электрцинк
467	
1 921 478	
198	
193	
191,5	
205	
196
SARE	
СаратЭн-ао
259	
1 902 026	
0,1278	
0,126	
0,12	
0,138	
0,1228
VLHZ	
ВХЗ-ао
392	
1 877 754	
57,8	
56,15	
56,15	
59,95	
57,15
TGKN	
ТГК-14
123	
1 843 100	
0,00316	
0,00319	
0,00314	
0,0032	
0,00319
ASSB	
АстрЭнСб
368	
1 770 031	
0,7925	
0,757	
0,757	
0,82	
0,762
UTAR	
ЮТэйр ао
225	
1 769 195	
7,19	
7,24	
7,05	
7,43	
7,17
IRGZ	
ИркЭнерго
141	
1 544 294	
11,68	
11,74	
11,58	
11,76	
11,72
CHMK	
ЧМК ао
70	
1 540 695	
2 745	
2 790	
2 725	
2 790	
2 745
YKEN	
Якутскэнрг
155	
1 527 035	
0,3715	
0,36	
0,351	
0,3995	
0,385
SLEN	
Сахэнер ао
117	
1 427 108	
5,96	
5,795	
5,75	
6,125	
5,945
KTSB	
КСБ ао
403	
1 411 370	
0,664	
0,642	
0,62	
0,73	
0,666
ARSA	
Арсагера
156	
1 363 910	
3,63	
3,66	
3,55	
3,77	
3,75
RBCM	
РБК ао
310	
1 352 372	
3,454	
3,45	
3,41	
3,492	
3,418
HIMCP	
Химпром ап
107	
1 278 739	
6,23	
6,22	
6,2	
6,3	
6,23
KOGK	
КоршГОК ао
21	
1 210 600	
48 400	
48 800	
48 000	
49 200	
49 200
TUZA	
ТЗА ао
235	
1 208 320	
99	
101	
98	
102	
100
KRKOP	
ТКЗКК ап
301	
1 196 496	
7,275	
7,28	
7,16	
7,325	
7,29
YKENP	
Якутскэн-п
89	
1 108 250	
0,3585	
0,3485	
0,3445	
0,378	
0,3685
USBN	
УралСиб ао
75	
1 071 661	
0,0697	
0,0696	
0,0692	
0,0705	
0,07
RZSB	
РязЭнСб
58	
1 065 840	
9,36	
9,3	
9,24	
9,6	
9,28
KGKCP	
КурганГКап
192	
1 040 380	
54	
53	
52	
59	
54
DZRD	
iДонскЗР
164	
1 014 485	
2 385	
2 425	
2 315	
2 505	
2 365
GEMA	
iММЦБ ао
146	
1 008 600	
602	
604,5	
600	
604,5	
601,5
GAZA	
ГАЗ ао
44	
978 530	
391,5	
394	
385	
395,5	
395
DZRDP	
iДонскЗР п
177	
949 800	
1 690	
1 730	
1 650	
1 730	
1 690
UWGN	
ОВК ао
184	
931 197	
236,2	
236,7	
234,8	
237,5	
237
KBSB	
ТНСэКубань
159	
916 075	
145	
144,5	
142,5	
148	
146,5
MRKU	
МРСК Ур
96	
892 018	
0,155	
0,1546	
0,1544	
0,1554	
0,155
KTSBP	
КСБ ап
99	
842 125	
0,2845	
0,2795	
0,2795	
0,3	
0,2965
TGKBP	
ТГК-2 ап
82	
841 410	
0,00713	
0,00714	
0,00702	
0,00724	
0,00716
PMSBP	
ПермьЭнС-п
127	
827 708	
130,4	
130,6	
129,4	
131	
130,4
MRKS	
РсетСиб ао
48	
825 185	
0,24	
0,237	
0,237	
0,2405	
0,24
KCHE	
КамчатЭ ао
163	
823 575	
0,218	
0,2165	
0,2085	
0,224	
0,221
MAGE	
МагадЭн ао
59	
796 660	
6,58	
6,56	
6,43	
6,85	
6,67
MGTS	
МГТС-5ао
60	
791 590	
2 340	
2 335	
2 315	
2 380	
2 350
VZRZP	
Возрожд-п
83	
783 080	
342	
341,6	
340	
350	
340
VRSBP	
ТНСэнВор-п
86	
764 050	
46	
46,5	
45	
47	
46,5
MISBP	
ТНСэМаЭл-п
93	
751 410	
13,1	
13,1	
12,9	
13,3	
13,2
TGKDP	
Квадра-п
139	
725 005	
0,004355	
0,00449	
0,004235	
0,0045	
0,004235
BISVP	
БашИнСв ап
94	
719 581	
8,34	
8,35	
8,2	
8,51	
8,37
MISB	
ТНСэнМарЭл
110	
686 380	
13,1	
13,2	
12,9	
13,3	
13,2
KMEZ	
КМЗ
444	
677 410	
505	
490,5	
485	
524,5	
504,5
KROT	
КрасОкт-ао
94	
643 635	
381	
386	
371,5	
391	
386
TASB	
ТамбЭнСб
115	
604 740	
0,458	
0,44	
0,4395	
0,468	
0,45
KAZTP	
Куйбазот-п
59	
600 726	
147,6	
147,2	
145	
149	
148,8
IGSTP	
Ижсталь ап
140	
559 185	
967	
985	
951	
1 000	
975
MAGEP	
МагадЭн ап
41	
551 010	
7,45	
7,39	
7,14	
7,67	
7,52
PAZA	
ПавлАвт ао
50	
538 710	
8 980	
9 100	
8 660	
9 150	
8 900
ZILL	
ЗИЛ ао
43	
533 935	
2 655	
2 635	
2 630	
2 680	
2 640
URKZ	
УрКузница
18	
528 360	
17 040	
16 500	
16 500	
17 260	
17 200
STSB	
СтаврЭнСб
147	
524 495	
0,4325	
0,445	
0,42	
0,46	
0,449
VJGZP	
Варьеган-п
24	
470 430	
351	
344	
344	
355	
355
MFGSP	
Мегион-ап
44	
457 410	
329	
318	
318	
332,5	
332,5
VRSB	
ТНСэнВорон
41	
456 040	
53,8	
55	
52,8	
55	
53,8
SAGO	
СамарЭн-ао
19	
438 200	
0,472	
0,472	
0,468	
0,478	
0,468
MRKY	
РоссЮг ао
119	
429 313	
0,05005	
0,0502	
0,04985	
0,05025	
0,0499
NKHP	
НКХП ао
74	
422 575	
231	
229,5	
229,5	
232	
231,5
KRSB	
Красэсб ао
39	
411 430	
6,86	
6,99	
6,49	
7,01	
6,95
EELT	
ЕвроЭлтех
152	
379 142	
8,26	
8,28	
8	
8,3	
8,3
IGST	
Ижсталь2ао
102	
378 471	
1 107	
1 112	
1 095	
1 138	
1 117
MRSB	
МордЭнСб
38	
372 430	
0,351	
0,35	
0,346	
0,355	
0,355
PRMB	
Приморье
11	
360 800	
22 600	
22 200	
22 200	
22 800	
22 600
ROST	
РОСИНТЕРао
34	
358 392	
61,6	
62,8	
60,8	
62,8	
61,2
PMSB	
ПермьЭнСб
91	
350 829	
130,4	
130	
130	
131,5	
130,1
LPSB	
ЛЭСК ао
60	
338 135	
7,9	
7,9	
7,75	
8	
7,9
MFGS	
Мегион-ао
39	
337 540	
367	
363,5	
363,5	
372	
370,5
GTRK	
ГТМ ао
126	
326 593	
43,5	
43,7	
43,15	
43,7	
43,4
NSVZ	
НаукаСвяз
60	
321 385	
220	
218,5	
217	
223	
220,5
KRSBP	
Красэсб ап
32	
315 020	
7	
6,6	
6,6	
7,12	
7,02
RUSP	
Русполимет
39	
304 000	
0,6335	
0,6385	
0,6225	
0,6385	
0,6325
SAGOP	
СамарЭн-ап
39	
283 830	
0,411	
0,42	
0,405	
0,425	
0,418
KUZB	
КузнецкийБ
178	
281 868	
0,01502	
0,01505	
0,01493	
0,01514	
0,01505
SAREP	
СаратЭн-ап
79	
281 394	
0,0994	
0,0968	
0,096	
0,1026	
0,0962
YRSBP	
ТНСэнЯр-п
52	
274 345	
86,5	
89	
83	
90	
89
KAZT	
Куйбазот
36	
262 520	
148,4	
149,8	
146	
150	
148,4
KGKC	
КурганГКао
83	
247 560	
55	
53,5	
53	
56,5	
54
NFAZ	
Нефтекамск
61	
245 118	
163,4	
167,8	
162	
167,8	
164,6
KBTK	
КузбТК ао
51	
236 630	
152,8	
151,4	
151,4	
153,8	
153,4
VJGZ	
Варьеган
36	
232 354	
579	
578	
570	
583	
583
KRKN	
СаратНПЗ
13	
218 100	
12 850	
12 750	
12 750	
12 950	
12 800
UCSS	
ОКС ао
42	
205 270	
1 460	
1 440	
1 440	
1 470	
1 460
UKUZ	
ЮжКузб. ао
30	
187 480	
548	
544	
540	
554	
548
GAZAP	
ГАЗ ап
29	
179 850	
310	
310,5	
308	
311	
310
RLMN	
Роллман
89	
164 334	
19,3	
19,75	
19,05	
19,75	
19,4
MGNZ	
СМЗ-ао
22	
163 130	
4 660	
4 690	
4 620	
4 790	
4 670
WTCM	
ЦМТ ао
41	
158 446	
9,44	
9,3	
9,24	
9,58	
9,34
RUSI	
ИКРУСС-ИНВ
18	
144 090	
38,9	
39,1	
38,4	
39,4	
38,4
KUBE	
Кубанэнр
34	
131 681	
69,3	
68,1	
68,1	
69,8	
69,7
RLMNP	
Роллман-п
37	
131 185	
19,94	
20,24	
19,66	
20,24	
20,06
KCHEP	
КамчатЭ ап
22	
128 560	
0,39	
0,39	
0,382	
0,4	
0,39
NKSH	
Нижкамшина
9	
121 840	
22,16	
22,3	
22,14	
22,3	
22,14
TORSP	
ТРК ап
30	
119 225	
0,2775	
0,2785	
0,2725	
0,2825	
0,276
ZVEZ	
ЗВЕЗДА ао
21	
115 100	
4,605	
4,565	
4,56	
4,645	
4,63
CHKZ	
ЧКПЗ ао
18	
96 120	
5 340	
5 280	
5 280	
5 380	
5 360
ALBK	
БестЭфБ ао
55	
95 080	
53	
53	
52,5	
53,5	
53,5
WTCMP	
ЦМТ ап
31	
86 246	
8,46	
8,2	
8,2	
8,54	
8,5
TORS	
ТРК ао
15	
79 820	
0,42	
0,408	
0,407	
0,43	
0,429
RTGZ	
ГазпРнД ао
3	
78 400	
26 150	
26 200	
26 050	
26 200	
26 050
YRSB	
ТНСэнЯр
11	
77 860	
170	
172	
168	
172	
172
MRKK	
Россети СК
29	
77 767	
26,1	
26,18	
25,94	
26,18	
25,94
KROTP	
КрасОкт-1п
12	
66 285	
276	
277	
272,5	
277,5	
275
VSYD	
ВыбСудЗ ао
9	
63 570	
3 975	
4 030	
3 935	
4 030	
3 955
OMZZP	
ОМЗ-ап
9	
59 965	
3 525	
3 580	
3 515	
3 580	
3 515
JNOS	
Славн-ЯНОС
13	
50 755	
18,8	
18,9	
18,6	
19,05	
18,85
NNSB	
ТНСэнНН ао
12	
50 455	
1 365	
1 365	
1 340	
1 380	
1 365
RDRB	
РДБанк ао
6	
38 450	
240	
240	
240	
245	
245
TNSE	
ТНСэнрг ао
17	
18 935	
995	
985	
980	
1 010	
1 000
ROSB	
Росбанк ао
12	
17 760	
71	
71,2	
71	
71,2	
71
VSYDP	
ВыбСудЗ ап
4	
16 340	
4 080	
4 100	
4 080	
4 100	
4 080
JNOSP	
Слав-ЯНОСп
4	
15 906	
14,46	
14,5	
14,22	
14,5	
14,4
NNSBP	
ТНСэнНН ап
9	
13 180	
599	
601	
594	
602	
596
KUNF	
КУЗОЦМ ао
0	
0	
-	
-	
-	
-	
-
PRTK	
ПРОТЕК ао
0	
0	
-	
-	
-	
-	
99,6
GAZC	
ГАЗКОН-ао
0	
0	
-	
-	
-	
-	
295
GTSS	
ГЕОТЕК ао
0	
0	
-	
-	
-	
-	
-
NPOF	
Физика ао
0	
0	
-	
-	
-	
-	
11 850
TRCN	
ТрансК ао
0	
0	
-	
-	
-	
-	
8 595
KMTZ	
КосогМЗ ао
0	
0	
-	
-	
-	
-	
-
KZMS	
КЗМС ао
0	
0	
-	
-	
-	
-	
226
TRFM	
ТрансФ ао
0	
0	
-	
-	
-	
-	
-
GAZS	
ГАЗ-сервис
0	
0	
-	
-	
-	
-	
293
HIMC	
Химпром ао
0	
0	
-	
-	
-	
-	
0,99
GAZT	
ГАЗ-Тек ао
0	
0	
-	
-	
-	
-	
85
KSGR	
Кокс ао
0	
0	
-	
-	
-	
-	
-
MOBB	
МосОблБанк
0	
0	
-	
-	
-	
-	
0,698
URKA	
Уркалий-ао
0	
0	
-	
-	
-	
-	
119,04
VZRZ	
Возрожд-ао
0	
0	
-	
-	
-	
-	
480
BISV	
БашИнСв ао
0	
0	
-	
-	
-	
-	
8,7
MFON	
МегаФон ао
0	
0	
-	
-	
-	
-	
650,6
KRKO	
ТКЗКК ао
0	
0	
-	
-	
-	
-	
11,8
MORI	
Морион ао
0	
0	
-	
-	
-	
-	
4,31