SBER	
Сбербанк
75 344	
9 513 875 234	
208,63	
209,65	
207,72	
210,69	
208,79
GAZP	
ГАЗПРОМ ао
78 410	
6 351 043 107	
169,63	
170,11	
168,58	
170,88	
169,95
GMKN	
ГМКНорНик
28 700	
6 113 257 624	
19 054	
18 904	
18 768	
19 288	
19 240
LKOH	
ЛУКОЙЛ
36 609	
5 444 122 246	
4 428	
4 405,5	
4 363,5	
4 487	
4 474
MOEX	
МосБиржа
57 076	
4 780 438 895	
152,8	
148,91	
148,4	
155,92	
153,77
YNDX	
Yandex clA
38 245	
4 034 259 264	
4 938	
4 938	
4 872,2	
5 010	
4 992,2
AFLT	
Аэрофлот
66 972	
2 414 165 158	
66,2	
69	
65	
69,2	
65,3
ROSN	
Роснефть
17 227	
2 218 986 864	
386,9	
382,95	
381,25	
390,7	
390,7
PLZL	
Полюс
16 779	
2 174 630 754	
16 814	
16 685	
16 475	
17 037	
17 001
POLY	
Polymetal
19 547	
2 144 863 056	
1 705,8	
1 714,8	
1 687	
1 727,6	
1 724,5
SBERP	
Сбербанк-п
33 774	
2 031 189 515	
202,36	
203,1	
201,07	
205,5	
202,14
TATN	
Татнфт 3ао
38 075	
2 026 493 205	
465,5	
455,5	
455,4	
474	
471
AFKS	
Система ао
39 284	
1 811 913 666	
23,299	
23,35	
22,872	
23,83	
23,2
MGNT	
Магнит ао
15 159	
1 586 062 023	
4 910	
4 915	
4 872	
4 949,5	
4 880
MTSS	
МТС-ао
15 753	
1 363 393 847	
342,85	
339,7	
339,7	
344,3	
343,4
NVTK	
Новатэк ао
12 005	
1 220 391 778	
1 063,4	
1 066	
1 049,6	
1 076,8	
1 076
MAGN	
ММК
17 232	
1 147 917 563	
37,66	
38,3	
37,28	
38,355	
37,395
SNGS	
Сургнфгз
10 733	
1 125 553 071	
35,695	
35,235	
35,235	
36,07	
35,98
IRAO	
ИнтерРАОао
11 656	
1 026 015 698	
5,4665	
5,496	
5,43	
5,529	
5,455
MAIL	
MAIL-гдр
20 080	
886 432 480	
2 190,8	
2 220	
2 178,6	
2 224,8	
2 180
CHMF	
СевСт-ао
18 974	
872 185 058	
1 005,4	
1 004,4	
997,6	
1 012	
1 006,8
ALRS	
АЛРОСА ао
14 317	
777 515 352	
74,19	
74,4	
73,42	
74,81	
74,75
HYDR	
РусГидро
14 787	
751 391 563	
0,7723	
0,7716	
0,7667	
0,7786	
0,7701
SNGSP	
Сургнфгз-п
9 804	
713 656 804	
39,47	
39,585	
39,12	
39,795	
39,5
NLMK	
НЛМК ао
9 073	
655 853 936	
173,16	
173,92	
171,94	
174,76	
173,84
TATNP	
Татнфт 3ап
19 268	
583 094 966	
446,3	
438,7	
436,3	
457,9	
452,7
VTBR	
ВТБ ао
25 470	
499 483 503	
0,033735	
0,03395	
0,0336	
0,03398	
0,033745
FIVE	
FIVE-гдр
7 691	
481 700 561	
2 906	
2 890	
2 850,5	
2 938,5	
2 929
RTKM	
Ростел -ао
12 551	
397 822 528	
95,78	
97,35	
94,43	
97,35	
95,77
DSKY	
ДетскийМир
9 668	
352 523 451	
119,3	
119,94	
118,14	
121,16	
119,3
FEES	
ФСК ЕЭС ао
7 379	
324 900 640	
0,19442	
0,19528	
0,19346	
0,19796	
0,19372
TRNFP	
Транснф ап
1 144	
292 664 800	
145 600	
146 350	
144 600	
146 450	
145 100
CBOM	
МКБ ао
6 603	
264 991 092	
5,761	
5,747	
5,735	
5,786	
5,786
SIBN	
Газпрнефть
6 825	
257 013 481	
290,2	
290,5	
287,4	
292,4	
291,7
POGR	
Petropavl
4 605	
211 807 511	
33,635	
33,695	
33,34	
33,96	
33,69
TCSG	
TCS-гдр
6 882	
197 063 215	
2 001	
2 002,2	
1 981,2	
2 099,6	
2 015
MVID	
М.видео
3 686	
195 125 187	
693,1	
685	
685	
698,9	
696,7
RSTI	
Россети ао
3 949	
191 513 754	
1,4569	
1,458	
1,4401	
1,4717	
1,4659
RUAL	
РУСАЛ ао
7 551	
154 477 517	
31,12	
31,12	
30,805	
31,45	
31,17
UPRO	
Юнипро ао
2 322	
108 141 573	
2,755	
2,757	
2,75	
2,768	
2,75
LNTA	
Лента др
9 274	
99 833 939	
227	
228,9	
224,3	
231,2	
228
LSRG	
ЛСР ао
10 266	
93 002 614	
876,6	
878	
869,4	
882,8	
880
PHOR	
ФосАгро ао
2 573	
89 917 696	
2 858	
2 877	
2 837	
2 879	
2 864
PIKK	
ПИК ао
2 530	
83 955 709	
569,4	
569,5	
565,4	
571	
568,2
BANEP	
Башнефт ап
2 263	
58 660 937	
1 232	
1 231	
1 224	
1 245,5	
1 232
FESH	
ДВМП ао
3 285	
58 448 347	
9,79	
9,22	
9,13	
10,2	
9,98
AQUA	
РусАква ао
2 408	
56 041 865	
260,5	
260	
251,5	
267	
256
ENRU	
ЭнелРос ао
4 251	
54 595 485	
0,919	
0,9365	
0,9125	
0,9365	
0,9135
OGKB	
ОГК-2 ао
4 976	
53 497 635	
0,7754	
0,7805	
0,7662	
0,7896	
0,7792
ETLN	
ETLN-гдр
4 799	
42 593 437	
123,5	
124	
122,6	
124,2	
124,1
RASP	
Распадская
886	
29 809 669	
120,2	
121	
119,12	
121,04	
120,86
AGRO	
AGRO-гдр
1 982	
26 568 881	
733,6	
739,8	
730,2	
741	
732,8
APTK	
Аптеки36и6
8 253	
25 862 187	
14,064	
13,892	
13,7	
14,478	
14,058
RTKMP	
Ростел -ап
2 219	
25 385 521	
86,8	
87	
85,65	
87,85	
87,25
MTLR	
Мечел ао
3 741	
24 953 125	
60,56	
60,35	
60,27	
61,05	
60,45
QIWI	
iQIWI
1 839	
23 594 149	
1 359	
1 369	
1 350,5	
1 369	
1 361
MRKP	
МРСК ЦП
918	
21 383 887	
0,2228	
0,2215	
0,2197	
0,2266	
0,2237
TGKA	
ТГК-1
1 636	
20 974 721	
0,010952	
0,011	
0,010878	
0,011052	
0,011048
LSNGP	
РСетиЛЭ-п
807	
18 057 775	
152	
152,4	
151,25	
152,8	
152,35
HALS	
Галс-Девел
2 721	
16 311 141	
1 235	
1 053	
1 030	
1 340	
1 236
LIFE	
iФармсинтз
1 128	
14 757 846	
6,85	
6,995	
6,625	
7,015	
6,95
NMTP	
НМТП ао
1 649	
14 396 088	
8,47	
8,41	
8,41	
8,53	
8,47
BSPB	
БСП ао
1 858	
14 126 128	
42,43	
42,3	
42,13	
42,78	
42,72
ISKJ	
iИСКЧ ао
963	
13 143 626	
33,86	
34	
33,29	
34,49	
33,48
HHRU	
iHHRU-адр
202	
12 335 300	
1 895,6	
1 880	
1 880	
1 915,6	
1 915,6
MTLRP	
Мечел ап
951	
11 972 180	
66,6	
66,8	
66,05	
67,1	
66,6
NKNCP	
НКНХ ап
970	
8 588 363	
76,58	
76,62	
76,24	
76,78	
76,72
AKRN	
Акрон
378	
8 459 196	
6 252	
6 290	
6 210	
6 296	
6 216
MSNG	
+МосЭнерго
554	
8 442 549	
2,038	
2,035	
2,026	
2,0545	
2,053
TRMK	
ТМК ао
542	
8 337 274	
60,96	
60,92	
60,88	
61	
61
ENPG	
ЭН+ГРУП ао
616	
8 034 148	
709	
701,5	
701,5	
713	
711
NNSB	
ТНСэнНН ао
1 031	
7 911 285	
2 420	
2 490	
2 010	
2 895	
2 040
NNSBP	
ТНСэнНН ап
1 513	
7 476 610	
783	
801	
706	
875	
735
GCHE	
ЧеркизГ-ао
800	
6 506 172	
1 858,5	
1 855,5	
1 841	
1 869	
1 845
BISVP	
БашИнСв ап
590	
6 232 567	
11,92	
11,75	
11,56	
12,13	
11,83
VSMO	
ВСМПО-АВСМ
141	
5 690 460	
17 080	
17 080	
17 020	
17 140	
17 120
BANE	
Башнефт ао
616	
5 450 929	
1 634,5	
1 649,5	
1 623	
1 653	
1 634,5
MRKZ	
МРСК СЗ
160	
5 185 205	
0,0494	
0,0498	
0,0491	
0,05035	
0,04985
CNTL	
Телеграф
299	
4 933 550	
16,7	
16,85	
16,55	
17	
16,65
NSVZ	
НаукаСвяз
930	
4 757 410	
207	
196,5	
196	
212	
209
LNZL	
Лензолото
78	
4 753 200	
18 790	
18 950	
18 720	
18 950	
18 760
CNTLP	
Телеграф-п
382	
4 343 354	
14,22	
14,28	
14,14	
14,38	
14,28
SELG	
Селигдар
402	
4 337 237	
42,44	
42,73	
42,02	
42,77	
42,76
RSTIP	
Россети ап
428	
4 148 502	
1,998	
2,01	
1,98	
2,01	
2
RNFT	
РуссНфт ао
749	
3 511 044	
350,4	
349	
346,6	
357	
351,2
GAZA	
ГАЗ ао
322	
3 412 025	
414,5	
387	
387	
444	
395
HIMCP	
Химпром ап
491	
3 260 656	
7,81	
7,96	
5,85	
7,98	
7,98
KRKNP	
СаратНПЗ-п
128	
3 254 480	
15 420	
15 480	
15 380	
15 500	
15 480
CHEP	
ЧТПЗ ао
209	
3 105 810	
209,5	
208,5	
207,5	
212	
211,5
SLEN	
Сахэнер ао
129	
3 061 904	
5,815	
5,98	
5,79	
6,2	
5,795
OBUV	
ОР ао
1 057	
3 009 378	
31,15	
31,55	
31	
31,65	
31,25
MFGSP	
Мегион-ап
51	
2 946 510	
273	
292,5	
271,5	
293	
290
LNZLP	
Лензол. ап
253	
2 887 755	
3 985	
3 970	
3 925	
4 060	
3 985
MGTSP	
МГТС-4ап
311	
2 533 026	
1 916	
1 934	
1 862	
1 946	
1 920
NKNC	
НКНХ ао
493	
2 368 556	
87	
88,95	
86,5	
88,95	
87,55
BRZL	
БурЗолото
368	
2 345 966	
989	
1 009	
953	
1 011	
982
RUGR	
Русгрэйн
1 406	
2 130 061	
8,762	
8,998	
7,77	
9	
8,958
SELGP	
Селигдар-п
165	
2 046 045	
35,4	
35,5	
35,05	
35,65	
35,5
DVEC	
ДЭК ао
102	
1 917 280	
0,907	
0,907	
0,906	
0,914	
0,907
TTLK	
Таттел. ао
130	
1 799 705	
0,3215	
0,3205	
0,319	
0,325	
0,322
TGKB	
ТГК-2
157	
1 783 475	
0,00391	
0,00392	
0,0039	
0,003965	
0,003915
UNAC	
iАвиастКао
394	
1 746 348	
0,417	
0,4185	
0,4135	
0,421	
0,419
YAKG	
ЯТЭК ао
79	
1 724 055	
49,4	
49,75	
48,25	
49,95	
49,8
MRSB	
МордЭнСб
103	
1 704 600	
0,438	
0,431	
0,431	
0,444	
0,436
KZOS	
ОргСинт ао
376	
1 676 448	
80,4	
80,7	
80	
80,9	
80,3
UWGN	
ОВК ао
355	
1 635 184	
203,9	
209,8	
201	
210	
202
ALNU	
АЛРОСА-Нюр
15	
1 591 000	
56 800	
57 200	
56 600	
57 200	
57 000
CHGZ	
РН-ЗапСиб
133	
1 474 220	
56	
51	
51	
60	
53,4
VRSB	
ТНСэнВорон
143	
1 427 160	
72	
68,8	
68	
74,8	
71,8
AMEZ	
АшинскийМЗ
851	
1 426 270	
4,72	
4,64	
4,635	
4,77	
4,71
SVAV	
СОЛЛЕРС
66	
1 392 325	
287	
286,5	
286,5	
289,5	
287,5
ROLO	
Русолово
124	
1 390 310	
6,206	
6,38	
5,706	
6,45	
6,348
GAZAP	
ГАЗ ап
153	
1 338 840	
315	
306	
300	
325	
313,5
VRSBP	
ТНСэнВор-п
127	
1 251 950	
46,5	
46	
45	
48	
47
KMAZ	
КАМАЗ
504	
1 162 238	
59,4	
59,3	
59,1	
59,8	
59,3
SFIN	
САФМАР ао
75	
1 134 636	
474,8	
494,8	
466,6	
495	
466,6
MSRS	
РСетиМР ао
134	
1 127 650	
1,1685	
1,1695	
1,163	
1,1755	
1,169
MRKC	
МРСК Центр
511	
1 069 225	
0,2948	
0,2946	
0,293	
0,2962	
0,295
NFAZ	
Нефтекамск
103	
1 060 512	
206,4	
202,6	
201,2	
213,8	
205,8
BLNG	
Белон ао
140	
1 059 880	
4,34	
4,25	
4,25	
4,37	
4,354
BELU	
Белуга ао
218	
1 037 896	
1 261	
1 280	
1 255	
1 280	
1 277
YRSB	
ТНСэнЯр
142	
1 018 960	
172	
166	
166	
182	
172
DIOD	
ЗаводДИОД
235	
937 679	
7,11	
7,4	
6,96	
7,4	
7,19
MRKV	
РсетВол ао
226	
916 826	
0,06795	
0,068	
0,06775	
0,0683	
0,068
RLMN	
Роллман
191	
873 341	
16,95	
16,85	
16,4	
17,4	
17,25
IRGZ	
ИркЭнерго
73	
824 420	
11,72	
11,92	
11,6	
11,92	
11,7
UNKL	
ЮУНК ао
86	
797 910	
6 590	
6 590	
6 500	
6 650	
6 590
NKHP	
НКХП ао
119	
789 225	
262	
261,5	
260	
265	
263,5
KGKCP	
КурганГКап
48	
782 630	
55,5	
53	
53	
57	
54,5
ZILL	
ЗИЛ ао
37	
725 315	
2 410	
2 495	
2 395	
2 495	
2 405
RBCM	
РБК ао
129	
668 332	
3,274	
3,304	
3,24	
3,328	
3,28
RAVN	
Raven
34	
664 485	
28,5	
28,15	
28,15	
28,65	
28,55
INGR	
ИНГРАД ао
72	
644 246	
803	
810	
800	
817	
816
PMSBP	
ПермьЭнС-п
138	
642 520	
130,6	
130,6	
129,8	
133,4	
130,4
SAGOP	
СамарЭн-ап
59	
642 050	
0,479	
0,477	
0,468	
0,491	
0,473
ABRD	
АбрауДюрсо
118	
639 305	
192	
194	
190	
194	
192
GTRK	
ГТМ ао
620	
613 666	
42,4	
43,3	
41,8	
43,3	
42,6
KUBE	
Кубанэнр
165	
611 702	
72,8	
70,8	
70,8	
75,2	
72,5
MRKS	
РсетСиб ао
48	
602 700	
0,2285	
0,2275	
0,226	
0,2465	
0,23
SAGO	
СамарЭн-ао
70	
594 840	
0,626	
0,62	
0,608	
0,642	
0,618
MAGEP	
МагадЭн ап
68	
571 120	
5,83	
5,8	
5,7	
6,17	
5,77
MRKU	
МРСК Ур
56	
566 712	
0,1372	
0,1364	
0,1364	
0,1384	
0,1374
WTCMP	
ЦМТ ап
81	
537 992	
8,04	
8,12	
7,98	
8,16	
8,14
WTCM	
ЦМТ ао
110	
528 258	
8,76	
9	
8,58	
9,1	
8,7
TGKD	
Квадра
296	
516 922	
0,003635	
0,00366	
0,003615	
0,00368	
0,003635
LSNG	
РСетиЛЭ
264	
500 212	
5,51	
5,55	
5,38	
5,57	
5,56
RTSBP	
ТНСэнРст-п
58	
483 360	
0,504	
0,519	
0,493	
0,523	
0,5
KZOSP	
ОргСинт ап
663	
469 299	
11,28	
11,43	
11,19	
11,43	
11,21
KLSB	
КалужскСК
88	
417 065	
13,24	
13,17	
13,03	
13,47	
13,33
USBN	
УралСиб ао
32	
407 249	
0,067	
0,0667	
0,0667	
0,0685	
0,0676
IGST	
Ижсталь2ао
55	
402 578	
945	
946	
931	
949	
943
IRKT	
ИРКУТ-3
74	
391 190	
32,6	
32,26	
32,26	
32,78	
32,78
RGSS	
РГС СК ао
133	
383 474	
0,1436	
0,145	
0,142	
0,1454	
0,144
SARE	
СаратЭн-ао
74	
373 692	
0,1364	
0,1362	
0,1332	
0,139	
0,1376
STSBP	
СтаврЭнСбп
111	
366 768	
0,381	
0,375	
0,3745	
0,385	
0,384
KAZT	
Куйбазот
33	
361 684	
154	
154,8	
152,8	
155,6	
154
KMEZ	
КМЗ
192	
361 289	
491	
501,5	
482,5	
501,5	
489,5
RDRB	
РДБанк ао
57	
355 550	
230	
230	
225	
235	
235
ZVEZ	
ЗВЕЗДА ао
40	
335 110	
4,47	
4,475	
4,45	
4,5	
4,45
TGKBP	
ТГК-2 ап
146	
325 014	
0,00671	
0,00687	
0,00553	
0,00694	
0,00686
MAGE	
МагадЭн ао
25	
308 450	
5,93	
5,86	
5,86	
6,01	
5,92
UTAR	
ЮТэйр ао
96	
292 678	
6,73	
6,86	
6,65	
6,86	
6,71
NAUK	
iНПОНаука
60	
287 652	
201,2	
200,8	
198,8	
202	
201,8
KUZB	
КузнецкийБ
266	
286 457	
0,01387	
0,0139	
0,01377	
0,01419	
0,01393
ARSA	
Арсагера
43	
278 310	
3,66	
3,63	
3,53	
3,81	
3,76
ELTZ	
Электрцинк
70	
251 196	
169,5	
170	
167	
171	
170
TASBP	
ТамбЭнСб-п
67	
246 690	
0,277	
0,293	
0,21	
0,3015	
0,287
PRMB	
Приморье
8	
243 600	
27 000	
27 000	
27 000	
27 200	
27 000
KROT	
КрасОкт-ао
40	
236 110	
369	
369,5	
366	
374	
369,5
MRKY	
РоссЮг ао
225	
233 763	
0,04745	
0,0473	
0,04725	
0,04805	
0,04745
PAZA	
ПавлАвт ао
25	
231 790	
7 990	
8 090	
7 730	
8 170	
8 040
RTGZ	
ГазпРнД ао
4	
224 350	
28 050	
28 050	
28 000	
28 050	
28 050
URKZ	
УрКузница
13	
223 260	
15 940	
15 180	
15 180	
16 300	
16 040
YKEN	
Якутскэнрг
27	
213 845	
0,396	
0,3955	
0,394	
0,4	
0,4
RTSB	
ТНСэнРст
27	
213 550	
0,56	
0,575	
0,545	
0,575	
0,545
ASSB	
АстрЭнСб
33	
200 638	
0,7485	
0,7465	
0,7465	
0,752	
0,75
GEMA	
iММЦБ ао
73	
182 109	
603	
605	
600	
605,5	
605,5
TNSE	
ТНСэнрг ао
39	
167 190	
1 025	
1 025	
1 010	
1 050	
1 040
TGKN	
ТГК-14
30	
166 330	
0,00308	
0,00311	
0,00307	
0,00311	
0,00308
KRSBP	
Красэсб ап
57	
161 120	
7,22	
7,58	
7,02	
7,58	
7,2
CHMK	
ЧМК ао
33	
152 655	
2 545	
2 540	
2 530	
2 565	
2 545
KRKOP	
ТКЗКК ап
44	
150 831	
8,475	
8,66	
8,4	
8,66	
8,47
MGNZ	
СМЗ-ао
25	
149 640	
4 680	
4 700	
4 590	
4 800	
4 750
VZRZP	
Возрожд-п
32	
138 554	
307,8	
314	
304	
314	
304,8
VSYD	
ВыбСудЗ ао
13	
137 160	
3 920	
3 920	
3 910	
3 950	
3 930
KRKN	
СаратНПЗ
9	
123 150	
12 300	
12 450	
12 300	
12 450	
12 300
PMSB	
ПермьЭнСб
59	
123 047	
133,7	
130,2	
130,2	
136	
132,7
YRSBP	
ТНСэнЯр-п
56	
117 725	
89	
87	
85,5	
93	
86
VJGZP	
Варьеган-п
8	
115 640	
330	
332	
330	
333	
333
MISBP	
ТНСэМаЭл-п
29	
111 440	
11,9	
11,9	
11,7	
12,1	
12
TASB	
ТамбЭнСб
22	
110 195	
0,408	
0,4025	
0,398	
0,418	
0,4025
STSB	
СтаврЭнСб
49	
103 378	
0,562	
0,567	
0,545	
0,5685	
0,568
MGTS	
МГТС-5ао
28	
97 850	
2 175	
2 180	
2 165	
2 180	
2 180
ALBK	
БестЭфБ ао
39	
94 485	
57,5	
57	
57	
58,5	
58
RKKE	
ЭнергияРКК
13	
94 170	
6 730	
6 750	
6 690	
6 750	
6 730
ROST	
РОСИНТЕРао
14	
93 990	
61,4	
61,4	
61,4	
61,8	
61,6
TGKDP	
Квадра-п
32	
90 387	
0,00459	
0,00456	
0,00455	
0,004665	
0,00456
AVAN	
Авангрд-ао
50	
88 315	
810	
810	
805	
820	
805
KBSB	
ТНСэКубань
31	
87 565	
139	
141,5	
137,5	
141,5	
138,5
RUSI	
ИКРУСС-ИНВ
13	
83 930	
38,2	
38	
37,9	
38,3	
38
KCHE	
КамчатЭ ао
11	
83 220	
0,219	
0,215	
0,215	
0,223	
0,2155
UCSS	
ОКС ао
13	
81 510	
1 460	
1 470	
1 450	
1 470	
1 450
KAZTP	
Куйбазот-п
12	
79 998	
153,8	
154	
153	
154,2	
153,4
VGSB	
ВолгЭнСб
14	
79 435	
3,97	
3,945	
3,945	
4	
4
KROTP	
КрасОкт-1п
13	
73 885	
264	
267	
259,5	
267	
261
MFGS	
Мегион-ао
6	
70 410	
320	
320	
320	
320,5	
320
IGSTP	
Ижсталь ап
36	
69 548	
848	
828	
828	
857	
840
RLMNP	
Роллман-п
40	
67 815	
17,8	
17,5	
17,5	
18,2	
18
RUSP	
Русполимет
51	
67 147	
0,6335	
0,632	
0,6315	
0,6355	
0,6345
VGSBP	
ВолгЭнСб-п
20	
65 955	
1,885	
1,85	
1,85	
1,915	
1,9
JNOS	
Славн-ЯНОС
15	
65 525	
18,2	
18	
18	
18,25	
18,15
VLHZ	
ВХЗ-ао
14	
65 093	
53,35	
53,3	
53,3	
53,65	
53,65
KBTK	
КузбТК ао
23	
64 150	
145,8	
145,2	
144,8	
146,4	
146,4
OMZZP	
ОМЗ-ап
12	
58 730	
3 455	
3 480	
3 420	
3 480	
3 420
TORS	
ТРК ао
12	
58 580	
0,391	
0,371	
0,371	
0,395	
0,395
MISB	
ТНСэнМарЭл
28	
57 980	
12,3	
12,5	
12,2	
12,5	
12,4
LVHK	
Левенгук
37	
57 493	
8,33	
8,32	
8,26	
8,42	
8,28
DZRDP	
iДонскЗР п
23	
56 940	
1 540	
1 550	
1 530	
1 550	
1 550
JNOSP	
Слав-ЯНОСп
7	
47 480	
13,96	
14,1	
13,94	
14,1	
13,96
KOGK	
КоршГОК ао
1	
45 600	
45 600	
45 600	
45 600	
45 600	
45 600
SAREP	
СаратЭн-ап
23	
41 482	
0,1122	
0,114	
0,1106	
0,1142	
0,1122
RZSB	
РязЭнСб
21	
40 550	
9,02	
8,82	
8,82	
9,1	
9,04
TUZA	
ТЗА ао
14	
38 530	
104	
105	
104	
105	
105
EELT	
ЕвроЭлтех
48	
35 507	
7,24	
7,1	
7,1	
7,52	
7,22
CHKZ	
ЧКПЗ ао
6	
31 440	
5 240	
5 220	
5 220	
5 280	
5 240
YKENP	
Якутскэн-п
5	
31 350	
0,392	
0,393	
0,389	
0,3935	
0,3895
VJGZ	
Варьеган
20	
29 037	
618	
615	
613	
622	
618
UKUZ	
ЮжКузб. ао
30	
27 308	
496	
498	
492	
502	
502
KTSBP	
КСБ ап
9	
27 160	
0,2715	
0,271	
0,27	
0,2735	
0,2705
MRKK	
Россети СК
13	
25 262	
25,02	
25,26	
24,8	
25,28	
25,18
DZRD	
iДонскЗР
10	
24 915	
2 075	
2 070	
2 070	
2 085	
2 075
KRSB	
Красэсб ао
8	
24 547	
7,26	
7,34	
7,14	
7,34	
7,25
VSYDP	
ВыбСудЗ ап
5	
19 320	
3 860	
3 900	
3 840	
3 900	
3 840
KCHEP	
КамчатЭ ап
5	
18 720	
0,374	
0,367	
0,366	
0,384	
0,384
NKSH	
Нижкамшина
5	
17 878	
22,34	
22,36	
22,08	
22,4	
22,4
LPSB	
ЛЭСК ао
9	
17 075	
8,15	
8,15	
8,05	
8,15	
8,1
KTSB	
КСБ ао
15	
16 000	
0,616	
0,612	
0,612	
0,622	
0,62
TORSP	
ТРК ап
4	
13 880	
0,2775	
0,2765	
0,276	
0,282	
0,282
ROSB	
Росбанк ао
10	
13 216	
77,8	
78	
77,2	
78	
78
KGKC	
КурганГКао
9	
13 060	
54,5	
54	
54	
54,5	
54,5
BISV	
БашИнСв ао
0	
0	
-	
-	
-	
-	
8,7
GAZC	
ГАЗКОН-ао
0	
0	
-	
-	
-	
-	
295
GAZS	
ГАЗ-сервис
0	
0	
-	
-	
-	
-	
293
GAZT	
ГАЗ-Тек ао
0	
0	
-	
-	
-	
-	
85
GTSS	
ГЕОТЕК ао
0	
0	
-	
-	
-	
-	
-
HIMC	
Химпром ао
0	
0	
-	
-	
-	
-	
0,99
KMTZ	
КосогМЗ ао
0	
0	
-	
-	
-	
-	
-
KRKO	
ТКЗКК ао
0	
0	
-	
-	
-	
-	
11,8
KSGR	
Кокс ао
0	
0	
-	
-	
-	
-	
-
KUNF	
КУЗОЦМ ао
0	
0	
-	
-	
-	
-	
-
KZMS	
КЗМС ао
0	
0	
-	
-	
-	
-	
226
MFON	
МегаФон ао
0	
0	
-	
-	
-	
-	
650,6
MOBB	
МосОблБанк
0	
0	
-	
-	
-	
-	
0,698
MORI	
Морион ао
0	
0	
-	
-	
-	
-	
4,31
MSTT	
Мостотрест
0	
0	
-	
-	
-	
-	
161
NPOF	
Физика ао
0	
0	
-	
-	
-	
-	
11 850
PRTK	
ПРОТЕК ао
0	
0	
-	
-	
-	
-	
99,6
TRCN	
ТрансК ао
0	
0	
-	
-	
-	
-	
8 595
TRFM	
ТрансФ ао
0	
0	
-	
-	
-	
-	
-
URKA	
Уркалий-ао
0	
0	
-	
-	
-	
-	
119,04