SBER	
Сбербанк
91 147	
14 703 005 110	
188,83	
187,52	
186,42	
192,02	
190,7
GAZP	
ГАЗПРОМ ао
71 943	
12 004 039 489	
190,74	
192,24	
189,44	
193,44	
191,1
LKOH	
ЛУКОЙЛ
68 223	
11 817 524 401	
5 147	
5 212	
5 064	
5 270	
5 163
ROSN	
Роснефть
53 837	
6 274 354 018	
345,7	
348	
340,25	
352	
343
GMKN	
ГМКНорНик
26 869	
4 788 130 126	
19 298	
19 202	
19 080	
19 590	
19 590
SNGS	
Сургнфгз
30 134	
3 586 337 504	
37,175	
37,3	
36,69	
37,65	
37,25
VTBR	
ВТБ ао
64 330	
2 816 946 601	
0,03313	
0,0325	
0,03237	
0,03386	
0,03367
SBERP	
Сбербанк-п
33 204	
2 671 874 628	
178,17	
176,5	
175,55	
180,79	
179,88
AFLT	
Аэрофлот
56 732	
2 354 575 853	
72,08	
70,28	
69,06	
73,36	
72,72
NVTK	
Новатэк ао
24 761	
2 225 271 946	
1 003,8	
999	
988	
1 027	
1 006,2
PLZL	
Полюс
26 403	
2 205 215 992	
10 731,5	
10 450,5	
10 426,5	
11 000	
10 818,5
TATN	
Татнфт 3ао
30 336	
2 133 713 650	
604,5	
608	
594,6	
613,8	
608,9
YNDX	
Yandex clA
28 310	
2 029 939 137	
2 575,8	
2 566,4	
2 536,2	
2 609	
2 582
SNGSP	
Сургнфгз-п
17 952	
1 671 338 677	
38,85	
38,67	
38,35	
39,28	
38,86
MOEX	
МосБиржа
31 525	
1 568 250 668	
100,04	
99,89	
98,9	
101,44	
100,75
MTSS	
МТС-ао
19 146	
1 541 695 150	
302,8	
299,9	
297,3	
310,5	
308,85
MGNT	
Магнит ао
20 349	
1 384 651 021	
3 233	
3 206,5	
3 191	
3 262	
3 262
ALRS	
АЛРОСА ао
27 887	
1 341 297 955	
62,62	
62,5	
61,64	
64	
63,5
FEES	
ФСК ЕЭС ао
33 783	
1 286 193 118	
0,17376	
0,16608	
0,16588	
0,179	
0,1785
IRAO	
ИнтерРАОао
21 628	
1 221 477 279	
5,21	
5,1	
5,07	
5,339	
5,2965
POLY	
Polymetal
17 873	
1 158 255 919	
1 318,2	
1 306,9	
1 302,1	
1 337,8	
1 326
SIBN	
Газпрнефть
18 891	
1 147 627 734	
339,3	
342	
335,2	
342	
339,4
NLMK	
НЛМК ао
19 208	
1 044 004 409	
128,34	
126,04	
124,62	
131,4	
130
CHMF	
СевСт-ао
18 343	
933 394 968	
887,8	
887	
876,6	
898	
892,8
HYDR	
РусГидро
30 158	
873 087 481	
0,6403	
0,6363	
0,632	
0,6465	
0,6431
TATNP	
Татнфт 3ап
18 055	
838 500 323	
570,9	
576,5	
563	
589	
566,4
AFKS	
Система ао
19 552	
791 348 539	
13,781	
13,509	
13,45	
13,97	
13,95
TCSG	
TCS-гдр
19 455	
777 066 796	
919,2	
870,2	
864,6	
958,6	
950
MAGN	
ММК
12 112	
758 428 614	
39,155	
38,07	
38,01	
40,255	
39,88
FIVE	
FIVE-гдр
10 893	
682 946 724	
2 306	
2 249	
2 247	
2 346	
2 346
RSTI	
Россети ао
15 932	
621 920 808	
1,2498	
1,2145	
1,2006	
1,2896	
1,2896
RUAL	
RUSAL plc
22 425	
575 953 065	
25,52	
25,045	
24,8	
27,545	
25,755
RTKM	
Ростел -ао
14 098	
395 160 316	
75,71	
74,5	
74,04	
78,2	
76,53
CBOM	
МКБ ао
14 314	
369 066 315	
5,557	
5,462	
5,437	
5,672	
5,551
TRNFP	
Транснф ап
1 571	
336 022 800	
156 500	
152 500	
151 750	
160 450	
159 850
DSKY	
ДетскийМир
17 173	
328 015 717	
97,46	
95,04	
94,56	
99,5	
97,8
BANEP	
Башнефт ап
6 492	
286 927 393	
1 389	
1 395	
1 376	
1 398	
1 392
MTLR	
Мечел ао
22 606	
284 628 569	
62,98	
62,8	
61,8	
64,15	
63,07
UPRO	
Юнипро ао
7 227	
258 455 764	
2,655	
2,586	
2,583	
2,708	
2,639
TGKA	
ТГК-1
13 922	
226 746 494	
0,01089	
0,0104	
0,0104	
0,011286	
0,010976
PHOR	
ФосАгро ао
5 047	
211 061 890	
2 452	
2 455	
2 434	
2 474	
2 443
TRMK	
ТМК ао
6 988	
163 884 264	
44,16	
43,1	
42,72	
45,58	
45,4
NKNCP	
НКНХ ап
8 573	
155 433 358	
83,48	
84,62	
81,04	
85,88	
83,5
OGKB	
ОГК-2 ао
8 400	
147 393 573	
0,6152	
0,603	
0,601	
0,6264	
0,6179
MTLRP	
Мечел ап
3 123	
93 170 569	
62,95	
64,4	
62,4	
64,4	
62,55
LSRG	
ЛСР ао
6 973	
92 207 528	
604,6	
600	
591,2	
620	
613
RTKMP	
Ростел -ап
6 906	
90 120 468	
64,1	
64,25	
63,65	
64,75	
64,55
RASP	
Распадская
3 014	
82 445 362	
100,76	
99,1	
99,1	
102,38	
100,92
MSNG	
+МосЭнерго
2 968	
70 792 820	
1,953	
1,919	
1,8925	
1,9845	
1,984
QIWI	
iQIWI
4 190	
67 176 568	
835	
828	
823,5	
846,5	
842,5
TGKB	
ТГК-2
1 822	
49 327 925	
0,003835	
0,00385	
0,003725	
0,00394	
0,00388
AKRN	
Акрон
1 161	
49 031 338	
5 996	
5 956	
5 956	
6 012	
6 000
AGRO	
AGRO-гдр
4 532	
48 346 570	
601,6	
603,2	
597	
606,6	
600
MVID	
М.видео
1 856	
47 764 472	
366,9	
368,7	
365	
370,8	
366,9
LNTA	
Лента др
5 483	
45 221 441	
149,6	
150,4	
148,1	
150,5	
150,1
PIKK	
ПИК ао
1 622	
40 119 336	
405,7	
413,6	
403	
415,1	
403,2
APTK	
Аптеки36и6
9 666	
37 541 435	
13,61	
13,324	
13,22	
13,874	
13,6
MRKP	
МРСК ЦП
2 080	
36 496 574	
0,1698	
0,167	
0,1648	
0,1748	
0,1734
BANE	
Башнефт ао
1 673	
35 908 451	
1 666	
1 666	
1 645	
1 675	
1 664
ENRU	
ЭнелРос ао
2 329	
35 507 379	
0,911	
0,896	
0,8915	
0,92	
0,9115
AQUA	
РусАква ао
1 301	
30 711 335	
206	
206	
203	
218,5	
204
DASB	
ДагСб ао
4 154	
30 599 130	
0,105	
0,0899	
0,0888	
0,1146	
0,1048
GCHE	
ЧеркизГ-ао
2 004	
25 128 469	
1 911	
1 906	
1 880	
1 935	
1 912
NKNC	
НКНХ ао
2 093	
24 165 505	
101,75	
103,95	
99,9	
104,9	
101,3
ENPG	
ЭН+ГРУП ао
235	
22 710 633	
549,7	
548,2	
548,2	
553,1	
550,7
ENPL	
ENPL-гдр
1 242	
18 294 034	
535,4	
539,4	
530,2	
550	
536
NMTP	
НМТП ао
1 696	
17 144 794	
8,935	
8,775	
8,775	
8,995	
8,98
RSTIP	
Россети ап
978	
16 240 923	
1,454	
1,403	
1,403	
1,483	
1,478
RUGR	
Русгрэйн
6 493	
16 155 912	
8,394	
8,27	
7,58	
8,9	
8,326
MSTT	
Мостотрест
1 380	
16 011 833	
159,75	
157,9	
154,7	
161,8	
159,95
BELU	
Белуга ао
410	
15 362 366	
1 184	
1 135	
1 135	
1 249	
1 200
KZOS	
ОргСинт ао
746	
14 636 282	
88	
88	
87,1	
89	
88,4
BSPB	
БСП ао
2 605	
14 351 568	
44,35	
44,1	
42,64	
45,3	
44,7
ETLN	
ETLN-гдр
1 098	
13 957 449	
96,24	
99,84	
95	
99,84	
96,1
MRKV	
МРСКВол
1 024	
13 377 972	
0,06985	
0,069	
0,0686	
0,0705	
0,07025
VSMO	
ВСМПО-АВСМ
340	
12 944 640	
19 920	
19 020	
19 020	
20 320	
19 880
MRKC	
МРСК Центр
1 017	
12 557 620	
0,2502	
0,245	
0,245	
0,2532	
0,2524
OBUV	
ОР ао
2 118	
11 319 871	
30,75	
30,45	
29,45	
31,95	
31,8
LIFE	
iФармсинтз
758	
10 577 729	
6,335	
6,305	
6,24	
6,475	
6,345
MSRS	
МОЭСК
584	
9 658 554	
1,0155	
0,991	
0,981	
1,0345	
1,017
PAZA	
ПавлАвт ао
638	
9 399 980	
6 850	
5 500	
5 500	
7 620	
7 620
LVHK	
Левенгук
2 172	
9 349 821	
8,65	
7,3	
7,3	
9,6	
8,54
SVAV	
СОЛЛЕРС
295	
9 046 335	
250	
248,5	
247	
254	
252
TTLK	
Таттел. ао
918	
8 725 435	
0,2935	
0,28	
0,272	
0,2995	
0,2945
KMAZ	
КАМАЗ
1 199	
7 511 324	
54,4	
53,8	
51,5	
55,9	
54,4
KZOSP	
ОргСинт ап
2 208	
7 163 410	
13,24	
12,5	
12,36	
13,8	
13,4
LNZL	
Лензолото
329	
6 826 950	
8 250	
8 280	
8 050	
8 380	
8 250
RNFT	
РуссНфт ао
3 591	
6 798 207	
452,6	
459,2	
450,4	
459,6	
453,8
SFIN	
САФМАР ао
611	
6 668 360	
453,6	
455	
452	
458,8	
453
TGKN	
ТГК-14
448	
6 040 770	
0,00318	
0,00308	
0,00303	
0,00327	
0,00323
MGTSP	
МГТС-4ап
368	
5 153 792	
2 222	
2 202	
2 192	
2 250	
2 236
GTRK	
ГТМ ао
897	
4 860 454	
34,15	
34,6	
31,6	
35,65	
35
FESH	
ДВМП ао
670	
4 803 365	
6,74	
6,76	
6,67	
6,89	
6,75
KRKNP	
СаратНПЗ-п
156	
4 681 920	
15 460	
15 560	
15 360	
15 580	
15 380
TGKBP	
ТГК-2 ап
275	
4 499 610	
0,00664	
0,00663	
0,0064	
0,00682	
0,00675
SELG	
Селигдар
541	
4 418 528	
16,93	
17,2	
16,8	
17,49	
16,95
KLSB	
КалужскСК
713	
4 177 290	
10,4	
9,8	
9,7	
11,29	
10,95
RGSS	
РГС СК ао
887	
4 108 142	
0,1436	
0,14	
0,1368	
0,1498	
0,1466
IRGZ	
ИркЭнерго
402	
3 388 422	
11,66	
11,86	
11,5	
11,9	
11,74
UNAC	
iАвиастКао
397	
3 300 693	
0,496	
0,49	
0,483	
0,512	
0,49
RBCM	
РБК ао
688	
3 167 686	
2,974	
2,914	
2,902	
3,032	
3,03
ALNU	
АЛРОСА-Нюр
33	
3 146 400	
47 600	
47 800	
47 000	
48 600	
47 400
PMSB	
ПермьЭнСб
622	
3 044 308	
133,1	
121,6	
121	
141,5	
128
LNZLP	
Лензол. ап
227	
2 973 660	
3 550	
3 495	
3 430	
3 600	
3 600
MRKK	
Россети СК
486	
2 609 184	
27,76	
25,58	
25,2	
29,68	
27
MRKS	
МРСКСиб
123	
2 567 620	
0,214	
0,217	
0,2105	
0,217	
0,215
PMSBP	
ПермьЭнС-п
389	
2 509 480	
126	
117,2	
117,2	
130	
127
CHKZ	
ЧКПЗ ао
314	
2 408 940	
5 300	
4 380	
4 200	
5 820	
5 240
IRKT	
ИРКУТ-3
148	
2 132 982	
31,1	
31,06	
30,12	
31,56	
31,42
RUSP	
Русполимет
160	
2 013 355	
0,561	
0,527	
0,527	
0,576	
0,5525
MRKY	
РоссЮг ао
298	
1 981 772	
0,0506	
0,04875	
0,04875	
0,05155	
0,051
MOBB	
МосОблБанк
458	
1 939 390	
2,528	
2,36	
2,33	
2,6	
2,538
JNOS	
Славн-ЯНОС
141	
1 842 040	
16,3	
16,2	
15,7	
17	
16,55
YAKG	
ЯТЭК ао
143	
1 548 216	
52,48	
50,52	
50,02	
53,98	
53,7
CHEP	
ЧТПЗ ао
178	
1 525 510	
199	
194,5	
193,5	
203,5	
201,5
MRKZ	
МРСК СЗ
316	
1 516 876	
0,04665	
0,0455	
0,04525	
0,0476	
0,04665
DVEC	
ДЭК ао
220	
1 501 507	
0,814	
0,777	
0,777	
0,835	
0,823
KUZB	
КузнецкийБ
871	
1 395 646	
0,01674	
0,01641	
0,01551	
0,01787	
0,01648
USBN	
УралСиб ао
243	
1 350 076	
0,0677	
0,068	
0,067	
0,0689	
0,0671
HALS	
Галс-Девел
212	
1 283 779	
775	
750	
740	
810	
765
RKKE	
ЭнергияРКК
110	
1 266 550	
4 890	
5 070	
4 660	
5 280	
4 960
ROST	
РОСИНТЕРао
183	
1 240 010	
54,2	
55,2	
53,4	
56,8	
56,8
MRKU	
МРСК Ур
161	
1 230 396	
0,1434	
0,1396	
0,1394	
0,149	
0,1444
OMZZP	
ОМЗ-ап
193	
1 219 655	
3 035	
2 800	
2 800	
3 190	
3 120
PRMB	
Приморье
56	
1 080 600	
16 400	
17 600	
15 000	
17 800	
17 000
NKHP	
НКХП ао
163	
964 015	
233,5	
225	
225	
244,5	
233,5
BLNG	
Белон ао
250	
948 816	
3,898	
4,078	
3,316	
4,396	
4,008
PRTK	
ПРОТЕК ао
159	
898 590	
98,1	
98,6	
97,6	
99,6	
98,1
UTAR	
ЮТэйр ао
129	
881 469	
6,49	
6,31	
6,27	
6,61	
6,53
NFAZ	
Нефтекамск
130	
867 440	
135,6	
128,8	
127,2	
146	
143
NKSH	
Нижкамшина
47	
857 598	
20,88	
20,52	
20,5	
21,92	
21,66
RDRB	
РДБанк ао
109	
856 250	
270	
265	
255	
280	
270
TGKD	
Квадра
227	
840 386	
0,00299	
0,00291	
0,00291	
0,00304	
0,002965
DIOD	
ЗаводДИОД
93	
808 348	
4,91	
4,95	
4,85	
4,95	
4,93
RAVN	
Raven
34	
793 720	
30,4	
30,8	
30,2	
31	
30,2
AVAN	
Авангрд-ао
119	
771 370	
685	
680	
665	
710	
700
KOGK	
КоршГОК ао
14	
709 000	
44 400	
42 400	
42 400	
45 000	
44 400
VJGZP	
Варьеган-п
57	
690 200	
318	
314	
302	
323	
316
AMEZ	
АшинскийМЗ
463	
688 340	
3,705	
3,61	
3,61	
3,77	
3,735
ELTZ	
Электрцинк
207	
677 104	
169	
170	
165,5	
173	
172,5
URKZ	
УрКузница
18	
644 280	
9 920	
9 800	
9 700	
10 000	
9 860
DZRDP	
iДонскЗР п
199	
641 850	
1 580	
1 540	
1 480	
1 670	
1 570
KROT	
КрасОкт-ао
83	
635 795	
307	
294	
293,5	
317	
311,5
BRZL	
БурЗолото
93	
629 904	
808	
811	
805	
814	
805
CNTLP	
Телеграф-п
157	
626 600	
16,36	
16,34	
16,26	
16,58	
16,36
TRCN	
ТрансК ао
42	
616 955	
8 225	
8 190	
8 170	
8 360	
8 225
HIMCP	
Химпром ап
115	
575 363	
5,6	
5,65	
5,56	
5,65	
5,61
VLHZ	
ВХЗ-ао
101	
575 347	
51,8	
51,75	
51	
53	
52
MGTS	
МГТС-5ао
46	
556 100	
2 470	
2 460	
2 460	
2 485	
2 480
GAZA	
ГАЗ ао
44	
555 715	
378	
377,5	
370,5	
381	
380
SELGP	
Селигдар-п
108	
514 455	
26,1	
26	
25,9	
26,4	
26,25
LPSB	
ЛЭСК ао
118	
498 625	
7,6	
7,35	
7,3	
7,95	
7,75
ISKJ	
iИСКЧ ао
92	
426 165	
12,68	
12,42	
12,25	
12,95	
12,69
TUZA	
ТЗА ао
145	
408 020	
73	
76	
68	
77	
77
KRSB	
Красэсб ао
37	
407 720	
5,44	
5,47	
5,23	
5,54	
5,54
CNTL	
Телеграф
68	
398 770	
19,55	
19,5	
19,3	
19,7	
19,7
CHMK	
ЧМК ао
84	
393 160	
2 355	
2 465	
2 325	
2 465	
2 350
VJGZ	
Варьеган
53	
379 353	
611	
601	
600	
617	
615
YKENP	
Якутскэн-п
46	
370 815	
0,283	
0,284	
0,2755	
0,288	
0,287
ALBK	
БестЭфБ ао
69	
350 965	
50	
52	
49	
53	
51,5
VZRZP	
Возрожд-п
70	
330 458	
290	
292	
285	
297,8	
291,8
ARSA	
Арсагера
54	
326 850	
3,08	
3,1	
2,99	
3,21	
3,15
UCSS	
ОКС ао
54	
325 110	
1 490	
1 450	
1 450	
1 500	
1 490
ABRD	
АбрауДюрсо
99	
324 940	
134,5	
134,5	
132	
135,5	
133,5
WTCMP	
ЦМТ ап
99	
317 974	
8,52	
8,34	
8,04	
8,9	
8,5
VRSB	
ТНСэнВорон
33	
314 560	
48,4	
48	
47,4	
49	
49
TORSP	
ТРК ап
55	
308 545	
0,2595	
0,26	
0,25	
0,2695	
0,26
UWGN	
ОВК ао
100	
306 975	
242,1	
239,7	
236,6	
244,9	
244
MGNZ	
СМЗ-ао
45	
305 680	
3 730	
4 100	
3 010	
4 100	
3 860
WTCM	
ЦМТ ао
66	
296 216	
8,82	
8,68	
8,64	
9,2	
8,78
KAZT	
Куйбазот
43	
295 964	
148,8	
148,6	
147,2	
150,6	
149
MAGEP	
МагадЭн ап
23	
290 570	
3,92	
3,86	
3,83	
4,25	
3,91
RLMN	
Роллман
213	
276 028	
15,65	
15,2	
15,15	
16,2	
15,7
YKEN	
Якутскэнрг
30	
236 695	
0,3115	
0,31	
0,3055	
0,3225	
0,313
KUBE	
Кубанэнр
42	
236 236	
63,3	
63	
62	
64,5	
62,2
RUSI	
ИКРУСС-ИНВ
42	
235 800	
36,8	
34,1	
34,1	
37,8	
37,8
NSVZ	
НаукаСвяз
64	
232 330	
190,5	
191	
188	
194	
191,5
KTSB	
КСБ ао
52	
211 768	
0,462	
0,48	
0,45	
0,482	
0,47
IGSTP	
Ижсталь ап
76	
204 936	
646	
630	
620	
690	
655
IGST	
Ижсталь2ао
53	
197 374	
713	
696	
696	
735	
715
NAUK	
iНПОНаука
58	
195 116	
162,6	
159,4	
159	
166,6	
165
NNSBP	
ТНСэнНН ап
86	
193 504	
563	
509	
509	
600	
558
ROLO	
Русолово
38	
193 160	
3,788	
3,656	
3,656	
3,828	
3,81
MFGS	
Мегион-ао
40	
190 375	
312	
314	
305,5	
316,5	
315
KRKN	
СаратНПЗ
12	
184 300	
12 300	
12 700	
12 050	
12 700	
12 300
MAGE	
МагадЭн ао
11	
182 560	
4,55	
4,55	
4,41	
4,75	
4,41
BISVP	
БашИнСв ап
48	
175 195	
6,87	
7,05	
6,8	
7,05	
6,94
GAZAP	
ГАЗ ап
31	
167 205	
315,5	
304	
304	
320	
319,5
MRSB	
МордЭнСб
21	
166 620	
0,34	
0,323	
0,319	
0,347	
0,326
VGSBP	
ВолгЭнСб-п
31	
147 565	
0,935	
0,96	
0,9	
0,965	
0,945
KMEZ	
КМЗ
74	
139 249	
428,5	
428,5	
424	
436,5	
436,5
ASSB	
АстрЭнСб
97	
131 890	
0,571	
0,563	
0,559	
0,593	
0,5815
ZVEZ	
ЗВЕЗДА ао
21	
128 475	
4,145	
4,155	
4,1	
4,155	
4,145
KAZTP	
Куйбазот-п
28	
124 266	
149,8	
150,2	
149,2	
150,4	
149,8
SLEN	
Сахэнер ао
25	
112 664	
4,27	
4,24	
4,105	
4,34	
4,105
KROTP	
КрасОкт-1п
22	
112 235	
212	
210	
210	
214,5	
213,5
ROSB	
Росбанк ао
77	
110 994	
62,8	
61,2	
60	
64	
63,4
MFGSP	
Мегион-ап
19	
110 940	
284,5	
288,5	
281,5	
288,5	
284,5
KRSBP	
Красэсб ап
15	
108 420	
5,42	
5,22	
5,22	
5,48	
5,46
MISBP	
ТНСэМаЭл-п
37	
107 980	
10,4	
9,8	
9,6	
10,8	
10,4
KRKOP	
ТКЗКК ап
42	
97 009	
4,11	
3,985	
3,83	
4,45	
3,98
TGKDP	
Квадра-п
70	
96 499	
0,003785	
0,00377	
0,003685	
0,003805	
0,00378
UNKL	
ЮУНК ао
25	
88 880	
2 870	
2 860	
2 850	
2 900	
2 860
VGSB	
ВолгЭнСб
35	
88 840	
1,365	
1,26	
1,005	
1,445	
1,44
VRSBP	
ТНСэнВор-п
15	
88 500	
29,5	
29,5	
29	
30,5	
30,5
INGR	
ИНГРАД ао
25	
85 624	
771	
735	
735	
787	
770
TASB	
ТамбЭнСб
12	
83 975	
0,271	
0,2695	
0,2655	
0,273	
0,2655
NNSB	
ТНСэнНН ао
24	
76 690	
1 235	
1 225	
1 205	
1 320	
1 240
ZILL	
ЗИЛ ао
27	
75 848	
1 308	
1 270	
1 270	
1 318	
1 288
VSYDP	
ВыбСудЗ ап
16	
74 280	
2 660	
2 560	
2 560	
2 700	
2 680
JNOSP	
Слав-ЯНОСп
23	
69 782	
13,18	
12,98	
12,9	
13,44	
13,38
UKUZ	
ЮжКузб. ао
27	
64 914	
500	
494	
494	
510	
506
RTGZ	
ГазпРнД ао
3	
64 550	
21 500	
21 350	
21 350	
21 650	
21 600
DZRD	
iДонскЗР
25	
60 514	
2 088	
2 030	
2 030	
2 160	
2 160
SAGO	
СамарЭн-ао
5	
53 180	
0,38	
0,378	
0,378	
0,38	
0,38
SAREP	
СаратЭн-ап
9	
48 708	
0,0856	
0,085	
0,084	
0,0878	
0,0872
SAGOP	
СамарЭн-ап
10	
47 290	
0,364	
0,361	
0,359	
0,372	
0,372
TORS	
ТРК ао
7	
40 850	
0,371	
0,372	
0,367	
0,375	
0,375
KGKC	
КурганГКао
15	
40 210	
52	
50	
50	
55	
52
KBSB	
ТНСэКубань
14	
38 355	
132,5	
125,5	
125,5	
134,5	
130
KCHEP	
КамчатЭ ап
9	
37 810	
0,344	
0,325	
0,325	
0,349	
0,348
KBTK	
КузбТК ао
16	
37 538	
150,2	
150	
147	
151,2	
150,4
STSBP	
СтаврЭнСбп
28	
37 014	
0,2986	
0,2954	
0,2934	
0,305	
0,2988
TASBP	
ТамбЭнСб-п
10	
35 700	
0,1985	
0,201	
0,1915	
0,201	
0,1985
MISB	
ТНСэнМарЭл
16	
34 650	
10,8	
10,9	
10,4	
11,2	
11,1
CHGZ	
РН-ЗапСиб
6	
33 080	
30,2	
32,8	
29	
32,8	
29,6
RLMNP	
Роллман-п
44	
26 588	
17,62	
17,4	
17,3	
17,96	
17,72
SZPR	
СЗПароход
20	
23 440	
710	
700	
700	
724	
724
KCHE	
КамчатЭ ао
8	
19 670	
0,179	
0,1725	
0,1725	
0,1825	
0,1825
GEMA	
iММЦБ ао
9	
18 206	
728	
732	
722,5	
732	
731,5
RZSB	
РязЭнСб
2	
16 420	
5,47	
5,44	
5,44	
5,54	
5,54
KTSBP	
КСБ ап
5	
16 070	
0,2295	
0,224	
0,222	
0,234	
0,222
KGKCP	
КурганГКап
13	
15 440	
55	
57	
53,5	
57	
55,5
VSYD	
ВыбСудЗ ао
4	
13 685	
2 735	
2 695	
2 695	
2 760	
2 750
RTSB	
ТНСэнРст
4	
13 050	
0,325	
0,32	
0,32	
0,33	
0,33
SARE	
СаратЭн-ао
5	
11 630	
0,1164	
0,1188	
0,113	
0,1194	
0,1164
YRSBP	
ТНСэнЯр-п
8	
11 070	
79	
77,5	
77,5	
79,5	
79,5
RTSBP	
ТНСэнРст-п
3	
7 480	
0,249	
0,248	
0,248	
0,25	
0,25
STSB	
СтаврЭнСб
4	
6 692	
0,3345	
0,3335	
0,3335	
0,3415	
0,3405
TNSE	
ТНСэнрг ао
3	
3 005	
1 000	
1 005	
995	
1 005	
995
BISV	
БашИнСв ао
0	
0	
-	
-	
-	
-	
8,7
FTRE	
БУДУЩЕЕ ао
0	
0	
-	
-	
-	
-	
80
GAZC	
ГАЗКОН-ао
0	
0	
-	
-	
-	
-	
295
GAZS	
ГАЗ-сервис
0	
0	
-	
-	
-	
-	
293
GAZT	
ГАЗ-Тек ао
0	
0	
-	
-	
-	
-	
85
GTSS	
ГЕОТЕК ао
0	
0	
-	
-	
-	
-	
-
HIMC	
Химпром ао
0	
0	
-	
-	
-	
-	
0,99
KMTZ	
КосогМЗ ао
0	
0	
-	
-	
-	
-	
-
KRKO	
ТКЗКК ао
0	
0	
-	
-	
-	
-	
11,8
KSGR	
Кокс ао
0	
0	
-	
-	
-	
-	
-
KUNF	
КУЗОЦМ ао
0	
0	
-	
-	
-	
-	
-
KZMS	
КЗМС ао
0	
0	
-	
-	
-	
-	
226
LSNG	
Ленэнерго
0	
0	
-	
-	
-	
-	
5,66
LSNGP	
Ленэнерг-п
0	
0	
-	
-	
-	
-	
119,95
MFON	
МегаФон ао
0	
0	
-	
-	
-	
-	
650,6
MORI	
Морион ао
0	
0	
-	
-	
-	
-	
4,31
NPOF	
Физика ао
0	
0	
-	
-	
-	
-	
11 850
TRFM	
ТрансФ ао
0	
0	
-	
-	
-	
-	
-
URKA	
Уркалий-ао
0	
0	
-	
-	
-	
-	
119,04
VZRZ	
Возрожд-ао
0	
0	
-	
-	
-	
-	
480
MORI	
Морион ао
0	
0	
-	
-	
-	
-	
4,31
RU000A0JVT35	
ИСУ ЕФГ-3
0	
0	
-	
-	
-	
-	
400