SBER	
Сбербанк
65 527	
9 707 394 360	
195,87	
195	
194,3	
197,23	
195,7
LKOH	
ЛУКОЙЛ
58 654	
9 184 578 927	
4 918,5	
5 000	
4 825	
5 014,5	
4 857,5
GAZP	
ГАЗПРОМ ао
72 285	
8 771 078 588	
189,05	
190,53	
187,05	
191,05	
187,05
ROSN	
Роснефть
38 806	
4 967 379 319	
340,4	
344	
335	
344,85	
336,65
NVTK	
Новатэк ао
43 322	
4 806 330 684	
1 062,6	
1 067,2	
1 043	
1 080	
1 060
GMKN	
ГМКНорНик
21 504	
4 163 308 354	
20 110	
20 128	
19 920	
20 334	
19 940
TATN	
Татнфт 3ао
32 783	
2 819 142 374	
548,7	
555,7	
538,2	
559,9	
541,5
MGNT	
Магнит ао
28 599	
2 504 663 215	
3 706,5	
3 708,5	
3 661	
3 740	
3 690
SNGS	
Сургнфгз
20 935	
2 415 660 582	
36,475	
37,01	
35,72	
37,165	
35,72
MOEX	
МосБиржа
35 978	
1 809 208 576	
122,61	
121,99	
120,92	
123,68	
122,74
PLZL	
Полюс
14 623	
1 511 618 233	
11 961	
11 855	
11 830	
12 043	
11 920,5
SBERP	
Сбербанк-п
29 860	
1 499 247 331	
180,26	
179,05	
178,54	
181,41	
181
VTBR	
ВТБ ао
30 218	
1 179 047 700	
0,03558	
0,035495	
0,035305	
0,035895	
0,03531
ALRS	
АЛРОСА ао
32 580	
1 177 793 155	
62,32	
62,8	
61,36	
63,3	
61,73
IRAO	
ИнтерРАОао
18 250	
1 141 003 282	
4,9355	
4,96	
4,88	
5,028	
4,8805
YNDX	
Yandex clA
18 391	
1 075 984 612	
2 854,6	
2 849,2	
2 830,2	
2 883,2	
2 864
POLY	
Polymetal
15 295	
822 879 507	
1 542,2	
1 543,2	
1 522,4	
1 560,8	
1 534,1
MTSS	
МТС-ао
11 703	
779 501 453	
319,55	
321,2	
317,55	
321,9	
318
RSTI	
Россети ао
20 193	
771 750 562	
1,3166	
1,3065	
1,289	
1,3404	
1,29
CHMF	
СевСт-ао
15 307	
717 758 980	
875,8	
877	
870	
883,4	
870,6
SNGSP	
Сургнфгз-п
11 561	
715 707 131	
36,055	
36,29	
35,87	
36,325	
35,89
SIBN	
Газпрнефть
9 069	
584 950 592	
333,55	
336,4	
330,5	
336,4	
331,05
NLMK	
НЛМК ао
9 849	
554 833 760	
125,04	
125,8	
124,06	
126,1	
124,06
TATNP	
Татнфт 3ап
10 166	
497 398 621	
511,1	
515,2	
504	
517,6	
507,7
FIVE	
FIVE-гдр
10 365	
459 648 780	
2 164,5	
2 192,5	
2 138	
2 192,5	
2 163,5
AFLT	
Аэрофлот
13 983	
423 177 316	
75,58	
75,9	
75,02	
76,24	
75,3
TRNFP	
Транснф ап
2 097	
397 532 250	
136 000	
137 100	
134 850	
137 450	
135 400
HYDR	
РусГидро
12 876	
376 462 200	
0,6354	
0,6418	
0,6292	
0,6418	
0,631
MAGN	
ММК
7 205	
364 660 976	
39,485	
39,68	
39,115	
40,045	
39,13
FEES	
ФСК ЕЭС ао
10 564	
340 299 562	
0,183	
0,1833	
0,1813	
0,1856	
0,1815
CBOM	
МКБ ао
16 658	
336 052 102	
5,418	
5,412	
5,373	
5,469	
5,373
UPRO	
Юнипро ао
10 217	
320 837 351	
2,828	
2,882	
2,8	
2,887	
2,806
AFKS	
Система ао
7 289	
320 552 253	
14,508	
14,55	
14,393	
14,641	
14,515
DSKY	
ДетскийМир
15 263	
256 181 878	
86,7	
87,3	
86,08	
87,56	
86,6
RSTIP	
Россети ап
7 813	
231 904 537	
1,904	
1,876	
1,811	
1,97	
1,9
RTKM	
Ростел -ао
7 914	
226 635 646	
82,01	
82,55	
81,34	
82,68	
81,6
TCSG	
TCS-гдр
8 461	
209 436 352	
1 025,8	
1 029,6	
1 011,2	
1 038,8	
1 014,8
OGKB	
ОГК-2 ао
8 962	
167 971 512	
0,6505	
0,6495	
0,6409	
0,6575	
0,65
PHOR	
ФосАгро ао
3 599	
165 569 176	
2 757	
2 740	
2 710	
2 780	
2 757
RUAL	
RUSAL plc
9 203	
157 995 553	
26,425	
26,495	
26,12	
26,615	
26,17
LSRG	
ЛСР ао
6 969	
138 464 750	
615,8	
614,8	
612,2	
617,8	
617,2
MTLR	
Мечел ао
8 818	
105 631 663	
64,26	
64,24	
63,6	
64,98	
63,8
TGKA	
ТГК-1
5 351	
105 499 713	
0,011836	
0,01189	
0,011702	
0,011988	
0,01175
BANEP	
Башнефт ап
3 029	
85 250 196	
1 418	
1 424	
1 409	
1 428,5	
1 416,5
NKNCP	
НКНХ ап
6 376	
76 135 738	
76,78	
75,6	
74,5	
79,9	
76,78
TRMK	
ТМК ао
1 289	
60 317 880	
57	
56,96	
56,84	
57,18	
56,98
RASP	
Распадская
1 373	
54 047 995	
105,34	
105,56	
104,72	
106,78	
104,96
LNTA	
Лента др
4 733	
52 413 612	
156,9	
157,2	
155	
159	
156,5
TGKB	
ТГК-2
2 295	
41 777 010	
0,004895	
0,00489	
0,004705	
0,00516	
0,004805
ETLN	
ETLN-гдр
2 039	
41 044 523	
84,32	
84,96	
83,02	
84,96	
83,78
PIKK	
ПИК ао
2 269	
39 813 659	
386,8	
390,6	
385	
391	
386,4
INGR	
ИНГРАД ао
3 943	
32 383 568	
865	
770	
752	
1 063	
752
AGRO	
AGRO-гдр
2 210	
29 587 658	
627	
620,8	
616	
640	
622
AKRN	
Акрон
946	
28 332 078	
5 814	
5 864	
5 774	
5 868	
5 784
MVID	
М.видео
1 088	
28 301 286	
364,5	
364,5	
360,5	
367,6	
363,4
MTLRP	
Мечел ап
1 471	
24 071 892	
72,4	
72,85	
71,35	
73,15	
71,7
BSPB	
БСП ао
3 650	
22 873 831	
40,91	
41,03	
40,61	
41,4	
40,82
SELG	
Селигдар
1 482	
22 542 301	
22,67	
21,81	
21,71	
23,4	
22,89
RTKMP	
Ростел -ап
1 639	
22 259 005	
71,75	
71,9	
71,25	
72,2	
71,35
ENRU	
ЭнелРос ао
1 366	
21 961 371	
0,9285	
0,9275	
0,9205	
0,935	
0,926
MGTSP	
МГТС-4ап
1 432	
21 312 918	
2 458	
2 386	
2 382	
2 528	
2 454
QIWI	
iQIWI
1 785	
20 980 879	
934,5	
937	
927	
945	
932
MSNG	
+МосЭнерго
1 031	
19 877 928	
1,9685	
1,98	
1,958	
1,98	
1,9705
ISKJ	
iИСКЧ ао
1 779	
18 915 489	
33,22	
33,16	
32,07	
34,5	
33,19
BANE	
Башнефт ао
760	
17 763 086	
1 750	
1 765	
1 740,5	
1 765	
1 743,5
KRKNP	
СаратНПЗ-п
329	
17 323 560	
16 460	
16 400	
16 300	
16 500	
16 460
MRKP	
МРСК ЦП
740	
16 809 343	
0,1736	
0,174	
0,171	
0,1756	
0,1738
LIFE	
iФармсинтз
1 363	
16 535 124	
8,085	
8,205	
7,94	
8,25	
8,065
NMTP	
НМТП ао
1 527	
16 237 461	
8,685	
8,75	
8,62	
8,78	
8,67
YAKG	
ЯТЭК ао
1 029	
15 697 435	
44,8	
47,15	
43,35	
47,3	
43,7
RLMN	
Роллман
3 167	
15 347 430	
23,3	
24,15	
21,2	
25,2	
21,35
MSRS	
МОЭСК
456	
13 651 308	
1,017	
1,007	
0,991	
1,0235	
1,0135
ELTZ	
Электрцинк
2 622	
13 319 940	
188	
166,5	
166	
206	
175
KTSBP	
КСБ ап
1 419	
12 178 695	
0,3055	
0,2445	
0,2445	
0,3425	
0,3425
KRKOP	
ТКЗКК ап
1 851	
9 624 770	
6,23	
5,165	
5,165	
6,925	
6,44
OBUV	
ОР ао
1 310	
9 022 247	
30,3	
30,1	
30	
30,6	
30,25
TTLK	
Таттел. ао
647	
8 053 110	
0,342	
0,3385	
0,3355	
0,3445	
0,3435
APTK	
Аптеки36и6
4 209	
7 878 251	
13,938	
14,004	
13,83	
14,066	
13,872
RGSS	
РГС СК ао
832	
7 131 624	
0,1548	
0,1496	
0,1496	
0,1606	
0,1496
PMSBP	
ПермьЭнС-п
773	
6 629 354	
129	
133	
124,4	
133	
127,2
VSMO	
ВСМПО-АВСМ
213	
6 410 660	
18 420	
18 380	
18 280	
18 540	
18 320
SFIN	
САФМАР ао
526	
6 140 492	
428,8	
434,6	
425	
435,2	
425
UWGN	
ОВК ао
591	
5 993 933	
248	
245	
241	
257,9	
250,7
AMEZ	
АшинскийМЗ
791	
5 706 098	
3,965	
4,07	
3,9	
4,07	
3,96
RNFT	
РуссНфт ао
1 877	
5 589 934	
421,8	
420	
419,2	
423	
422,2
MRKV	
МРСКВол
592	
5 546 350	
0,06605	
0,066	
0,0656	
0,0665	
0,0657
MGTS	
МГТС-5ао
720	
5 502 810	
2 835	
2 580	
2 570	
3 160	
2 745
NKNC	
НКНХ ао
824	
5 500 991	
92,95	
92,25	
91,75	
94,1	
92,65
KTSB	
КСБ ао
1 281	
5 363 012	
0,64	
0,492	
0,492	
0,694	
0,694
FESH	
ДВМП ао
472	
5 184 245	
6,58	
6,58	
6,51	
6,66	
6,58
TGKBP	
ТГК-2 ап
282	
5 128 840	
0,00784	
0,00783	
0,00767	
0,00812	
0,00767
IRGZ	
ИркЭнерго
408	
5 097 392	
12,7	
12,02	
12,02	
13,08	
12,66
UNAC	
iАвиастКао
338	
4 687 541	
0,4945	
0,5035	
0,489	
0,5035	
0,494
CHEP	
ЧТПЗ ао
404	
4 306 050	
198,5	
192,5	
189	
208,5	
196,5
GCHE	
ЧеркизГ-ао
477	
3 994 089	
1 730,5	
1 718,5	
1 718,5	
1 737	
1 727,5
MRKC	
МРСК Центр
491	
3 992 766	
0,2462	
0,2474	
0,244	
0,2486	
0,2458
KZOS	
ОргСинт ао
617	
3 556 322	
91,3	
92,4	
90,9	
92,8	
91
BELU	
Белуга ао
365	
3 516 499	
1 445	
1 482	
1 411	
1 486	
1 438
GEMA	
iММЦБ ао
369	
3 182 733	
674	
675	
669	
690	
678
SELGP	
Селигдар-п
136	
2 806 430	
28,1	
27,5	
27,45	
28,45	
28,1
IRKT	
ИРКУТ-3
244	
2 764 332	
30,74	
31,88	
30,04	
31,9	
30,06
MOBB	
МосОблБанк
586	
2 690 792	
2,552	
2,458	
2,382	
2,66	
2,44
PMSB	
ПермьЭнСб
383	
2 668 134	
131	
144,3	
129	
144,3	
129
LNZL	
Лензолото
169	
2 560 850	
8 480	
8 430	
8 370	
8 560	
8 430
AQUA	
РусАква ао
272	
2 493 465	
194,5	
195,5	
192,5	
196	
193
MSTT	
Мостотрест
272	
2 409 368	
155,15	
154,35	
153,55	
156,7	
155,85
WTCMP	
ЦМТ ап
310	
2 392 672	
9,28	
9,32	
9,04	
9,6	
9,1
KMAZ	
КАМАЗ
381	
1 837 498	
56,1	
56,5	
55,5	
56,8	
55,6
CHMK	
ЧМК ао
132	
1 679 480	
2 200	
2 200	
2 180	
2 245	
2 195
RLMNP	
Роллман-п
755	
1 673 970	
21,36	
22,5	
20	
23,06	
20,4
TGKN	
ТГК-14
116	
1 622 760	
0,00335	
0,00339	
0,0033	
0,00341	
0,00331
CNTLP	
Телеграф-п
225	
1 458 806	
18,22	
18	
18	
18,4	
18,3
BRZL	
БурЗолото
239	
1 455 856	
855	
849	
845	
889	
855
ENPG	
ЭН+ГРУП ао
85	
1 389 220	
646	
650,5	
643,5	
650,5	
643,5
RZSB	
РязЭнСб
53	
1 364 320	
7,3	
7,26	
7	
7,5	
7,48
PRTK	
ПРОТЕК ао
105	
1 284 257	
98,1	
98,5	
97,5	
98,6	
97,7
HIMCP	
Химпром ап
216	
1 223 932	
5,95	
5,98	
5,81	
6,05	
5,95
VSYD	
ВыбСудЗ ао
144	
1 184 455	
4 575	
4 455	
4 455	
4 690	
4 560
DIOD	
ЗаводДИОД
158	
1 119 476	
6	
6,04	
5,95	
6,06	
6
GTRK	
ГТМ ао
264	
1 064 896	
43,1	
43,15	
42,7	
43,45	
42,8
DASB	
ДагСб ао
194	
985 201	
0,097	
0,0964	
0,0957	
0,0989	
0,0966
VRSBP	
ТНСэнВор-п
105	
808 900	
34,5	
36,5	
33,5	
36,5	
34,5
MRKU	
МРСК Ур
94	
798 446	
0,1504	
0,147	
0,147	
0,152	
0,151
SVAV	
СОЛЛЕРС
71	
783 260	
257,5	
257,5	
256,5	
258,5	
258
BISVP	
БашИнСв ап
72	
782 476	
6,99	
6,96	
6,86	
7	
6,95
PAZA	
ПавлАвт ао
56	
779 650	
8 380	
8 310	
8 220	
8 500	
8 230
JNOSP	
Слав-ЯНОСп
25	
777 708	
13,96	
14	
13,74	
14	
13,92
VSYDP	
ВыбСудЗ ап
62	
733 320	
4 820	
4 940	
4 700	
5 040	
4 880
KMEZ	
КМЗ
256	
719 116	
468,5	
491	
460	
496,5	
466,5
KZOSP	
ОргСинт ап
666	
687 912	
12,73	
12,85	
12,5	
12,9	
12,66
JNOS	
Славн-ЯНОС
57	
650 045	
18,65	
18,45	
18	
19,55	
18,4
NFAZ	
Нефтекамск
97	
635 758	
149	
147	
146,4	
152	
149,8
VZRZP	
Возрожд-п
119	
628 452	
295	
287,4	
287,4	
308	
294,6
USBN	
УралСиб ао
102	
626 890	
0,0712	
0,0709	
0,0703	
0,0719	
0,071
LNZLP	
Лензол. ап
94	
619 460	
3 685	
3 700	
3 605	
3 740	
3 700
RUGR	
Русгрэйн
679	
587 383	
7,742	
7,704	
7,702	
7,77	
7,75
WTCM	
ЦМТ ао
151	
546 308	
9,48	
9,52	
9,2	
9,76	
9,36
TASBP	
ТамбЭнСб-п
90	
507 840	
0,221	
0,223	
0,2035	
0,2375	
0,2065
KOGK	
КоршГОК ао
11	
499 000	
45 400	
44 800	
44 400	
45 600	
45 600
UTAR	
ЮТэйр ао
87	
485 908	
6,39	
6,44	
6,23	
6,45	
6,4
TASB	
ТамбЭнСб
76	
481 535	
0,2865	
0,3065	
0,28	
0,3065	
0,2815
ALNU	
АЛРОСА-Нюр
10	
481 200	
48 200	
48 200	
48 000	
48 400	
48 000
VLHZ	
ВХЗ-ао
64	
467 645	
48,85	
48,8	
48,8	
49,25	
48,85
KRSB	
Красэсб ао
44	
465 470	
6,38	
6,35	
6,26	
6,6	
6,29
RBCM	
РБК ао
128	
453 879	
3,108	
3,102	
3,098	
3,122	
3,106
MRKZ	
МРСК СЗ
177	
437 673	
0,0491	
0,0493	
0,04875	
0,04935	
0,0489
DVEC	
ДЭК ао
78	
435 694	
0,833	
0,852	
0,824	
0,852	
0,829
UNKL	
ЮУНК ао
38	
408 420	
3 490	
3 480	
3 460	
3 560	
3 470
KUBE	
Кубанэнр
147	
397 340	
63,4	
63,2	
62,3	
65	
63,7
YKEN	
Якутскэнрг
40	
388 110	
0,353	
0,357	
0,347	
0,365	
0,348
MISBP	
ТНСэМаЭл-п
49	
367 620	
9,6	
9,6	
9,4	
9,8	
9,8
RUSP	
Русполимет
32	
339 915	
0,6415	
0,632	
0,632	
0,6485	
0,6435
ABRD	
АбрауДюрсо
85	
328 870	
131,5	
132	
130,5	
132	
131,5
KRKN	
СаратНПЗ
17	
328 850	
12 200	
11 900	
11 850	
12 300	
12 100
KRSBP	
Красэсб ап
26	
327 100	
6,42	
6,28	
6,28	
6,5	
6,4
MRKY	
РоссЮг ао
96	
274 006	
0,05085	
0,0509	
0,0506	
0,0512	
0,0506
ASSB	
АстрЭнСб
87	
271 414	
0,6085	
0,607	
0,604	
0,6225	
0,611
ALBK	
БестЭфБ ао
58	
270 840	
53,5	
53,5	
52	
55	
54
ZVEZ	
ЗВЕЗДА ао
32	
263 200	
4,385	
4,5	
4,345	
4,5	
4,405
YKENP	
Якутскэн-п
40	
254 780	
0,3225	
0,333	
0,3155	
0,333	
0,32
TUZA	
ТЗА ао
93	
253 890	
95	
96	
93	
97	
94
ROLO	
Русолово
34	
251 310	
3,808	
3,85	
3,74	
3,85	
3,798
TGKD	
Квадра
127	
247 207	
0,00318	
0,003145	
0,003135	
0,003225	
0,00318
KAZT	
Куйбазот
61	
241 010	
138,6	
141	
137,6	
141	
138,8
ZILL	
ЗИЛ ао
30	
237 815	
1 350	
1 340	
1 315	
1 360	
1 335
VRSB	
ТНСэнВорон
16	
225 020	
49	
49	
48,2	
49,2	
48,8
TORS	
ТРК ао
34	
218 190	
0,364	
0,347	
0,347	
0,375	
0,361
AVAN	
Авангрд-ао
43	
217 645	
810	
830	
795	
830	
795
KLSB	
КалужскСК
68	
206 717	
10,88	
10,8	
10,62	
11	
10,97
CNTL	
Телеграф
27	
196 110	
22,55	
22,15	
22,15	
22,7	
22,3
RTSBP	
ТНСэнРст-п
15	
191 750	
0,259	
0,262	
0,253	
0,268	
0,253
TRCN	
ТрансК ао
15	
172 395	
8 210	
8 220	
8 180	
8 245	
8 200
MAGEP	
МагадЭн ап
29	
164 810	
4,995	
4,92	
4,83	
5,28	
4,95
VJGZP	
Варьеган-п
21	
140 320	
334	
332	
332	
344	
333
KGKC	
КурганГКао
23	
139 690	
53	
53	
52	
54	
53
IGSTP	
Ижсталь ап
45	
136 492	
704	
695	
691	
717	
696
ARSA	
Арсагера
28	
134 640	
3,28	
3,27	
3,24	
3,32	
3,24
MRKS	
МРСКСиб
19	
133 630	
0,219	
0,2175	
0,216	
0,2245	
0,2185
RTGZ	
ГазпРнД ао
6	
131 150	
21 850	
22 350	
21 550	
22 350	
21 600
STSBP	
СтаврЭнСбп
51	
128 965	
0,287	
0,2885	
0,286	
0,2895	
0,287
LVHK	
Левенгук
34	
128 795	
8,2	
8,14	
8,1	
8,28	
8,27
NKHP	
НКХП ао
28	
126 675	
234,5	
235	
233,5	
236	
233,5
NSVZ	
НаукаСвяз
35	
120 065	
222,5	
221	
220,5	
225	
221
RKKE	
ЭнергияРКК
10	
118 170	
4 920	
4 960	
4 880	
4 960	
4 890
CHKZ	
ЧКПЗ ао
16	
112 000	
5 100	
5 100	
5 000	
5 180	
5 160
UKUZ	
ЮжКузб. ао
33	
106 644	
516	
502	
502	
524	
512
TGKDP	
Квадра-п
67	
105 381	
0,004375	
0,004445	
0,004315	
0,00447	
0,00439
LPSB	
ЛЭСК ао
41	
100 665	
7,8	
7,95	
7,65	
8	
7,9
NKSH	
Нижкамшина
20	
93 208	
22,74	
22,62	
22,6	
22,88	
22,88
ROST	
РОСИНТЕРао
26	
90 060	
58,2	
58	
58	
58,6	
58
KUZB	
КузнецкийБ
96	
88 439	
0,0165	
0,01624	
0,01624	
0,01655	
0,0165
KAZTP	
Куйбазот-п
40	
86 966	
140,4	
141,6	
137,8	
142,4	
141
KROT	
КрасОкт-ао
16	
84 770	
326	
328,5	
324,5	
328,5	
325,5
RUSI	
ИКРУСС-ИНВ
17	
82 620	
39,3	
39,3	
38,9	
40	
39,3
UCSS	
ОКС ао
20	
82 310	
1 440	
1 440	
1 430	
1 460	
1 440
GAZA	
ГАЗ ао
12	
80 575	
383,5	
380,5	
380,5	
385,5	
384,5
NAUK	
iНПОНаука
41	
76 946	
175	
173,2	
173	
176,2	
174,6
SARE	
СаратЭн-ао
19	
73 322	
0,1128	
0,112	
0,1114	
0,114	
0,114
TORSP	
ТРК ап
15	
69 625	
0,258	
0,2515	
0,2515	
0,26	
0,2575
CHGZ	
РН-ЗапСиб
17	
68 100	
34,2	
34,8	
32,4	
35,8	
33
STSB	
СтаврЭнСб
22	
64 931	
0,3455	
0,348	
0,342	
0,35	
0,347
KBTK	
КузбТК ао
17	
57 118	
158,8	
162,8	
156,6	
162,8	
159,2
MFGSP	
Мегион-ап
17	
53 425	
314,5	
316,5	
311,5	
317	
311,5
URKZ	
УрКузница
5	
51 200	
10 240	
10 300	
10 140	
10 340	
10 140
MRKK	
Россети СК
35	
50 682	
26,54	
26,28	
26,28	
26,58	
26,38
VGSBP	
ВолгЭнСб-п
14	
49 020	
1,02	
1,035	
1,01	
1,035	
1,015
HALS	
Галс-Девел
30	
42 746	
737	
729	
726	
743	
741
TNSE	
ТНСэнрг ао
12	
42 595	
970	
960	
960	
995	
965
VJGZ	
Варьеган
15	
42 531	
616	
610	
610	
621	
616
RTSB	
ТНСэнРст
8	
41 050	
0,315	
0,315	
0,315	
0,32	
0,32
KROTP	
КрасОкт-1п
10	
40 850	
227	
221	
215	
238	
228
MAGE	
МагадЭн ао
8	
38 540	
4,82	
4,94	
4,75	
4,94	
4,84
BLNG	
Белон ао
13	
38 465	
4,008	
4,004	
4,004	
4,01	
4,006
KCHEP	
КамчатЭ ап
10	
34 630	
0,346	
0,34	
0,34	
0,349	
0,349
ROSB	
Росбанк ао
11	
27 866	
71,6	
71,2	
71,2	
72,2	
71,4
RAVN	
Raven
5	
25 840	
32,3	
32,4	
32,25	
32,4	
32,3
NNSBP	
ТНСэнНН ап
13	
22 643	
515	
494	
494	
528	
527
MRSB	
МордЭнСб
4	
21 120	
0,352	
0,359	
0,348	
0,359	
0,349
OMZZP	
ОМЗ-ап
6	
20 675	
3 445	
3 450	
3 425	
3 470	
3 430
IGST	
Ижсталь2ао
16	
17 571	
879	
888	
865	
890	
867
MFGS	
Мегион-ао
4	
17 390	
348	
349,5	
344	
349,5	
349,5
MGNZ	
СМЗ-ао
3	
16 890	
4 220	
4 150	
4 150	
4 250	
4 250
DZRDP	
iДонскЗР п
9	
16 370	
1 640	
1 650	
1 630	
1 650	
1 650
YRSB	
ТНСэнЯр
3	
16 320	
164	
162	
162	
164	
164
GAZAP	
ГАЗ ап
3	
13 165	
329	
330	
327,5	
330	
329
SAGO	
СамарЭн-ао
3	
12 020	
0,402	
0,4	
0,396	
0,406	
0,396
MISB	
ТНСэнМарЭл
5	
11 920	
10,8	
10,8	
10,8	
11,1	
11,1
KGKCP	
КурганГКап
11	
11 650	
53	
53	
52,5	
53,5	
53
SLEN	
Сахэнер ао
4	
11 436	
4,085	
4,115	
4,055	
4,115	
4,065
SAGOP	
СамарЭн-ап
2	
11 380	
0,379	
0,38	
0,378	
0,38	
0,378
RDRB	
РДБанк ао
2	
10 200	
255	
255	
255	
255	
255
DZRD	
iДонскЗР
3	
8 725	
2 180	
2 180	
2 180	
2 185	
2 180
YRSBP	
ТНСэнЯр-п
4	
5 685	
81	
78,5	
78,5	
82,5	
81,5
SAREP	
СаратЭн-ап
2	
1 722	
0,0862	
0,086	
0,086	
0,0862	
0,0862
NNSB	
ТНСэнНН ао
1	
1 245	
1 245	
1 245	
1 245	
1 245	
1 245
KUNF	
КУЗОЦМ ао
0	
0	
-	
-	
-	
-	
-
NPOF	
Физика ао
0	
0	
-	
-	
-	
-	
11 850
VGSB	
ВолгЭнСб
0	
0	
-	
-	
-	
-	
1,505
GAZC	
ГАЗКОН-ао
0	
0	
-	
-	
-	
-	
295
GTSS	
ГЕОТЕК ао
0	
0	
-	
-	
-	
-	
-
HIMC	
Химпром ао
0	
0	
-	
-	
-	
-	
0,99
KBSB	
ТНСэКубань
0	
0	
-	
-	
-	
-	
135
KCHE	
КамчатЭ ао
0	
0	
-	
-	
-	
-	
0,1825
KMTZ	
КосогМЗ ао
0	
0	
-	
-	
-	
-	
-
KRKO	
ТКЗКК ао
0	
0	
-	
-	
-	
-	
11,8
KSGR	
Кокс ао
0	
0	
-	
-	
-	
-	
-
KUNF	
КУЗОЦМ ао
0	
0	
-	
-	
-	
-	
-
KZMS	
КЗМС ао
0	
0	
-	
-	
-	
-	
226
LSNG	
Ленэнерго
0	
0	
-	
-	
-	
-	
5,66
LSNGP	
Ленэнерг-п
0	
0	
-	
-	
-	
-	
119,95
MFON	
МегаФон ао
0	
0	
-	
-	
-	
-	
650,6
MORI	
Морион ао
0	
0	
-	
-	
-	
-	
4,31
NPOF	
Физика ао
0	
0	
-	
-	
-	
-	
11 850
PRMB	
Приморье
0	
0	
-	
-	
-	
-	
17 400
SZPR	
СЗПароход
0	
0	
-	
-	
-	
-	
938
TRFM	
ТрансФ ао
0	
0	
-	
-	
-	
-	
-
URKA	
Уркалий-ао
0	
0	
-	
-	
-	
-	
119,04
VGSB	
ВолгЭнСб
0	
0	
-	
-	
-	
-	
1,505
VZRZ	
Возрожд-ао
0	
0	
-	
-	
-	
-	
480