GMKN	
ГМКНорНик
86 452	
16 223 500 652	
18 584	
19 202	
17 896	
19 378	
18 074
SBER	
Сбербанк
65 350	
11 914 952 237	
214,86	
212,97	
212,94	
216,79	
214,75
GAZP	
ГАЗПРОМ ао
74 525	
9 311 637 471	
200,12	
199,21	
198,53	
201,75	
199,95
LKOH	
ЛУКОЙЛ
29 936	
6 180 303 029	
5 483	
5 451,5	
5 450	
5 512	
5 475
MTSS	
МТС-ао
25 388	
2 894 485 089	
337,85	
335,8	
335,3	
339,6	
339,6
PLZL	
Полюс
23 638	
2 607 979 031	
12 422,5	
12 220	
12 125	
12 600	
12 480
MOEX	
МосБиржа
32 720	
2 321 600 997	
118,82	
116,85	
116,4	
120	
119,69
YNDX	
Yandex clA
30 846	
2 232 002 203	
3 644,4	
3 572,8	
3 555,6	
3 710	
3 697,4
MGNT	
Магнит ао
20 659	
2 132 548 623	
4 307	
4 235,5	
4 235,5	
4 374	
4 335
ROSN	
Роснефть
14 798	
1 912 435 678	
369,8	
367,6	
367	
373,65	
370,1
TATN	
Татнфт 3ао
21 580	
1 864 731 391	
573,3	
576	
567	
579,8	
569
NVTK	
Новатэк ао
18 411	
1 794 832 508	
1 053,4	
1 052	
1 040,2	
1 067,8	
1 044
MAIL	
MAIL-гдр
61 410	
1 698 020 370	
1 854,2	
1 803,2	
1 763,8	
1 918	
1 852
AFLT	
Аэрофлот
29 331	
1 500 008 000	
81,68	
81,36	
80,5	
82,64	
80,8
CHMF	
СевСт-ао
25 556	
1 444 285 852	
901,4	
892	
890,2	
906	
902,4
SNGSP	
Сургнфгз-п
17 497	
1 289 212 897	
35,935	
35,55	
35,4	
36,17	
36,13
SBERP	
Сбербанк-п
19 940	
1 176 678 244	
196,79	
195,79	
195	
197,98	
196,69
ALRS	
АЛРОСА ао
22 167	
1 153 653 235	
65,97	
65,82	
65,51	
66,5	
66,21
SNGS	
Сургнфгз
11 269	
1 054 532 406	
39,04	
38,72	
38,72	
39,315	
39,065
IRAO	
ИнтерРАОао
15 469	
994 840 090	
5,0865	
5,057	
5,04	
5,14	
5,0725
VTBR	
ВТБ ао
26 057	
929 183 567	
0,035995	
0,035975	
0,0358	
0,03616	
0,036
POLY	
Polymetal
13 142	
923 749 605	
1 405,7	
1 398,9	
1 384,5	
1 419,2	
1 409,1
AFKS	
Система ао
13 509	
693 513 312	
17,657	
17,4	
17,333	
17,84	
17,789
MAGN	
ММК
10 952	
640 380 632	
38,66	
38,005	
38,005	
38,96	
38,56
FIVE	
FIVE-гдр
9 025	
575 116 147	
2 621,5	
2 571	
2 545	
2 660	
2 606,5
HYDR	
РусГидро
14 513	
525 976 350	
0,7826	
0,78	
0,7755	
0,789	
0,7818
NLMK	
НЛМК ао
8 772	
480 448 383	
144,18	
144,04	
143,32	
144,98	
143,96
CBOM	
МКБ ао
12 160	
475 719 046	
5,658	
5,647	
5,622	
5,702	
5,702
FEES	
ФСК ЕЭС ао
9 416	
459 085 413	
0,19224	
0,19106	
0,19058	
0,1937	
0,1937
RTKM	
Ростел -ао
9 320	
448 873 323	
89,66	
88,42	
88,42	
90,25	
89,1
TATNP	
Татнфт 3ап
9 253	
445 116 343	
555,5	
558,9	
548	
563,8	
548,5
TGKA	
ТГК-1
16 470	
424 697 302	
0,012528	
0,012344	
0,012342	
0,012736	
0,012558
OGKB	
ОГК-2 ао
21 203	
397 963 638	
0,8028	
0,8001	
0,792	
0,8158	
0,8025
SIBN	
Газпрнефть
6 280	
389 235 839	
336,2	
336	
334,8	
337,5	
334,8
TRNFP	
Транснф ап
1 710	
387 369 050	
137 350	
137 400	
133 450	
138 250	
137 650
DSKY	
ДетскийМир
13 610	
365 786 243	
106,24	
103,74	
103,6	
107,36	
106,78
RUAL	
РУСАЛ ао
13 590	
316 588 794	
26,8	
26,79	
26,265	
27,25	
26,535
POGR	
Petropavl
9 112	
269 769 129	
23,17	
23,53	
22,77	
23,785	
22,8
TCSG	
TCS-гдр
9 000	
257 048 412	
1 497,8	
1 481	
1 456	
1 515	
1 503,8
RSTI	
Россети ао
5 360	
251 469 766	
1,5582	
1,565	
1,535	
1,574	
1,5444
MSNG	
+МосЭнерго
4 518	
208 139 803	
2,2275	
2,2025	
2,197	
2,247	
2,245
ENRU	
ЭнелРос ао
7 357	
166 090 586	
1,029	
1,019	
1,0185	
1,0345	
1,031
NKNCP	
НКНХ ап
6 116	
160 513 146	
91,54	
91	
90,28	
92	
91,74
BANEP	
Башнефт ап
6 527	
151 906 326	
1 393	
1 389	
1 384	
1 408,5	
1 385,5
TRMK	
ТМК ао
901	
150 974 896	
60,06	
60,2	
59,94	
60,2	
60
PHOR	
ФосАгро ао
4 199	
147 933 482	
2 614	
2 601	
2 592	
2 629	
2 621
UPRO	
Юнипро ао
4 772	
141 787 433	
2,86	
2,851	
2,838	
2,875	
2,838
LNTA	
Лента др
4 981	
95 426 902	
170,9	
171	
169,6	
173,7	
170,8
RTKMP	
Ростел -ап
3 312	
92 932 075	
80,95	
79,4	
79,4	
82	
81,45
LSRG	
ЛСР ао
5 895	
91 437 598	
732,8	
739	
724,6	
741,4	
732,4
NMTP	
НМТП ао
6 350	
89 356 151	
10,745	
10,71	
10,69	
10,79	
10,745
QIWI	
iQIWI
3 423	
85 693 159	
1 310,5	
1 290	
1 273,5	
1 342	
1 339,5
MTLR	
Мечел ао
5 503	
84 134 852	
66,66	
66,4	
66,19	
67	
66,36
PIKK	
ПИК ао
5 967	
80 610 503	
425,4	
427,6	
421,1	
429,9	
428,8
AGRO	
AGRO-гдр
2 012	
78 338 855	
657,6	
652	
652	
659,6	
653
CNTLP	
Телеграф-п
2 746	
57 835 138	
27,58	
27,94	
27,14	
27,96	
27,34
MVID	
М.видео
1 357	
42 889 873	
406,2	
408	
404	
409,8	
404
MTLRP	
Мечел ап
1 963	
38 068 881	
85,55	
84,4	
84,1	
86,6	
86,25
AKRN	
Акрон
871	
38 011 538	
5 616	
5 576	
5 542	
5 640	
5 636
RASP	
Распадская
725	
29 838 175	
110,76	
109,48	
109,28	
111,4	
110,9
NKNC	
НКНХ ао
1 593	
27 232 768	
102,5	
103	
101	
103,1	
102,75
BANE	
Башнефт ао
1 426	
26 509 713	
1 819	
1 811	
1 811	
1 836	
1 814
APTK	
Аптеки36и6
4 275	
25 219 381	
14,132	
14,14	
14,02	
14,25	
14,16
ETLN	
ETLN-гдр
2 605	
24 678 624	
101,52	
101,1	
100	
102,8	
100,32
LSNGP	
РСетиЛЭ-п
1 221	
23 865 742	
157,8	
157,2	
156,8	
158,75	
157,5
KRKNP	
СаратНПЗ-п
825	
22 899 540	
15 560	
15 720	
15 500	
15 720	
15 500
RSTIP	
Россети ап
1 162	
20 581 639	
2,143	
2,174	
2,103	
2,191	
2,146
MRKP	
МРСК ЦП
1 164	
17 990 283	
0,1984	
0,1984	
0,1961	
0,1999	
0,1966
AQUA	
РусАква ао
850	
16 241 360	
200	
204,5	
197,5	
205,5	
200
CNTL	
Телеграф
942	
15 777 445	
30,2	
30,5	
25,25	
31,4	
30,2
SFIN	
САФМАР ао
138	
14 253 722	
463,2	
464,8	
460	
465,8	
461
SELG	
Селигдар
1 205	
12 466 345	
25,12	
24,23	
24,23	
25,83	
25,48
FESH	
ДВМП ао
502	
12 150 631	
7,21	
7,3	
6,88	
7,39	
7,34
BSPB	
БСП ао
1 537	
11 739 026	
41,33	
41,1	
40,95	
41,59	
41,2
ISKJ	
iИСКЧ ао
979	
10 633 504	
26,75	
26,77	
26	
27,4	
26,27
ZILL	
ЗИЛ ао
936	
10 304 930	
2 645	
2 560	
2 520	
2 880	
2 625
VSMO	
ВСМПО-АВСМ
241	
9 476 160	
18 920	
18 960	
18 800	
19 060	
18 920
LNZL	
Лензолото
328	
8 878 930	
8 730	
8 790	
8 610	
8 880	
8 750
ALNU	
АЛРОСА-Нюр
75	
7 546 000	
54 000	
54 000	
53 200	
55 400	
54 000
ENPG	
ЭН+ГРУП ао
431	
7 337 454	
596	
594,5	
587	
604	
587,5
LIFE	
iФармсинтз
795	
7 333 785	
6,63	
6,715	
6,555	
6,735	
6,615
VRSBP	
ТНСэнВор-п
534	
7 115 750	
63	
68,5	
57	
73	
59
OBUV	
ОР ао
1 025	
7 034 487	
32,45	
32,75	
32	
33	
32,4
SVAV	
СОЛЛЕРС
362	
6 219 915	
263,5	
264	
258,5	
271,5	
259,5
IRKT	
ИРКУТ-3
382	
6 009 806	
35,02	
36,4	
34,12	
36,4	
34,86
DIOD	
ЗаводДИОД
1 055	
5 980 471	
6,16	
6,3	
6,05	
6,45	
6,11
KZOS	
ОргСинт ао
624	
5 446 480	
90	
90,5	
89,5	
90,5	
89,9
RNFT	
РуссНфт ао
633	
4 888 333	
540,6	
537	
531,6	
544,6	
540,2
TGKB	
ТГК-2
282	
4 302 235	
0,003985	
0,004005	
0,00396	
0,00402	
0,003965
GCHE	
ЧеркизГ-ао
362	
4 151 182	
1 750	
1 749	
1 745,5	
1 755	
1 753
VGSB	
ВолгЭнСб
641	
3 721 000	
1,775	
1,565	
1,555	
2,07	
1,665
LNZLP	
Лензол. ап
387	
3 489 050	
3 700	
3 710	
3 625	
3 805	
3 715
RUSP	
Русполимет
211	
3 452 960	
0,659	
0,648	
0,6245	
0,6865	
0,6665
PRTK	
ПРОТЕК ао
222	
3 411 937	
99,6	
99,5	
99	
100	
99,6
MRKV	
РсетВол ао
398	
3 317 913	
0,0766	
0,07655	
0,07565	
0,0776	
0,07615
AMEZ	
АшинскийМЗ
824	
3 291 568	
4,19	
4,165	
4,115	
4,265	
4,185
VRSB	
ТНСэнВорон
293	
3 188 760	
56	
58,2	
53	
60,4	
54,6
KLSB	
КалужскСК
547	
3 164 624	
11,8	
11,6	
11,51	
12,15	
11,99
MRKC	
МРСК Центр
438	
3 155 866	
0,2832	
0,2846	
0,2706	
0,286	
0,2852
MGTSP	
МГТС-4ап
329	
2 953 516	
2 012	
2 026	
1 994	
2 026	
2 008
VGSBP	
ВолгЭнСб-п
755	
2 712 585	
1,275	
1,115	
1,115	
1,47	
1,145
RBCM	
РБК ао
384	
2 411 252	
3,216	
3,216	
3,146	
3,248	
3,23
ASSB	
АстрЭнСб
319	
2 291 914	
0,855	
0,844	
0,8315	
0,8685	
0,855
MRKU	
МРСК Ур
111	
2 129 030	
0,159	
0,1606	
0,1568	
0,1606	
0,1586
KZOSP	
ОргСинт ап
947	
2 052 946	
12,29	
12,35	
12,05	
12,6	
12,05
DVEC	
ДЭК ао
307	
1 986 650	
1,072	
1,071	
1,05	
1,119	
1,054
MOBB	
МосОблБанк
670	
1 964 601	
0,872	
0,874	
0,832	
0,89	
0,866
WTCMP	
ЦМТ ап
84	
1 918 734	
8,2	
7,98	
7,92	
8,46	
8,1
BLNG	
Белон ао
604	
1 904 114	
4,214	
3,94	
3,94	
4,5	
4,114
INGR	
ИНГРАД ао
354	
1 828 639	
738	
740	
726	
763	
729
MSRS	
РСетиМР ао
216	
1 734 463	
1,124	
1,1195	
1,116	
1,134	
1,1245
CHEP	
ЧТПЗ ао
171	
1 719 735	
202	
202	
198	
206	
201
NNSBP	
ТНСэнНН ап
335	
1 649 968	
619	
594	
567	
650	
645
SLEN	
Сахэнер ао
295	
1 598 189	
4,57	
4,405	
4,4	
4,7	
4,61
MSTT	
Мостотрест
194	
1 585 595	
151,3	
153	
150	
153	
150
RGSS	
РГС СК ао
225	
1 545 197	
0,1482	
0,1482	
0,1468	
0,15	
0,1472
UNAC	
iАвиастКао
264	
1 504 424	
0,4795	
0,482	
0,4765	
0,4845	
0,478
LSNG	
РСетиЛЭ
259	
1 444 019	
6,03	
6	
6	
6,07	
6,01
KMAZ	
КАМАЗ
297	
1 410 285	
57,6	
57,1	
57,1	
58	
57,7
RTSB	
ТНСэнРст
142	
1 246 200	
0,405	
0,39	
0,385	
0,43	
0,4
IRGZ	
ИркЭнерго
175	
1 184 874	
11,8	
11,98	
11,66	
11,98	
11,72
GAZAP	
ГАЗ ап
55	
1 147 475	
318	
317	
316,5	
321	
317,5
TRCN	
ТрансК ао
43	
1 131 015	
8 570	
8 640	
8 555	
8 640	
8 565
GTRK	
ГТМ ао
288	
1 072 450	
42	
42,45	
41,75	
42,45	
41,85
SELGP	
Селигдар-п
185	
1 059 250	
26,05	
25,85	
25,55	
26,3	
26,1
PMSBP	
ПермьЭнС-п
215	
1 043 518	
130,6	
131,4	
129	
131,6	
129,6
UTAR	
ЮТэйр ао
205	
964 831	
7,37	
7,31	
7,22	
7,5	
7,35
KRSB	
Красэсб ао
68	
919 190	
6,86	
6,81	
6,79	
6,99	
6,92
TGKBP	
ТГК-2 ап
87	
877 650	
0,00719	
0,0072	
0,00705	
0,00727	
0,00717
PMSB	
ПермьЭнСб
164	
863 438	
130,8	
131,4	
129,2	
131,5	
130,1
UNKL	
ЮУНК ао
95	
838 750	
4 090	
3 980	
3 960	
4 230	
4 230
RTSBP	
ТНСэнРст-п
152	
828 760	
0,319	
0,307	
0,3	
0,346	
0,305
YKEN	
Якутскэнрг
45	
802 380	
0,3665	
0,3645	
0,356	
0,377	
0,364
TTLK	
Таттел. ао
121	
793 950	
0,2815	
0,2865	
0,2775	
0,2865	
0,281
KOGK	
КоршГОК ао
17	
770 200	
45 400	
45 400	
45 000	
45 600	
45 400
CHMK	
ЧМК ао
55	
768 695	
2 465	
2 455	
2 450	
2 480	
2 475
MRKZ	
МРСК СЗ
134	
765 437	
0,04965	
0,0507	
0,0494	
0,0507	
0,0499
MAGE	
МагадЭн ао
59	
745 010	
7,38	
7,84	
7,2	
7,84	
7,32
TGKN	
ТГК-14
93	
744 760	
0,00316	
0,00314	
0,00311	
0,00319	
0,00315
LVHK	
Левенгук
167	
736 403	
8,08	
7,81	
7,8	
8,71	
7,9
CHGZ	
РН-ЗапСиб
60	
730 160	
35,4	
33,8	
33,2	
37	
33,8
KRKN	
СаратНПЗ
30	
720 600	
13 100	
13 100	
13 000	
13 250	
13 050
KROTP	
КрасОкт-1п
105	
683 945	
262	
264,5	
253	
273,5	
255,5
BELU	
Белуга ао
85	
672 084	
1 358	
1 377	
1 343	
1 377	
1 350
UWGN	
ОВК ао
199	
671 442	
236,7	
240	
235,2	
240	
235,2
NNSB	
ТНСэнНН ао
175	
655 365	
1 370	
1 350	
1 295	
1 465	
1 400
ABRD	
АбрауДюрсо
112	
572 915	
130	
130,5	
129,5	
131	
130
GEMA	
iММЦБ ао
121	
568 202	
611	
606,5	
606,5	
613	
612
RUGR	
Русгрэйн
447	
492 291	
7,116	
7,19	
7,09	
7,19	
7,146
RZSB	
РязЭнСб
37	
479 660	
10	
9,88	
9,88	
10,14	
9,96
URKZ	
УрКузница
18	
476 920	
12 900	
12 760	
12 700	
12 960	
12 780
RKKE	
ЭнергияРКК
55	
446 500	
5 130	
5 190	
5 030	
5 230	
5 070
TGKD	
Квадра
79	
419 763	
0,00313	
0,00312	
0,003085	
0,003135	
0,00312
MISB	
ТНСэнМарЭл
67	
413 480	
12,7	
12,8	
12,4	
13,3	
12,9
YAKG	
ЯТЭК ао
34	
412 295	
41,25	
41,15	
41,15	
41,45	
41,25
RLMNP	
Роллман-п
180	
407 039	
19,16	
19,6	
18,98	
19,62	
19,42
NKHP	
НКХП ао
83	
395 850	
229	
227,5	
227	
230	
229
HIMCP	
Химпром ап
86	
375 926	
6	
5,97	
5,94	
6,03	
6
TNSE	
ТНСэнрг ао
70	
369 495	
1 010	
1 025	
990	
1 030	
1 000
BISVP	
БашИнСв ап
65	
366 248	
8,31	
8,21	
8,21	
8,4	
8,31
VZRZP	
Возрожд-п
67	
361 378	
317	
310,4	
310,4	
325	
313,6
MRKY	
РоссЮг ао
113	
351 491	
0,05005	
0,0496	
0,0496	
0,0506	
0,0501
KBSB	
ТНСэКубань
28	
335 275	
186,5	
188,5	
183,5	
188,5	
184,5
LPSB	
ЛЭСК ао
112	
326 265	
7,85	
7,8	
7,7	
8	
7,8
PAZA	
ПавлАвт ао
20	
317 270	
7 740	
7 720	
7 700	
7 780	
7 700
RLMN	
Роллман
191	
314 753	
18,7	
18,85	
18,6	
18,85	
18,7
MRKS	
РсетСиб ао
56	
311 580	
0,2455	
0,245	
0,244	
0,2475	
0,2445
YRSBP	
ТНСэнЯр-п
29	
294 055	
88,5	
88,5	
87	
89,5	
88
MGTS	
МГТС-5ао
38	
291 330	
2 370	
2 365	
2 345	
2 395	
2 360
MAGEP	
МагадЭн ап
29	
282 700	
6,575	
6,88	
6,5	
6,88	
6,735
KRSBP	
Красэсб ап
26	
279 180	
7,16	
7,12	
7,04	
7,34	
7,2
AVAN	
Авангрд-ао
75	
258 885	
685	
690	
675	
695	
695
KBTK	
КузбТК ао
40	
242 604	
153,6	
152	
152	
155,2	
154,4
KGKCP	
КурганГКап
41	
219 845	
55	
54,5	
54,5	
56	
54,5
SAGO	
СамарЭн-ао
24	
203 220	
0,442	
0,428	
0,428	
0,45	
0,43
HALS	
Галс-Девел
32	
198 365	
769	
779	
761	
779	
764
KUBE	
Кубанэнр
50	
196 264	
71,9	
70,9	
70,6	
73	
72,9
GAZA	
ГАЗ ао
25	
195 620	
391	
389	
388	
396	
388,5
PRMB	
Приморье
8	
194 000	
24 200	
24 800	
23 400	
24 800	
24 000
KAZT	
Куйбазот
22	
189 746	
142,8	
144,6	
141,4	
144,8	
141,8
USBN	
УралСиб ао
65	
185 497	
0,069	
0,0693	
0,0682	
0,0693	
0,0689
ZVEZ	
ЗВЕЗДА ао
21	
178 115	
4,565	
4,5	
4,5	
4,6	
4,53
VJGZP	
Варьеган-п
20	
172 010	
344	
339	
339	
355	
344
WTCM	
ЦМТ ао
56	
171 968	
8,86	
8,86	
8,8	
8,94	
8,82
VSYDP	
ВыбСудЗ ап
29	
170 920	
4 160	
4 180	
4 100	
4 300	
4 200
RAVN	
Raven
17	
170 590	
29,95	
29,95	
29,7	
30,4	
30,35
ROLO	
Русолово
31	
168 128	
3,91	
3,844	
3,844	
3,974	
3,88
MFGSP	
Мегион-ап
13	
167 010	
334	
331,5	
331	
335	
335
RTGZ	
ГазпРнД ао
6	
166 000	
23 700	
23 750	
23 600	
23 750	
23 600
YRSB	
ТНСэнЯр
11	
157 720	
168	
170	
166	
170	
166
DZRDP	
iДонскЗР п
44	
157 110	
1 600	
1 630	
1 570	
1 640	
1 620
KROT	
КрасОкт-ао
20	
156 740	
348,5	
349	
346	
349,5	
346
BRZL	
БурЗолото
60	
156 729	
825	
832	
823	
839	
823
RUSI	
ИКРУСС-ИНВ
10	
154 600	
37,7	
38	
37,2	
38,8	
38,6
TASBP	
ТамбЭнСб-п
19	
135 940	
0,3675	
0,3765	
0,3625	
0,3765	
0,365
STSBP	
СтаврЭнСбп
48	
135 565	
0,351	
0,3495	
0,3405	
0,3585	
0,3485
VLHZ	
ВХЗ-ао
43	
132 926	
49,05	
49,2	
48,7	
49,25	
49
ARSA	
Арсагера
11	
130 720	
3,35	
3,35	
3,34	
3,41	
3,35
IGSTP	
Ижсталь ап
55	
126 499	
662	
669	
649	
670	
661
VSYD	
ВыбСудЗ ао
18	
123 630	
4 120	
4 130	
4 040	
4 200	
4 150
CHKZ	
ЧКПЗ ао
12	
115 020	
5 220	
5 200	
5 160	
5 260	
5 260
ROST	
РОСИНТЕРао
35	
110 272	
62	
60,2	
60	
62,2	
61
MRSB	
МордЭнСб
10	
105 010	
0,35	
0,352	
0,346	
0,352	
0,347
KTSB	
КСБ ао
54	
99 058	
0,608	
0,59	
0,588	
0,624	
0,614
KUZB	
КузнецкийБ
110	
96 482	
0,01559	
0,01559	
0,0154	
0,01569	
0,01567
TASB	
ТамбЭнСб
15	
95 890	
0,4565	
0,4465	
0,446	
0,4625	
0,4585
MISBP	
ТНСэМаЭл-п
38	
94 440	
12,4	
12	
12	
12,6	
12,2
MGNZ	
СМЗ-ао
15	
88 690	
4 030	
4 020	
4 010	
4 070	
4 040
JNOSP	
Слав-ЯНОСп
20	
84 474	
14,32	
14,18	
14,18	
14,5	
14,34
MFGS	
Мегион-ао
11	
82 925	
377	
383,5	
375,5	
383,5	
376
TORSP	
ТРК ап
19	
77 200	
0,266	
0,2695	
0,264	
0,2695	
0,269
KMEZ	
КМЗ
47	
70 977	
461	
464	
457,5	
465	
458
TUZA	
ТЗА ао
8	
70 760	
94	
95	
94	
95	
95
NAUK	
iНПОНаука
28	
69 406	
182,6	
183,6	
180,6	
183,8	
183,4
OMZZP	
ОМЗ-ап
11	
68 510	
3 260	
3 240	
3 240	
3 265	
3 265
JNOS	
Славн-ЯНОС
12	
67 615	
18,8	
18,9	
18,6	
18,9	
18,8
KAZTP	
Куйбазот-п
32	
66 194	
147,2	
147,8	
146	
148,8	
148
KRKOP	
ТКЗКК ап
34	
64 198	
5,68	
5,705	
5,63	
5,75	
5,74
IGST	
Ижсталь2ао
43	
63 504	
847	
824	
823	
875	
835
KCHE	
КамчатЭ ао
18	
57 720	
0,222	
0,224	
0,2185	
0,2245	
0,2185
NSVZ	
НаукаСвяз
18	
52 550	
228,5	
228	
227	
230,5	
229
SAGOP	
СамарЭн-ап
12	
49 620	
0,414	
0,41	
0,409	
0,419	
0,414
TGKDP	
Квадра-п
24	
47 751	
0,004015	
0,004	
0,00397	
0,00403	
0,00398
UCSS	
ОКС ао
20	
47 650	
1 440	
1 450	
1 430	
1 450	
1 440
DZRD	
iДонскЗР
5	
46 550	
1 940	
1 940	
1 930	
1 950	
1 945
KTSBP	
КСБ ап
9	
44 760	
0,2635	
0,263	
0,254	
0,266	
0,264
MRKK	
Россети СК
43	
43 604	
26,28	
26,76	
26,16	
26,78	
26,18
ROSB	
Росбанк ао
18	
41 078	
70,8	
71,2	
70	
71,2	
71
RDRB	
РДБанк ао
8	
39 900	
250	
250	
245	
250	
250
ELTZ	
Электрцинк
41	
39 894	
163	
162	
162	
165	
164
STSB	
СтаврЭнСб
24	
39 811	
0,402	
0,4065	
0,3995	
0,4065	
0,4035
ALBK	
БестЭфБ ао
19	
35 210	
52,5	
53	
52	
53,5	
53,5
TORS	
ТРК ао
7	
33 800	
0,376	
0,371	
0,371	
0,38	
0,38
NFAZ	
Нефтекамск
11	
33 472	
167,4	
169	
163,4	
169	
165
NKSH	
Нижкамшина
6	
31 508	
22,52	
22,4	
22,4	
22,54	
22,52
VJGZ	
Варьеган
12	
30 871	
594	
598	
588	
599	
595
KGKC	
КурганГКао
9	
23 760	
53	
53	
52	
54	
53
UKUZ	
ЮжКузб. ао
16	
22 170	
528	
538	
520	
540	
530
SARE	
СаратЭн-ао
7	
14 190	
0,1184	
0,1184	
0,1182	
0,1184	
0,1184
SAREP	
СаратЭн-ап
4	
10 984	
0,0916	
0,0922	
0,0908	
0,0922	
0,091
KCHEP	
КамчатЭ ап
3	
10 750	
0,358	
0,358	
0,358	
0,359	
0,359
YKENP	
Якутскэн-п
2	
6 880	
0,344	
0,341	
0,341	
0,347	
0,347
GAZC	
ГАЗКОН-ао
0	
0	
-	
-	
-	
-	
295
GTSS	
ГЕОТЕК ао
0	
0	
-	
-	
-	
-	
-
NPOF	
Физика ао
0	
0	
-	
-	
-	
-	
11 850
KMTZ	
КосогМЗ ао
0	
0	
-	
-	
-	
-	
-
KZMS	
КЗМС ао
0	
0	
-	
-	
-	
-	
226
TRFM	
ТрансФ ао
0	
0	
-	
-	
-	
-	
-
GAZS	
ГАЗ-сервис
0	
0	
-	
-	
-	
-	
293
HIMC	
Химпром ао
0	
0	
-	
-	
-	
-	
0,99
GAZT	
ГАЗ-Тек ао
0	
0	
-	
-	
-	
-	
85
KSGR	
Кокс ао
0	
0	
-	
-	
-	
-	
-
URKA	
Уркалий-ао
0	
0	
-	
-	
-	
-	
119,04
VZRZ	
Возрожд-ао
0	
0	
-	
-	
-	
-	
480
MFON	
МегаФон ао
0	
0	
-	
-	
-	
-	
650,6
BISV	
БашИнСв ао
0	
0	
-	
-	
-	
-	
8,7
KRKO	
ТКЗКК ао
0	
0	
-	
-	
-	
-	
11,8
MORI	
Морион ао
0	
0	
-	
-	
-	
-	
4,31
KUNF	
КУЗОЦМ ао
0	
0	
-	
-	
-	
-	
-