GAZP	
ГАЗПРОМ ао
72 363	
8 082 445 429	
188,54	
189,58	
187,13	
189,92	
188,29
SBER	
Сбербанк
39 488	
6 807 374 080	
225,68	
226,75	
224,35	
227,43	
224,79
PLZL	
Полюс
41 394	
5 925 444 664	
18 381,5	
18 400	
18 023	
18 773	
18 353
GMKN	
ГМКНорНик
21 197	
4 695 215 850	
20 842	
20 920	
20 712	
21 000	
20 804
LKOH	
ЛУКОЙЛ
25 592	
4 523 189 918	
5 127	
5 150,5	
5 091	
5 174	
5 124
VTBR	
ВТБ ао
81 244	
3 254 746 313	
0,037995	
0,03856	
0,03743	
0,03878	
0,03782
AFLT	
Аэрофлот
41 694	
2 812 962 561	
81,42	
80	
78,22	
83,12	
81,98
ROSN	
Роснефть
15 844	
2 246 807 013	
366,1	
365,05	
362,45	
374,85	
367,7
MOEX	
МосБиржа
31 618	
2 156 392 285	
146,34	
145,03	
144,2	
148,12	
145,75
POLY	
Polymetal
25 932	
2 141 075 938	
1 957,5	
1 965,4	
1 930,2	
1 979,6	
1 938,3
YNDX	
Yandex clA
24 916	
1 890 057 845	
4 382,6	
4 335	
4 330,2	
4 417,6	
4 385,8
TATN	
Татнфт 3ао
15 334	
1 488 942 327	
560,4	
562,2	
556,2	
562,6	
561,1
MGNT	
Магнит ао
14 315	
1 479 331 538	
4 600	
4 630,5	
4 572,5	
4 635	
4 600
MTSS	
МТС-ао
18 950	
1 460 609 021	
332	
335,25	
329,65	
335,3	
330,4
NVTK	
Новатэк ао
16 148	
1 379 053 450	
1 105	
1 099,8	
1 092,8	
1 115	
1 108,4
NLMK	
НЛМК ао
14 504	
1 047 823 889	
149,32	
148,7	
147,72	
150,5	
149,4
SNGS	
Сургнфгз
6 807	
913 181 938	
37,31	
37,425	
37,115	
37,55	
37,24
SBERP	
Сбербанк-п
13 597	
879 728 957	
209	
209,04	
208	
210,12	
208,4
AFKS	
Система ао
16 452	
773 372 216	
20,11	
20,599	
19,764	
20,69	
19,9
SNGSP	
Сургнфгз-п
9 019	
726 689 698	
36,585	
36,58	
36,42	
36,77	
36,64
ALRS	
АЛРОСА ао
11 711	
675 992 379	
69,97	
70	
69,55	
70,18	
70,06
CHMF	
СевСт-ао
13 442	
663 849 696	
939,4	
941	
933,6	
946	
941,4
MAGN	
ММК
7 279	
663 741 289	
39,98	
40,18	
39,645	
40,455	
39,98
IRAO	
ИнтерРАОао
9 125	
636 010 669	
5,7915	
5,8235	
5,7515	
5,853	
5,78
POGR	
Petropavl
16 661	
612 076 627	
35,125	
35,92	
34,04	
36,2	
34,65
RTKM	
Ростел -ао
14 814	
572 544 770	
96,34	
97	
95,16	
97,34	
95,34
RUAL	
РУСАЛ ао
16 825	
571 838 241	
30,27	
30,475	
29,6	
30,495	
30,375
TCSG	
TCS-гдр
18 354	
548 378 393	
1 943,4	
1 952	
1 904,6	
1 996,2	
1 927
MAIL	
MAIL-гдр
19 694	
532 345 707	
2 004,4	
2 035	
1 980	
2 040	
1 985
TRNFP	
Транснф ап
1 839	
505 419 300	
134 900	
133 900	
133 750	
135 500	
135 450
SIBN	
Газпрнефть
6 451	
449 511 088	
321,4	
322,85	
320	
324,5	
320,5
HYDR	
РусГидро
11 343	
392 591 290	
0,76	
0,7619	
0,7553	
0,7662	
0,7638
DSKY	
ДетскийМир
9 331	
309 556 114	
120,38	
122	
118,72	
122,46	
121,14
FIVE	
FIVE-гдр
3 652	
280 318 924	
2 829,5	
2 839,5	
2 812	
2 850	
2 840
CBOM	
МКБ ао
6 342	
274 401 513	
5,926	
5,912	
5,9	
5,974	
5,905
SELG	
Селигдар
12 129	
252 604 791	
45,19	
41,21	
40,15	
48,94	
47,19
RSTI	
Россети ао
4 970	
244 414 916	
1,6043	
1,618	
1,5851	
1,623	
1,5992
FEES	
ФСК ЕЭС ао
5 873	
217 089 824	
0,20178	
0,2044	
0,19962	
0,2044	
0,20018
TATNP	
Татнфт 3ап
5 297	
213 089 311	
537,9	
538	
534	
541,2	
538
MVID	
М.видео
5 020	
201 489 789	
473,1	
481	
458,1	
492,3	
467,1
MTLR	
Мечел ао
18 453	
193 057 139	
68,28	
66,35	
66,35	
69,75	
67,96
CNTLP	
Телеграф-п
5 300	
158 920 748	
28,42	
28,52	
27,98	
28,64	
28,22
PHOR	
ФосАгро ао
3 296	
158 505 841	
2 704	
2 713	
2 685	
2 721	
2 694
ABRD	
АбрауДюрсо
10 235	
123 337 165	
242,5	
200,5	
200,5	
255	
255
RTKMP	
Ростел -ап
5 413	
109 180 722	
89,5	
88,35	
88,2	
90,5	
89,65
UPRO	
Юнипро ао
2 588	
103 406 236	
2,824	
2,806	
2,8	
2,838	
2,823
RASP	
Распадская
1 889	
101 461 236	
110,68	
110,16	
109,4	
112,26	
111,16
BANEP	
Башнефт ап
3 563	
96 204 846	
1 361,5	
1 368	
1 355,5	
1 374	
1 366,5
LNTA	
Лента др
6 156	
93 314 224	
214,7	
214,3	
211,8	
216,9	
214
MSNG	
+МосЭнерго
2 761	
93 077 969	
2,18	
2,154	
2,1305	
2,215	
2,1765
CNTL	
Телеграф
3 225	
80 155 335	
28,85	
28,5	
28,4	
29,05	
28,95
OGKB	
ОГК-2 ао
3 092	
72 957 660	
0,7569	
0,7615	
0,7502	
0,7668	
0,7541
LSRG	
ЛСР ао
7 448	
69 701 576	
769,6	
771	
762,6	
773,6	
768,2
LNZL	
Лензолото
1 396	
67 196 180	
18 660	
18 680	
18 300	
18 830	
18 750
ENRU	
ЭнелРос ао
2 599	
66 089 370	
0,9555	
0,9615	
0,9495	
0,963	
0,95
SELGP	
Селигдар-п
2 548	
58 446 555	
29,85	
28,2	
28	
31,95	
29,2
NMTP	
НМТП ао
4 553	
44 026 189	
9,205	
9,215	
9,15	
9,265	
9,175
LSNGP	
РСетиЛЭ-п
2 008	
43 408 662	
155,4	
153,2	
152,2	
157,3	
155,3
PIKK	
ПИК ао
1 204	
40 550 553	
497,6	
495,1	
493,9	
502,2	
499,2
TGKA	
ТГК-1
2 435	
39 451 848	
0,012336	
0,01246	
0,012268	
0,01248	
0,012306
MTLRP	
Мечел ап
1 745	
37 626 493	
82,35	
82,35	
81,5	
83,65	
81,75
QIWI	
iQIWI
2 284	
36 010 252	
1 449	
1 460	
1 420	
1 464	
1 459
AGRO	
AGRO-гдр
1 991	
34 174 270	
718,2	
720,8	
713	
725,8	
717
NKNCP	
НКНХ ап
2 123	
27 979 189	
81,08	
81,38	
80,14	
81,84	
80,52
ETLN	
ETLN-гдр
2 335	
27 206 522	
110,04	
110,4	
109,4	
110,68	
109,6
VGSB	
ВолгЭнСб
2 377	
23 405 400	
3,475	
2,885	
2,62	
3,845	
3,845
MRKP	
МРСК ЦП
1 282	
22 343 177	
0,2136	
0,2156	
0,2106	
0,2175	
0,2121
AKRN	
Акрон
742	
19 624 656	
5 852	
5 870	
5 804	
5 904	
5 814
VGSBP	
ВолгЭнСб-п
2 422	
19 239 380	
1,985	
1,525	
1,525	
2,215	
2,215
AQUA	
РусАква ао
1 164	
19 209 575	
210	
208,5	
206,5	
213	
210
BSPB	
БСП ао
1 622	
19 068 305	
43,4	
43,9	
43,05	
44,07	
43,14
ENPG	
ЭН+ГРУП ао
633	
19 055 337	
699	
705	
685	
708,5	
687,5
UNKL	
ЮУНК ао
1 020	
18 709 020	
8 450	
8 900	
8 050	
8 920	
8 300
OBUV	
ОР ао
1 856	
18 243 750	
35,65	
35,25	
35,05	
36,4	
35,6
YAKG	
ЯТЭК ао
980	
17 225 590	
43,25	
42,8	
42,7	
46,85	
43,15
AVAN	
Авангрд-ао
2 539	
16 579 845	
885	
760	
760	
1 000	
820
RSTIP	
Россети ап
669	
16 515 473	
2,148	
2,154	
2,13	
2,162	
2,13
APTK	
Аптеки36и6
1 578	
16 409 406	
13,398	
13,356	
13,31	
13,454	
13,4
SVAV	
СОЛЛЕРС
582	
16 163 910	
281,5	
275,5	
274	
285	
277,5
RTSB	
ТНСэнРст
1 189	
15 260 350	
0,605	
0,59	
0,455	
0,78	
0,57
LIFE	
iФармсинтз
1 195	
15 130 986	
7,33	
7,205	
7,175	
7,46	
7,46
TRMK	
ТМК ао
666	
14 193 768	
57,74	
58,5	
56,3	
58,8	
58,1
CHKZ	
ЧКПЗ ао
955	
12 754 820	
6 320	
5 380	
5 380	
6 960	
6 000
AMEZ	
АшинскийМЗ
2 275	
11 113 962	
4,84	
4,82	
4,72	
4,99	
4,76
ISKJ	
iИСКЧ ао
1 118	
11 080 868	
24,37	
24,81	
23,7	
25,05	
24,25
BRZL	
БурЗолото
1 142	
10 441 824	
1 197	
1 201	
1 170	
1 230	
1 192
VSMO	
ВСМПО-АВСМ
206	
9 654 840	
17 980	
17 900	
17 880	
18 000	
17 960
CHGZ	
РН-ЗапСиб
781	
8 804 080	
51,6	
43,8	
42,8	
58,8	
53,6
FESH	
ДВМП ао
418	
8 647 672	
7,64	
7,57	
7,57	
7,7	
7,68
ASSB	
АстрЭнСб
1 212	
8 635 613	
0,8135	
0,776	
0,773	
0,845	
0,7835
BANE	
Башнефт ао
562	
7 862 931	
1 740,5	
1 741,5	
1 735,5	
1 744,5	
1 738,5
ROLO	
Русолово
702	
7 837 992	
5,424	
5,274	
5,254	
5,698	
5,434
GCHE	
ЧеркизГ-ао
774	
7 834 013	
1 769,5	
1 772	
1 758,5	
1 782,5	
1 763
LNZLP	
Лензол. ап
432	
7 770 495	
5 835	
5 815	
5 735	
5 940	
5 820
RTSBP	
ТНСэнРст-п
587	
6 884 360	
0,398	
0,373	
0,367	
0,439	
0,389
TTLK	
Таттел. ао
320	
6 872 880	
0,309	
0,319	
0,2995	
0,319	
0,3125
KRKNP	
СаратНПЗ-п
247	
6 839 360	
15 940	
15 860	
15 840	
16 020	
15 900
KLSB	
КалужскСК
1 061	
6 129 885	
12,31	
12,73	
12,15	
12,75	
12,25
TGKB	
ТГК-2
311	
6 074 550	
0,00435	
0,00439	
0,004305	
0,00441	
0,004355
MGTSP	
МГТС-4ап
549	
5 877 218	
2 030	
2 000	
1 996	
2 060	
2 040
EELT	
ЕвроЭлтех
165	
5 850 036	
8,14	
8,5	
8,12	
8,5	
8,38
GTRK	
ГТМ ао
832	
5 412 214	
45,3	
43,4	
43,3	
46,9	
43,85
TGKN	
ТГК-14
264	
5 241 700	
0,00327	
0,0032	
0,0032	
0,0033	
0,00326
NKNC	
НКНХ ао
551	
5 022 224	
93,45	
93,95	
92,6	
93,95	
93,45
MRKC	
МРСК Центр
538	
4 441 812	
0,301	
0,304	
0,3	
0,3048	
0,3002
MSRS	
РСетиМР ао
164	
4 352 099	
1,184	
1,1935	
1,1725	
1,194	
1,18
STSBP	
СтаврЭнСбп
650	
4 326 236	
0,402	
0,393	
0,385	
0,4145	
0,406
MRKV	
РсетВол ао
454	
4 184 113	
0,0744	
0,0739	
0,0739	
0,07455	
0,0744
RKKE	
ЭнергияРКК
327	
4 126 320	
8 650	
8 590	
8 520	
9 010	
8 540
DIOD	
ЗаводДИОД
638	
4 070 724	
7,12	
7,06	
6,93	
7,29	
7,03
MISBP	
ТНСэМаЭл-п
329	
4 065 190	
13,4	
13,4	
13,1	
14,2	
13,6
MISB	
ТНСэнМарЭл
451	
3 940 750	
14,2	
13,3	
13,1	
15,8	
13,8
RNFT	
РуссНфт ао
1 309	
3 550 217	
510,4	
508	
505	
512	
507,2
DZRDP	
iДонскЗР п
713	
3 408 310	
1 810	
1 690	
1 670	
1 900	
1 800
KZOS	
ОргСинт ао
469	
3 375 667	
88,3	
89,7	
87,3	
89,7	
87,7
MSTT	
Мостотрест
191	
2 892 313	
159,9	
161,3	
157,75	
162	
159,3
USBN	
УралСиб ао
122	
2 868 179	
0,0691	
0,07	
0,0687	
0,07	
0,0689
RAVN	
Raven
91	
2 736 780	
30,5	
30,9	
30,3	
30,9	
30,55
CHEP	
ЧТПЗ ао
285	
2 207 970	
208,5	
208	
207	
211	
210,5
RUGR	
Русгрэйн
1 388	
2 123 310	
9,578	
9,732	
9,48	
9,738	
9,48
RDRB	
РДБанк ао
233	
2 104 700	
235	
240	
230	
240	
240
RGSS	
РГС СК ао
194	
1 839 548	
0,15	
0,1496	
0,149	
0,1508	
0,1496
RUSI	
ИКРУСС-ИНВ
204	
1 798 410	
40,3	
38,3	
38	
41,6	
39,6
INGR	
ИНГРАД ао
141	
1 798 115	
764	
759	
759	
771	
768
VLHZ	
ВХЗ-ао
310	
1 790 976	
55,6	
57,5	
54,55	
57,5	
55
KMAZ	
КАМАЗ
356	
1 739 095	
58,5	
58,5	
58	
58,8	
58,6
DVEC	
ДЭК ао
294	
1 733 651	
0,947	
0,96	
0,939	
0,963	
0,947
DZRD	
iДонскЗР
250	
1 721 550	
2 390	
2 340	
2 340	
2 465	
2 385
ZVEZ	
ЗВЕЗДА ао
141	
1 525 375	
4,54	
4,645	
4,48	
4,655	
4,555
NAUK	
iНПОНаука
229	
1 524 106	
193,8	
198	
191	
198	
192,4
ELTZ	
Электрцинк
369	
1 461 133	
191	
195,5	
186,5	
200	
191
BELU	
Белуга ао
258	
1 372 163	
1 308	
1 306	
1 300	
1 316	
1 309
TGKBP	
ТГК-2 ап
77	
1 363 030	
0,00729	
0,00716	
0,00716	
0,0074	
0,00728
IRKT	
ИРКУТ-3
125	
1 337 218	
35,28	
35,02	
34,86	
35,48	
35,44
HIMCP	
Химпром ап
140	
1 297 219	
6,26	
6,3	
6,18	
6,3	
6,26
PMSBP	
ПермьЭнС-п
146	
1 288 172	
130,4	
130,8	
129,4	
131	
131
TGKD	
Квадра
205	
1 242 192	
0,003555	
0,00358	
0,0035	
0,003595	
0,003585
SAGO	
СамарЭн-ао
89	
1 239 400	
0,466	
0,478	
0,45	
0,492	
0,458
STSB	
СтаврЭнСб
295	
1 193 057	
0,486	
0,441	
0,441	
0,53	
0,478
VZRZP	
Возрожд-п
43	
1 179 760	
339	
337,4	
337,4	
345,4	
338,4
BISVP	
БашИнСв ап
138	
1 165 373	
8,53	
8,21	
8,01	
8,7	
8,6
UNAC	
iАвиастКао
218	
1 115 174	
0,4915	
0,494	
0,489	
0,494	
0,489
RZSB	
РязЭнСб
54	
1 067 840	
9,3	
9,4	
9,2	
9,48	
9,22
ALNU	
АЛРОСА-Нюр
11	
1 053 400	
55 400	
55 400	
55 400	
55 600	
55 600
KRKOP	
ТКЗКК ап
431	
1 043 009	
7,265	
7,37	
7,2	
7,7	
7,255
RBCM	
РБК ао
199	
1 042 570	
3,456	
3,41	
3,408	
3,476	
3,43
RTGZ	
ГазпРнД ао
18	
1 019 600	
26 850	
25 800	
25 550	
27 300	
27 000
KZOSP	
ОргСинт ап
368	
999 494	
12,07	
12,29	
11,97	
12,29	
12,04
YRSBP	
ТНСэнЯр-п
89	
993 955	
90,5	
89	
88	
93,5	
93
IGSTP	
Ижсталь ап
215	
956 232	
931	
961	
901	
961	
906
LSNG	
РСетиЛЭ
176	
944 297	
6,14	
6,1	
6,1	
6,16	
6,13
IRGZ	
ИркЭнерго
146	
926 514	
11,74	
11,76	
11,64	
11,96	
11,72
MRKZ	
МРСК СЗ
205	
908 856	
0,0519	
0,0517	
0,05135	
0,05215	
0,0514
TUZA	
ТЗА ао
130	
885 850	
100	
99	
98	
101	
100
IGST	
Ижсталь2ао
150	
874 210	
1 077	
1 118	
1 050	
1 118	
1 051
CHMK	
ЧМК ао
85	
852 830	
2 725	
2 730	
2 680	
2 780	
2 700
MRKU	
МРСК Ур
70	
847 000	
0,1552	
0,1548	
0,1546	
0,1554	
0,155
UWGN	
ОВК ао
194	
839 208	
234,9	
241,7	
231	
241,7	
236,6
ARSA	
Арсагера
103	
825 740	
3,75	
3,78	
3,68	
3,9	
3,77
HALS	
Галс-Девел
159	
794 596	
1 206	
1 258	
1 181	
1 268	
1 199
KAZTP	
Куйбазот-п
18	
746 450	
149	
147,8	
147,8	
149,2	
149
MGTS	
МГТС-5ао
51	
706 780	
2 365	
2 365	
2 350	
2 390	
2 355
SFIN	
САФМАР ао
19	
669 244	
522,8	
522,4	
522,4	
523,6	
523,2
KMEZ	
КМЗ
350	
666 322	
509	
513	
496	
521	
504,5
MRKY	
РоссЮг ао
96	
565 338	
0,05	
0,0505	
0,0498	
0,0505	
0,0499
KRSBP	
Красэсб ап
34	
552 600	
7,08	
7,08	
6,94	
7,16	
7,12
GAZAP	
ГАЗ ап
48	
550 805	
309,5	
307,5	
306,5	
311	
309
YKEN	
Якутскэнрг
78	
545 355	
0,376	
0,3885	
0,364	
0,3985	
0,3745
NKHP	
НКХП ао
70	
526 480	
232	
232	
230	
233,5	
232
KCHE	
КамчатЭ ао
76	
497 395	
0,217	
0,2095	
0,2095	
0,222	
0,222
KBSB	
ТНСэКубань
109	
494 765	
146,5	
144,5	
144,5	
150,5	
147
ZILL	
ЗИЛ ао
44	
494 545	
2 630	
2 635	
2 570	
2 660	
2 640
MAGEP	
МагадЭн ап
31	
479 930	
7,38	
7,68	
7,2	
7,68	
7,25
BLNG	
Белон ао
141	
429 756	
4,444	
4,48	
4,406	
4,5	
4,48
PMSB	
ПермьЭнСб
78	
398 141	
131	
132,7	
129,1	
132,7	
131,9
PAZA	
ПавлАвт ао
36	
397 720	
8 840	
8 810	
8 800	
8 990	
8 880
LVHK	
Левенгук
93	
379 803	
8,2	
8,28	
8,12	
8,33	
8,16
KRSB	
Красэсб ао
36	
374 530	
7,07	
7	
6,96	
7,16	
7,1
TORS	
ТРК ао
37	
366 250	
0,436	
0,421	
0,421	
0,443	
0,439
KRKN	
СаратНПЗ
19	
349 400	
12 950	
12 800	
12 750	
13 050	
13 050
GAZA	
ГАЗ ао
29	
345 895	
393	
391,5	
389	
398,5	
389,5
YKENP	
Якутскэн-п
35	
330 650	
0,363	
0,3775	
0,356	
0,3775	
0,3645
NNSB	
ТНСэнНН ао
78	
328 865	
1 390	
1 380	
1 345	
1 430	
1 360
SLEN	
Сахэнер ао
48	
315 287	
6,005	
5,94	
5,855	
6,12	
5,96
MRKS	
РсетСиб ао
30	
308 480	
0,239	
0,2445	
0,238	
0,2445	
0,238
NFAZ	
Нефтекамск
94	
302 028	
162,2	
162,6	
158,2	
164,8	
164,8
VRSB	
ТНСэнВорон
34	
298 020	
54,2	
52	
52	
55	
54
OMZZP	
ОМЗ-ап
53	
296 405	
3 570	
3 495	
3 495	
3 680	
3 560
MGNZ	
СМЗ-ао
28	
288 930	
4 660	
4 680	
4 560	
4 710	
4 650
UTAR	
ЮТэйр ао
71	
288 176	
7,2	
7,1	
7,1	
7,24	
7,16
TASBP	
ТамбЭнСб-п
51	
287 440	
0,364	
0,364	
0,3545	
0,375	
0,3675
UKUZ	
ЮжКузб. ао
65	
281 918	
546	
542	
540	
556	
544
TASB	
ТамбЭнСб
47	
275 305	
0,459	
0,466	
0,4435	
0,47	
0,4565
GEMA	
iММЦБ ао
109	
273 512	
604	
600,5	
600	
606,5	
603,5
NNSBP	
ТНСэнНН ап
62	
255 485	
610	
601	
590	
654	
610
URKZ	
УрКузница
11	
239 520	
17 100	
16 560	
16 560	
17 460	
17 160
TORSP	
ТРК ап
24	
230 940	
0,2715	
0,274	
0,2705	
0,274	
0,273
KAZT	
Куйбазот
31	
229 544	
149,2	
149,6	
148	
150	
148,2
SAGOP	
СамарЭн-ап
14	
226 700	
0,42	
0,42	
0,417	
0,423	
0,421
RUSP	
Русполимет
29	
220 875	
0,631	
0,6325	
0,626	
0,636	
0,627
TGKDP	
Квадра-п
65	
215 992	
0,00427	
0,004255	
0,004205	
0,004355	
0,004325
KROT	
КрасОкт-ао
38	
205 800	
381	
386	
378	
390	
378
KUZB	
КузнецкийБ
222	
205 774	
0,01501	
0,01508	
0,01491	
0,01508	
0,01501
ALBK	
БестЭфБ ао
50	
201 290	
53,5	
53,5	
52,5	
54	
53,5
VRSBP	
ТНСэнВор-п
20	
199 800	
46,5	
46,5	
46	
47	
46
WTCMP	
ЦМТ ап
25	
198 278	
8,4	
8,5	
8,34	
8,5	
8,36
NSVZ	
НаукаСвяз
37	
189 360	
220	
220	
218	
221,5	
221,5
KUBE	
Кубанэнр
84	
175 466	
71	
69,8	
69,1	
72,3	
71,3
KROTP	
КрасОкт-1п
29	
174 040	
272	
275	
268	
279,5	
271
VJGZP	
Варьеган-п
18	
173 530	
347	
344	
344	
357	
354
RLMN	
Роллман
57	
168 531	
19,3	
19,6	
19,1	
19,6	
19,35
RLMNP	
Роллман-п
46	
156 891	
19,74	
20,08	
19,66	
20,1	
19,94
MRKK	
Россети СК
72	
142 771	
25,82	
25,96	
25,1	
26,08	
25,9
UCSS	
ОКС ао
19	
136 520	
1 450	
1 450	
1 440	
1 470	
1 460
MAGE	
МагадЭн ао
18	
134 230	
6,71	
6,77	
6,57	
6,77	
6,74
SARE	
СаратЭн-ао
32	
128 110	
0,1232	
0,123	
0,1218	
0,124	
0,122
KBTK	
КузбТК ао
31	
127 550	
151,8	
152,8	
151,4	
153,4	
152,4
ROSB	
Росбанк ао
19	
127 192	
71,6	
72	
71,2	
72	
71,4
KCHEP	
КамчатЭ ап
27	
121 280	
0,391	
0,386	
0,385	
0,403	
0,389
SAREP	
СаратЭн-ап
32	
108 132	
0,0984	
0,0974	
0,0964	
0,0996	
0,0982
MRSB	
МордЭнСб
14	
106 010	
0,353	
0,351	
0,351	
0,355	
0,354
KOGK	
КоршГОК ао
2	
97 400	
48 800	
48 800	
48 600	
48 800	
48 800
WTCM	
ЦМТ ао
26	
91 438	
9,34	
9,28	
9,2	
9,4	
9,4
VSYD	
ВыбСудЗ ао
10	
79 870	
3 995	
4 000	
3 935	
4 040	
3 965
LPSB	
ЛЭСК ао
46	
70 630	
7,95	
8	
7,85	
8	
8
VJGZ	
Варьеган
20	
68 292	
584	
585	
582	
585	
584
JNOS	
Славн-ЯНОС
19	
65 055	
18,6	
18,65	
18,4	
18,8	
18,8
NKSH	
Нижкамшина
14	
57 502	
22,12	
22,22	
22,02	
22,22	
22,02
MFGSP	
Мегион-ап
9	
52 820	
330	
329,5	
326	
333,5	
333,5
MFGS	
Мегион-ао
10	
45 000	
375	
377	
369	
379,5	
376,5
KTSB	
КСБ ао
24	
33 448	
0,656	
0,66	
0,642	
0,67	
0,656
ROST	
РОСИНТЕРао
8	
31 554	
62	
61,4	
61,4	
62	
62
JNOSP	
Слав-ЯНОСп
6	
27 734	
14,6	
14,72	
14,5	
14,72	
14,52
KTSBP	
КСБ ап
7	
26 455	
0,294	
0,29	
0,29	
0,2985	
0,2985
VSYDP	
ВыбСудЗ ап
3	
24 700	
4 120	
4 120	
4 100	
4 120	
4 100
YRSB	
ТНСэнЯр
4	
22 340	
172	
170	
170	
172	
172
KGKC	
КурганГКао
10	
21 095	
54	
54	
54	
54,5	
54,5
KGKCP	
КурганГКап
10	
18 875	
54	
54	
53,5	
54	
54
TNSE	
ТНСэнрг ао
7	
11 990	
1 000	
1 000	
990	
1 000	
1 000
BISV	
БашИнСв ао
0	
0	
-	
-	
-	
-	
8,7
GAZC	
ГАЗКОН-ао
0	
0	
-	
-	
-	
-	
295
GAZS	
ГАЗ-сервис
0	
0	
-	
-	
-	
-	
293
GAZT	
ГАЗ-Тек ао
0	
0	
-	
-	
-	
-	
85
GTSS	
ГЕОТЕК ао
0	
0	
-	
-	
-	
-	
-
HIMC	
Химпром ао
0	
0	
-	
-	
-	
-	
0,99
KMTZ	
КосогМЗ ао
0	
0	
-	
-	
-	
-	
-
KRKO	
ТКЗКК ао
0	
0	
-	
-	
-	
-	
11,8
KSGR	
Кокс ао
0	
0	
-	
-	
-	
-	
-
KUNF	
КУЗОЦМ ао
0	
0	
-	
-	
-	
-	
-
KZMS	
КЗМС ао
0	
0	
-	
-	
-	
-	
226
MFON	
МегаФон ао
0	
0	
-	
-	
-	
-	
650,6
MOBB	
МосОблБанк
0	
0	
-	
-	
-	
-	
0,698
MORI	
Морион ао
0	
0	
-	
-	
-	
-	
4,31
NPOF	
Физика ао
0	
0	
-	
-	
-	
-	
11 850
PRMB	
Приморье
0	
0	
-	
-	
-	
-	
22 600
PRTK	
ПРОТЕК ао
0	
0	
-	
-	
-	
-	
99,6
TRCN	
ТрансК ао
0	
0	
-	
-	
-	
-	
8 595
TRFM	
ТрансФ ао
0	
0	
-	
-	
-	
-	
-
URKA	
Уркалий-ао
0	
0	
-	
-	
-	
-	
119,04
VZRZ	
Возрожд-ао
0	
0	
-	
-	
-	
-	
480