SBER	
Сбербанк
112 010	
18 494 841 963	
211,29	
209	
208,35	
212,99	
212,21
GAZP	
ГАЗПРОМ ао
104 459	
11 061 743 469	
172,48	
170,7	
170,5	
173,41	
172,68
GMKN	
ГМКНорНик
35 406	
6 939 990 822	
19 096	
19 300	
18 746	
19 480	
18 842
LKOH	
ЛУКОЙЛ
34 614	
5 242 823 234	
4 535	
4 492	
4 486,5	
4 563,5	
4 521,5
YNDX	
Yandex clA
45 219	
4 994 787 136	
4 945,6	
4 992	
4 833,4	
4 999,2	
4 949,2
TATN	
Татнфт 3ао
54 675	
3 198 824 278	
481,1	
473,1	
464,9	
486,7	
482,5
PLZL	
Полюс
19 578	
2 716 170 557	
16 703	
16 970	
16 400	
16 977,5	
16 528
SBERP	
Сбербанк-п
33 270	
2 591 810 421	
202,08	
202,11	
200,05	
203,03	
202,42
AFLT	
Аэрофлот
52 630	
2 425 488 128	
67,14	
65,66	
65,02	
69,14	
67,64
POLY	
Polymetal
31 607	
2 262 478 676	
1 687,6	
1 724,2	
1 660	
1 724,2	
1 674,4
ALRS	
АЛРОСА ао
32 970	
2 017 288 390	
76,65	
74,54	
74,44	
77,69	
77,47
MOEX	
МосБиржа
27 594	
1 858 123 594	
154,38	
154,6	
153,4	
155,68	
154,48
NVTK	
Новатэк ао
22 889	
1 836 674 658	
1 105	
1 075	
1 072,2	
1 117	
1 115
ROSN	
Роснефть
15 372	
1 805 663 132	
393,2	
392	
389,85	
395,7	
393,7
SNGS	
Сургнфгз
11 888	
1 324 354 902	
35,99	
35,95	
35,58	
36,3	
35,83
SNGSP	
Сургнфгз-п
12 711	
1 097 759 267	
39,485	
39,2	
39,2	
39,94	
39,32
AFKS	
Система ао
20 944	
1 096 501 922	
23,212	
23,267	
22,76	
23,533	
23,42
MTSS	
МТС-ао
12 685	
1 077 770 810	
343,35	
343,6	
339,4	
344,95	
342,2
MGNT	
Магнит ао
10 162	
1 052 517 606	
4 883	
4 905	
4 858	
4 911	
4 869
MAGN	
ММК
15 289	
936 157 433	
37,4	
37,66	
37,075	
38,05	
37,095
TATNP	
Татнфт 3ап
23 266	
844 178 080	
464	
456,8	
453,5	
468,8	
467
MAIL	
MAIL-гдр
21 589	
806 635 751	
2 179,6	
2 198	
2 152	
2 202	
2 170,8
IRAO	
ИнтерРАОао
10 891	
805 989 131	
5,4475	
5,4945	
5,4055	
5,505	
5,433
CHMF	
СевСт-ао
17 206	
742 550 541	
998,2	
1 008,6	
992,4	
1 008,6	
999
NLMK	
НЛМК ао
8 832	
668 316 376	
173,62	
173,62	
172,36	
174,78	
173,52
MVID	
М.видео
10 797	
573 030 440	
704,1	
716	
675,8	
720	
687,4
HYDR	
РусГидро
13 583	
535 296 642	
0,7712	
0,7725	
0,7628	
0,7748	
0,771
VTBR	
ВТБ ао
21 787	
482 216 104	
0,033905	
0,033745	
0,033695	
0,034065	
0,033985
CBOM	
МКБ ао
8 946	
446 656 425	
5,784	
5,76	
5,749	
5,813	
5,801
TCSG	
TCS-гдр
10 674	
342 459 304	
2 001,8	
2 010	
1 980	
2 041	
1 984,6
FIVE	
FIVE-гдр
6 575	
333 712 896	
2 899,5	
2 930	
2 880	
2 937,5	
2 894,5
SIBN	
Газпрнефть
5 851	
275 147 307	
295	
292,2	
292,15	
297	
297
TRNFP	
Транснф ап
1 027	
253 200 850	
146 800	
145 650	
145 650	
147 500	
146 450
DSKY	
ДетскийМир
6 818	
217 181 354	
119,6	
119,3	
117,64	
120,6	
119
FEES	
ФСК ЕЭС ао
5 357	
213 846 178	
0,19512	
0,19414	
0,19382	
0,19684	
0,19448
PHOR	
ФосАгро ао
4 757	
185 603 034	
2 891	
2 873	
2 852	
2 908	
2 880
POGR	
Petropavl
4 948	
164 724 775	
33,48	
33,9	
33,01	
33,9	
33,455
RSTI	
Россети ао
3 536	
162 112 617	
1,4693	
1,47	
1,45	
1,4842	
1,458
RTKM	
Ростел -ао
5 604	
135 647 072	
96,19	
96,27	
95,68	
96,76	
96,34
MTLR	
Мечел ао
12 535	
125 627 780	
62,39	
60,7	
60,61	
63,56	
62,71
LNTA	
Лента др
8 557	
112 920 732	
228,1	
228	
225,8	
231	
227,4
FESH	
ДВМП ао
6 157	
112 558 008	
10,75	
10,15	
10,1	
11,5	
10,65
UPRO	
Юнипро ао
2 455	
92 487 349	
2,781	
2,77	
2,764	
2,79	
2,783
RUAL	
РУСАЛ ао
5 407	
73 547 141	
31,335	
31,17	
31	
31,495	
31,31
BANEP	
Башнефт ап
2 664	
65 073 259	
1 234,5	
1 232	
1 230	
1 239,5	
1 232,5
HHRU	
iHHRU-адр
485	
58 176 390	
1 911,8	
1 924,8	
1 886,6	
1 929,8	
1 900
PIKK	
ПИК ао
1 885	
53 782 834	
570	
569	
568,5	
571	
570
AKRN	
Акрон
1 067	
50 385 110	
6 156	
6 166	
6 026	
6 260	
6 260
AGRO	
AGRO-гдр
2 650	
40 985 260	
732,2	
732,8	
727	
736,8	
736,6
APTK	
Аптеки36и6
6 239	
40 285 574	
14,01	
14,058	
13,9	
14,15	
13,998
LSRG	
ЛСР ао
3 943	
38 483 758	
876,4	
880	
871,2	
882,2	
877,2
MTLRP	
Мечел ап
2 171	
37 032 165	
67,65	
66,5	
65,8	
69,6	
69,15
QIWI	
iQIWI
1 756	
36 726 109	
1 356	
1 351,5	
1 340,5	
1 369	
1 361
ETLN	
ETLN-гдр
3 629	
34 349 546	
124,44	
124	
123,8	
125	
124,2
AQUA	
РусАква ао
1 851	
33 069 835	
250	
255,5	
231,5	
262,5	
253
OGKB	
ОГК-2 ао
1 759	
30 677 501	
0,7786	
0,7729	
0,772	
0,7878	
0,7743
GCHE	
ЧеркизГ-ао
1 492	
29 974 217	
1 846	
1 850,5	
1 825,5	
1 865	
1 864
RASP	
Распадская
808	
23 506 199	
120,86	
119,88	
119,88	
121,7	
120,36
ENRU	
ЭнелРос ао
1 719	
22 868 825	
0,923	
0,9125	
0,9125	
0,9265	
0,9245
TGKA	
ТГК-1
1 822	
18 534 024	
0,011092	
0,011056	
0,011014	
0,01115	
0,011074
NMTP	
НМТП ао
1 683	
18 497 706	
8,53	
8,47	
8,47	
8,585	
8,49
ISKJ	
iИСКЧ ао
1 413	
17 961 130	
33,25	
33,31	
31,66	
34,17	
33,12
HIMCP	
Химпром ап
780	
17 238 546	
8,12	
7,97	
7,91	
10,55	
8,18
RTKMP	
Ростел -ап
1 531	
16 267 483	
87,15	
87,7	
86,35	
87,9	
86,7
MRKP	
МРСК ЦП
949	
15 792 176	
0,2248	
0,2242	
0,2231	
0,2257	
0,2245
MSNG	
+МосЭнерго
625	
12 305 052	
2,0515	
2,0385	
2,0385	
2,058	
2,0535
EELT	
ЕвроЭлтех
117	
12 112 224	
7,82	
7,2	
7,16	
7,9	
7,88
OBUV	
ОР ао
1 642	
11 318 822	
30,85	
31,15	
30,55	
31,2	
30,85
BANE	
Башнефт ао
767	
10 265 994	
1 641	
1 621	
1 621	
1 654,5	
1 640
LSNGP	
РСетиЛЭ-п
634	
10 141 800	
153,1	
152,55	
151,7	
153,7	
152,9
NKNCP	
НКНХ ап
1 216	
9 723 081	
76,88	
76,62	
76,62	
77,42	
76,78
LIFE	
iФармсинтз
582	
9 288 565	
6,965	
6,965	
6,85	
7,05	
6,905
TGKB	
ТГК-2
519	
9 108 975	
0,00405	
0,00396	
0,00394	
0,00419	
0,00403
BSPB	
БСП ао
1 640	
8 494 522	
42,56	
42,63	
42,37	
42,88	
42,4
TRMK	
ТМК ао
251	
7 335 160	
60,94	
60,9	
60,88	
61,02	
60,92
RSTIP	
Россети ап
591	
7 111 228	
2,016	
2,009	
2	
2,029	
2,013
MRKV	
РсетВол ао
445	
6 807 862	
0,0689	
0,06795	
0,06795	
0,06945	
0,0691
ENPG	
ЭН+ГРУП ао
549	
6 585 968	
711	
712	
704	
717	
705
MRKC	
МРСК Центр
873	
6 450 305	
0,2996	
0,2944	
0,2916	
0,3032	
0,299
INGR	
ИНГРАД ао
425	
5 607 486	
830	
818	
818	
839	
839
CNTLP	
Телеграф-п
453	
5 587 934	
14,24	
14,36	
14,16	
14,38	
14,22
HALS	
Галс-Девел
912	
5 289 680	
1 217	
1 286	
1 185	
1 286	
1 219
BELU	
Белуга ао
199	
5 247 102	
1 273	
1 285	
1 266	
1 285	
1 279
MRKZ	
МРСК СЗ
101	
5 179 282	
0,0497	
0,0494	
0,04935	
0,05005	
0,0497
BISVP	
БашИнСв ап
483	
4 830 577	
11,95	
12	
11,74	
12,1	
11,94
LNZL	
Лензолото
73	
4 667 580	
18 820	
18 780	
18 780	
18 870	
18 820
ABRD	
АбрауДюрсо
479	
4 185 400	
197,5	
188	
188	
204,5	
194
ZILL	
ЗИЛ ао
239	
3 662 970	
2 570	
2 440	
2 440	
2 695	
2 550
SELG	
Селигдар
302	
3 399 082	
42,44	
42,44	
42,27	
42,8	
42,3
NSVZ	
НаукаСвяз
496	
3 181 600	
214	
209,5	
209,5	
217,5	
212
VSMO	
ВСМПО-АВСМ
94	
3 179 620	
17 100	
17 140	
17 060	
17 140	
17 100
TTLK	
Таттел. ао
180	
3 006 355	
0,3315	
0,3225	
0,3225	
0,338	
0,3325
TGKD	
Квадра
863	
2 885 801	
0,003705	
0,003645	
0,003605	
0,00376	
0,003755
KMAZ	
КАМАЗ
675	
2 860 826	
59,6	
59,1	
58,2	
60,4	
59,8
RNFT	
РуссНфт ао
719	
2 811 887	
350,4	
365	
348,2	
365	
349,6
NKNC	
НКНХ ао
351	
2 672 518	
88,6	
87,8	
87,8	
89	
88,1
LNZLP	
Лензол. ап
224	
2 504 245	
3 960	
3 980	
3 920	
4 000	
3 965
KZOS	
ОргСинт ао
307	
2 471 958	
80,6	
80,1	
80,1	
81,5	
80,7
SELGP	
Селигдар-п
211	
2 390 800	
35,2	
35,7	
35	
35,7	
35,05
YAKG	
ЯТЭК ао
153	
2 306 820	
50,25	
50,25	
48,6	
54,55	
49,6
UWGN	
ОВК ао
361	
1 740 047	
204,7	
206	
202,9	
206,7	
204
KRKNP	
СаратНПЗ-п
87	
1 712 020	
15 420	
15 460	
15 380	
15 480	
15 420
BRZL	
БурЗолото
354	
1 602 870	
967	
982	
941	
985	
970
PRMB	
Приморье
26	
1 494 400	
26 200	
27 000	
24 200	
27 400	
25 400
KZOSP	
ОргСинт ап
650	
1 473 171	
11,19	
11,34	
11,1	
11,34	
11,17
UNAC	
iАвиастКао
347	
1 465 444	
0,4235	
0,424	
0,417	
0,427	
0,4235
NNSBP	
ТНСэнНН ап
466	
1 373 257	
738	
750	
711	
790	
724
SVAV	
СОЛЛЕРС
61	
1 326 610	
289,5	
288	
288	
291	
289
CHEP	
ЧТПЗ ао
144	
1 313 515	
207	
211,5	
205	
212	
209,5
DIOD	
ЗаводДИОД
203	
1 287 214	
7,36	
7,18	
7,13	
7,58	
7,28
ROLO	
Русолово
94	
1 247 618	
6,27	
6,222	
6,222	
6,344	
6,236
MRSB	
МордЭнСб
66	
1 126 700	
0,435	
0,435	
0,43	
0,44	
0,439
MGTSP	
МГТС-4ап
145	
1 087 222	
1 924	
1 916	
1 916	
1 936	
1 922
IRKT	
ИРКУТ-3
91	
1 062 606	
33	
32,7	
32,58	
33,58	
33,12
NNSB	
ТНСэнНН ао
251	
1 054 100	
2 190	
2 095	
2 035	
2 440	
2 245
NKHP	
НКХП ао
114	
960 910	
260,5	
261,5	
259,5	
262,5	
259,5
CNTL	
Телеграф
118	
939 930	
16,7	
16,7	
16,6	
16,8	
16,65
KRSBP	
Красэсб ап
83	
912 484	
7,1	
7,02	
7,02	
7,3	
7,1
RUGR	
Русгрэйн
1 213	
909 505	
8,994	
8,958	
8,9	
9,132	
8,99
TUZA	
ТЗА ао
174	
901 780	
105	
105	
103	
110	
105
AMEZ	
АшинскийМЗ
592	
833 138	
4,735	
4,72	
4,67	
4,77	
4,72
SAGO	
СамарЭн-ао
33	
831 600	
0,634	
0,62	
0,61	
0,64	
0,62
VRSB	
ТНСэнВорон
70	
790 960	
70	
69	
69	
73,8	
69,2
BLNG	
Белон ао
56	
772 842	
4,272	
4,312	
4,244	
4,342	
4,266
ALNU	
АЛРОСА-Нюр
12	
742 000	
57 000	
56 800	
56 800	
57 200	
57 200
NFAZ	
Нефтекамск
70	
731 262	
206	
204,6	
204	
213,4	
207,8
MSRS	
РСетиМР ао
91	
718 673	
1,1705	
1,171	
1,1645	
1,1725	
1,1695
RAVN	
Raven
35	
697 150	
28,45	
28,35	
27,2	
28,8	
28,8
KUZB	
КузнецкийБ
465	
672 149	
0,01372	
0,01398	
0,01353	
0,01399	
0,0138
MAGE	
МагадЭн ао
81	
661 330	
6,12	
6	
5,87	
6,4	
5,96
ALBK	
БестЭфБ ао
182	
612 835	
58,5	
57,5	
56	
60,5	
60
KGKCP	
КурганГКап
96	
590 600	
52,5	
55	
51	
55	
52
RTSB	
ТНСэнРст
67	
586 650	
0,555	
0,565	
0,535	
0,585	
0,555
LSNG	
РСетиЛЭ
236	
575 650	
5,56	
5,51	
5,51	
5,59	
5,58
GEMA	
iММЦБ ао
111	
573 907	
604	
605,5	
602	
606,5	
603,5
TGKBP	
ТГК-2 ап
239	
524 241	
0,007	
0,00689	
0,00679	
0,00715	
0,00686
MFGS	
Мегион-ао
13	
505 555	
320	
316	
316	
320,5	
320,5
UNKL	
ЮУНК ао
43	
487 980	
6 600	
6 590	
6 550	
6 620	
6 590
DVEC	
ДЭК ао
91	
487 034	
0,91	
0,907	
0,906	
0,917	
0,916
RGSS	
РГС СК ао
111	
475 081	
0,1438	
0,144	
0,143	
0,1452	
0,145
PMSBP	
ПермьЭнС-п
64	
474 542	
130,8	
130	
130	
131,2	
130,6
SAGOP	
СамарЭн-ап
65	
467 020	
0,492	
0,483	
0,453	
0,512	
0,483
KOGK	
КоршГОК ао
10	
450 800	
45 000	
46 000	
44 000	
46 000	
45 000
SFIN	
САФМАР ао
43	
439 928	
473	
469,4	
468,2	
479,8	
476,8
MRKY	
РоссЮг ао
239	
426 821	
0,0473	
0,04745	
0,04715	
0,04765	
0,04735
VLHZ	
ВХЗ-ао
60	
411 101	
54,25	
53,35	
53,3	
55,4	
54,4
RBCM	
РБК ао
111	
397 637	
3,276	
3,29	
3,27	
3,312	
3,308
DZRDP	
iДонскЗР п
86	
386 610	
1 570	
1 520	
1 520	
1 600	
1 600
KAZT	
Куйбазот
28	
363 374	
154	
154	
152,8	
154	
154
USBN	
УралСиб ао
38	
354 815	
0,0676	
0,0677	
0,0669	
0,0679	
0,0678
MAGEP	
МагадЭн ап
34	
322 800	
5,87	
5,99	
5,79	
6,08	
5,99
VZRZP	
Возрожд-п
45	
321 248	
306	
306,2	
301,2	
308,8	
304,8
PAZA	
ПавлАвт ао
31	
316 310	
8 110	
8 120	
8 040	
8 300	
8 100
CHMK	
ЧМК ао
68	
314 555	
2 555	
2 540	
2 530	
2 610	
2 595
AVAN	
Авангрд-ао
80	
300 825	
825	
810	
810	
840	
820
MRKU	
МРСК Ур
64	
295 072	
0,1372	
0,1356	
0,1356	
0,138	
0,1374
GAZA	
ГАЗ ао
43	
294 210	
403	
400	
400	
409	
401,5
VGSB	
ВолгЭнСб
29	
286 755	
4,04	
4,035	
4	
4,1	
4,015
GTRK	
ГТМ ао
381	
275 683	
42,55	
42,8	
42	
42,8	
42,6
RTSBP	
ТНСэнРст-п
43	
268 800	
0,498	
0,5	
0,482	
0,519	
0,502
KRKN	
СаратНПЗ
16	
264 450	
12 000	
12 300	
11 650	
12 300	
12 200
TGKN	
ТГК-14
38	
262 480	
0,00309	
0,0031	
0,00308	
0,00311	
0,00309
RKKE	
ЭнергияРКК
31	
250 090	
6 760	
6 890	
6 690	
6 890	
6 700
UTAR	
ЮТэйр ао
49	
230 505	
6,82	
6,78	
6,78	
6,85	
6,83
RTGZ	
ГазпРнД ао
4	
226 600	
28 350	
28 600	
27 300	
28 600	
27 700
RLMN	
Роллман
81	
203 668	
17,05	
17,25	
16,95	
17,25	
17,1
PMSB	
ПермьЭнСб
61	
200 535	
133,7	
134,5	
131,4	
135,4	
133,4
IRGZ	
ИркЭнерго
66	
198 942	
11,78	
11,92	
11,68	
11,92	
11,72
SLEN	
Сахэнер ао
57	
197 023	
5,81	
5,8	
5,72	
5,875	
5,835
IGSTP	
Ижсталь ап
62	
194 421	
856	
851	
850	
871	
861
URKZ	
УрКузница
9	
191 360	
15 940	
15 820	
15 800	
16 000	
16 000
MRKS	
РсетСиб ао
27	
190 020	
0,229	
0,2305	
0,2275	
0,231	
0,23
ROST	
РОСИНТЕРао
48	
180 530	
61,6	
60,8	
60,6	
62	
61,6
ARSA	
Арсагера
26	
179 930	
3,75	
3,78	
3,67	
3,81	
3,76
MISB	
ТНСэнМарЭл
42	
176 300	
12,2	
12,3	
12	
12,3	
12,1
LVHK	
Левенгук
72	
172 498	
8,21	
8,26	
8,12	
8,38	
8,3
NKSH	
Нижкамшина
30	
165 856	
22,12	
22,36	
22,02	
22,38	
22,36
KRKOP	
ТКЗКК ап
58	
163 461	
8,515	
8,41	
8,4	
8,745	
8,575
WTCM	
ЦМТ ао
50	
152 862	
8,78	
8,8	
8,7	
9	
8,96
RUSP	
Русполимет
64	
142 511	
0,636	
0,6315	
0,6315	
0,641	
0,6405
TNSE	
ТНСэнрг ао
19	
141 285	
1 025	
1 050	
1 020	
1 050	
1 020
KLSB	
КалужскСК
38	
135 744	
13,31	
13,29	
13,2	
13,57	
13,25
RUSI	
ИКРУСС-ИНВ
12	
128 230	
38,9	
39	
38,1	
39	
38,2
TORS	
ТРК ао
21	
121 920	
0,393	
0,381	
0,373	
0,4	
0,385
KROT	
КрасОкт-ао
20	
118 220	
369,5	
369	
367	
373	
368
ZVEZ	
ЗВЕЗДА ао
17	
116 000	
4,46	
4,465	
4,44	
4,49	
4,47
YKENP	
Якутскэн-п
13	
111 420	
0,384	
0,3985	
0,381	
0,3985	
0,3825
KBSB	
ТНСэКубань
20	
106 800	
137	
138	
136,5	
138	
138
YRSB	
ТНСэнЯр
19	
106 220	
168	
166	
166	
172	
168
KAZTP	
Куйбазот-п
12	
101 622	
154	
154,4	
153,6	
154,4	
153,8
ROSB	
Росбанк ао
37	
96 360	
77	
77,2	
76,8	
77,8	
77,8
MGTS	
МГТС-5ао
23	
95 980	
2 180	
2 190	
2 170	
2 200	
2 170
RZSB	
РязЭнСб
21	
88 492	
9,02	
8,96	
8,96	
9,12	
9,02
KMEZ	
КМЗ
39	
88 134	
492,5	
504	
490	
504	
493,5
ELTZ	
Электрцинк
55	
87 980	
169	
169	
167	
170,5	
168,5
NAUK	
iНПОНаука
24	
85 016	
202,4	
200,2	
200,2	
203,6	
202
MGNZ	
СМЗ-ао
14	
84 920	
4 720	
4 730	
4 690	
4 750	
4 720
KBTK	
КузбТК ао
36	
84 662	
146	
145,4	
145,2	
146,8	
145,8
UKUZ	
ЮжКузб. ао
24	
84 512	
506	
494	
494	
512	
512
CHKZ	
ЧКПЗ ао
11	
83 640	
5 220	
5 240	
5 160	
5 280	
5 280
KTSBP	
КСБ ап
29	
83 525	
0,2785	
0,273	
0,272	
0,283	
0,283
KRSB	
Красэсб ао
27	
82 974	
7,22	
7,24	
7,12	
7,26	
7,26
VJGZ	
Варьеган
61	
75 363	
613	
612	
605	
622	
613
ASSB	
АстрЭнСб
23	
74 428	
0,752	
0,7505	
0,75	
0,755	
0,751
GAZAP	
ГАЗ ап
14	
74 395	
310	
312,5	
308	
313	
313
MRKK	
Россети СК
25	
71 988	
24,74	
24,88	
24,5	
25,28	
24,92
SARE	
СаратЭн-ао
33	
71 668	
0,1352	
0,137	
0,1342	
0,137	
0,1352
KTSB	
КСБ ао
20	
65 918	
0,622	
0,62	
0,62	
0,624	
0,622
TGKDP	
Квадра-п
44	
65 294	
0,004695	
0,00472	
0,00461	
0,004725	
0,00469
TORSP	
ТРК ап
6	
61 940	
0,2815	
0,2835	
0,279	
0,2835	
0,2795
SAREP	
СаратЭн-ап
21	
61 380	
0,1136	
0,1158	
0,1114	
0,1158	
0,1114
STSB	
СтаврЭнСб
40	
55 625	
0,556	
0,552	
0,5515	
0,5695	
0,5545
RDRB	
РДБанк ао
5	
55 600	
230	
230	
230	
235	
235
TASB	
ТамбЭнСб
12	
49 215	
0,41	
0,409	
0,4065	
0,4155	
0,4065
YKEN	
Якутскэнрг
11	
47 765	
0,398	
0,4	
0,3945	
0,4	
0,4
DZRD	
iДонскЗР
15	
47 335	
2 060	
2 075	
2 020	
2 080	
2 075
VRSBP	
ТНСэнВор-п
8	
41 700	
46,5	
46,5	
46	
46,5	
46,5
WTCMP	
ЦМТ ап
20	
41 422	
8,12	
8,26	
8	
8,26	
8,16
IGST	
Ижсталь2ао
17	
40 738	
947	
944	
942	
965	
953
TASBP	
ТамбЭнСб-п
13	
38 115	
0,293	
0,303	
0,287	
0,304	
0,289
MISBP	
ТНСэМаЭл-п
9	
35 720	
11,9	
11,9	
11,9	
12	
12
VJGZP	
Варьеган-п
6	
33 450	
335	
334	
334	
335	
334
VSYD	
ВыбСудЗ ао
7	
27 645	
3 950	
3 905	
3 900	
4 040	
3 995
VGSBP	
ВолгЭнСб-п
11	
26 960	
1,925	
1,96	
1,89	
1,96	
1,93
CHGZ	
РН-ЗапСиб
4	
26 900	
53,8	
53,8	
53,6	
54,4	
53,6
RLMNP	
Роллман-п
28	
24 812	
17,98	
18,2	
17,8	
18,2	
18
KGKC	
КурганГКао
16	
24 440	
54,5	
54,5	
54	
55	
54,5
MFGSP	
Мегион-ап
7	
23 265	
291	
291	
290	
292	
290
LPSB	
ЛЭСК ао
13	
17 080	
8,15	
8,15	
8,05	
8,15	
8,15
KROTP	
КрасОкт-1п
2	
15 625	
260,5	
262,5	
260	
262,5	
260
KCHE	
КамчатЭ ао
4	
14 930	
0,2135	
0,2145	
0,2115	
0,2145	
0,212
UCSS	
ОКС ао
7	
14 520	
1 450	
1 450	
1 450	
1 460	
1 460
KUBE	
Кубанэнр
14	
13 763	
72,4	
72,8	
72	
72,8	
72,5
JNOS	
Славн-ЯНОС
4	
12 825	
18,3	
18,35	
18,25	
18,35	
18,3
STSBP	
СтаврЭнСбп
19	
11 103	
0,383	
0,382	
0,382	
0,384	
0,384
YRSBP	
ТНСэнЯр-п
2	
8 645	
86,5	
86,5	
86	
86,5	
86,5
VSYDP	
ВыбСудЗ ап
2	
7 720	
3 860	
3 840	
3 840	
3 880	
3 880
JNOSP	
Слав-ЯНОСп
3	
4 158	
13,86	
13,84	
13,84	
13,88	
13,86
KCHEP	
КамчатЭ ап
1	
3 840	
0,384	
0,384	
0,384	
0,384	
0,384
OMZZP	
ОМЗ-ап
1	
3 440	
3 440	
3 440	
3 440	
3 440	
3 440
GAZC	
ГАЗКОН-ао
0	
0	
-	
-	
-	
-	
295
GTSS	
ГЕОТЕК ао
0	
0	
-	
-	
-	
-	
-
KUNF	
КУЗОЦМ ао
0	
0	
-	
-	
-	
-	
-
PRTK	
ПРОТЕК ао
0	
0	
-	
-	
-	
-	
99,6
NPOF	
Физика ао
0	
0	
-	
-	
-	
-	
11 850
TRCN	
ТрансК ао
0	
0	
-	
-	
-	
-	
8 595
GAZS	
ГАЗ-сервис
0	
0	
-	
-	
-	
-	
293
KMTZ	
КосогМЗ ао
0	
0	
-	
-	
-	
-	
-
KZMS	
КЗМС ао
0	
0	
-	
-	
-	
-	
226
MSTT	
Мостотрест
0	
0	
-	
-	
-	
-	
161
TRFM	
ТрансФ ао
0	
0	
-	
-	
-	
-	
-
GAZT	
ГАЗ-Тек ао
0	
0	
-	
-	
-	
-	
85
HIMC	
Химпром ао
0	
0	
-	
-	
-	
-	
0,99
BISV	
БашИнСв ао
0	
0	
-	
-	
-	
-	
8,7
KSGR	
Кокс ао
0	
0	
-	
-	
-	
-	
-
MOBB	
МосОблБанк
0	
0	
-	
-	
-	
-	
0,698
URKA	
Уркалий-ао
0	
0	
-	
-	
-	
-	
119,04
VZRZ	
Возрожд-ао
0	
0	
-	
-	
-	
-	
480
MFON	
МегаФон ао
0	
0	
-	
-	
-	
-	
650,6
KRKO	
ТКЗКК ао
0	
0	
-	
-	
-	
-	
11,8