SBER	
Сбербанк
156 715	
26 938 901 533	
197,47	
193,02	
193,02	
200,54	
197,63
GAZP	
ГАЗПРОМ ао
81 555	
12 911 323 417	
193,38	
192,9	
189,8	
195,13	
191,22
ROSN	
Роснефть
65 401	
9 870 538 089	
345,75	
350	
337,55	
386,95	
339,5
LKOH	
ЛУКОЙЛ
57 062	
9 507 159 369	
5 159,5	
5 260	
5 052,5	
5 260	
5 118
GMKN	
ГМКНорНик
37 964	
7 509 248 446	
19 858	
19 830	
19 616	
20 132	
19 780
TATN	
Татнфт 3ао
50 484	
4 512 586 766	
596,8	
621	
575,2	
624,8	
583,6
VTBR	
ВТБ ао
85 550	
4 501 504 719	
0,03473	
0,03415	
0,034025	
0,0352	
0,03437
AFLT	
Аэрофлот
72 776	
4 022 803 150	
76,14	
74,44	
74,16	
77,9	
75,82
SNGS	
Сургнфгз
31 450	
3 710 704 922	
37,615	
37,6	
36,64	
38,435	
37,2
SBERP	
Сбербанк-п
46 475	
3 447 671 612	
184,81	
182	
181,36	
187,4	
183,74
NVTK	
Новатэк ао
27 252	
2 804 699 371	
1 035	
1 026,2	
1 021,2	
1 046,8	
1 038
YNDX	
Yandex clA
33 567	
2 417 532 263	
2 649	
2 609	
2 602,2	
2 695	
2 668
ALRS	
АЛРОСА ао
41 386	
2 251 492 478	
65,28	
64,77	
63,99	
66,5	
65,8
IRAO	
ИнтерРАОао
31 951	
2 217 545 993	
5,337	
5,383	
5,17	
5,51	
5,271
MGNT	
Магнит ао
27 150	
2 103 526 418	
3 312,5	
3 280,5	
3 254	
3 354	
3 255
MOEX	
МосБиржа
34 459	
1 974 585 667	
102,12	
102,6	
100,35	
103,5	
101,37
MTSS	
МТС-ао
18 060	
1 755 999 693	
310,05	
310,5	
306,2	
314,55	
308,7
SNGSP	
Сургнфгз-п
18 576	
1 600 519 151	
38,485	
38,97	
37,35	
39,135	
37,47
RSTI	
Россети ао
37 548	
1 574 520 265	
1,265	
1,3001	
1,155	
1,3482	
1,2405
FEES	
ФСК ЕЭС ао
31 218	
1 558 969 736	
0,17786	
0,182	
0,172	
0,1848	
0,17414
PLZL	
Полюс
15 903	
1 508 783 404	
10 945	
10 999,5	
10 710	
11 111	
10 970
TCSG	
TCS-гдр
27 058	
1 506 752 721	
993,8	
969	
938,6	
1 038	
956,2
AFKS	
Система ао
34 363	
1 485 520 252	
14,364	
14,131	
13,685	
14,779	
13,96
CHMF	
СевСт-ао
23 142	
1 474 526 880	
895,2	
900	
882,4	
904	
888
TATNP	
Татнфт 3ап
27 389	
1 303 736 712	
562,4	
573,1	
542,3	
580	
548,6
POLY	
Polymetal
19 716	
1 271 599 691	
1 316,1	
1 334	
1 287	
1 348	
1 307
FIVE	
FIVE-гдр
19 478	
1 183 543 877	
2 307	
2 362	
2 220	
2 432	
2 255,5
HYDR	
РусГидро
28 257	
1 176 035 621	
0,6455	
0,6548	
0,6303	
0,6618	
0,631
NLMK	
НЛМК ао
13 704	
1 066 479 908	
132,04	
132,14	
131,12	
132,78	
132,24
SIBN	
Газпрнефть
17 136	
1 024 181 905	
341,3	
343,9	
332,05	
346,8	
336,8
RUAL	
RUSAL plc
31 288	
735 373 278	
26,285	
26,2	
25,805	
26,62	
26,05
MTLR	
Мечел ао
45 851	
699 547 347	
66,22	
64	
63,72	
68,3	
65,28
MAGN	
ММК
10 039	
636 991 951	
39,65	
40	
38,85	
40,57	
39,035
RTKM	
Ростел -ао
16 212	
485 294 695	
78,63	
78,06	
77,59	
79,5	
78,67
BANEP	
Башнефт ап
8 609	
364 883 101	
1 403,5	
1 413	
1 382	
1 426,5	
1 382
TRMK	
ТМК ао
11 804	
363 341 188	
46,88	
45,76	
45,36	
47,76	
46,66
TRNFP	
Транснф ап
1 320	
348 216 300	
160 400	
160 350	
157 800	
163 850	
158 450
CBOM	
МКБ ао
14 583	
339 028 784	
5,688	
5,578	
5,55	
5,81	
5,633
UPRO	
Юнипро ао
8 198	
312 641 675	
2,655	
2,708	
2,572	
2,724	
2,613
DSKY	
ДетскийМир
12 613	
290 174 203	
99,26	
98,84	
97,18	
100,5	
98,12
MTLRP	
Мечел ап
7 400	
253 338 113	
65,8	
63,8	
63,2	
67,85	
64,9
OGKB	
ОГК-2 ао
11 660	
239 304 119	
0,6152	
0,6237	
0,5913	
0,6375	
0,5962
TGKA	
ТГК-1
12 702	
210 810 863	
0,011312	
0,011216	
0,01102	
0,011494	
0,01116
PHOR	
ФосАгро ао
4 640	
209 714 059	
2 473	
2 455	
2 447	
2 488	
2 480
LSRG	
ЛСР ао
13 172	
171 498 723	
622,2	
625,2	
605	
640	
608
QIWI	
iQIWI
6 616	
162 294 052	
873	
856	
852	
889	
874
LNTA	
Лента др
11 261	
150 277 988	
152,5	
150,1	
148,9	
155,8	
150,2
MVID	
М.видео
3 402	
134 930 340	
378,1	
367,9	
367,1	
385,6	
377,8
MSNG	
+МосЭнерго
4 621	
125 456 467	
2,0225	
1,9905	
1,9395	
2,0695	
2,0335
RTKMP	
Ростел -ап
6 830	
95 715 367	
65,85	
65,2	
64,65	
66,65	
65,95
RASP	
Распадская
3 354	
93 368 053	
101,18	
101,74	
98,52	
102,92	
98,98
NKNCP	
НКНХ ап
5 239	
90 767 396	
83,62	
83,9	
82,2	
84,6	
82,5
ENRU	
ЭнелРос ао
3 822	
78 159 871	
0,9225	
0,9195	
0,9	
0,9395	
0,912
ETLN	
ETLN-гдр
3 770	
73 894 720	
95,24	
99,84	
92,44	
101,84	
93,88
MRKP	
МРСК ЦП
2 789	
52 035 403	
0,1746	
0,175	
0,168	
0,1819	
0,17
BANE	
Башнефт ао
2 863	
50 905 654	
1 712	
1 670	
1 670	
1 750,5	
1 692
AGRO	
AGRO-гдр
3 173	
40 791 860	
604,4	
610	
600	
612	
605
PIKK	
ПИК ао
1 976	
35 774 600	
399,3	
403	
393,3	
405,3	
397,7
BSPB	
БСП ао
3 868	
35 276 045	
46,17	
45,29	
44,26	
52,46	
46,95
PAZA	
ПавлАвт ао
1 729	
33 682 420	
9 850	
8 340	
8 010	
10 650	
10 000
ENPG	
ЭН+ГРУП ао
417	
30 699 752	
555,3	
551,9	
551	
558,9	
555,7
RSTIP	
Россети ап
1 820	
29 161 509	
1,49	
1,488	
1,42	
1,539	
1,465
NKNC	
НКНХ ао
2 103	
28 078 247	
100,45	
101,9	
99	
102,9	
99,85
ENPL	
ENPL-гдр
1 144	
27 433 589	
536,6	
536	
524,6	
550	
535,4
NMTP	
НМТП ао
2 808	
27 047 579	
8,95	
9,08	
8,8	
9,15	
8,87
OBUV	
ОР ао
2 380	
26 908 913	
31,75	
32,6	
30,7	
32,6	
30,95
APTK	
Аптеки36и6
6 338	
25 549 728	
13,512	
13,6	
13,3	
13,74	
13,408
TGKB	
ТГК-2
1 281	
25 316 655	
0,003955	
0,004005	
0,0038	
0,00405	
0,003845
GCHE	
ЧеркизГ-ао
1 946	
22 643 471	
1 887	
1 919	
1 840,5	
1 920	
1 849,5
AKRN	
Акрон
724	
22 606 298	
5 996	
6 016	
5 984	
6 016	
5 996
VSMO	
ВСМПО-АВСМ
390	
22 540 760	
20 120	
20 100	
19 840	
20 600	
19 880
MRKV	
МРСКВол
1 627	
14 398 388	
0,07085	
0,07035	
0,06875	
0,073	
0,06955
AQUA	
РусАква ао
514	
12 635 840	
205	
205,5	
204	
208,5	
204
TGKN	
ТГК-14
734	
12 169 320	
0,0034	
0,00322	
0,00309	
0,00352	
0,00332
MSRS	
МОЭСК
776	
12 089 620	
1,024	
1,0285	
0,99	
1,0535	
1,0005
MRKC	
МРСК Центр
1 260	
11 243 344	
0,2548	
0,2522	
0,2482	
0,259	
0,2492
FESH	
ДВМП ао
907	
10 571 264	
6,74	
6,84	
6,54	
6,92	
6,59
CNTLP	
Телеграф-п
606	
9 117 536	
16,12	
16,42	
15,9	
16,52	
16,16
TTLK	
Таттел. ао
738	
8 882 475	
0,2995	
0,2995	
0,2905	
0,305	
0,295
KZOS	
ОргСинт ао
999	
8 505 749	
90,8	
88	
87,9	
92,2	
89,9
RUGR	
Русгрэйн
3 302	
8 459 416	
8,25	
8,418	
7,81	
8,538	
8,214
KMAZ	
КАМАЗ
940	
7 957 814	
55,1	
54,4	
54,4	
56	
54,6
KRKNP	
СаратНПЗ-п
222	
7 939 140	
15 440	
15 500	
15 320	
15 520	
15 400
LNZL	
Лензолото
361	
7 595 100	
8 370	
8 400	
8 150	
8 500	
8 260
MGTSP	
МГТС-4ап
387	
7 546 556	
2 268	
2 226	
2 226	
2 294	
2 264
KBTK	
КузбТК ао
774	
7 387 648	
171,6	
149,8	
149,8	
195,6	
161,4
DASB	
ДагСб ао
1 219	
7 291 522	
0,102	
0,1048	
0,0985	
0,1087	
0,1001
LIFE	
iФармсинтз
765	
7 002 716	
6,31	
6,395	
6,2	
6,41	
6,25
GTRK	
ГТМ ао
995	
6 640 091	
34,95	
34,55	
33,8	
35,85	
34,25
MSTT	
Мостотрест
654	
6 463 238	
159,65	
162	
156,8	
162	
159,15
SFIN	
САФМАР ао
491	
6 334 536	
456,8	
459	
451,4	
459	
452
NSVZ	
НаукаСвяз
1 014	
6 333 675	
236	
194	
194	
256	
237
AMEZ	
АшинскийМЗ
980	
6 225 591	
3,77	
3,75	
3,62	
3,86	
3,62
RNFT	
РуссНфт ао
1 290	
5 699 754	
458,8	
460	
453,2	
462,4	
460
RGSS	
РГС СК ао
1 010	
5 211 565	
0,147	
0,1494	
0,1422	
0,1528	
0,1466
BELU	
Белуга ао
219	
5 174 274	
1 239	
1 250	
1 212	
1 250	
1 234
IRGZ	
ИркЭнерго
472	
4 760 168	
11,9	
11,96	
11,64	
12,14	
11,74
SELG	
Селигдар
570	
4 709 610	
17,09	
17,2	
16,9	
17,4	
17,03
ALNU	
АЛРОСА-Нюр
61	
4 690 400	
47 800	
51 400	
47 400	
51 400	
48 000
SVAV	
СОЛЛЕРС
347	
4 568 280	
254,5	
252,5	
251,5	
258	
255,5
KZOSP	
ОргСинт ап
1 584	
4 408 964	
13,35	
13,44	
12,89	
13,8	
13,18
KUZB	
КузнецкийБ
2 073	
4 358 212	
0,01728	
0,0165	
0,00999	
0,01961	
0,01697
TGKBP	
ТГК-2 ап
290	
3 940 330	
0,00691	
0,00684	
0,00664	
0,00718	
0,00669
PRTK	
ПРОТЕК ао
195	
3 715 392	
98,2	
97,6	
97,6	
99,1	
98,1
NKSH	
Нижкамшина
289	
3 618 024	
22,96	
21,58	
21,28	
24,3	
23
RBCM	
РБК ао
712	
3 355 215	
3,054	
3,04	
3	
3,138	
3,07
USBN	
УралСиб ао
377	
3 200 168	
0,0675	
0,0683	
0,066	
0,0697	
0,067
UNAC	
iАвиастКао
384	
2 936 875	
0,505	
0,4875	
0,4825	
0,5095	
0,4965
UWGN	
ОВК ао
673	
2 870 061	
257,3	
245	
245	
267	
252,2
RAVN	
Raven
63	
2 834 360	
30,8	
30,6	
29,8	
31,6	
31,6
LNZLP	
Лензол. ап
186	
2 158 535	
3 580	
3 600	
3 540	
3 670	
3 560
CHEP	
ЧТПЗ ао
226	
2 157 360	
206,5	
202	
202	
210	
204,5
MRKZ	
МРСК СЗ
286	
2 121 400	
0,04765	
0,0473	
0,047	
0,0486	
0,0474
KLSB	
КалужскСК
291	
2 070 650	
10,9	
11,16	
10,57	
11,5	
10,67
RLMN	
Роллман
800	
1 936 873	
17,15	
15,55	
15,55	
18,3	
16,9
IRKT	
ИРКУТ-3
141	
1 897 232	
31,62	
31,6	
30,9	
32,04	
31,24
PMSBP	
ПермьЭнС-п
277	
1 794 384	
127,4	
124,8	
124,8	
129,6	
126,6
JNOSP	
Слав-ЯНОСп
74	
1 754 814	
13,48	
13,22	
13,14	
13,9	
13,66
ELTZ	
Электрцинк
467	
1 697 432	
177,5	
172	
167	
189	
174
TRCN	
ТрансК ао
80	
1 686 055	
8 225	
8 225	
8 165	
8 250	
8 185
UTAR	
ЮТэйр ао
139	
1 685 561	
6,43	
6,74	
6,27	
6,74	
6,46
YAKG	
ЯТЭК ао
143	
1 683 522	
52,46	
54	
51,5	
55,98	
52,22
VLHZ	
ВХЗ-ао
122	
1 671 903	
52,45	
52,8	
51,55	
53,45	
52,6
ROST	
РОСИНТЕРао
252	
1 561 604	
58,8	
57	
57	
60,8	
58,6
TGKD	
Квадра
234	
1 556 529	
0,003015	
0,00304	
0,002865	
0,00306	
0,00293
CHKZ	
ЧКПЗ ао
124	
1 546 580	
5 820	
5 400	
5 140	
6 680	
5 760
MRKY	
РоссЮг ао
305	
1 422 103	
0,05085	
0,0519	
0,04935	
0,0519	
0,0494
MOBB	
МосОблБанк
260	
1 383 662	
2,502	
2,54	
2,46	
2,584	
2,516
MRKU	
МРСК Ур
204	
1 352 980	
0,1456	
0,1456	
0,1396	
0,1488	
0,1432
BRZL	
БурЗолото
148	
1 333 495	
808	
816	
805	
818	
807
MFGSP	
Мегион-ап
132	
1 295 605	
311,5	
287	
286	
330	
297
DVEC	
ДЭК ао
246	
1 292 177	
0,834	
0,838	
0,8	
0,853	
0,8
HIMCP	
Химпром ап
330	
1 277 334	
5,7	
5,64	
5,53	
5,8	
5,68
MRKS	
МРСКСиб
90	
1 276 265	
0,2155	
0,2175	
0,214	
0,2175	
0,2155
NAUK	
iНПОНаука
269	
1 246 994	
180,2	
164,8	
164,8	
188	
178
RUSP	
Русполимет
105	
1 166 030	
0,5525	
0,554	
0,532	
0,57	
0,5495
WTCM	
ЦМТ ао
145	
1 136 952	
8,84	
8,92	
8,48	
9,26	
9,1
NFAZ	
Нефтекамск
105	
1 067 796	
143,2	
143,2	
137	
147,4	
142
VSYD	
ВыбСудЗ ао
152	
1 043 020	
2 965	
2 640	
2 635	
3 150	
2 805
LVHK	
Левенгук
298	
1 006 008	
8,19	
8,71	
7,9	
8,71	
8,01
PMSB	
ПермьЭнСб
288	
981 188	
131,5	
127,1	
127,1	
135,7	
130,9
KOGK	
КоршГОК ао
13	
939 200	
44 800	
45 000	
43 600	
45 200	
44 400
CNTL	
Телеграф
132	
921 430	
19,85	
19,8	
19,5	
20,3	
19,6
YKEN	
Якутскэнрг
46	
916 635	
0,3085	
0,305	
0,305	
0,315	
0,306
SELGP	
Селигдар-п
126	
863 360	
26,4	
26,75	
26,1	
27	
26,3
MGTS	
МГТС-5ао
101	
845 735	
2 510	
2 490	
2 455	
2 580	
2 520
ROLO	
Русолово
95	
773 346	
3,81	
3,85	
3,764	
3,868	
3,8
RKKE	
ЭнергияРКК
55	
735 640	
4 970	
5 000	
4 880	
5 030	
4 950
NKHP	
НКХП ао
85	
685 520	
236,5	
234,5	
233,5	
239	
237
BISVP	
БашИнСв ап
134	
644 626	
6,86	
6,82	
6,8	
7,13	
6,88
KRKN	
СаратНПЗ
40	
639 450	
12 050	
12 150	
11 600	
12 350	
12 000
TORSP	
ТРК ап
86	
626 220	
0,2545	
0,265	
0,25	
0,265	
0,254
WTCMP	
ЦМТ ап
176	
618 334	
8,78	
8,58	
8,36	
9,82	
8,66
MRSB	
МордЭнСб
39	
605 400	
0,348	
0,348	
0,339	
0,354	
0,345
VJGZ	
Варьеган
104	
594 385	
615	
617	
600	
628	
613
AVAN	
Авангрд-ао
85	
589 450	
700	
700	
690	
710	
690
VZRZP	
Возрожд-п
92	
589 444	
299,2	
293,8	
290,2	
315	
295,8
GAZAP	
ГАЗ ап
78	
578 000	
328,5	
317	
312	
349	
335
ISKJ	
iИСКЧ ао
103	
538 516	
12,58	
12,7	
12,3	
12,79	
12,54
TUZA	
ТЗА ао
139	
510 130	
79	
77	
76	
82	
80
MAGE	
МагадЭн ао
39	
507 910	
4,49	
4,54	
4,34	
4,76	
4,37
MRKK	
Россети СК
204	
478 741	
27,46	
27,5	
26,24	
28,28	
27,48
ABRD	
АбрауДюрсо
123	
476 340	
134,5	
134	
133,5	
136	
133,5
VJGZP	
Варьеган-п
26	
461 490	
318	
318	
310	
324	
312
KAZT	
Куйбазот
69	
455 734	
150,4	
155	
149,8	
155	
151,2
BLNG	
Белон ао
100	
453 923	
4,006	
4,018	
3,98	
4,1	
3,992
RDRB	
РДБанк ао
78	
441 550	
265	
265	
260	
270	
265
TASB	
ТамбЭнСб
59	
434 075	
0,273	
0,274	
0,2635	
0,2795	
0,269
MGNZ	
СМЗ-ао
46	
428 970	
4 170	
3 900	
3 900	
4 280	
4 130
YKENP	
Якутскэн-п
52	
419 630	
0,2915	
0,287	
0,2805	
0,307	
0,289
LPSB	
ЛЭСК ао
78	
415 765	
7,65	
7,7	
7,5	
7,85	
7,7
ZILL	
ЗИЛ ао
53	
413 558	
1 306	
1 312	
1 246	
1 368	
1 300
INGR	
ИНГРАД ао
28	
405 872	
779	
780	
751	
785	
771
CHMK	
ЧМК ао
64	
398 195	
2 370	
2 395	
2 330	
2 415	
2 345
TGKDP	
Квадра-п
108	
389 441	
0,0037	
0,00385	
0,003455	
0,0039	
0,00361
GAZA	
ГАЗ ао
52	
388 885	
381,5	
388	
376	
388,5	
376
MFGS	
Мегион-ао
34	
370 915	
322,5	
316,5	
316,5	
327,5	
316,5
VRSB	
ТНСэнВорон
36	
361 860	
48,2	
47,6	
47,6	
49	
48
KRSB	
Красэсб ао
43	
354 930	
5,55	
5,56	
5,47	
5,76	
5,55
DZRDP	
iДонскЗР п
128	
343 320	
1 550	
1 550	
1 510	
1 610	
1 530
KRKOP	
ТКЗКК ап
100	
317 258	
4	
4,045	
3,715	
4,32	
3,935
KROT	
КрасОкт-ао
50	
307 235	
313,5	
302,5	
302	
320	
308,5
KAZTP	
Куйбазот-п
73	
301 570	
152,4	
151,8	
148,8	
159	
153
ZVEZ	
ЗВЕЗДА ао
44	
294 235	
4,145	
4,15	
4,1	
4,16	
4,145
MAGEP	
МагадЭн ап
23	
293 780	
3,97	
3,895	
3,825	
4,15	
3,945
OMZZP	
ОМЗ-ап
58	
282 860	
3 145	
3 015	
3 015	
3 230	
3 230
UCSS	
ОКС ао
52	
279 840	
1 500	
1 480	
1 470	
1 530	
1 500
JNOS	
Славн-ЯНОС
59	
263 850	
16,8	
16,75	
16,6	
17,25	
16,65
ROSB	
Росбанк ао
52	
232 742	
64	
64,4	
61,4	
64,8	
64,6
DIOD	
ЗаводДИОД
105	
230 493	
4,91	
4,9	
4,9	
4,93	
4,92
RUSI	
ИКРУСС-ИНВ
39	
221 160	
37,5	
36,1	
36,1	
37,9	
37,8
URKZ	
УрКузница
9	
211 560	
10 080	
10 240	
9 900	
10 240	
10 080
KRSBP	
Красэсб ап
19	
208 800	
5,5	
5,3	
5,28	
5,8	
5,5
PRMB	
Приморье
11	
208 800	
17 400	
18 200	
17 000	
18 400	
17 000
VGSBP	
ВолгЭнСб-п
58	
205 600	
1	
0,92	
0,92	
1,085	
0,955
HALS	
Галс-Девел
77	
204 245	
768	
753	
752	
780	
764
RTGZ	
ГазпРнД ао
8	
200 950	
22 350	
21 950	
21 800	
22 800	
21 800
IGST	
Ижсталь2ао
66	
198 792	
723	
725	
710	
775	
730
MISBP	
ТНСэМаЭл-п
54	
191 540	
10,4	
10	
9,4	
11,6	
10,6
RZSB	
РязЭнСб
21	
185 670	
5,3	
5,62	
5,08	
5,63	
5,5
SZPR	
СЗПароход
28	
182 934	
720	
710	
706	
726	
714
RLMNP	
Роллман-п
153	
179 444	
18,16	
17,38	
17,36	
19,7	
17,8
ASSB	
АстрЭнСб
77	
168 688	
0,59	
0,58	
0,58	
0,599	
0,5845
UKUZ	
ЮжКузб. ао
42	
167 630	
506	
510	
494	
510	
496
STSB	
СтаврЭнСб
70	
164 411	
0,344	
0,343	
0,33	
0,355	
0,3515
KGKC	
КурганГКао
13	
143 560	
54	
52	
52	
54	
54
STSBP	
СтаврЭнСбп
68	
135 964	
0,2976	
0,3048	
0,2912	
0,3056	
0,3002
VSYDP	
ВыбСудЗ ап
29	
128 780	
2 740	
2 760	
2 660	
2 840	
2 720
UNKL	
ЮУНК ао
29	
128 110	
2 910	
2 890	
2 840	
2 940	
2 940
VRSBP	
ТНСэнВор-п
13	
122 000	
30,5	
30	
30	
31	
30,5
KMEZ	
КМЗ
154	
118 833	
438,5	
434	
428	
447,5	
429,5
KUBE	
Кубанэнр
59	
117 004	
63,6	
64,5	
62,3	
65,9	
62,3
SLEN	
Сахэнер ао
37	
105 146	
4,29	
4,33	
4,2	
4,345	
4,2
ALBK	
БестЭфБ ао
33	
101 750	
52	
50,5	
50,5	
53	
51
CHGZ	
РН-ЗапСиб
23	
100 260	
33,4	
36,8	
30,4	
36,8	
30,8
MISB	
ТНСэнМарЭл
22	
93 470	
11,4	
11,2	
10,7	
11,6	
11,4
SAREP	
СаратЭн-ап
21	
93 136	
0,0888	
0,0836	
0,0836	
0,0898	
0,0868
KROTP	
КрасОкт-1п
19	
91 375	
217,5	
221	
214	
221	
216
NNSBP	
ТНСэнНН ап
35	
88 155	
548	
525	
524	
587	
535
VGSB	
ВолгЭнСб
31	
87 915	
1,465	
1,345	
1,345	
1,515	
1,435
TORS	
ТРК ао
13	
86 990	
0,378	
0,366	
0,366	
0,384	
0,374
IGSTP	
Ижсталь ап
42	
85 004	
669	
659	
654	
683	
657
TASBP	
ТамбЭнСб-п
7	
72 605	
0,196	
0,1985	
0,195	
0,201	
0,201
SAGO	
СамарЭн-ао
5	
68 540	
0,404	
0,414	
0,4	
0,414	
0,4
KTSBP	
КСБ ап
16	
65 505	
0,234	
0,228	
0,228	
0,238	
0,234
RTSB	
ТНСэнРст
9	
58 400	
0,325	
0,315	
0,315	
0,33	
0,325
YRSBP	
ТНСэнЯр-п
26	
56 595	
82	
79,5	
79	
84	
81
KCHE	
КамчатЭ ао
24	
52 975	
0,1825	
0,183	
0,176	
0,186	
0,178
SAGOP	
СамарЭн-ап
9	
51 740	
0,37	
0,37	
0,364	
0,375	
0,371
NNSB	
ТНСэнНН ао
17	
34 285	
1 225	
1 200	
1 200	
1 280	
1 250
YRSB	
ТНСэнЯр
10	
34 000	
170	
168	
164	
174	
172
SARE	
СаратЭн-ао
12	
31 786	
0,1136	
0,1132	
0,1128	
0,1154	
0,114
GEMA	
iММЦБ ао
8	
24 053	
729	
732	
722,5	
732	
722,5
KBSB	
ТНСэКубань
9	
19 680	
131	
127,5	
126,5	
134,5	
130
ARSA	
Арсагера
5	
19 010	
3,17	
3,24	
3,15	
3,24	
3,16
DZRD	
iДонскЗР
8	
17 610	
2 202	
2 190	
2 162	
2 230	
2 162
KCHEP	
КамчатЭ ап
5	
17 410	
0,348	
0,351	
0,336	
0,356	
0,349
KTSB	
КСБ ао
25	
16 850	
0,482	
0,468	
0,468	
0,49	
0,488
KGKCP	
КурганГКап
12	
15 755	
56,5	
56,5	
55	
56,5	
55
TNSE	
ТНСэнрг ао
4	
14 930	
995	
995	
995	
1 000	
995
RTSBP	
ТНСэнРст-п
4	
9 890	
0,247	
0,239	
0,238	
0,257	
0,247
FTRE	
БУДУЩЕЕ ао
0	
0	
-	
-	
-	
-	
80
KRKO	
ТКЗКК ао
0	
0	
-	
-	
-	
-	
11,8
KUNF	
КУЗОЦМ ао
0	
0	
-	
-	
-	
-	
-
NPOF	
Физика ао
0	
0	
-	
-	
-	
-	
11 850
GAZC	
ГАЗКОН-ао
0	
0	
-	
-	
-	
-	
295
GTSS	
ГЕОТЕК ао
0	
0	
-	
-	
-	
-	
-
TRFM	
ТрансФ ао
0	
0	
-	
-	
-	
-	
-
KMTZ	
КосогМЗ ао
0	
0	
-	
-	
-	
-	
-
KZMS	
КЗМС ао
0	
0	
-	
-	
-	
-	
226
BISV	
БашИнСв ао
0	
0	
-	
-	
-	
-	
8,7
GAZS	
ГАЗ-сервис
0	
0	
-	
-	
-	
-	
293
HIMC	
Химпром ао
0	
0	
-	
-	
-	
-	
0,99
LSNG	
Ленэнерго
0	
0	
-	
-	
-	
-	
5,66
URKA	
Уркалий-ао
0	
0	
-	
-	
-	
-	
119,04
VZRZ	
Возрожд-ао
0	
0	
-	
-	
-	
-	
480
GAZT	
ГАЗ-Тек ао
0	
0	
-	
-	
-	
-	
85
KSGR	
Кокс ао
0	
0	
-	
-	
-	
-	
-
LSNGP	
Ленэнерг-п
0	
0	
-	
-	
-	
-	
119,95
MFON	
МегаФон ао
0	
0	
-	
-	
-	
-	
650,6
VZRZ	
Возрожд-ао
0	
0	
-	
-	
-	
-	
480
RU000A0JVT35	
ИСУ ЕФГ-3
0	
0	
-	
-	
-	
-	
400