GAZP	
ГАЗПРОМ ао
102 946	
12 623 559 446	
187,64	
187,5	
185,5	
190,3	
185,85
SBER	
Сбербанк
63 887	
11 343 545 876	
196,5	
196	
195,06	
198,15	
195,51
LKOH	
ЛУКОЙЛ
47 020	
8 367 149 527	
4 883	
4 865	
4 825	
4 950	
4 839
GMKN	
ГМКНорНик
20 215	
5 083 068 176	
20 182	
19 986	
19 962	
20 324	
20 224
ROSN	
Роснефть
35 886	
4 271 357 250	
341,95	
337,15	
336,75	
344,55	
343
NVTK	
Новатэк ао
29 294	
2 672 587 230	
1 040,2	
1 046	
1 023,6	
1 056,6	
1 028
SNGS	
Сургнфгз
23 228	
2 351 945 827	
36,41	
35,995	
35,6	
36,925	
36,54
TATN	
Татнфт 3ао
26 249	
2 162 313 829	
545,3	
544	
539,2	
549	
544
MGNT	
Магнит ао
25 525	
1 788 996 312	
3 697,5	
3 701	
3 673	
3 731	
3 694
MOEX	
МосБиржа
33 474	
1 772 590 323	
124,37	
123,34	
122,92	
125,25	
124,78
PLZL	
Полюс
14 793	
1 690 069 382	
11 880	
11 915	
11 333	
12 032	
11 839
SBERP	
Сбербанк-п
26 272	
1 441 249 945	
181,25	
181,58	
179,58	
183,33	
180,02
POLY	
Polymetal
25 648	
1 297 646 135	
1 509,1	
1 512	
1 489	
1 528,9	
1 496,5
YNDX	
Yandex clA
18 670	
1 241 369 304	
2 886,2	
2 869	
2 858	
2 918,8	
2 910,2
AFLT	
Аэрофлот
24 802	
1 139 547 646	
74,66	
75,48	
73,6	
75,98	
74,1
CHMF	
СевСт-ао
18 206	
968 876 720	
874,4	
874,6	
869,2	
881,6	
869,2
UPRO	
Юнипро ао
23 494	
968 724 945	
2,721	
2,8	
2,681	
2,806	
2,69
VTBR	
ВТБ ао
27 004	
958 549 742	
0,035665	
0,03545	
0,035375	
0,03594	
0,03553
ALRS	
АЛРОСА ао
19 165	
851 888 606	
62,25	
61,8	
61,4	
62,99	
62,51
IRAO	
ИнтерРАОао
14 984	
828 717 682	
4,8915	
4,882	
4,85	
4,934	
4,8625
MTSS	
МТС-ао
11 344	
804 276 387	
320,7	
318,1	
318	
322,45	
320,3
SNGSP	
Сургнфгз-п
11 971	
789 317 809	
36,005	
35,995	
35,79	
36,25	
35,79
FIVE	
FIVE-гдр
11 836	
687 631 842	
2 208	
2 164	
2 146	
2 240	
2 238
MAGN	
ММК
11 662	
682 337 638	
39,035	
39,2	
38,45	
39,635	
38,5
SIBN	
Газпрнефть
9 727	
667 048 908	
331,2	
331,7	
328,5	
333,65	
329,85
NLMK	
НЛМК ао
10 737	
627 807 507	
125,56	
124,5	
124,12	
126,58	
124,9
CBOM	
МКБ ао
15 320	
379 143 898	
5,391	
5,376	
5,353	
5,42	
5,387
TCSG	
TCS-гдр
8 135	
345 598 722	
1 035,6	
1 017,6	
1 013,2	
1 048,8	
1 036,6
RSTI	
Россети ао
7 857	
328 250 263	
1,2967	
1,2978	
1,2851	
1,313	
1,288
TRNFP	
Транснф ап
1 413	
327 401 300	
136 350	
135 950	
135 000	
137 150	
136 000
TATNP	
Татнфт 3ап
6 855	
319 763 095	
511,4	
509,9	
506	
515,6	
510,7
HYDR	
РусГидро
10 329	
246 624 675	
0,6358	
0,636	
0,6304	
0,6395	
0,6332
AFKS	
Система ао
7 176	
232 173 579	
14,464	
14,498	
14,355	
14,635	
14,388
LSRG	
ЛСР ао
9 564	
221 326 545	
622,4	
618,6	
617,4	
626,8	
624,8
FEES	
ФСК ЕЭС ао
6 808	
191 606 532	
0,18324	
0,1822	
0,18188	
0,1843	
0,1824
DSKY	
ДетскийМир
9 359	
171 696 259	
86,34	
86,84	
86,16	
86,84	
86,2
OGKB	
ОГК-2 ао
8 696	
167 807 302	
0,6523	
0,65	
0,637	
0,667	
0,637
RUAL	
RUSAL plc
9 325	
150 451 766	
26,13	
26,1	
25,905	
26,35	
26
PHOR	
ФосАгро ао
4 055	
145 817 423	
2 744	
2 756	
2 723	
2 775	
2 725
MTLR	
Мечел ао
12 567	
134 532 369	
63,54	
63,77	
62,67	
64,17	
63,46
RTKM	
Ростел -ао
6 190	
116 583 779	
82,22	
81,66	
81,57	
82,85	
81,94
RBCM	
РБК ао
14 728	
84 583 117	
3,698	
3,15	
3,15	
4,098	
3,466
TGKA	
ТГК-1
3 854	
82 823 833	
0,011772	
0,01177	
0,01165	
0,011894	
0,011686
SFIN	
САФМАР ао
3 716	
60 936 204	
460,2	
438,4	
436	
484	
469,8
AKRN	
Акрон
2 045	
55 189 372	
5 794	
5 800	
5 724	
5 856	
5 786
RSTIP	
Россети ап
2 425	
51 495 036	
1,891	
1,914	
1,832	
1,926	
1,9
BANEP	
Башнефт ап
2 050	
48 030 587	
1 421	
1 415,5	
1 412	
1 428,5	
1 417,5
TRMK	
ТМК ао
920	
45 168 804	
57,08	
57,16	
56,92	
57,16	
57,1
PIKK	
ПИК ао
2 005	
39 805 631	
383,4	
389	
381	
389	
382,9
QIWI	
iQIWI
2 624	
39 403 292	
921,5	
926,5	
910	
933	
910
NKNCP	
НКНХ ап
2 355	
36 282 994	
77,86	
77,16	
76,82	
78,46	
77,96
MTLRP	
Мечел ап
1 862	
33 545 086	
71,8	
71,65	
71,1	
72,65	
71,65
LNTA	
Лента др
3 786	
32 994 940	
157,5	
155,9	
155,6	
158,4	
157,1
RASP	
Распадская
1 063	
31 647 045	
105,48	
105,42	
104,96	
105,96	
105
MSNG	
+МосЭнерго
1 271	
25 502 738	
1,968	
1,9705	
1,955	
1,99	
1,955
KRKNP	
СаратНПЗ-п
365	
20 283 040	
16 540	
16 560	
16 400	
16 600	
16 400
VSMO	
ВСМПО-АВСМ
566	
19 912 780	
18 100	
18 220	
18 000	
18 360	
18 100
MVID	
М.видео
931	
19 642 176	
362,7	
363,7	
359,1	
366,2	
361,9
LIFE	
iФармсинтз
1 587	
19 491 205	
8,215	
8,2	
7,95	
8,48	
8,24
BSPB	
БСП ао
3 260	
18 985 274	
40,71	
40,62	
40,54	
40,96	
40,6
TTLK	
Таттел. ао
1 076	
15 880 790	
0,3485	
0,3435	
0,3435	
0,3515	
0,3515
TGKB	
ТГК-2
997	
15 427 335	
0,00472	
0,00479	
0,004645	
0,00487	
0,004705
SELG	
Селигдар
889	
14 714 620	
23,3	
22,97	
22,71	
23,69	
23,43
KTSBP	
КСБ ап
1 702	
14 269 180	
0,302	
0,3725	
0,255	
0,3725	
0,279
ETLN	
ETLN-гдр
1 373	
11 842 186	
83,54	
84,32	
83,06	
84,32	
83,36
NMTP	
НМТП ао
1 333	
10 822 115	
8,655	
8,64	
8,62	
8,725	
8,69
ISKJ	
iИСКЧ ао
956	
10 816 305	
33,03	
33,85	
32,29	
33,87	
33,18
KTSB	
КСБ ао
2 166	
10 714 868	
0,686	
0,762	
0,582	
0,88	
0,618
AGRO	
AGRO-гдр
1 253	
10 506 317	
623,8	
622,2	
620,4	
631,6	
621,4
RTKMP	
Ростел -ап
1 206	
10 129 727	
71,75	
71,75	
71,4	
72,15	
71,6
MRKV	
МРСКВол
1 089	
9 716 683	
0,06515	
0,0655	
0,06485	
0,066	
0,065
ENRU	
ЭнелРос ао
1 031	
9 583 343	
0,9265	
0,9295	
0,924	
0,93	
0,924
RTSBP	
ТНСэнРст-п
1 166	
8 828 710	
0,328	
0,255	
0,254	
0,354	
0,334
APTK	
Аптеки36и6
5 004	
8 118 813	
13,744	
13,87	
13,534	
13,936	
13,774
MRKP	
МРСК ЦП
676	
8 031 683	
0,1729	
0,174	
0,1715	
0,1753	
0,1724
KRKOP	
ТКЗКК ап
2 128	
8 028 134	
6,16	
6,205	
5,72	
6,74	
5,945
RTSB	
ТНСэнРст
752	
8 013 350	
0,42	
0,325	
0,325	
0,445	
0,44
ENPG	
ЭН+ГРУП ао
146	
6 960 521	
639,5	
643	
630	
644,5	
636,5
BLNG	
Белон ао
1 489	
6 499 849	
4,336	
4,002	
3,952	
4,688	
4
INGR	
ИНГРАД ао
1 083	
5 951 348	
784	
765	
756	
820	
769
MGTSP	
МГТС-4ап
389	
5 841 914	
2 468	
2 454	
2 436	
2 492	
2 458
RNFT	
РуссНфт ао
2 311	
5 589 693	
424,2	
424,8	
422,4	
426	
426
NKNC	
НКНХ ао
719	
5 565 393	
92,3	
92,05	
91,4	
93,2	
92,8
YAKG	
ЯТЭК ао
370	
5 495 700	
43,45	
44,05	
42,8	
44,5	
44,15
OBUV	
ОР ао
1 379	
5 345 091	
30,45	
30,25	
30,15	
31	
30,4
UWGN	
ОВК ао
723	
5 139 760	
252,2	
258,7	
246,1	
269,9	
249,5
RLMN	
Роллман
1 301	
5 045 597	
22,4	
21,15	
20,35	
23,95	
22,3
UNAC	
iАвиастКао
374	
4 644 609	
0,4865	
0,494	
0,4805	
0,494	
0,4855
MAGEP	
МагадЭн ап
184	
4 531 835	
5,775	
4,92	
4,92	
6,275	
6,125
BANE	
Башнефт ао
426	
4 221 677	
1 752,5	
1 750	
1 743,5	
1 759	
1 753
MSRS	
МОЭСК
314	
3 714 992	
1,0275	
1,0255	
1,0135	
1,035	
1,0315
WTCMP	
ЦМТ ап
475	
3 658 328	
8,6	
8,98	
8,5	
9	
8,6
MAGE	
МагадЭн ао
237	
3 573 160	
4,94	
4,74	
4,74	
5,37	
4,93
PMSBP	
ПермьЭнС-п
346	
3 420 394	
128	
128,4	
124,8	
129,8	
129,6
RZSB	
РязЭнСб
172	
3 153 380	
7,94	
7,5	
7,24	
8,34	
7,94
MRKC	
МРСК Центр
435	
3 110 840	
0,2462	
0,2456	
0,244	
0,2474	
0,244
RGSS	
РГС СК ао
503	
2 933 011	
0,1522	
0,1498	
0,1498	
0,1546	
0,153
AQUA	
РусАква ао
177	
2 785 110	
196	
196	
194	
198	
194,5
BELU	
Белуга ао
291	
2 710 524	
1 457	
1 475	
1 438	
1 489	
1 464
GCHE	
ЧеркизГ-ао
397	
2 678 724	
1 727	
1 736,5	
1 718,5	
1 738	
1 720
FESH	
ДВМП ао
309	
2 644 937	
6,56	
6,5	
6,5	
6,62	
6,6
MGTS	
МГТС-5ао
305	
2 640 245	
2 855	
2 750	
2 590	
3 165	
2 830
KZOS	
ОргСинт ао
421	
2 545 195	
90,8	
91,1	
90,4	
91,6	
90,5
TGKBP	
ТГК-2 ап
187	
2 331 510	
0,00752	
0,00771	
0,00736	
0,00771	
0,00756
GEMA	
iММЦБ ао
337	
2 293 200	
671,5	
671	
667	
684	
674,5
SELGP	
Селигдар-п
115	
2 206 945	
28,2	
28,35	
27,9	
28,35	
28,15
ELTZ	
Электрцинк
530	
1 940 707	
178	
181	
172	
185,5	
180,5
SARE	
СаратЭн-ао
321	
1 694 324	
0,1216	
0,1144	
0,1132	
0,1292	
0,1168
LNZL	
Лензолото
105	
1 569 070	
8 440	
8 490	
8 400	
8 530	
8 420
RUGR	
Русгрэйн
858	
1 549 048	
7,692	
7,712	
7,614	
7,786	
7,65
SAREP	
СаратЭн-ап
312	
1 534 228	
0,0934	
0,0866	
0,0866	
0,103	
0,0922
PMSB	
ПермьЭнСб
156	
1 497 450	
129,2	
131	
127	
131,5	
129,8
MOBB	
МосОблБанк
257	
1 475 489	
2,394	
2,478	
2,326	
2,512	
2,4
WTCM	
ЦМТ ао
248	
1 446 956	
9	
9,48	
8,82	
9,5	
8,82
CNTLP	
Телеграф-п
174	
1 362 082	
18,2	
18,06	
18	
18,32	
18,3
KMAZ	
КАМАЗ
268	
1 094 003	
56	
55,9	
55,3	
56,7	
55,3
BRZL	
БурЗолото
192	
1 075 435	
847	
850	
829	
879	
836
IRGZ	
ИркЭнерго
180	
987 692	
12,58	
12,9	
12,3	
12,92	
12,6
RUSP	
Русполимет
77	
985 340	
0,6315	
0,645	
0,622	
0,645	
0,624
GTRK	
ГТМ ао
287	
916 303	
42,65	
42,85	
42,3	
43	
42,8
SVAV	
СОЛЛЕРС
107	
869 010	
257	
257,5	
256	
259,5	
257
TGKD	
Квадра
141	
867 951	
0,003165	
0,003135	
0,00312	
0,003205	
0,003205
DIOD	
ЗаводДИОД
120	
826 825	
5,99	
6	
5,96	
6,04	
6,03
USBN	
УралСиб ао
68	
821 259	
0,0706	
0,071	
0,07	
0,0717	
0,0707
OMZZP	
ОМЗ-ап
113	
781 300	
3 535	
3 430	
3 390	
3 740	
3 480
IRKT	
ИРКУТ-3
110	
764 258	
30,34	
29,82	
29,82	
30,6	
30,44
KMEZ	
КМЗ
369	
753 073	
470	
471	
460	
485	
472
ABRD	
АбрауДюрсо
91	
716 225	
131	
132	
130	
132	
131,5
TGKN	
ТГК-14
96	
708 740	
0,00333	
0,00337	
0,0033	
0,00342	
0,00331
KRSBP	
Красэсб ап
47	
692 160	
6,36	
6,4	
6,28	
6,5	
6,5
KRSB	
Красэсб ао
56	
681 980	
6,26	
6,32	
6,01	
6,35	
6,26
RLMNP	
Роллман-п
381	
674 648	
20,72	
20,4	
19,88	
21,36	
20,54
CHEP	
ЧТПЗ ао
85	
656 470	
197,5	
200	
196	
202	
199
PAZA	
ПавлАвт ао
45	
612 570	
8 170	
8 300	
8 000	
8 350	
8 220
TORS	
ТРК ао
37	
581 390	
0,363	
0,358	
0,358	
0,376	
0,362
PRTK	
ПРОТЕК ао
99	
580 210	
98,5	
98,6	
97,4	
99,4	
98,5
UNKL	
ЮУНК ао
55	
544 030	
3 470	
3 480	
3 380	
3 580	
3 420
MRKU	
МРСК Ур
89	
543 274	
0,151	
0,1484	
0,1484	
0,1518	
0,151
TRCN	
ТрансК ао
41	
533 745	
8 210	
8 215	
8 155	
8 240	
8 170
KAZT	
Куйбазот
50	
531 448	
138,4	
138,8	
136,6	
140	
138,8
MSTT	
Мостотрест
104	
531 363	
155,8	
156,4	
155,1	
156,4	
155,8
KUZB	
КузнецкийБ
476	
518 165	
0,01662	
0,01653	
0,0163	
0,01699	
0,01674
CHMK	
ЧМК ао
71	
516 815	
2 220	
2 200	
2 200	
2 240	
2 225
AMEZ	
АшинскийМЗ
271	
511 463	
3,995	
3,995	
3,955	
4,02	
3,975
ALNU	
АЛРОСА-Нюр
10	
479 600	
48 000	
48 200	
47 600	
48 200	
47 800
LNZLP	
Лензол. ап
55	
459 565	
3 705	
3 710	
3 680	
3 725	
3 690
KRKN	
СаратНПЗ
35	
458 300	
12 050	
12 000	
11 900	
12 300	
12 050
VSYD	
ВыбСудЗ ао
57	
440 200	
4 445	
4 570	
4 345	
4 570	
4 395
KROT	
КрасОкт-ао
54	
424 325	
331,5	
327,5	
322,5	
340,5	
334,5
KZOSP	
ОргСинт ап
425	
423 492	
12,65	
12,6	
12,54	
12,83	
12,65
KAZTP	
Куйбазот-п
110	
423 382	
141,6	
138,2	
138,2	
153,8	
140,6
DVEC	
ДЭК ао
101	
408 068	
0,823	
0,836	
0,81	
0,837	
0,822
TUZA	
ТЗА ао
67	
340 290	
94	
95	
92	
96	
95
MRKZ	
МРСК СЗ
158	
340 015	
0,0495	
0,04945	
0,04895	
0,0498	
0,04945
ASSB	
АстрЭнСб
136	
330 199	
0,617	
0,6075	
0,6075	
0,6305	
0,6225
KLSB	
КалужскСК
74	
324 997	
11,02	
11	
10,88	
11,12	
10,98
VLHZ	
ВХЗ-ао
48	
313 184	
49	
48,95	
48,85	
49,15	
49
VJGZP	
Варьеган-п
33	
312 850	
333	
327	
326	
339	
328
DZRD	
iДонскЗР
91	
312 710	
2 115	
2 155	
2 060	
2 210	
2 080
KBTK	
КузбТК ао
44	
296 568	
158,6	
163,8	
157	
164	
158
VSYDP	
ВыбСудЗ ап
33	
270 320	
4 660	
4 960	
4 520	
4 960	
4 660
LVHK	
Левенгук
79	
260 262	
8,21	
8,27	
8,11	
8,49	
8,25
HALS	
Галс-Девел
80	
257 841	
754	
750	
741	
765	
754
UTAR	
ЮТэйр ао
50	
225 387	
6,48	
6,47	
6,43	
6,52	
6,44
LPSB	
ЛЭСК ао
107	
202 980	
7,9	
7,95	
7,55	
8,25	
8
BISVP	
БашИнСв ап
30	
201 838	
6,94	
6,78	
6,78	
6,96	
6,95
YRSB	
ТНСэнЯр
36	
190 140	
158	
166	
154	
166	
158
HIMCP	
Химпром ап
68	
189 183	
5,97	
5,98	
5,86	
5,99	
5,99
JNOS	
Славн-ЯНОС
22	
187 065	
18,5	
18,3	
18,15	
19,55	
18,4
TASBP	
ТамбЭнСб-п
39	
179 370	
0,2135	
0,2145	
0,2105	
0,2195	
0,2175
YKEN	
Якутскэнрг
21	
178 785	
0,344	
0,3435	
0,3425	
0,3495	
0,3475
STSBP	
СтаврЭнСбп
50	
173 868	
0,287	
0,2865	
0,285	
0,2895	
0,288
YKENP	
Якутскэн-п
29	
169 895	
0,3265	
0,3385	
0,314	
0,345	
0,3145
DASB	
ДагСб ао
76	
166 183	
0,0966	
0,0971	
0,096	
0,0974	
0,0967
KROTP	
КрасОкт-1п
14	
155 970	
236,5	
226	
226	
239,5	
237
MISBP	
ТНСэМаЭл-п
21	
153 860	
9,6	
9,8	
9,4	
9,8	
9,6
MRKY	
РоссЮг ао
82	
146 498	
0,0507	
0,0509	
0,05035	
0,05105	
0,0506
VZRZP	
Возрожд-п
33	
137 424	
292,4	
296,6	
290	
296,6	
293,2
CNTL	
Телеграф
31	
135 690	
22,25	
22,3	
22,1	
22,55	
22,2
TASB	
ТамбЭнСб
28	
125 220	
0,2845	
0,2895	
0,2815	
0,2895	
0,2835
CHKZ	
ЧКПЗ ао
13	
123 300	
5 140	
5 220	
5 100	
5 240	
5 100
KUBE	
Кубанэнр
33	
114 190	
63,8	
63,9	
63,3	
64,5	
64,1
TNSE	
ТНСэнрг ао
32	
113 250	
985	
985	
965	
1 000	
965
SAGO	
СамарЭн-ао
21	
108 580	
0,402	
0,396	
0,392	
0,412	
0,402
ZVEZ	
ЗВЕЗДА ао
15	
105 785	
4,41	
4,38	
4,375	
4,44	
4,42
MRSB	
МордЭнСб
13	
95 280	
0,353	
0,348	
0,348	
0,364	
0,352
TORSP	
ТРК ап
16	
93 490	
0,2595	
0,2555	
0,2555	
0,264	
0,264
NSVZ	
НаукаСвяз
33	
91 655	
223,5	
222,5	
220,5	
230	
222,5
KOGK	
КоршГОК ао
2	
91 200	
45 600	
45 600	
45 600	
45 600	
45 600
NKHP	
НКХП ао
28	
86 790	
234,5	
233,5	
233,5	
236	
234
ROST	
РОСИНТЕРао
15	
84 414	
58,6	
58	
58	
58,8	
58,8
ROLO	
Русолово
12	
82 576	
3,754	
3,704	
3,7	
3,838	
3,822
VGSBP	
ВолгЭнСб-п
15	
77 510	
1,005	
1,01	
1	
1,03	
1,025
MRKK	
Россети СК
35	
76 580	
26,6	
26,56	
26,44	
26,64	
26,5
VGSB	
ВолгЭнСб
22	
75 315	
1,505	
1,525	
1,45	
1,53	
1,52
GAZAP	
ГАЗ ап
6	
72 440	
329,5	
329	
329	
331	
329,5
NAUK	
iНПОНаука
24	
69 920	
174,8	
178,8	
172,8	
178,8	
175,6
ALBK	
БестЭфБ ао
30	
68 690	
54	
52,5	
52,5	
55	
54,5
VRSBP	
ТНСэнВор-п
18	
67 600	
34	
34	
33,5	
34	
34
ZILL	
ЗИЛ ао
18	
64 115	
1 335	
1 345	
1 325	
1 350	
1 325
VRSB	
ТНСэнВорон
8	
63 720	
49	
48,6	
48,6	
49,6	
48,6
SAGOP	
СамарЭн-ап
16	
62 380	
0,389	
0,378	
0,378	
0,4	
0,388
KGKC	
КурганГКао
20	
60 910	
52	
53	
52	
53	
53
NFAZ	
Нефтекамск
18	
59 514	
148,8	
148,6	
148,2	
151,6	
150
TGKDP	
Квадра-п
41	
57 672	
0,004435	
0,0044	
0,00438	
0,00449	
0,004445
NKSH	
Нижкамшина
12	
56 770	
22,72	
22,7	
22,6	
22,88	
22,7
MISB	
ТНСэнМарЭл
7	
56 120	
11	
10,9	
10,9	
11,1	
11,1
MRKS	
МРСКСиб
17	
54 550	
0,218	
0,2185	
0,2165	
0,2195	
0,217
IGST	
Ижсталь2ао
26	
53 571	
864	
861	
861	
880	
862
RAVN	
Raven
12	
51 155	
31,95	
32,1	
31,75	
32,1	
31,8
MGNZ	
СМЗ-ао
6	
47 310	
4 300	
4 320	
4 250	
4 400	
4 250
VJGZ	
Варьеган
16	
44 072	
612	
611	
610	
617	
615
MFGSP	
Мегион-ап
5	
41 020	
315,5	
316	
313	
316	
316
RDRB	
РДБанк ао
3	
40 900	
255	
260	
255	
260	
255
UCSS	
ОКС ао
13	
40 380	
1 440	
1 440	
1 440	
1 450	
1 450
YRSBP	
ТНСэнЯр-п
12	
39 895	
83	
81	
81	
83,5	
82
GAZA	
ГАЗ ао
8	
38 710	
387	
384,5	
384	
390,5	
388
STSB	
СтаврЭнСб
19	
38 691	
0,3485	
0,3475	
0,3455	
0,35	
0,349
KGKCP	
КурганГКап
20	
38 070	
53,5	
52	
52	
54	
54
RUSI	
ИКРУСС-ИНВ
7	
35 960	
40	
39,9	
39,8	
40	
40
IGSTP	
Ижсталь ап
18	
34 250	
699	
694	
692	
703	
702
JNOSP	
Слав-ЯНОСп
13	
33 316	
13,88	
13,92	
13,82	
14	
13,92
KCHE	
КамчатЭ ао
14	
32 500	
0,1805	
0,1825	
0,1775	
0,183	
0,183
URKZ	
УрКузница
3	
30 460	
10 160	
10 240	
10 100	
10 240	
10 120
SLEN	
Сахэнер ао
14	
27 210	
4,06	
4,055	
4,055	
4,1	
4,06
KBSB	
ТНСэКубань
8	
24 210	
134,5	
133,5	
133,5	
135	
135
AVAN	
Авангрд-ао
11	
24 090	
805	
800	
795	
810	
805
KCHEP	
КамчатЭ ап
3	
23 940	
0,342	
0,342	
0,342	
0,342	
0,342
CHGZ	
РН-ЗапСиб
5	
23 480	
33,6	
34,8	
32,8	
34,8	
33,8
MFGS	
Мегион-ао
4	
20 855	
347,5	
349,5	
344	
349,5	
348
ARSA	
Арсагера
6	
19 860	
3,31	
3,27	
3,27	
3,33	
3,33
DZRDP	
iДонскЗР п
10	
19 790	
1 650	
1 670	
1 630	
1 670	
1 640
NNSBP	
ТНСэнНН ап
8	
16 904	
528	
529	
525	
538	
528
UKUZ	
ЮжКузб. ао
12	
13 866	
514	
512	
510	
518	
518
RKKE	
ЭнергияРКК
2	
9 900	
4 950	
4 950	
4 950	
4 950	
4 950
ROSB	
Росбанк ао
4	
5 722	
71,6	
71,6	
71,4	
71,6	
71,6
NNSB	
ТНСэнНН ао
3	
3 760	
1 255	
1 270	
1 240	
1 270	
1 250
KUNF	
КУЗОЦМ ао
0	
0	
-	
-	
-	
-	
-
NPOF	
Физика ао
0	
0	
-	
-	
-	
-	
11 850
GAZC	
ГАЗКОН-ао
0	
0	
-	
-	
-	
-	
295
GTSS	
ГЕОТЕК ао
0	
0	
-	
-	
-	
-	
-
SZPR	
СЗПароход
0	
0	
-	
-	
-	
-	
938
TRFM	
ТрансФ ао
0	
0	
-	
-	
-	
-	
-
KMTZ	
КосогМЗ ао
0	
0	
-	
-	
-	
-	
-
KZMS	
КЗМС ао
0	
0	
-	
-	
-	
-	
226
GAZS	
ГАЗ-сервис
0	
0	
-	
-	
-	
-	
293
HIMC	
Химпром ао
0	
0	
-	
-	
-	
-	
0,99
LSNG	
Ленэнерго
0	
0	
-	
-	
-	
-	
5,66
URKA	
Уркалий-ао
0	
0	
-	
-	
-	
-	
119,04
VZRZ	
Возрожд-ао
0	
0	
-	
-	
-	
-	
480
GAZT	
ГАЗ-Тек ао
0	
0	
-	
-	
-	
-	
85
KSGR	
Кокс ао
0	
0	
-	
-	
-	
-	
-
LSNGP	
Ленэнерг-п
0	
0	
-	
-	
-	
-	
119,95
MFON	
МегаФон ао
0	
0	
-	
-	
-	
-	
650,6
BISV	
БашИнСв ао
0	
0	
-	
-	
-	
-	
8,7
MORI	
Морион ао
0	
0	
-	
-	
-	
-	
4,31
PRMB	
Приморье
0	
0	
-	
-	
-	
-	
17 400
KRKO	
ТКЗКК ао
0	
0	
-	
-	
-	
-	
11,8
RTGZ	
ГазпРнД ао
0	
0	
-	
-	
-	
-	
21 600