GMKN	
ГМКНорНик
55 230	
9 740 857 336	
18 506	
17 952	
17 926	
18 710	
18 558
SBER	
Сбербанк
60 099	
9 483 841 870	
212,04	
213	
210,51	
214,23	
211,41
GAZP	
ГАЗПРОМ ао
69 031	
6 996 043 936	
198,8	
199,7	
197,75	
199,94	
198,35
LKOH	
ЛУКОЙЛ
25 991	
5 543 223 727	
5 469	
5 475	
5 429,5	
5 492,5	
5 480
MOEX	
МосБиржа
57 616	
2 824 807 383	
122,21	
120	
118,59	
123,5	
123
MTSS	
МТС-ао
25 982	
2 676 763 464	
337,05	
338,55	
314	
338,55	
338,3
MGNT	
Магнит ао
24 776	
2 569 351 959	
4 285,5	
4 325	
4 235,5	
4 334	
4 239,5
YNDX	
Yandex clA
30 081	
2 213 073 490	
3 614,6	
3 643	
3 572	
3 664,2	
3 599,6
PLZL	
Полюс
22 092	
2 204 898 439	
12 620,5	
12 470	
12 453	
12 722	
12 671
POLY	
Polymetal
22 989	
1 576 216 692	
1 419,6	
1 398,6	
1 392,2	
1 437,8	
1 435
SNGS	
Сургнфгз
16 123	
1 561 576 784	
39,53	
38,8	
38,565	
40,235	
39,895
IRAO	
ИнтерРАОао
17 695	
1 517 722 175	
5,0755	
5,03	
5,01	
5,118	
5,1
TATN	
Татнфт 3ао
17 376	
1 484 288 416	
566,5	
567,3	
560	
572,3	
568
SBERP	
Сбербанк-п
23 976	
1 436 424 309	
193,96	
194,5	
192,12	
196,75	
193,1
NVTK	
Новатэк ао
14 752	
1 307 493 792	
1 039,2	
1 035,2	
1 025,4	
1 051	
1 038
ROSN	
Роснефть
13 693	
1 256 759 365	
366,7	
366	
364,55	
368,8	
366,9
SNGSP	
Сургнфгз-п
20 055	
1 228 420 502	
35,915	
36,05	
34,04	
36,315	
35,825
MAIL	
MAIL-гдр
45 873	
1 219 767 488	
1 896,4	
1 899	
1 852	
1 927,4	
1 873
ALRS	
АЛРОСА ао
25 577	
1 164 291 334	
66,57	
65,4	
65,4	
66,98	
66,54
MAGN	
ММК
12 773	
781 482 394	
38,355	
38,695	
37,915	
38,935	
38,14
CHMF	
СевСт-ао
16 735	
779 816 610	
896,8	
902,4	
881,4	
903,6	
893,6
VTBR	
ВТБ ао
24 592	
755 561 756	
0,035815	
0,035995	
0,035655	
0,036	
0,035825
AFLT	
Аэрофлот
20 102	
729 995 833	
80,76	
81	
80,12	
81,42	
80,12
FIVE	
FIVE-гдр
12 074	
691 557 336	
2 625,5	
2 601,5	
2 587,5	
2 679	
2 608,5
HYDR	
РусГидро
19 681	
649 089 847	
0,7673	
0,7948	
0,7144	
0,7975	
0,7589
SIBN	
Газпрнефть
9 763	
631 306 328	
330,9	
336,5	
328,5	
336,5	
330,55
NLMK	
НЛМК ао
10 357	
624 767 491	
143,96	
144,94	
143,02	
144,94	
143,36
AFKS	
Система ао
14 908	
616 965 675	
17,447	
17,789	
17,249	
18,05	
17,32
FEES	
ФСК ЕЭС ао
11 298	
427 441 639	
0,19244	
0,19422	
0,18932	
0,1945	
0,19044
RUAL	
РУСАЛ ао
12 828	
301 706 216	
26,515	
26,06	
26,06	
26,895	
26,695
ENRU	
ЭнелРос ао
10 648	
289 066 701	
1,0335	
1,0205	
1,0205	
1,037	
1,037
RSTI	
Россети ао
6 127	
287 679 206	
1,5305	
1,522	
1,513	
1,5644	
1,5215
CBOM	
МКБ ао
10 911	
276 623 559	
5,692	
5,551	
5,551	
5,742	
5,658
TRNFP	
Транснф ап
1 011	
244 745 700	
137 500	
137 950	
136 750	
137 950	
137 850
MSNG	
+МосЭнерго
6 746	
236 646 861	
2,1455	
2,154	
2,135	
2,1775	
2,139
RTKM	
Ростел -ао
8 456	
214 350 793	
88,51	
89,12	
87,72	
89,55	
88
DSKY	
ДетскийМир
8 498	
212 846 020	
106,42	
107,48	
104,66	
107,8	
106,1
TCSG	
TCS-гдр
7 290	
180 679 008	
1 490,4	
1 480,4	
1 480,4	
1 516,8	
1 490
NKNCP	
НКНХ ап
5 876	
175 459 538	
91,38	
90,2	
80	
92,24	
91,46
TATNP	
Татнфт 3ап
5 092	
160 869 645	
549,7	
546,8	
542,6	
555	
553,8
POGR	
Petropavl
5 048	
159 771 341	
23,16	
22,81	
22,81	
23,515	
23
OGKB	
ОГК-2 ао
7 570	
152 230 377	
0,8019	
0,8063	
0,7785	
0,8088	
0,7977
BANEP	
Башнефт ап
6 172	
121 145 742	
1 375,5	
1 390	
1 370	
1 390	
1 370
PHOR	
ФосАгро ао
4 455	
101 495 788	
2 605	
2 604	
2 593	
2 629	
2 616
MTLR	
Мечел ао
8 182	
98 395 399	
66,02	
66,3	
53,94	
89,25	
65,52
LNTA	
Лента др
4 661	
93 130 287	
169,7	
169	
136	
182,8	
172,7
TGKA	
ТГК-1
5 360	
90 742 416	
0,012544	
0,012412	
0,012412	
0,012678	
0,012498
LSRG	
ЛСР ао
3 527	
89 000 950	
731,2	
737,6	
709,4	
737,6	
728
UPRO	
Юнипро ао
2 876	
80 595 034	
2,837	
2,854	
2,8	
2,854	
2,838
PIKK	
ПИК ао
3 787	
68 513 128	
426,4	
428,6	
423,8	
429,4	
424,2
NMTP	
НМТП ао
4 443	
68 012 045	
10,71	
10,745	
10,685	
10,77	
10,695
AKRN	
Акрон
937	
64 867 214	
5 658	
5 686	
5 536	
5 854	
5 702
KRKNP	
СаратНПЗ-п
1 352	
51 977 620	
16 380	
15 480	
15 480	
17 100	
16 120
QIWI	
iQIWI
2 749	
49 914 250	
1 321,5	
1 349	
1 300	
1 349	
1 320
ETLN	
ETLN-гдр
2 712	
49 706 028	
98,76	
95,06	
95,06	
100,22	
98,42
BANE	
Башнефт ао
3 788	
48 392 528	
1 781	
1 837,5	
1 760	
1 837,5	
1 780
RASP	
Распадская
1 104	
48 057 915	
110,42	
111,96	
83,12	
115	
110,72
MVID	
М.видео
1 091	
36 749 795	
403,1	
402,1	
395	
404,8	
404
CNTLP	
Телеграф-п
2 056	
35 991 034	
27,22	
27,02	
26,2	
27,8	
27,28
LNZL	
Лензолото
1 032	
28 309 590	
9 070	
8 880	
8 710	
9 220	
9 100
TRMK	
ТМК ао
440	
27 243 464	
59,98	
59,96	
59,8	
60,06	
59,9
RTKMP	
Ростел -ап
1 777	
23 150 081	
81,2	
82,95	
80,55	
82,95	
81,1
APTK	
Аптеки36и6
4 543	
22 055 826	
14,114	
14,16	
14	
14,45	
14,096
RSTIP	
Россети ап
1 204	
20 526 094	
2,108	
2,103	
2,061	
2,198	
2,072
AGRO	
AGRO-гдр
1 042	
19 620 541	
651	
659,8	
644,4	
661,6	
650,6
BSPB	
БСП ао
1 781	
19 215 788	
41,03	
41,44	
40,4	
41,44	
41,1
NKNC	
НКНХ ао
1 047	
17 016 306	
101,9	
102,5	
101,2	
102,55	
101,7
SFIN	
САФМАР ао
401	
14 089 700	
459,2	
470	
458	
470	
458
MRKV	
РсетВол ао
1 723	
13 072 015	
0,07415	
0,07565	
0,0726	
0,0777	
0,07415
LNZLP	
Лензол. ап
782	
12 387 690	
3 795	
3 690	
3 690	
3 895	
3 890
LSNGP	
РСетиЛЭ-п
781	
12 041 795	
157,75	
157,8	
156	
159,35	
157,7
MTLRP	
Мечел ап
865	
11 806 209	
85,6	
87,15	
84,5	
87,15	
85,45
VSMO	
ВСМПО-АВСМ
177	
9 647 420	
18 800	
18 700	
18 700	
18 920	
18 780
ENPG	
ЭН+ГРУП ао
303	
9 427 537	
590,5	
588	
583	
594,5	
589
KZOS	
ОргСинт ао
664	
9 120 290	
91,8	
90	
85,3	
95,3	
90,8
MRKP	
МРСК ЦП
674	
8 746 090	
0,1959	
0,205	
0,194	
0,205	
0,1954
SELG	
Селигдар
695	
8 619 478	
25,58	
25,02	
24,9	
25,93	
25,78
OBUV	
ОР ао
955	
7 616 176	
32,35	
32,3	
32	
32,9	
32,35
MRKC	
МРСК Центр
484	
5 996 832	
0,2846	
0,2768	
0,2712	
0,2874	
0,2838
CNTL	
Телеграф
417	
5 416 575	
29,95	
30	
29	
30,55	
30,15
CHEP	
ЧТПЗ ао
285	
5 157 585	
201	
203	
194	
203,5	
201
AQUA	
РусАква ао
277	
5 062 305	
199,5	
198	
197,5	
204,5	
200,5
KAZT	
Куйбазот
591	
5 049 322	
148,4	
141,6	
141	
156	
150,4
RNFT	
РуссНфт ао
1 054	
4 529 758	
539,6	
536	
534,2	
550	
550
MGTSP	
МГТС-4ап
360	
4 304 760	
1 984	
1 970	
1 820	
2 018	
2 010
PMSBP	
ПермьЭнС-п
205	
4 090 532	
128,8	
130	
127,2	
130,4	
130
RTSB	
ТНСэнРст
207	
3 736 400	
0,41	
0,395	
0,39	
0,43	
0,41
DIOD	
ЗаводДИОД
613	
3 616 890	
6,27	
6,19	
6,16	
6,44	
6,19
KRKOP	
ТКЗКК ап
676	
3 419 651	
6,23	
5,74	
5,74	
6,585	
6,025
KLSB	
КалужскСК
450	
3 183 535	
11,56	
12,5	
11,46	
12,5	
11,53
GCHE	
ЧеркизГ-ао
362	
3 044 570	
1 746,5	
1 774	
1 675,5	
1 774	
1 750
ISKJ	
iИСКЧ ао
400	
2 804 532	
26,43	
26,44	
26,12	
26,89	
26,26
MSTT	
Мостотрест
359	
2 782 601	
149,2	
149,7	
126	
154,4	
150,5
TGKB	
ТГК-2
240	
2 775 015	
0,00393	
0,003915	
0,003895	
0,003985	
0,00394
LIFE	
iФармсинтз
350	
2 693 088	
6,6	
6,635	
6,57	
6,67	
6,595
MRKU	
МРСК Ур
227	
2 387 948	
0,1566	
0,1574	
0,15	
0,1598	
0,1564
MSRS	
РСетиМР ао
195	
2 350 222	
1,121	
1,1245	
1,1	
1,1365	
1,122
FESH	
ДВМП ао
241	
2 331 055	
7,35	
7,43	
7,29	
7,59	
7,39
PRTK	
ПРОТЕК ао
265	
2 235 402	
97,4	
118,7	
77,2	
118,7	
99,3
DVEC	
ДЭК ао
292	
2 137 813	
1,036	
1,054	
1,019	
1,082	
1,055
BELU	
Белуга ао
117	
2 124 824	
1 362	
1 370	
1 350	
1 375	
1 368
SVAV	
СОЛЛЕРС
113	
1 978 405	
256	
258	
257	
260	
259
KAZTP	
Куйбазот-п
163	
1 908 010	
149,6	
148,6	
146,6	
152	
151
VRSBP	
ТНСэнВор-п
179	
1 753 450	
56,5	
55	
53	
61,5	
55
SLEN	
Сахэнер ао
283	
1 563 143	
4,685	
4,405	
4,405	
4,895	
4,78
MAGEP	
МагадЭн ап
140	
1 551 110	
6,33	
6,795	
6,1	
6,795	
6,36
KMAZ	
КАМАЗ
260	
1 479 805	
56,9	
59,8	
54,9	
59,8	
57,5
ZILL	
ЗИЛ ао
154	
1 411 385	
2 600	
2 550	
2 450	
2 690	
2 590
SELGP	
Селигдар-п
127	
1 389 645	
26,35	
26,35	
26,05	
26,7	
26,65
UNAC	
iАвиастКао
168	
1 341 188	
0,4765	
0,485	
0,474	
0,485	
0,475
VGSB	
ВолгЭнСб
182	
1 304 645	
1,65	
1,8	
1,605	
1,8	
1,61
KZOSP	
ОргСинт ап
526	
1 302 019	
12,12	
12,8	
11,85	
12,8	
12,01
CHGZ	
РН-ЗапСиб
142	
1 300 020	
35,8	
34,4	
33,4	
37,2	
34,2
ASSB	
АстрЭнСб
342	
1 222 285	
0,8555	
0,8665	
0,841	
0,87	
0,8525
RGSS	
РГС СК ао
208	
1 148 109	
0,1474	
0,1464	
0,1464	
0,1486	
0,1472
YAKG	
ЯТЭК ао
41	
1 147 495	
41,3	
39,7	
39,7	
42,3	
41,25
MAGE	
МагадЭн ао
66	
1 106 850	
7,28	
7,9	
7,17	
7,9	
7,27
CHMK	
ЧМК ао
121	
1 093 490	
2 470	
2 470	
2 435	
2 500	
2 480
TTLK	
Таттел. ао
90	
1 026 510	
0,282	
0,277	
0,277	
0,2855	
0,284
KBSB	
ТНСэКубань
177	
1 016 285	
171,5	
177	
161,5	
189	
176
IRKT	
ИРКУТ-3
96	
997 384	
34,76	
33,3	
33,3	
35,12	
34,62
RUSP	
Русполимет
96	
964 060	
0,665	
0,681	
0,645	
0,6975	
0,6535
ALNU	
АЛРОСА-Нюр
13	
924 400	
54 400	
54 600	
54 000	
55 000	
54 200
RTSBP	
ТНСэнРст-п
99	
907 660	
0,316	
0,303	
0,3	
0,348	
0,324
RBCM	
РБК ао
173	
828 985	
3,224	
3,238	
3,19	
3,288	
3,23
LSNG	
РСетиЛЭ
179	
782 878	
6	
5,98	
5,87	
6,03	
6
INGR	
ИНГРАД ао
135	
751 342	
730	
626	
626	
745	
730
MISBP	
ТНСэМаЭл-п
135	
742 200	
11,6	
12,6	
11,2	
12,6	
12
GEMA	
iММЦБ ао
75	
733 297	
610,5	
608,5	
608,5	
613	
610
GAZAP	
ГАЗ ап
39	
732 950	
316	
317	
315	
318,5	
315
YKENP	
Якутскэн-п
82	
726 065	
0,333	
0,353	
0,325	
0,355	
0,3385
UNKL	
ЮУНК ао
89	
724 550	
4 120	
4 290	
4 000	
4 400	
4 060
NAUK	
iНПОНаука
158	
707 820	
181	
180,8	
177,2	
188,6	
184
MOBB	
МосОблБанк
267	
695 735	
0,868	
0,938	
0,84	
0,938	
0,866
VGSBP	
ВолгЭнСб-п
230	
688 690	
1,19	
1,19	
1,11	
1,4	
1,13
MRKS	
РсетСиб ао
16	
682 090	
0,2425	
0,245	
0,2405	
0,245	
0,241
KOGK	
КоршГОК ао
9	
594 600	
45 800	
45 400	
45 400	
46 000	
45 600
NNSBP	
ТНСэнНН ап
158	
579 639	
615	
600	
597	
676	
614
UTAR	
ЮТэйр ао
90	
576 871	
7,38	
7,7	
7,04	
7,7	
7,36
AMEZ	
АшинскийМЗ
162	
559 220	
4,155	
4,195	
4,125	
4,195	
4,16
TRCN	
ТрансК ао
30	
556 435	
8 560	
8 370	
8 370	
8 685	
8 575
TGKBP	
ТГК-2 ап
53	
552 790	
0,00709	
0,007	
0,007	
0,00724	
0,00706
MRKY	
РоссЮг ао
151	
534 000	
0,0497	
0,04925	
0,04925	
0,05015	
0,0497
GTRK	
ГТМ ао
161	
519 555	
42,05	
41,8	
41,75	
42,4	
42
BLNG	
Белон ао
164	
510 976	
4,02	
4,14	
3,998	
4,14	
4,012
TGKN	
ТГК-14
56	
505 730	
0,00314	
0,00316	
0,00313	
0,00316	
0,00314
PMSB	
ПермьЭнСб
138	
496 455	
130,6	
130,1	
129,5	
131,5	
129,8
TASBP	
ТамбЭнСб-п
77	
461 190	
0,372	
0,3695	
0,365	
0,385	
0,369
YKEN	
Якутскэнрг
38	
434 420	
0,368	
0,38	
0,36	
0,38	
0,361
NKHP	
НКХП ао
47	
433 935	
229,5	
229	
227	
230	
229,5
VSYD	
ВыбСудЗ ао
46	
424 865	
4 085	
4 000	
4 000	
4 280	
4 055
TASB	
ТамбЭнСб
58	
397 210	
0,4845	
0,497	
0,457	
0,4995	
0,4605
IRGZ	
ИркЭнерго
104	
394 604	
11,78	
11,74	
11,7	
11,96	
11,74
BISVP	
БашИнСв ап
42	
380 495	
8,29	
8,31	
8,28	
8,39	
8,28
MFGS	
Мегион-ао
2	
380 000	
380	
380	
380	
380	
380
VJGZP	
Варьеган-п
24	
341 270	
348	
350	
332	
354	
345
ABRD	
АбрауДюрсо
75	
340 825	
130	
129,5	
129,5	
131	
130
UWGN	
ОВК ао
84	
330 110	
236,8	
235,4	
235,4	
239	
236,2
TORSP	
ТРК ап
44	
305 765	
0,2635	
0,269	
0,2605	
0,2705	
0,2655
BRZL	
БурЗолото
73	
279 695	
830	
825	
823	
836	
830
KRKN	
СаратНПЗ
18	
275 650	
13 150	
13 200	
12 950	
13 200	
13 050
TGKD	
Квадра
53	
257 714	
0,003085	
0,00319	
0,003075	
0,00319	
0,0031
MRKZ	
МРСК СЗ
63	
252 312	
0,04965	
0,0497	
0,0492	
0,05	
0,04965
NNSB	
ТНСэнНН ао
48	
245 405	
1 335	
1 335	
1 315	
1 385	
1 345
TNSE	
ТНСэнрг ао
32	
235 840	
995	
995	
990	
1 020	
990
ARSA	
Арсагера
35	
235 120	
3,22	
3,27	
3,2	
3,29	
3,28
RUGR	
Русгрэйн
283	
233 422	
7,11	
7,14	
7,08	
7,146	
7,1
KUBE	
Кубанэнр
43	
227 620	
72,3	
72,1	
70,6	
72,8	
71,5
GAZA	
ГАЗ ао
32	
216 530	
386,5	
394	
382	
394	
389,5
RKKE	
ЭнергияРКК
31	
209 610	
5 110	
5 250	
5 050	
5 250	
5 120
MISB	
ТНСэнМарЭл
61	
207 390	
12,4	
14	
12,1	
14	
12,3
KRSBP	
Красэсб ап
8	
201 520	
7,18	
7,34	
7,16	
7,34	
7,2
LPSB	
ЛЭСК ао
72	
197 435	
7,65	
7,7	
7,6	
7,8	
7,75
MGTS	
МГТС-5ао
28	
195 635	
2 355	
2 275	
2 275	
2 435	
2 365
ROLO	
Русолово
28	
180 460	
3,924	
3,844	
3,84	
3,948	
3,94
MGNZ	
СМЗ-ао
19	
173 670	
4 040	
4 020	
3 990	
4 070	
4 060
KGKCP	
КурганГКап
41	
167 340	
54,5	
55	
54	
55	
54,5
KRSB	
Красэсб ао
22	
167 140	
6,95	
6,97	
6,86	
7,01	
6,92
RTGZ	
ГазпРнД ао
7	
163 500	
23 350	
23 450	
23 050	
23 650	
23 250
KROT	
КрасОкт-ао
40	
160 435	
349	
352	
346	
352	
346
STSBP	
СтаврЭнСбп
60	
151 450	
0,338	
0,3395	
0,331	
0,3475	
0,343
PRMB	
Приморье
6	
142 000	
23 600	
23 600	
23 600	
23 800	
23 600
USBN	
УралСиб ао
39	
140 730	
0,0687	
0,0662	
0,0651	
0,0692	
0,0685
JNOSP	
Слав-ЯНОСп
24	
136 110	
14,48	
14,26	
14,2	
14,58	
14,26
VRSB	
ТНСэнВорон
21	
134 560	
53,8	
55,2	
53	
55,2	
53
KMEZ	
КМЗ
29	
130 771	
459	
457,5	
457	
464	
461
SAGO	
СамарЭн-ао
25	
128 860	
0,43	
0,428	
0,416	
0,448	
0,432
RAVN	
Raven
13	
125 765	
29,95	
30,05	
29,5	
30,35	
29,7
CHKZ	
ЧКПЗ ао
11	
125 280	
5 220	
5 200	
5 200	
5 280	
5 280
HIMCP	
Химпром ап
39	
122 193	
5,96	
5,98	
5,92	
5,99	
5,95
VZRZP	
Возрожд-п
33	
120 184	
316,4	
313,2	
312,8	
322	
314,2
ROST	
РОСИНТЕРао
23	
111 362	
61	
61,2	
60	
61,6	
61,2
NSVZ	
НаукаСвяз
26	
106 410	
226,5	
226,5	
225	
228	
227,5
TUZA	
ТЗА ао
21	
99 250	
95	
95	
94	
95	
94
VSYDP	
ВыбСудЗ ап
12	
99 060	
4 120	
4 120	
4 100	
4 180	
4 140
JNOS	
Славн-ЯНОС
20	
90 085	
18,75	
18,85	
18,65	
18,85	
18,85
RZSB	
РязЭнСб
8	
89 320	
9,92	
10,08	
9,82	
10,08	
9,94
HALS	
Галс-Девел
20	
86 272	
784	
742	
742	
788	
770
OMZZP	
ОМЗ-ап
22	
85 470	
3 285	
3 285	
3 260	
3 310	
3 280
IGSTP	
Ижсталь ап
16	
84 169	
663	
662	
662	
668	
665
UKUZ	
ЮжКузб. ао
39	
79 568	
546	
548	
528	
622	
542
ZVEZ	
ЗВЕЗДА ао
11	
77 930	
4,585	
4,665	
4,505	
4,665	
4,53
TGKDP	
Квадра-п
27	
76 539	
0,003965	
0,00392	
0,00392	
0,004	
0,00395
KUZB	
КузнецкийБ
94	
71 156	
0,01554	
0,01566	
0,01541	
0,0157	
0,01559
UCSS	
ОКС ао
26	
70 920	
1 450	
1 450	
1 430	
1 460	
1 450
KBTK	
КузбТК ао
25	
63 376	
154,6	
155,8	
152,4	
158	
153,2
URKZ	
УрКузница
4	
63 220	
12 640	
12 660	
12 520	
12 780	
12 740
NFAZ	
Нефтекамск
17	
61 764	
167	
168,2	
165	
168,2	
165,2
RLMN	
Роллман
40	
61 495	
18,65	
18,6	
18,55	
18,75	
18,65
VLHZ	
ВХЗ-ао
21	
60 878	
49,1	
49,05	
49	
49,25	
49,05
LVHK	
Левенгук
19	
54 553	
7,91	
7,9	
7,87	
7,96	
7,96
PAZA	
ПавлАвт ао
7	
53 000	
7 570	
7 700	
7 310	
7 700	
7 660
RDRB	
РДБанк ао
8	
51 350	
245	
245	
240	
250	
250
WTCMP	
ЦМТ ап
12	
43 374	
8,18	
8,22	
8,1	
8,22	
8,18
WTCM	
ЦМТ ао
14	
39 728	
8,84	
8,88	
8,8	
8,9	
8,82
STSB	
СтаврЭнСб
27	
36 919	
0,397	
0,4095	
0,395	
0,4095	
0,396
MRKK	
Россети СК
39	
35 148	
26,24	
26,68	
25,9	
26,68	
26,32
SAREP	
СаратЭн-ап
14	
30 182	
0,0916	
0,092	
0,091	
0,0924	
0,0918
NKSH	
Нижкамшина
6	
29 280	
22,52	
22,52	
22,52	
22,56	
22,52
AVAN	
Авангрд-ао
15	
25 050	
695	
705	
685	
705	
695
MRSB	
МордЭнСб
3	
24 300	
0,347	
0,345	
0,345	
0,348	
0,348
ELTZ	
Электрцинк
24	
19 975	
162,5	
164	
162	
164	
163,5
KGKC	
КурганГКао
5	
19 450	
54	
54	
54	
55	
54
DZRDP	
iДонскЗР п
11	
17 770	
1 620	
1 600	
1 600	
1 630	
1 620
ALBK	
БестЭфБ ао
5	
17 120	
53,5	
53,5	
53,5	
53,5	
53,5
IGST	
Ижсталь2ао
8	
15 906	
837	
844	
833	
844	
833
DZRD	
iДонскЗР
4	
15 445	
1 930	
1 930	
1 930	
1 935	
1 935
RUSI	
ИКРУСС-ИНВ
4	
15 310	
38,3	
38,4	
38,1	
38,4	
38,1
VJGZ	
Варьеган
4	
14 329	
597	
598	
594	
598	
595
KCHEP	
КамчатЭ ап
4	
13 960	
0,347	
0,347	
0,347	
0,355	
0,355
KTSB	
КСБ ао
16	
13 480	
0,614	
0,624	
0,6	
0,628	
0,606
ROSB	
Росбанк ао
10	
13 358	
70,4	
70,4	
70	
71	
71
KCHE	
КамчатЭ ао
4	
13 015	
0,217	
0,217	
0,2165	
0,217	
0,217
RLMNP	
Роллман-п
31	
8 667	
19,26	
19,62	
18,92	
19,62	
19,2
SAGOP	
СамарЭн-ап
2	
8 220	
0,411	
0,42	
0,402	
0,42	
0,402
KROTP	
КрасОкт-1п
3	
7 745	
258	
255,5	
255,5	
260	
260
YRSBP	
ТНСэнЯр-п
3	
5 205	
87	
86,5	
86,5	
87	
86,5
MFGSP	
Мегион-ап
1	
3 365	
336,5	
336,5	
336,5	
336,5	
336,5
YRSB	
ТНСэнЯр
1	
3 320	
166	
166	
166	
166	
166
KTSBP	
КСБ ап
1	
2 600	
0,26	
0,26	
0,26	
0,26	
0,26
GAZC	
ГАЗКОН-ао
0	
0	
-	
-	
-	
-	
295
GTSS	
ГЕОТЕК ао
0	
0	
-	
-	
-	
-	
-
NPOF	
Физика ао
0	
0	
-	
-	
-	
-	
11 850
KMTZ	
КосогМЗ ао
0	
0	
-	
-	
-	
-	
-
KZMS	
КЗМС ао
0	
0	
-	
-	
-	
-	
226
TRFM	
ТрансФ ао
0	
0	
-	
-	
-	
-	
-
GAZS	
ГАЗ-сервис
0	
0	
-	
-	
-	
-	
293
HIMC	
Химпром ао
0	
0	
-	
-	
-	
-	
0,99
GAZT	
ГАЗ-Тек ао
0	
0	
-	
-	
-	
-	
85
KSGR	
Кокс ао
0	
0	
-	
-	
-	
-	
-
URKA	
Уркалий-ао
0	
0	
-	
-	
-	
-	
119,04
VZRZ	
Возрожд-ао
0	
0	
-	
-	
-	
-	
480
MFON	
МегаФон ао
0	
0	
-	
-	
-	
-	
650,6
SARE	
СаратЭн-ао
0	
0	
-	
-	
-	
-	
0,1184
BISV	
БашИнСв ао
0	
0	
-	
-	
-	
-	
8,7
KRKO	
ТКЗКК ао
0	
0	
-	
-	
-	
-	
11,8
MORI	
Морион ао
0	
0	
-	
-	
-	
-	
4,31
TORS	
ТРК ао
0	
0	
-	
-	
-	
-	
0,38
KUNF	
КУЗОЦМ ао
0	
0	
-	
-	
-	
-	
-