PLZL	
Полюс
49 542	
8 741 158 071	
18 140	
18 440	
17 755	
18 564,5	
18 092
SBER	
Сбербанк
41 075	
8 061 489 862	
226,17	
225	
224,46	
227,6	
226,81
GMKN	
ГМКНорНик
30 018	
6 001 504 894	
20 484	
20 780	
20 232	
20 800	
20 300
GAZP	
ГАЗПРОМ ао
55 806	
5 390 851 329	
186,95	
188,45	
185,81	
188,57	
186,9
VTBR	
ВТБ ао
81 111	
3 715 065 787	
0,03705	
0,03782	
0,036595	
0,03794	
0,0366
LKOH	
ЛУКОЙЛ
18 501	
2 831 712 446	
5 096,5	
5 112,5	
5 066	
5 125,5	
5 085,5
YNDX	
Yandex clA
31 769	
2 485 754 109	
4 393,6	
4 394	
4 321	
4 443,6	
4 401,4
MOEX	
МосБиржа
32 686	
2 471 369 384	
143,78	
146,4	
142,56	
146,49	
142,7
POLY	
Polymetal
23 612	
2 022 220 569	
1 947,9	
1 954,9	
1 887,9	
1 973	
1 932,5
ROSN	
Роснефть
14 466	
1 776 330 399	
367,95	
367,8	
365,2	
370,5	
366,1
IRAO	
ИнтерРАОао
20 566	
1 709 131 065	
5,628	
5,745	
5,5585	
5,775	
5,6045
MGNT	
Магнит ао
14 995	
1 422 885 761	
4 589,5	
4 608	
4 534	
4 627	
4 603,5
CHMF	
СевСт-ао
22 966	
1 100 231 695	
924,2	
938,2	
912,4	
940	
923,4
AFLT	
Аэрофлот
16 943	
1 088 644 165	
81,72	
81,8	
81,38	
82,18	
81,5
ALRS	
АЛРОСА ао
17 584	
1 059 222 087	
68,86	
70	
68,33	
70	
68,84
MTSS	
МТС-ао
14 766	
1 049 168 304	
331,15	
332,25	
328,9	
334,05	
329,85
NVTK	
Новатэк ао
8 768	
1 042 334 769	
1 101	
1 107	
1 094	
1 109,6	
1 101,2
SBERP	
Сбербанк-п
15 186	
1 010 901 936	
209,69	
209,46	
208,52	
210,92	
210,01
TATN	
Татнфт 3ао
12 024	
889 819 333	
558,6	
559,1	
554	
562,2	
557,1
SNGS	
Сургнфгз
8 484	
759 003 447	
37,16	
37,275	
36,955	
37,37	
37,155
NLMK	
НЛМК ао
14 151	
757 186 164	
148,72	
149,22	
146,52	
149,82	
149,5
SNGSP	
Сургнфгз-п
9 175	
580 312 849	
36,69	
36,775	
36,535	
36,885	
36,785
TRNFP	
Транснф ап
1 976	
469 274 900	
135 900	
135 200	
134 400	
137 200	
136 800
POGR	
Petropavl
10 651	
458 955 600	
34,015	
34,65	
33,505	
35	
34,265
SELG	
Селигдар
19 611	
443 294 997	
52,17	
46,8	
46,52	
54,9	
50,55
HYDR	
РусГидро
12 332	
403 710 746	
0,7509	
0,7602	
0,7455	
0,7618	
0,7545
RTKM	
Ростел -ао
12 174	
344 346 931	
96,49	
95,56	
95,2	
97,73	
95,66
AFKS	
Система ао
7 591	
341 635 251	
20,085	
20,009	
19,923	
20,327	
20,04
MAIL	
MAIL-гдр
12 929	
327 171 084	
1 994	
2 008,4	
1 972	
2 010	
1 986
FIVE	
FIVE-гдр
4 150	
317 520 613	
2 836,5	
2 845,5	
2 820	
2 859	
2 840
CBOM	
МКБ ао
8 204	
292 116 840	
5,892	
5,93	
5,831	
5,949	
5,88
RUAL	
РУСАЛ ао
10 179	
276 780 399	
30,195	
30,3	
30	
30,825	
30,12
MAGN	
ММК
4 815	
270 771 318	
39,535	
40	
39,25	
40,085	
39,415
CNTLP	
Телеграф-п
16 217	
267 052 642	
18,5	
25,4	
16,84	
25,4	
17,86
RSTI	
Россети ао
4 696	
256 285 201	
1,5837	
1,601	
1,567	
1,6027	
1,585
TCSG	
TCS-гдр
9 355	
243 757 717	
1 932,2	
1 964	
1 905,2	
1 964	
1 910
FEES	
ФСК ЕЭС ао
5 290	
224 985 012	
0,19954	
0,2	
0,198	
0,20064	
0,19952
SIBN	
Газпрнефть
4 055	
220 251 050	
321,2	
320,45	
319,4	
322	
321,3
RASP	
Распадская
2 704	
150 160 327	
112,78	
111,6	
109,64	
114,9	
112,82
KMAZ	
КАМАЗ
11 803	
137 588 351	
66,3	
58,7	
58,2	
76	
65,7
RTKMP	
Ростел -ап
6 213	
132 026 810	
90,5	
90,35	
89,25	
91,75	
89,85
MTLR	
Мечел ао
9 316	
130 777 718	
66,58	
68,14	
65,79	
68,76	
66,24
DSKY	
ДетскийМир
5 834	
125 111 163	
119,78	
119,74	
119	
120,76	
119,7
MSNG	
+МосЭнерго
5 122	
120 125 553	
2,155	
2,1755	
2,132	
2,21	
2,1345
LNTA	
Лента др
7 927	
114 491 805	
210,9	
212,5	
207,8	
215,6	
210,9
TATNP	
Татнфт 3ап
3 802	
112 469 553	
537,5	
538,8	
535,4	
540	
536
CNTL	
Телеграф
7 276	
105 044 445	
19,7	
26,1	
17,4	
26,1	
19,35
UPRO	
Юнипро ао
2 186	
102 584 045	
2,816	
2,837	
2,804	
2,837	
2,807
PHOR	
ФосАгро ао
2 822	
92 628 195	
2 688	
2 704	
2 676	
2 718	
2 680
LSRG	
ЛСР ао
4 327	
87 195 238	
770,4	
770	
765	
774	
769,8
MVID	
М.видео
2 248	
70 983 586	
469	
467,8	
461,1	
477	
465,8
ABRD	
АбрауДюрсо
5 194	
70 621 690	
275,5	
268	
260	
280	
280
SELGP	
Селигдар-п
2 425	
63 817 970	
30,25	
29,4	
29,05	
31,45	
30
QIWI	
iQIWI
2 451	
54 204 315	
1 480	
1 465	
1 441,5	
1 503,5	
1 494,5
BANEP	
Башнефт ап
2 246	
54 057 248	
1 356,5	
1 360	
1 353	
1 361,5	
1 354
NSVZ	
НаукаСвяз
3 672	
53 960 325	
301,5	
237,5	
225,5	
309,5	
309,5
STSBP	
СтаврЭнСбп
8 020	
52 496 277	
0,5145	
0,414	
0,409	
0,5665	
0,537
OGKB	
ОГК-2 ао
2 761	
49 597 729	
0,7523	
0,7541	
0,7452	
0,7618	
0,7519
TGKA	
ТГК-1
3 462	
49 499 424	
0,012096	
0,012298	
0,012	
0,0123	
0,01204
PIKK	
ПИК ао
1 273	
42 756 192	
498,3	
501,5	
493,5	
501,5	
493,5
OBUV	
ОР ао
3 723	
41 250 781	
34,6	
35,6	
33,5	
36,2	
34,5
NMTP	
НМТП ао
3 457	
38 588 978	
9,155	
9,21	
9,1	
9,22	
9,17
ENRU	
ЭнелРос ао
2 074	
36 527 876	
0,947	
0,954	
0,941	
0,954	
0,941
ETLN	
ETLN-гдр
2 457	
33 776 907	
109,52	
110,4	
108,8	
110,4	
110,08
AGRO	
AGRO-гдр
2 292	
32 952 736	
718,4	
718,4	
714,6	
722	
716,2
LNZL	
Лензолото
836	
32 512 540	
18 290	
18 570	
17 900	
18 700	
18 200
ROLO	
Русолово
1 917	
29 327 560	
5,936	
5,472	
5,45	
6,264	
5,68
NAUK	
iНПОНаука
2 530	
23 198 602	
210,6	
192	
191,2	
223,6	
204,6
VRSBP	
ТНСэнВор-п
1 848	
23 084 200	
52,5	
46	
45,5	
60	
50
VRSB	
ТНСэнВорон
1 584	
23 056 340	
69,4	
55,2	
52,2	
75,4	
73,6
MTLRP	
Мечел ап
1 292	
21 323 257	
81,3	
81,95	
80,55	
82,15	
81,7
SFIN	
САФМАР ао
159	
20 711 808	
524	
523,6	
523,4	
524,6	
524
LSNGP	
РСетиЛЭ-п
1 095	
19 240 142	
156,1	
155,35	
155,35	
156,75	
155,8
TRMK	
ТМК ао
721	
18 895 210	
58,4	
57,78	
57,78	
58,98	
58,22
BRZL	
БурЗолото
1 592	
18 681 067	
1 202	
1 192	
1 157	
1 230	
1 184
VGSB	
ВолгЭнСб
1 520	
17 575 440	
4,53	
4,23	
3,41	
5,38	
3,415
INGR	
ИНГРАД ао
1 628	
16 517 879	
820	
804	
789	
835	
815
BSPB	
БСП ао
1 565	
16 111 264	
43,29	
43,1	
42,9	
43,98	
43,07
SVAV	
СОЛЛЕРС
477	
15 553 105	
283	
280,5	
275,5	
287	
280
VGSBP	
ВолгЭнСб-п
1 665	
15 188 540	
2,4	
2,28	
1,95	
2,65	
1,95
STSB	
СтаврЭнСб
1 692	
14 400 934	
0,639	
0,49	
0,49	
0,6715	
0,6715
AKRN	
Акрон
497	
12 649 450	
5 808	
5 814	
5 784	
5 840	
5 822
NKNCP	
НКНХ ап
1 371	
12 481 983	
80,86	
81,38	
80,1	
81,38	
80,54
AQUA	
РусАква ао
690	
11 182 130	
209,5	
210	
208,5	
212	
211
MRKP	
МРСК ЦП
697	
10 311 334	
0,2125	
0,2121	
0,2109	
0,2139	
0,2128
LNZLP	
Лензол. ап
524	
10 104 385	
5 690	
5 900	
5 600	
5 900	
5 710
LIFE	
iФармсинтз
689	
9 826 482	
7,335	
7,485	
7,2	
7,485	
7,295
RSTIP	
Россети ап
527	
7 996 107	
2,139	
2,13	
2,116	
2,152	
2,13
CHKZ	
ЧКПЗ ао
750	
7 610 540	
5 920	
5 840	
5 380	
7 000	
5 620
TGKB	
ТГК-2
480	
7 344 750	
0,00428	
0,00436	
0,004225	
0,00436	
0,004285
ENPG	
ЭН+ГРУП ао
478	
6 840 133	
690,5	
683,5	
683,5	
693,5	
693
VSMO	
ВСМПО-АВСМ
177	
6 833 920	
17 980	
17 960	
17 960	
18 000	
17 980
ASSB	
АстрЭнСб
1 281	
6 340 140	
0,8195	
0,794	
0,762	
0,843	
0,8215
DIOD	
ЗаводДИОД
653	
5 877 883	
7,17	
7,03	
7	
7,44	
7,1
UNKL	
ЮУНК ао
439	
5 660 940	
8 110	
8 420	
7 740	
8 600	
8 180
RNFT	
РуссНфт ао
939	
4 833 195	
506	
505,6	
496	
513	
496
APTK	
Аптеки36и6
1 335	
4 714 138	
13,308	
13,302	
13,22	
13,444	
13,296
KLSB	
КалужскСК
760	
4 515 563	
12,28	
12,3	
12	
12,66	
12,27
GCHE	
ЧеркизГ-ао
476	
4 175 385	
1 764	
1 763	
1 758	
1 775,5	
1 763
YKEN	
Якутскэнрг
359	
4 122 155	
0,408	
0,3795	
0,374	
0,4495	
0,404
NKNC	
НКНХ ао
405	
4 118 754	
93,4	
93,8	
93	
93,8	
93
ALNU	
АЛРОСА-Нюр
28	
3 920 000	
55 200	
55 200	
54 400	
56 600	
54 400
MRKV	
РсетВол ао
403	
3 915 031	
0,07425	
0,07415	
0,0737	
0,07455	
0,07425
BANE	
Башнефт ао
362	
3 848 261	
1 736,5	
1 741,5	
1 735	
1 741,5	
1 735
MRKC	
МРСК Центр
569	
3 677 326	
0,299	
0,3048	
0,2958	
0,3048	
0,2972
AMEZ	
АшинскийМЗ
793	
3 622 531	
4,75	
4,915	
4,65	
4,915	
4,705
RKKE	
ЭнергияРКК
232	
3 495 230	
8 260	
8 460	
8 030	
8 600	
8 120
MRSB	
МордЭнСб
321	
3 478 850	
0,375	
0,355	
0,353	
0,398	
0,372
FESH	
ДВМП ао
232	
3 458 017	
7,6	
7,64	
7,48	
7,68	
7,62
ARSA	
Арсагера
292	
3 393 700	
4,01	
3,87	
3,86	
4,09	
4
YKENP	
Якутскэн-п
202	
3 236 050	
0,408	
0,3715	
0,3675	
0,47	
0,413
KRKNP	
СаратНПЗ-п
152	
3 149 640	
15 900	
15 980	
15 840	
15 980	
15 920
IRKT	
ИРКУТ-3
207	
3 083 174	
35,48	
35,86	
35,02	
36,06	
35,64
CHGZ	
РН-ЗапСиб
363	
3 072 460	
48	
49,2	
45,6	
55,8	
47
MISBP	
ТНСэМаЭл-п
266	
2 963 780	
13,6	
12,9	
12,9	
13,9	
13,9
ISKJ	
iИСКЧ ао
347	
2 819 995	
24,2	
24,05	
23,97	
24,48	
24,27
MSRS	
РСетиМР ао
181	
2 668 351	
1,1705	
1,172	
1,165	
1,1855	
1,1785
DZRDP	
iДонскЗР п
456	
2 539 530	
1 830	
1 800	
1 770	
1 890	
1 830
MGTSP	
МГТС-4ап
196	
2 458 452	
2 024	
2 040	
2 016	
2 040	
2 030
MISB	
ТНСэнМарЭл
315	
2 377 980	
13,9	
13,5	
13,3	
15	
13,9
PAZA	
ПавлАвт ао
157	
2 299 630	
9 160	
8 940	
8 700	
9 600	
8 960
UNAC	
iАвиастКао
326	
2 243 752	
0,49	
0,485	
0,481	
0,4945	
0,4935
SAREP	
СаратЭн-ап
171	
2 188 374	
0,1034	
0,102	
0,0996	
0,1058	
0,1022
VSYD	
ВыбСудЗ ао
183	
2 024 340	
4 215	
4 035	
3 965	
4 400	
4 105
RUGR	
Русгрэйн
1 952	
1 983 152	
9,514	
9,52	
9,2	
9,724	
9,56
BELU	
Белуга ао
267	
1 967 903	
1 324	
1 314	
1 304	
1 339	
1 334
YAKG	
ЯТЭК ао
60	
1 933 050	
42,95	
43,3	
42,8	
43,85	
43,25
RTSB	
ТНСэнРст
193	
1 861 250	
0,53	
0,54	
0,505	
0,585	
0,515
KAZTP	
Куйбазот-п
12	
1 860 352	
149,2	
149	
149	
149,4	
149,2
LSNG	
РСетиЛЭ
258	
1 856 153	
6,07	
6,15	
5,99	
6,15	
6,07
VLHZ	
ВХЗ-ао
232	
1 819 218	
54	
55	
53,2	
55	
54,25
HALS	
Галс-Девел
192	
1 791 798	
1 166	
1 187	
1 150	
1 197	
1 171
GEMA	
iММЦБ ао
156	
1 755 138	
600,5	
600	
597	
608	
604
VSYDP	
ВыбСудЗ ап
217	
1 726 540	
4 380	
4 100	
4 100	
4 780	
4 160
RUSP	
Русполимет
175	
1 714 400	
0,6375	
0,621	
0,621	
0,678	
0,6415
UKUZ	
ЮжКузб. ао
236	
1 670 974	
566	
550	
540	
610	
558
UWGN	
ОВК ао
192	
1 664 923	
238,9	
236,6	
232,6	
241,5	
236
KZOS	
ОргСинт ао
256	
1 654 912	
87,6	
87,3	
87,1	
87,8	
87,8
MSTT	
Мостотрест
251	
1 613 044	
157,5	
160,2	
156,1	
160,25	
158,4
TASB	
ТамбЭнСб
172	
1 598 235	
0,4675	
0,4695	
0,4245	
0,485	
0,466
TTLK	
Таттел. ао
136	
1 587 280	
0,309	
0,3145	
0,3045	
0,3145	
0,307
TGKN	
ТГК-14
205	
1 547 840	
0,00326	
0,0033	
0,00319	
0,0033	
0,00328
DVEC	
ДЭК ао
382	
1 390 920	
0,933	
0,941	
0,923	
0,958	
0,94
SLEN	
Сахэнер ао
112	
1 385 832	
6,21	
6	
5,995	
6,4	
6,37
MAGE	
МагадЭн ао
94	
1 347 620	
6,57	
6,8	
6,47	
6,8	
6,52
TUZA	
ТЗА ао
164	
1 333 860	
100	
99	
97	
104	
100
AVAN	
Авангрд-ао
338	
1 331 860	
810	
870	
765	
875	
805
GTRK	
ГТМ ао
265	
1 304 560	
44,35	
43,65	
43	
45,1	
44,1
PMSBP	
ПермьЭнС-п
121	
1 290 652	
131,2	
129,8	
129,8	
132,2	
131,2
USBN	
УралСиб ао
80	
1 288 780	
0,069	
0,0685	
0,0683	
0,0696	
0,069
SARE	
СаратЭн-ао
197	
1 282 722	
0,1302	
0,124	
0,1212	
0,135	
0,1308
KZOSP	
ОргСинт ап
358	
1 256 242	
12,02	
12,04	
11,91	
12,2	
12
RTGZ	
ГазпРнД ао
26	
1 252 900	
27 850	
27 600	
26 700	
28 300	
28 300
IGST	
Ижсталь2ао
154	
1 196 056	
1 012	
1 051	
993	
1 088	
995
CHEP	
ЧТПЗ ао
130	
1 163 875	
208,5	
210,5	
207,5	
210,5	
209,5
IRGZ	
ИркЭнерго
209	
1 119 360	
11,86	
11,88	
11,52	
12,1	
11,9
TGKD	
Квадра
177	
1 075 766	
0,00352	
0,0036	
0,003455	
0,003605	
0,00351
IGSTP	
Ижсталь ап
258	
998 625	
886	
906	
850	
919	
865
NKSH	
Нижкамшина
45	
990 534	
22,32	
22,06	
21,7	
22,56	
22,44
RGSS	
РГС СК ао
111	
975 681	
0,1494	
0,149	
0,149	
0,1506	
0,15
RAVN	
Raven
69	
912 585	
30,6	
30,6	
30,3	
31,05	
30,65
KBSB	
ТНСэКубань
177	
909 795	
147,5	
150,5	
144,5	
155	
147
RTSBP	
ТНСэнРст-п
95	
868 610	
0,393	
0,383	
0,372	
0,425	
0,411
ELTZ	
Электрцинк
241	
787 717	
186,5	
189	
181,5	
193,5	
190
URKZ	
УрКузница
21	
778 840	
16 940	
16 940	
16 680	
16 940	
16 900
MRKY	
РоссЮг ао
143	
768 789	
0,0498	
0,0499	
0,04965	
0,0502	
0,0501
TASBP	
ТамбЭнСб-п
90	
736 765	
0,37	
0,37	
0,3615	
0,3865	
0,3645
RBCM	
РБК ао
186	
721 366	
3,43	
3,43	
3,41	
3,47	
3,42
RZSB	
РязЭнСб
45	
705 140	
9,28	
9,16	
9,16	
9,4	
9,38
ALBK	
БестЭфБ ао
87	
694 885	
53	
54,5	
51,5	
55,5	
52
ZVEZ	
ЗВЕЗДА ао
69	
680 815	
4,6	
4,58	
4,54	
4,745	
4,54
MRKU	
МРСК Ур
79	
667 516	
0,1546	
0,1548	
0,154	
0,1552	
0,1542
KROT	
КрасОкт-ао
61	
649 335	
382	
377,5	
370,5	
386,5	
385
MRKZ	
МРСК СЗ
142	
600 470	
0,05175	
0,0511	
0,0511	
0,0521	
0,05175
PMSB	
ПермьЭнСб
112	
571 110	
132,2	
130	
130	
134,8	
132,2
BISVP	
БашИнСв ап
97	
540 896	
8,82	
8,74	
8,39	
8,9	
8,9
SAGO	
СамарЭн-ао
34	
539 360	
0,47	
0,462	
0,462	
0,476	
0,468
MAGEP	
МагадЭн ап
27	
536 090	
7,55	
7,12	
7,12	
7,87	
7,78
ZILL	
ЗИЛ ао
70	
528 300	
2 590	
2 555	
2 550	
2 630	
2 580
MRKK	
Россети СК
112	
519 879	
25,86	
25,88	
25,5	
26,24	
26,06
DZRD	
iДонскЗР
95	
511 560	
2 345	
2 415	
2 300	
2 415	
2 325
MGNZ	
СМЗ-ао
40	
493 580	
4 610	
4 650	
4 570	
4 650	
4 640
BLNG	
Белон ао
114	
458 058	
4,418	
4,428	
4,4	
4,478	
4,466
KBTK	
КузбТК ао
66	
430 482	
152,2	
151,4	
150	
153,4	
152
HIMCP	
Химпром ап
97	
428 461	
6,24	
6,3	
6,18	
6,39	
6,27
RUSI	
ИКРУСС-ИНВ
58	
427 400	
38,9	
40,9	
37,9	
40,9	
38,7
NKHP	
НКХП ао
95	
423 185	
232,5	
232,5	
230	
234,5	
234
KUZB	
КузнецкийБ
351	
420 771	
0,01504	
0,01508	
0,01497	
0,0152	
0,01516
CHMK	
ЧМК ао
69	
369 965	
2 700	
2 680	
2 680	
2 740	
2 690
MRKS	
РсетСиб ао
51	
368 570	
0,238	
0,24	
0,2365	
0,2405	
0,2385
KCHE	
КамчатЭ ао
67	
355 530	
0,221	
0,2225	
0,2175	
0,2255	
0,2235
TGKBP	
ТГК-2 ап
28	
342 540	
0,00729	
0,00727	
0,00727	
0,00735	
0,00728
KRSB	
Красэсб ао
33	
329 970	
7,17	
7,02	
7,02	
7,25	
7,1
RLMN	
Роллман
85	
328 313	
19,5	
19,25	
19,25	
19,8	
19,6
KRSBP	
Красэсб ап
29	
327 080	
7,28	
7,14	
7,04	
7,56	
7,18
KMEZ	
КМЗ
101	
317 851	
514,5	
509,5	
509	
519,5	
514
RDRB	
РДБанк ао
44	
317 500	
235	
235	
230	
240	
235
GAZA	
ГАЗ ао
37	
316 045	
395	
399	
390	
399	
395
TGKDP	
Квадра-п
77	
313 101	
0,00427	
0,004265	
0,00418	
0,00439	
0,004265
NNSB	
ТНСэнНН ао
58	
308 410	
1 410	
1 375	
1 370	
1 490	
1 435
YRSBP	
ТНСэнЯр-п
53	
307 280	
90,5	
88,5	
88,5	
93	
91
NFAZ	
Нефтекамск
61	
306 000	
164,6	
162,2	
162	
165,6	
165,6
ROST	
РОСИНТЕРао
48	
296 134	
62,6	
60,8	
60,8	
66	
62,4
KAZT	
Куйбазот
47	
294 352	
146,4	
147,6	
145,4	
149	
148,6
UTAR	
ЮТэйр ао
47	
279 955	
7,2	
7,17	
7,17	
7,23	
7,17
EELT	
ЕвроЭлтех
90	
271 736	
8,3	
8,38	
8,2	
8,38	
8,3
VJGZ	
Варьеган
54	
248 642	
580	
587	
571	
591	
578
KRKOP	
ТКЗКК ап
93	
237 627	
7,18	
7,245	
7,065	
7,31	
7,24
VZRZP	
Возрожд-п
21	
222 476	
337,2	
337	
336,8	
339,6	
337,2
KTSB	
КСБ ао
54	
208 650	
0,676	
0,644	
0,644	
0,7	
0,696
MGTS	
МГТС-5ао
41	
190 670	
2 325	
2 385	
2 305	
2 385	
2 325
KUBE	
Кубанэнр
54	
186 891	
71,3	
71	
70,1	
72,6	
71,2
GAZAP	
ГАЗ ап
30	
172 365	
308	
309	
306,5	
310	
309
KROTP	
КрасОкт-1п
20	
169 095	
272,5	
273,5	
270	
274	
273,5
KRKN	
СаратНПЗ
13	
168 100	
12 950	
13 000	
12 850	
13 000	
12 950
KTSBP	
КСБ ап
33	
146 775	
0,2995	
0,295	
0,2825	
0,3045	
0,2995
KCHEP	
КамчатЭ ап
23	
137 160	
0,392	
0,398	
0,381	
0,398	
0,389
WTCM	
ЦМТ ао
29	
119 616	
9,28	
9,5	
9,12	
9,6	
9,28
LVHK	
Левенгук
23	
112 774	
8,17	
8,2	
8,11	
8,27	
8,22
TORSP	
ТРК ап
11	
106 545	
0,273	
0,2705	
0,2705	
0,2755	
0,2735
OMZZP	
ОМЗ-ап
20	
98 925	
3 535	
3 525	
3 520	
3 565	
3 545
TNSE	
ТНСэнрг ао
40	
98 465	
985	
985	
980	
1 000	
980
KOGK	
КоршГОК ао
2	
97 200	
48 600	
48 600	
48 600	
48 600	
48 600
RLMNP	
Роллман-п
56	
88 400	
19,96	
19,68	
19,68	
20,1	
19,98
SAGOP	
СамарЭн-ап
10	
79 680	
0,419	
0,417	
0,417	
0,421	
0,418
LPSB	
ЛЭСК ао
43	
69 010	
7,95	
7,9	
7,85	
8	
7,9
PRMB	
Приморье
3	
67 800	
22 600	
22 200	
22 200	
22 800	
22 800
KGKC	
КурганГКао
16	
66 495	
54,5	
54	
54	
55	
54
TORS	
ТРК ао
10	
56 760	
0,437	
0,445	
0,426	
0,445	
0,426
YRSB	
ТНСэнЯр
9	
48 120	
172	
172	
170	
172	
170
NNSBP	
ТНСэнНН ап
25	
44 465	
618	
623	
601	
627	
607
KGKCP	
КурганГКап
19	
41 935	
54	
53,5	
53,5	
54	
53,5
UCSS	
ОКС ао
15	
37 850	
1 460	
1 450	
1 450	
1 470	
1 470
JNOSP	
Слав-ЯНОСп
19	
30 444	
14,5	
14,34	
14,18	
14,74	
14,68
VJGZP	
Варьеган-п
8	
27 910	
349	
346	
346	
354	
350
WTCMP	
ЦМТ ап
3	
22 566	
8,36	
8,36	
8,3	
8,36	
8,3
MFGS	
Мегион-ао
4	
18 765	
375,5	
372,5	
371,5	
380,5	
380,5
JNOS	
Славн-ЯНОС
7	
18 655	
18,65	
18,7	
18,5	
18,7	
18,5
ROSB	
Росбанк ао
10	
12 128	
71,4	
71,8	
71	
71,8	
71,2
MFGSP	
Мегион-ап
1	
6 580	
329	
329	
329	
329	
329
BISV	
БашИнСв ао
0	
0	
-	
-	
-	
-	
8,7
GAZC	
ГАЗКОН-ао
0	
0	
-	
-	
-	
-	
295
GAZS	
ГАЗ-сервис
0	
0	
-	
-	
-	
-	
293
GAZT	
ГАЗ-Тек ао
0	
0	
-	
-	
-	
-	
85
GTSS	
ГЕОТЕК ао
0	
0	
-	
-	
-	
-	
-
HIMC	
Химпром ао
0	
0	
-	
-	
-	
-	
0,99
KMTZ	
КосогМЗ ао
0	
0	
-	
-	
-	
-	
-
KRKO	
ТКЗКК ао
0	
0	
-	
-	
-	
-	
11,8
KSGR	
Кокс ао
0	
0	
-	
-	
-	
-	
-
KUNF	
КУЗОЦМ ао
0	
0	
-	
-	
-	
-	
-
KZMS	
КЗМС ао
0	
0	
-	
-	
-	
-	
226
MFON	
МегаФон ао
0	
0	
-	
-	
-	
-	
650,6
MOBB	
МосОблБанк
0	
0	
-	
-	
-	
-	
0,698
MORI	
Морион ао
0	
0	
-	
-	
-	
-	
4,31
NPOF	
Физика ао
0	
0	
-	
-	
-	
-	
11 850
PRTK	
ПРОТЕК ао
0	
0	
-	
-	
-	
-	
99,6
TRCN	
ТрансК ао
0	
0	
-	
-	
-	
-	
8 595
TRFM	
ТрансФ ао
0	
0	
-	
-	
-	
-	
-
URKA	
Уркалий-ао
0	
0	
-	
-	
-	
-	
119,04
VZRZ	
Возрожд-ао
0	
0	
-	
-	
-	
-	
480