SBER	
Сбербанк
78 863	
13 178 570 254	
222,11	
221,5	
220,5	
224,2	
220,5
GAZP	
ГАЗПРОМ ао
85 345	
6 915 129 252	
177,35	
178,63	
175,94	
179,75	
176,96
YNDX	
Yandex clA
60 015	
6 213 642 695	
4 910,6	
4 845	
4 810	
4 997,8	
4 963
POLY	
Polymetal
34 668	
3 880 932 546	
1 990,7	
1 934,7	
1 923,9	
2 027	
2 004,4
LKOH	
ЛУКОЙЛ
29 520	
3 114 778 804	
4 809,5	
4 829	
4 790	
4 850	
4 790
PLZL	
Полюс
16 567	
2 775 637 492	
17 434,5	
17 230	
17 230	
17 646,5	
17 383
GMKN	
ГМКНорНик
11 143	
2 331 127 726	
19 984	
19 910	
19 814	
20 052	
19 956
SBERP	
Сбербанк-п
25 579	
1 648 363 013	
214,24	
213,7	
212,63	
216,1	
213
DSKY	
ДетскийМир
21 760	
1 307 792 932	
111,26	
110,48	
109,98	
112	
111,3
ROSN	
Роснефть
10 339	
1 266 267 367	
370,25	
370	
367,45	
373,4	
371
MOEX	
МосБиржа
17 312	
987 065 722	
136,03	
134,09	
133,58	
137,79	
136,14
NVTK	
Новатэк ао
11 481	
947 600 882	
1 115,8	
1 127,6	
1 107	
1 132,4	
1 110,4
ALRS	
АЛРОСА ао
16 936	
903 358 495	
68,13	
67,68	
66,7	
68,47	
68,4
CHMF	
СевСт-ао
16 669	
859 804 341	
930,2	
931	
925,6	
933	
928,2
AFKS	
Система ао
15 686	
766 932 081	
20,394	
20,551	
20,073	
20,856	
20,67
TATN	
Татнфт 3ао
12 544	
693 329 601	
534,2	
534,4	
531,6	
538,3	
531,6
MTSS	
МТС-ао
11 110	
691 244 604	
334,35	
335,95	
331,05	
337	
336,45
MGNT	
Магнит ао
7 624	
688 371 988	
4 564,5	
4 585	
4 540	
4 604,5	
4 563
MAIL	
MAIL-гдр
18 223	
630 789 745	
2 191,2	
2 220	
2 169,8	
2 223,6	
2 182,2
NLMK	
НЛМК ао
8 767	
607 653 445	
160,88	
161,8	
159,44	
162,48	
159,8
MAGN	
ММК
11 888	
588 266 834	
36,94	
37,01	
36,66	
37,425	
36,69
SNGS	
Сургнфгз
6 139	
577 907 166	
35,255	
35,195	
35,075	
35,47	
35,2
IRAO	
ИнтерРАОао
7 945	
506 203 798	
5,314	
5,36	
5,261	
5,3765	
5,3
VTBR	
ВТБ ао
18 000	
498 809 456	
0,03524	
0,03525	
0,035085	
0,035445	
0,03509
SNGSP	
Сургнфгз-п
7 957	
495 528 019	
37,165	
36,96	
36,815	
37,37	
37,105
TCSG	
TCS-гдр
11 404	
457 464 473	
1 857	
1 793,2	
1 774	
1 905,4	
1 899
POGR	
Petropavl
6 299	
331 446 911	
35,605	
35	
34,985	
35,985	
35,945
CBOM	
МКБ ао
7 775	
319 452 946	
5,847	
5,8	
5,8	
5,879	
5,869
FIVE	
FIVE-гдр
4 330	
306 495 610	
2 633,5	
2 679	
2 622	
2 679	
2 630
RTKM	
Ростел -ао
7 051	
249 315 841	
96,33	
97,07	
95,8	
97,35	
96,3
HYDR	
РусГидро
7 256	
244 203 797	
0,7253	
0,7278	
0,7213	
0,7305	
0,7265
TATNP	
Татнфт 3ап
6 675	
196 154 672	
520,3	
520,2	
517,3	
524,2	
519
RUAL	
РУСАЛ ао
8 534	
187 942 470	
31,53	
31,31	
31,205	
31,88	
31,84
SIBN	
Газпрнефть
4 092	
185 717 065	
312,95	
314	
311,35	
314,85	
313,4
FEES	
ФСК ЕЭС ао
5 127	
171 504 753	
0,1975	
0,19636	
0,19608	
0,1995	
0,19842
PIKK	
ПИК ао
3 351	
162 693 089	
545,2	
535	
533	
559,9	
543,6
PHOR	
ФосАгро ао
3 464	
158 169 275	
2 793	
2 765	
2 671	
2 815	
2 802
AFLT	
Аэрофлот
6 710	
153 886 580	
81,96	
81,8	
81,32	
82,32	
81,92
TRNFP	
Транснф ап
575	
128 969 800	
137 050	
136 850	
136 700	
137 650	
136 700
LSRG	
ЛСР ао
7 028	
128 572 100	
809,4	
799	
780,2	
824,8	
819,8
RSTI	
Россети ао
2 764	
124 097 993	
1,4536	
1,4436	
1,4386	
1,4637	
1,457
UPRO	
Юнипро ао
1 800	
120 315 019	
2,734	
2,75	
2,727	
2,751	
2,74
MVID	
М.видео
2 758	
102 476 531	
567	
573,1	
556	
576,9	
568,5
OGKB	
ОГК-2 ао
3 498	
100 544 349	
0,7263	
0,7289	
0,7216	
0,736	
0,7231
LNTA	
Лента др
4 898	
62 599 892	
204,7	
204,1	
202,7	
206,5	
205
QIWI	
iQIWI
3 431	
60 945 682	
1 241	
1 229,5	
1 210	
1 267,5	
1 247
BANEP	
Башнефт ап
2 993	
45 786 474	
1 304	
1 311	
1 300	
1 314	
1 305,5
AGRO	
AGRO-гдр
2 194	
36 266 568	
735,2	
730,6	
727,4	
740	
737,2
SAGOP	
СамарЭн-ап
2 952	
33 600 870	
0,519	
0,407	
0,407	
0,567	
0,53
RTKMP	
Ростел -ап
3 050	
33 132 278	
87,15	
87,9	
86,4	
88,05	
87,25
MSNG	
+МосЭнерго
1 026	
27 152 462	
2,0205	
2,033	
2	
2,0445	
2,037
TGKA	
ТГК-1
2 767	
26 965 864	
0,011322	
0,0113	
0,011232	
0,011378	
0,011272
SAGO	
СамарЭн-ао
1 590	
25 501 100	
0,616	
0,476	
0,476	
0,674	
0,674
RASP	
Распадская
791	
24 252 199	
111,68	
111,56	
110,4	
112,52	
111,82
AQUA	
РусАква ао
1 155	
22 915 235	
229,5	
225	
225	
232	
229,5
MTLRP	
Мечел ап
1 594	
19 840 572	
68,7	
68,5	
67,9	
69,5	
68,2
MTLR	
Мечел ао
3 111	
19 676 098	
63,28	
63	
63	
63,69	
63,23
HIMCP	
Химпром ап
2 872	
19 266 169	
7,56	
6,78	
6,78	
8,09	
7,43
NKHP	
НКХП ао
2 121	
18 343 550	
276,5	
257	
257	
292,5	
271
CNTLP	
Телеграф-п
1 553	
17 643 928	
14,24	
14,66	
14,06	
14,66	
14,38
NMTP	
НМТП ао
1 865	
16 886 055	
8,705	
8,685	
8,645	
8,75	
8,705
RUGR	
Русгрэйн
5 888	
16 566 710	
9,948	
9,402	
9,34	
10,45	
9,59
ETLN	
ETLN-гдр
2 248	
15 436 568	
115,8	
114,04	
114,04	
116,56	
115,98
SELG	
Селигдар
1 139	
15 175 476	
45,29	
43,97	
43,97	
45,86	
45,3
ENRU	
ЭнелРос ао
1 462	
14 576 791	
0,9115	
0,91	
0,907	
0,9175	
0,9105
KTSBP	
КСБ ап
299	
13 269 355	
0,2755	
0,2935	
0,267	
0,294	
0,2705
UNKL	
ЮУНК ао
984	
13 120 230	
6 930	
7 460	
6 600	
7 460	
6 940
BSPB	
БСП ао
1 249	
13 009 209	
42,81	
42,45	
42,31	
43,18	
42,61
LSNGP	
РСетиЛЭ-п
711	
10 464 521	
148,95	
148,95	
148,2	
149,4	
149,05
AVAN	
Авангрд-ао
1 259	
7 082 645	
895	
820	
820	
975	
885
VSMO	
ВСМПО-АВСМ
223	
6 964 400	
17 580	
17 480	
17 480	
17 680	
17 660
AKRN	
Акрон
326	
6 562 612	
5 960	
5 950	
5 916	
5 984	
5 974
ISKJ	
iИСКЧ ао
905	
6 402 787	
21,73	
22,15	
21,2	
22,58	
22,3
ENPG	
ЭН+ГРУП ао
360	
6 199 789	
661	
656	
655,5	
674,5	
662
MRKP	
МРСК ЦП
541	
5 755 558	
0,2131	
0,2127	
0,2114	
0,2149	
0,2138
TRMK	
ТМК ао
284	
5 576 789	
58,58	
58,3	
58,24	
58,8	
58,6
RSTIP	
Россети ап
484	
5 507 837	
2,028	
2,008	
2,008	
2,04	
2,023
LIFE	
iФармсинтз
599	
5 373 159	
7,235	
7,35	
7,16	
7,35	
7,26
GCHE	
ЧеркизГ-ао
592	
5 296 004	
1 870,5	
1 850	
1 849	
1 894	
1 855,5
LNZL	
Лензолото
119	
5 098 910	
18 080	
18 120	
17 980	
18 130	
18 070
NKNCP	
НКНХ ап
975	
4 900 424	
78,58	
78,9	
78,3	
78,9	
78,44
CNTL	
Телеграф
421	
4 588 830	
16,9	
16,95	
16,8	
17,05	
16,85
RNFT	
РуссНфт ао
318	
4 477 074	
426,2	
426	
423,6	
434	
424,2
SELGP	
Селигдар-п
192	
4 421 910	
35,15	
34,95	
34,9	
35,5	
35,15
APTK	
Аптеки36и6
1 070	
4 252 332	
13,404	
13,42	
13,354	
13,484	
13,408
BANE	
Башнефт ао
374	
4 190 576	
1 709,5	
1 705	
1 700	
1 716	
1 714
ABRD	
АбрауДюрсо
477	
3 810 910	
208	
204,5	
204,5	
212	
207
ROLO	
Русолово
292	
3 738 556	
6,988	
6,87	
6,86	
7,12	
6,86
FESH	
ДВМП ао
341	
3 541 264	
7,57	
7,6	
7,48	
7,67	
7,59
TGKB	
ТГК-2
198	
3 471 490	
0,004355	
0,004275	
0,004275	
0,00443	
0,004355
KMAZ	
КАМАЗ
533	
3 217 856	
62,6	
61,8	
61,6	
63,4	
63,1
SFIN	
САФМАР ао
202	
3 122 250	
528,2	
528,8	
528	
529	
529
KLSB	
КалужскСК
489	
3 067 621	
12,89	
12,48	
12,4	
13,28	
12,98
AMEZ	
АшинскийМЗ
430	
3 017 010	
4,625	
4,68	
4,54	
4,745	
4,585
OBUV	
ОР ао
2 017	
2 905 743	
34,35	
34,25	
34,15	
34,7	
34,4
KRKNP	
СаратНПЗ-п
112	
2 656 820	
15 540	
15 480	
15 480	
15 600	
15 500
LNZLP	
Лензол. ап
183	
2 460 870	
4 555	
4 605	
4 480	
4 685	
4 500
IRKT	
ИРКУТ-3
229	
2 422 024	
34,12	
34,22	
33,52	
34,82	
34,32
MRKV	
РсетВол ао
365	
2 393 699	
0,0707	
0,0707	
0,07005	
0,07145	
0,07075
MRKC	
МРСК Центр
444	
2 304 846	
0,286	
0,2854	
0,285	
0,2888	
0,287
ALBK	
БестЭфБ ао
386	
2 268 945	
59,5	
62,5	
57	
62,5	
59
BISVP	
БашИнСв ап
429	
2 222 539	
10,76	
10,4	
10,13	
11,35	
10,29
SLEN	
Сахэнер ао
294	
2 130 186	
6,915	
7,08	
6,745	
7,38	
6,825
SVAV	
СОЛЛЕРС
82	
1 675 425	
285	
285	
284	
287,5	
285
NFAZ	
Нефтекамск
162	
1 510 270	
177	
167	
167	
180	
176
UWGN	
ОВК ао
159	
1 474 519	
231	
228,7	
226,4	
233	
230
YKEN	
Якутскэнрг
104	
1 420 825	
0,4085	
0,3945	
0,3945	
0,4245	
0,405
MSRS	
РСетиМР ао
144	
1 376 280	
1,1645	
1,159	
1,159	
1,1745	
1,1615
NSVZ	
НаукаСвяз
220	
1 315 120	
225	
222,5	
222,5	
229	
225
MGTSP	
МГТС-4ап
183	
1 304 412	
1 982	
1 972	
1 970	
1 998	
1 982
NKNC	
НКНХ ао
337	
1 285 329	
90,5	
91	
90,3	
91	
90,4
BLNG	
Белон ао
343	
1 231 237	
4,102	
4,188	
4,04	
4,226	
4,15
PMSBP	
ПермьЭнС-п
78	
1 215 142	
131,2	
131,8	
130,2	
132	
130,8
LSNG	
РСетиЛЭ
214	
1 202 123	
5,86	
5,83	
5,82	
5,93	
5,89
BRZL	
БурЗолото
222	
1 151 014	
1 120	
1 096	
1 096	
1 135	
1 119
VRSBP	
ТНСэнВор-п
131	
1 116 050	
45	
46	
44	
46,5	
45
DIOD	
ЗаводДИОД
290	
1 104 965	
6,93	
6,67	
6,67	
7,14	
6,96
ALNU	
АЛРОСА-Нюр
12	
1 065 200	
56 000	
56 000	
56 000	
56 200	
56 200
BELU	
Белуга ао
151	
1 011 025	
1 310	
1 320	
1 302	
1 320	
1 307
KRKOP	
ТКЗКК ап
379	
997 242	
8,005	
7,995	
7,865	
8,375	
8,02
CHEP	
ЧТПЗ ао
123	
987 890	
203,5	
203,5	
199	
206	
204,5
VGSB	
ВолгЭнСб
151	
976 280	
3,89	
3,84	
3,68	
4,2	
3,845
UNAC	
iАвиастКао
219	
956 892	
0,454	
0,454	
0,4515	
0,455	
0,455
RKKE	
ЭнергияРКК
100	
902 300	
7 460	
7 710	
7 120	
7 830	
7 330
VZRZP	
Возрожд-п
72	
887 058	
311,2	
310	
307,4	
325	
320
NAUK	
iНПОНаука
110	
750 578	
203,4	
202	
201,2	
207,6	
202
CHMK	
ЧМК ао
83	
740 010	
2 660	
2 695	
2 610	
2 710	
2 640
KUZB	
КузнецкийБ
352	
705 822	
0,01524	
0,01548	
0,015	
0,0156	
0,01523
STSB	
СтаврЭнСб
183	
696 728	
0,5355	
0,51	
0,51	
0,565	
0,54
KZOS	
ОргСинт ао
226	
693 277	
85,8	
86,1	
85,5	
86,2	
85,6
TGKD	
Квадра
91	
686 987	
0,00347	
0,003465	
0,00344	
0,003505	
0,003485
KZOSP	
ОргСинт ап
421	
646 443	
11,33	
11,3	
11,26	
11,5	
11,42
YKENP	
Якутскэн-п
42	
637 170	
0,384	
0,3885	
0,377	
0,425	
0,384
RTGZ	
ГазпРнД ао
24	
615 150	
25 650	
27 150	
23 450	
27 150	
27 150
GAZA	
ГАЗ ао
87	
607 820	
405	
405	
397	
413,5	
402,5
MRKY	
РоссЮг ао
78	
606 505	
0,04925	
0,049	
0,0489	
0,04975	
0,0496
MRSB	
МордЭнСб
58	
600 500	
0,403	
0,398	
0,385	
0,413	
0,41
VJGZ	
Варьеган
137	
590 289	
619	
617	
582	
643	
621
ZILL	
ЗИЛ ао
50	
572 850	
2 480	
2 455	
2 455	
2 540	
2 525
RZSB	
РязЭнСб
22	
554 664	
9,3	
9,34	
9,24	
9,36	
9,3
PAZA	
ПавлАвт ао
29	
547 460	
8 420	
8 450	
8 300	
8 450	
8 330
STSBP	
СтаврЭнСбп
242	
524 150	
0,4035	
0,399	
0,395	
0,4095	
0,4045
TTLK	
Таттел. ао
66	
516 490	
0,327	
0,3215	
0,3215	
0,3325	
0,3255
NKSH	
Нижкамшина
59	
514 888	
22,2	
22,4	
22,04	
22,74	
22,08
TASBP	
ТамбЭнСб-п
57	
499 425	
0,32	
0,3205	
0,3125	
0,328	
0,32
ZVEZ	
ЗВЕЗДА ао
47	
489 780	
4,9	
4,995	
4,78	
5	
4,9
TUZA	
ТЗА ао
99	
483 620	
104	
107	
101	
109	
105
HALS	
Галс-Девел
133	
482 577	
1 253	
1 285	
1 218	
1 299	
1 238
VRSB	
ТНСэнВорон
50	
461 120	
74,4	
74,2	
70,4	
76,2	
76
RBCM	
РБК ао
144	
430 432	
3,26	
3,28	
3,24	
3,294	
3,258
RAVN	
Raven
12	
407 705	
30	
29,8	
29,6	
30,1	
29,6
GAZAP	
ГАЗ ап
44	
406 235	
305,5	
312	
300	
312	
307
URKZ	
УрКузница
22	
404 780	
16 200	
16 180	
15 900	
16 300	
15 940
MAGE	
МагадЭн ао
55	
397 280	
5,84	
5,7	
5,66	
6,08	
5,74
MRKU	
МРСК Ур
64	
396 822	
0,1458	
0,145	
0,1426	
0,1468	
0,1458
DZRDP	
iДонскЗР п
102	
392 070	
1 850	
1 800	
1 790	
1 880	
1 860
MGNZ	
СМЗ-ао
37	
391 510	
4 660	
4 760	
4 620	
4 760	
4 670
MSTT	
Мостотрест
70	
384 328	
153,1	
153,85	
152	
153,95	
152,85
RUSP	
Русполимет
111	
381 277	
0,642	
0,6305	
0,6305	
0,6545	
0,641
CHGZ	
РН-ЗапСиб
34	
360 080	
53,8	
55,8	
53,2	
55,8	
53,4
MGTS	
МГТС-5ао
54	
358 735	
2 215	
2 225	
2 200	
2 260	
2 245
GTRK	
ГТМ ао
126	
353 137	
42,7	
42,6	
42,4	
43	
43
KMEZ	
КМЗ
134	
340 715	
517	
514	
502,5	
539,5	
513
RGSS	
РГС СК ао
89	
334 679	
0,1476	
0,1472	
0,147	
0,1484	
0,1478
ASSB	
АстрЭнСб
58	
309 364	
0,7755	
0,771	
0,765	
0,7885	
0,765
PRMB	
Приморье
11	
299 600	
27 200	
26 800	
26 800	
28 000	
27 800
ELTZ	
Электрцинк
162	
297 728	
179	
181,5	
172	
186	
181
LVHK	
Левенгук
97	
296 769	
8	
8,12	
7,86	
8,13	
8,08
SARE	
СаратЭн-ао
96	
296 316	
0,1366	
0,136	
0,133	
0,1426	
0,1358
IRGZ	
ИркЭнерго
61	
288 926	
12,4	
12,24	
12,2	
12,5	
12,38
DZRD	
iДонскЗР
56	
284 765	
2 065	
2 110	
2 035	
2 120	
2 035
TGKN	
ТГК-14
48	
276 590	
0,00318	
0,00315	
0,00315	
0,0032	
0,00316
RLMN	
Роллман
113	
270 217	
18,2	
18,65	
18,05	
18,65	
18,05
MISBP	
ТНСэМаЭл-п
54	
258 970	
12,2	
11,8	
11,8	
12,4	
12,4
UCSS	
ОКС ао
22	
253 390	
1 490	
1 450	
1 450	
1 500	
1 470
INGR	
ИНГРАД ао
25	
251 805	
807	
786	
786	
809	
807
GEMA	
iММЦБ ао
81	
250 149	
591,5	
592,5	
587	
594	
593
USBN	
УралСиб ао
39	
245 034	
0,0683	
0,068	
0,0677	
0,0689	
0,0682
KUBE	
Кубанэнр
67	
240 894	
73,4	
75,5	
71,4	
75,5	
74,4
RDRB	
РДБанк ао
32	
229 350	
230	
225	
225	
235	
230
DVEC	
ДЭК ао
61	
227 242	
0,92	
0,915	
0,915	
0,925	
0,92
KRSBP	
Красэсб ап
37	
215 266	
6,94	
7,1	
6,42	
7,1	
6,94
KAZT	
Куйбазот
22	
187 966	
151,6	
150,4	
150,4	
153	
151,4
MRKZ	
МРСК СЗ
83	
186 266	
0,0498	
0,0492	
0,0492	
0,04995	
0,0499
VLHZ	
ВХЗ-ао
64	
176 582	
54,35	
54,1	
53,85	
55,5	
54,1
KRSB	
Красэсб ао
34	
171 483	
6,94	
6,95	
6,9	
7,01	
6,91
KGKCP	
КурганГКап
24	
171 185	
55	
56	
54	
56	
55
CHKZ	
ЧКПЗ ао
13	
168 700	
5 440	
5 500	
5 420	
5 500	
5 480
ROST	
РОСИНТЕРао
43	
162 140	
61,4	
62,2	
60,6	
62,6	
61,6
KTSB	
КСБ ао
68	
156 138	
0,618	
0,62	
0,602	
0,646	
0,624
UTAR	
ЮТэйр ао
32	
153 223	
7,03	
7,04	
6,98	
7,05	
7
TASB	
ТамбЭнСб
36	
150 935	
0,397	
0,3885	
0,3885	
0,406	
0,3965
KGKC	
КурганГКао
56	
149 490	
58	
58,5	
56,5	
60	
58
IGST	
Ижсталь2ао
24	
143 815	
992	
950	
950	
999	
998
NNSB	
ТНСэнНН ао
18	
127 715	
1 775	
1 835	
1 750	
1 835	
1 750
MRKS	
РсетСиб ао
21	
124 390	
0,2345	
0,234	
0,234	
0,2365	
0,2345
VGSBP	
ВолгЭнСб-п
28	
115 850	
1,965	
1,75	
1,71	
2,035	
1,95
TORSP	
ТРК ап
7	
114 495	
0,2795	
0,283	
0,2785	
0,2835	
0,2825
PMSB	
ПермьЭнСб
49	
110 780	
131,9	
130,9	
130,7	
133	
132
RTSB	
ТНСэнРст
16	
106 550	
0,59	
0,595	
0,585	
0,6	
0,595
KRKN	
СаратНПЗ
8	
101 450	
12 700	
12 600	
12 600	
12 800	
12 800
TNSE	
ТНСэнрг ао
19	
100 205	
1 000	
990	
990	
1 010	
1 005
IGSTP	
Ижсталь ап
18	
96 731	
896	
903	
884	
903	
900
KOGK	
КоршГОК ао
2	
92 000	
46 000	
46 000	
46 000	
46 000	
46 000
VJGZP	
Варьеган-п
14	
80 860	
352	
353	
348	
354	
352
ARSA	
Арсагера
18	
75 260	
4,18	
4,15	
4,14	
4,25	
4,17
WTCM	
ЦМТ ао
24	
75 248	
9,06	
9,16	
9,04	
9,16	
9,04
YAKG	
ЯТЭК ао
14	
67 165	
42	
41,5	
41,45	
42,35	
42,15
SAREP	
СаратЭн-ап
24	
66 646	
0,115	
0,1198	
0,1114	
0,1198	
0,114
MAGEP	
МагадЭн ап
10	
64 310	
6,39	
6,17	
6,17	
6,6	
6,57
KROT	
КрасОкт-ао
14	
64 145	
377,5	
374	
374	
379	
377,5
KBTK	
КузбТК ао
16	
62 840	
149,6	
151,4	
148,2	
151,4	
148,8
OMZZP	
ОМЗ-ап
16	
59 275	
3 485	
3 510	
3 470	
3 520	
3 480
KBSB	
ТНСэКубань
23	
58 470	
139	
139,5	
137,5	
140	
139
TGKBP	
ТГК-2 ап
46	
57 293	
0,00725	
0,00714	
0,00712	
0,00731	
0,00724
RTSBP	
ТНСэнРст-п
9	
53 600	
0,536	
0,544	
0,527	
0,547	
0,547
MISB	
ТНСэнМарЭл
29	
50 290	
12,3	
11,8	
11,8	
12,5	
12,4
TGKDP	
Квадра-п
24	
49 401	
0,00405	
0,003995	
0,003995	
0,00408	
0,004035
EELT	
ЕвроЭлтех
48	
47 112	
7,92	
7,94	
7,86	
7,98	
7,98
NNSBP	
ТНСэнНН ап
35	
46 184	
660	
669	
652	
685	
655
RUSI	
ИКРУСС-ИНВ
11	
45 740	
38,1	
37,8	
37,8	
38,3	
38,3
UKUZ	
ЮжКузб. ао
27	
43 748	
528	
530	
524	
530	
526
LPSB	
ЛЭСК ао
18	
40 175	
8,05	
8,05	
7,95	
8,1	
8
MFGSP	
Мегион-ап
1	
32 000	
320	
320	
320	
320	
320
KROTP	
КрасОкт-1п
3	
24 570	
273	
273	
273	
273	
273
VSYDP	
ВыбСудЗ ап
5	
23 660	
3 940	
3 900	
3 900	
3 960	
3 960
KCHE	
КамчатЭ ао
6	
23 625	
0,215	
0,212	
0,2115	
0,2175	
0,2165
YRSB	
ТНСэнЯр
6	
22 300	
172	
170	
170	
172	
172
RLMNP	
Роллман-п
23	
21 159	
18,24	
18,14	
18,14	
18,5	
18,18
WTCMP	
ЦМТ ап
8	
18 126	
8,24	
8,24	
8,22	
8,24	
8,24
ROSB	
Росбанк ао
15	
16 722	
79,6	
77,6	
77,6	
81	
79,8
JNOS	
Славн-ЯНОС
5	
16 290	
18,1	
18,05	
18,05	
18,25	
18,25
KAZTP	
Куйбазот-п
4	
11 934	
149,2	
150	
147,8	
150	
147,8
MFGS	
Мегион-ао
3	
11 035	
368	
370	
364	
370	
364
YRSBP	
ТНСэнЯр-п
2	
10 615	
88,5	
88	
88	
88,5	
88,5
MRKK	
Россети СК
19	
10 566	
25,16	
24,06	
24,06	
25,86	
25,7
VSYD	
ВыбСудЗ ао
1	
7 910	
3 955	
3 955	
3 955	
3 955	
3 955
JNOSP	
Слав-ЯНОСп
4	
5 760	
14,4	
14,5	
14,18	
14,5	
14,46
KUNF	
КУЗОЦМ ао
0	
0	
-	
-	
-	
-	
-
PRTK	
ПРОТЕК ао
0	
0	
-	
-	
-	
-	
99,6
GAZS	
ГАЗ-сервис
0	
0	
-	
-	
-	
-	
293
GAZT	
ГАЗ-Тек ао
0	
0	
-	
-	
-	
-	
85
GTSS	
ГЕОТЕК ао
0	
0	
-	
-	
-	
-	
-
HIMC	
Химпром ао
0	
0	
-	
-	
-	
-	
0,99
KCHEP	
КамчатЭ ап
0	
0	
-	
-	
-	
-	
0,389
KMTZ	
КосогМЗ ао
0	
0	
-	
-	
-	
-	
-
KRKO	
ТКЗКК ао
0	
0	
-	
-	
-	
-	
11,8
KSGR	
Кокс ао
0	
0	
-	
-	
-	
-	
-
KUNF	
КУЗОЦМ ао
0	
0	
-	
-	
-	
-	
-
KZMS	
КЗМС ао
0	
0	
-	
-	
-	
-	
226
MFON	
МегаФон ао
0	
0	
-	
-	
-	
-	
650,6
MOBB	
МосОблБанк
0	
0	
-	
-	
-	
-	
0,698
MORI	
Морион ао
0	
0	
-	
-	
-	
-	
4,31
NPOF	
Физика ао
0	
0	
-	
-	
-	
-	
11 850
PRTK	
ПРОТЕК ао
0	
0	
-	
-	
-	
-	
99,6
TORS	
ТРК ао
0	
0	
-	
-	
-	
-	
0,424
TRCN	
ТрансК ао
0	
0	
-	
-	
-	
-	
8 595
TRFM	
ТрансФ ао
0	
0	
-	
-	
-	
-	
-
URKA	
Уркалий-ао
0	
0	
-	
-	
-	
-	
119,04
VZRZ	
Возрожд-ао
0	
0	
-	
-	
-	
-	
480