SBER	
Сбербанк
71 707	
13 059 113 370	
210,45	
211,3	
209,03	
212,66	
210,5
GAZP	
ГАЗПРОМ ао
118 812	
11 100 446 118	
168,6	
171,75	
167,04	
172,26	
167,78
FLOT	
Совкомфлот
134 717	
10 558 146 436	
101,8	
105	
91,56	
105	
100,5
LKOH	
ЛУКОЙЛ
36 408	
5 225 693 400	
4 457	
4 504	
4 398,5	
4 527	
4 453,5
GMKN	
ГМКНорНик
26 717	
4 885 021 824	
18 702	
18 808	
18 554	
18 900	
18 592
YNDX	
Yandex clA
43 830	
4 723 599 832	
4 813,4	
4 891,8	
4 740	
4 902,8	
4 765,6
MGNT	
Магнит ао
27 635	
2 885 761 143	
4 786,5	
4 878	
4 692	
4 897	
4 725
MTSS	
МТС-ао
33 644	
2 553 056 177	
334,55	
341,45	
329,35	
341,75	
332,05
TATN	
Татнфт 3ао
42 341	
2 443 434 574	
467,7	
476,8	
461,6	
479,7	
464,6
AFLT	
Аэрофлот
51 662	
1 816 050 185	
65,92	
67,7	
64,72	
68,3	
65,34
ROSN	
Роснефть
14 059	
1 594 725 979	
387,7	
390	
385,45	
392,95	
388,35
PLZL	
Полюс
11 631	
1 507 322 242	
16 552,5	
16 500	
16 425	
16 661	
16 570,5
ALRS	
АЛРОСА ао
26 389	
1 439 699 527	
76,79	
76,98	
75,68	
77,96	
75,76
IRAO	
ИнтерРАОао
22 332	
1 432 267 800	
5,3185	
5,4445	
5,253	
5,4495	
5,253
MOEX	
МосБиржа
21 831	
1 408 474 402	
152,46	
154,48	
150,82	
154,48	
151,73
SBERP	
Сбербанк-п
22 557	
1 379 450 410	
200,95	
202,02	
199,91	
202,66	
200,74
NVTK	
Новатэк ао
13 215	
1 273 756 250	
1 101,2	
1 108,8	
1 092,4	
1 111,6	
1 094,2
SNGSP	
Сургнфгз-п
14 587	
1 144 229 139	
38,77	
39,33	
38,33	
39,455	
38,625
SNGS	
Сургнфгз
11 570	
1 143 837 406	
35,33	
35,855	
34,995	
35,98	
35,15
POLY	
Polymetal
14 847	
1 051 024 310	
1 676,6	
1 674	
1 660,6	
1 685,6	
1 682,4
AFKS	
Система ао
15 368	
935 000 257	
23,538	
23,22	
23,22	
23,861	
23,5
NLMK	
НЛМК ао
11 225	
917 225 181	
172,34	
173,5	
170,84	
174,36	
173,26
HYDR	
РусГидро
18 644	
810 980 112	
0,7587	
0,767	
0,754	
0,7691	
0,757
VTBR	
ВТБ ао
36 303	
795 693 241	
0,0335	
0,0338	
0,03319	
0,03395	
0,03326
CHMF	
СевСт-ао
12 705	
780 809 897	
994,8	
996	
990,2	
1 003,6	
992,2
MAGN	
ММК
13 506	
745 776 597	
36,765	
37,28	
36,425	
37,31	
36,68
TATNP	
Татнфт 3ап
16 006	
668 695 320	
455,6	
462,6	
449	
462,9	
453,6
FIVE	
FIVE-гдр
9 122	
587 625 802	
2 865	
2 892,5	
2 815,5	
2 904	
2 879
MAIL	
MAIL-гдр
13 098	
537 473 709	
2 148,8	
2 170	
2 132,4	
2 175	
2 154
CBOM	
МКБ ао
8 541	
407 109 919	
5,713	
5,776	
5,672	
5,79	
5,672
SIBN	
Газпрнефть
7 691	
378 180 900	
291,15	
295	
287,35	
295,95	
288,25
DSKY	
ДетскийМир
8 461	
329 361 639	
118,62	
119	
117,62	
120	
118
MVID	
М.видео
5 564	
281 826 197	
682,3	
687,5	
671,2	
700	
683,4
TCSG	
TCS-гдр
7 442	
266 830 506	
1 967,2	
2 004	
1 945	
2 005	
1 960,8
RSTI	
Россети ао
5 509	
244 070 502	
1,4351	
1,4599	
1,42	
1,4599	
1,422
TRNFP	
Транснф ап
887	
229 951 300	
146 300	
146 650	
145 550	
147 400	
145 550
FEES	
ФСК ЕЭС ао
5 687	
215 530 234	
0,1956	
0,19404	
0,19404	
0,1967	
0,1952
PHOR	
ФосАгро ао
4 154	
182 957 148	
2 879	
2 882	
2 840	
2 915	
2 869
HHRU	
iHHRU-адр
3 947	
177 573 477	
1 906,6	
1 899,8	
1 884	
1 927	
1 885,8
ENPG	
ЭН+ГРУП ао
736	
149 971 087	
702	
700,5	
695	
706,5	
705
POGR	
Petropavl
4 679	
148 719 571	
33,135	
33,455	
32,9	
33,455	
33,04
RTKM	
Ростел -ао
5 980	
132 881 573	
95,48	
96,43	
94,85	
96,56	
95,21
LSRG	
ЛСР ао
9 210	
114 280 100	
878,2	
877,2	
869,6	
884	
880
LNTA	
Лента др
9 645	
108 268 290	
226,6	
227,4	
223	
229,6	
223,9
UPRO	
Юнипро ао
2 798	
94 856 630	
2,747	
2,767	
2,726	
2,785	
2,726
RUAL	
РУСАЛ ао
5 909	
80 982 588	
31,005	
31,2	
30,625	
31,22	
31
MTLR	
Мечел ао
6 420	
58 791 344	
61,39	
62,68	
60,75	
62,9	
60,9
APTK	
Аптеки36и6
8 252	
58 641 675	
13,86	
13,93	
13,652	
14,116	
13,714
PIKK	
ПИК ао
1 780	
48 173 878	
569,4	
570	
567	
572,1	
570
BANEP	
Башнефт ап
1 689	
42 763 813	
1 225,5	
1 230	
1 221	
1 234	
1 221
OGKB	
ОГК-2 ао
1 672	
33 872 101	
0,765	
0,771	
0,7582	
0,7743	
0,7623
BSPB	
БСП ао
1 870	
32 301 085	
42,16	
42,6	
41,82	
42,6	
42,12
QIWI	
iQIWI
1 706	
30 280 960	
1 335,5	
1 350,5	
1 312,5	
1 354	
1 326,5
TGKA	
ТГК-1
2 812	
27 617 438	
0,01092	
0,011004	
0,0108	
0,011174	
0,01082
RASP	
Распадская
799	
24 592 077	
119,62	
120,44	
119,1	
121	
119,78
FESH	
ДВМП ао
1 456	
24 389 373	
10,55	
10,79	
10,24	
11	
10,31
AGRO	
AGRO-гдр
1 590	
24 240 543	
734	
736,6	
730,4	
743	
731,8
TRMK	
ТМК ао
308	
22 480 229	
60,88	
60,9	
60,82	
61	
60,88
LNZL	
Лензолото
100	
19 498 970	
18 880	
18 890	
18 810	
18 910	
18 850
NMTP	
НМТП ао
1 768	
18 535 749	
8,47	
8,51	
8,405	
8,55	
8,42
AKRN	
Акрон
489	
16 808 676	
6 178	
6 214	
6 128	
6 280	
6 170
AQUA	
РусАква ао
946	
15 045 200	
254	
254	
249	
261	
252,5
RUGR	
Русгрэйн
5 692	
13 988 428	
9,396	
9,048	
8,96	
9,8	
9,1
ETLN	
ETLN-гдр
3 701	
13 910 364	
123,2	
124,2	
122,64	
124,22	
122,82
MTLRP	
Мечел ап
1 167	
13 354 423	
67,75	
69,1	
67,05	
69,45	
67,4
ENRU	
ЭнелРос ао
1 168	
10 160 799	
0,919	
0,9245	
0,916	
0,9295	
0,9175
OBUV	
ОР ао
2 450	
10 051 551	
30,55	
30,75	
30,35	
30,9	
30,45
MSNG	
+МосЭнерго
545	
9 347 380	
2,036	
2,0405	
2,0235	
2,0595	
2,0295
RTKMP	
Ростел -ап
886	
8 779 118	
86,7	
86,5	
86,2	
87,2	
86,4
BISVP	
БашИнСв ап
658	
8 436 513	
11,68	
11,94	
11,03	
11,96	
11,25
LSNGP	
РСетиЛЭ-п
592	
7 406 560	
152,15	
153,35	
151	
153,35	
152,35
MRKP	
МРСК ЦП
639	
7 229 997	
0,2219	
0,2227	
0,22	
0,2244	
0,2221
HIMCP	
Химпром ап
747	
7 115 200	
8,11	
8,11	
7,91	
8,28	
7,91
GCHE	
ЧеркизГ-ао
582	
7 074 948	
1 854,5	
1 867	
1 841	
1 867	
1 841
ISKJ	
iИСКЧ ао
533	
6 286 304	
33,26	
33,8	
32,7	
33,8	
33,07
SELG	
Селигдар
448	
5 452 713	
41,91	
42,5	
41,3	
42,92	
41,3
NKNCP	
НКНХ ап
769	
5 363 332	
76,6	
76,66	
76,4	
76,92	
76,6
MSRS	
РСетиМР ао
272	
5 211 635	
1,1545	
1,159	
1,125	
1,167	
1,1615
INGR	
ИНГРАД ао
348	
5 183 859	
839	
830	
830	
844	
844
RSTIP	
Россети ап
408	
5 001 490	
2,001	
2,011	
1,993	
2,017	
2
KRKNP	
СаратНПЗ-п
157	
4 707 940	
15 340	
15 400	
15 280	
15 440	
15 320
LIFE	
iФармсинтз
590	
4 607 865	
6,84	
6,925	
6,75	
6,945	
6,76
VSMO	
ВСМПО-АВСМ
96	
3 725 620	
17 100	
17 040	
17 040	
17 120	
17 060
BANE	
Башнефт ао
341	
3 578 930	
1 631	
1 644	
1 625,5	
1 644	
1 631
MRKC	
МРСК Центр
737	
3 459 600	
0,2976	
0,296	
0,295	
0,3016	
0,296
ALNU	
АЛРОСА-Нюр
12	
3 420 400	
57 000	
57 200	
57 000	
57 200	
57 000
CNTL	
Телеграф
316	
3 213 205	
16,6	
16,7	
16,45	
16,75	
16,6
MRKV	
РсетВол ао
263	
3 179 767	
0,06915	
0,0693	
0,0687	
0,0694	
0,0692
SELGP	
Селигдар-п
213	
3 015 575	
34,8	
34,95	
34,3	
35,1	
34,75
NSVZ	
НаукаСвяз
440	
2 930 985	
200,5	
211,5	
195	
215	
198
HALS	
Галс-Девел
332	
2 644 291	
1 176	
1 230	
1 142	
1 230	
1 148
UWGN	
ОВК ао
515	
2 512 169	
203,1	
205,8	
201	
208,9	
201,4
TGKD	
Квадра
1 028	
2 425 129	
0,003785	
0,00376	
0,003735	
0,00385	
0,00374
AVAN	
Авангрд-ао
595	
2 348 275	
860	
815	
815	
925	
830
MGNZ	
СМЗ-ао
263	
2 281 620	
5 100	
4 740	
4 740	
5 350	
5 040
ABRD	
АбрауДюрсо
372	
2 025 465	
199,5	
197	
193,5	
204,5	
196
CNTLP	
Телеграф-п
349	
2 013 054	
14,18	
14,28	
14,14	
14,28	
14,18
KGKCP	
КурганГКап
197	
2 001 705	
56	
52	
52	
57	
57
MRKS	
РсетСиб ао
60	
1 960 935	
0,2335	
0,23	
0,2285	
0,239	
0,2335
BELU	
Белуга ао
273	
1 958 033	
1 252	
1 277	
1 246	
1 280	
1 264
TGKB	
ТГК-2
165	
1 886 260	
0,004005	
0,00401	
0,00395	
0,00407	
0,003965
KZOS	
ОргСинт ао
371	
1 820 971	
80,2	
80,6	
79,9	
80,8	
80
LNZLP	
Лензол. ап
178	
1 771 350	
3 955	
3 965	
3 930	
3 970	
3 940
KMAZ	
КАМАЗ
539	
1 752 484	
59,1	
59,9	
58,8	
59,9	
59,3
RNFT	
РуссНфт ао
614	
1 750 793	
348,8	
352,8	
345,2	
359,8	
347,4
LSNG	
РСетиЛЭ
261	
1 467 538	
5,54	
5,6	
5,49	
5,6	
5,54
EELT	
ЕвроЭлтех
141	
1 441 160	
7,74	
7,42	
7,42	
8,18	
7,72
TTLK	
Таттел. ао
92	
1 273 935	
0,329	
0,3305	
0,325	
0,3345	
0,3275
CHMK	
ЧМК ао
118	
1 120 815	
2 480	
2 585	
2 440	
2 585	
2 490
SVAV	
СОЛЛЕРС
59	
1 111 670	
288,5	
288	
287	
290	
288,5
NKNC	
НКНХ ао
290	
1 073 788	
88,6	
89,65	
87,55	
89,65	
88,4
UNAC	
iАвиастКао
308	
1 057 297	
0,4225	
0,4205	
0,417	
0,426	
0,423
IRGZ	
ИркЭнерго
149	
1 029 272	
11,56	
11,56	
11,38	
11,82	
11,52
ALBK	
БестЭфБ ао
284	
1 027 230	
60,5	
60,5	
57,5	
66,5	
58
ROLO	
Русолово
83	
994 450	
6,216	
6,34	
6,15	
6,34	
6,2
DVEC	
ДЭК ао
78	
957 549	
0,913	
0,918	
0,909	
0,918	
0,913
MGTSP	
МГТС-4ап
123	
946 562	
1 916	
1 920	
1 910	
1 926	
1 914
MRSB	
МордЭнСб
72	
793 120	
0,441	
0,442	
0,439	
0,443	
0,44
RKKE	
ЭнергияРКК
49	
762 820	
6 630	
6 700	
6 600	
6 700	
6 620
KGKC	
КурганГКао
89	
706 180	
56	
55	
54	
56,5	
56
YAKG	
ЯТЭК ао
40	
692 320	
49,8	
49,55	
49,55	
50,45	
49,9
NKHP	
НКХП ао
107	
690 760	
258,5	
259	
254	
262,5	
258
KZOSP	
ОргСинт ап
637	
668 694	
11,14	
11,1	
11	
11,24	
11,16
RGSS	
РГС СК ао
112	
665 199	
0,1444	
0,1444	
0,142	
0,147	
0,1446
GEMA	
iММЦБ ао
91	
645 357	
601	
609	
600	
609	
601
MRKY	
РоссЮг ао
325	
637 854	
0,0471	
0,04705	
0,0469	
0,04735	
0,04715
AMEZ	
АшинскийМЗ
497	
621 909	
4,735	
4,705	
4,7	
4,755	
4,735
NNSBP	
ТНСэнНН ап
143	
619 916	
707	
755	
700	
755	
715
TGKN	
ТГК-14
77	
600 010	
0,00306	
0,00307	
0,00305	
0,00309	
0,00307
NFAZ	
Нефтекамск
97	
586 474	
208	
204,4	
203	
215	
208
KAZT	
Куйбазот
36	
585 044	
153,2	
154,4	
153	
154,6	
154,2
BLNG	
Белон ао
54	
575 699	
4,252	
4,24	
4,17	
4,282	
4,17
SFIN	
САФМАР ао
27	
569 446	
474,6	
476	
466,6	
477	
475,4
TNSE	
ТНСэнрг ао
58	
546 330	
1 015	
1 045	
1 000	
1 055	
1 040
BRZL	
БурЗолото
162	
539 718	
966	
969	
944	
975	
966
VZRZP	
Возрожд-п
58	
463 900	
301,2	
303,2	
300	
305	
302
PRMB	
Приморье
15	
463 200	
25 800	
25 400	
25 400	
26 200	
25 800
WTCMP	
ЦМТ ап
37	
456 730	
8,12	
8,18	
8,02	
8,22	
8,12
VRSB	
ТНСэнВорон
24	
452 580	
68,6	
69,6	
68,4	
69,8	
68,6
CHGZ	
РН-ЗапСиб
28	
437 480	
52	
52,4	
51,4	
53	
52,2
GTRK	
ГТМ ао
686	
427 641	
42,6	
42,35	
42,15	
43	
42,5
YKEN	
Якутскэнрг
50	
404 280	
0,3885	
0,4005	
0,383	
0,4005	
0,388
ZILL	
ЗИЛ ао
31	
391 300	
2 510	
2 500	
2 480	
2 550	
2 505
CHEP	
ЧТПЗ ао
46	
383 620	
208,5	
208	
208	
209,5	
208
NNSB	
ТНСэнНН ао
61	
380 460	
2 090	
2 140	
2 040	
2 250	
2 065
KROT	
КрасОкт-ао
30	
379 770	
368,5	
366,5	
366	
371,5	
366,5
JNOS	
Славн-ЯНОС
19	
340 245	
18,3	
18,4	
18,1	
18,4	
18,25
UCSS	
ОКС ао
50	
337 300	
1 450	
1 460	
1 410	
1 490	
1 470
IRKT	
ИРКУТ-3
48	
331 660	
32,84	
33,36	
32,56	
33,36	
32,6
RBCM	
РБК ао
114	
318 170	
3,29	
3,3	
3,262	
3,318	
3,29
TGKBP	
ТГК-2 ап
85	
284 104	
0,00681	
0,00687	
0,00678	
0,00693	
0,00684
DIOD	
ЗаводДИОД
86	
279 034	
7,27	
7,45	
7,18	
7,45	
7,25
RAVN	
Raven
27	
272 940	
28,15	
28,3	
28	
28,3	
28,15
ZVEZ	
ЗВЕЗДА ао
36	
257 160	
4,435	
4,45	
4,405	
4,45	
4,415
UNKL	
ЮУНК ао
36	
249 220	
6 560	
6 610	
6 510	
6 610	
6 530
NKSH	
Нижкамшина
13	
239 546	
22,18	
22,18	
22,14	
22,28	
22,28
GAZA	
ГАЗ ао
31	
229 930	
396,5	
398,5	
390,5	
400	
393
KLSB	
КалужскСК
35	
229 261	
13,1	
13,28	
13	
13,28	
13,15
LVHK	
Левенгук
104	
228 536	
8,16	
8,22	
8,11	
8,3	
8,17
KUZB	
КузнецкийБ
195	
221 879	
0,01367	
0,0138	
0,01356	
0,01397	
0,01382
USBN	
УралСиб ао
29	
217 356	
0,0673	
0,0671	
0,0668	
0,0677	
0,067
KRKOP	
ТКЗКК ап
70	
207 875	
8,45	
8,6	
8,33	
8,735	
8,33
RUSP	
Русполимет
83	
206 474	
0,6335	
0,64	
0,63	
0,64	
0,6345
SAGO	
СамарЭн-ао
24	
200 260	
0,624	
0,626	
0,614	
0,65	
0,614
MRKZ	
МРСК СЗ
138	
182 910	
0,04955	
0,04965	
0,0493	
0,04975	
0,04945
PMSBP	
ПермьЭнС-п
67	
180 476	
130,8	
130,2	
130,2	
131,2	
130,6
PAZA	
ПавлАвт ао
17	
177 750	
8 080	
8 050	
8 050	
8 170	
8 050
URKZ	
УрКузница
9	
175 760	
15 980	
16 120	
15 940	
16 120	
15 940
MGTS	
МГТС-5ао
30	
173 605	
2 170	
2 175	
2 165	
2 185	
2 165
VRSBP	
ТНСэнВор-п
21	
172 150	
45,5	
46	
45	
46	
45
VJGZ	
Варьеган
35	
169 481	
605	
613	
604	
615	
607
IGSTP	
Ижсталь ап
40	
166 119	
852	
863	
836	
865	
851
KRKN	
СаратНПЗ
9	
157 300	
12 100	
12 400	
12 000	
12 400	
12 050
TGKDP	
Квадра-п
53	
155 135	
0,004685	
0,00476	
0,004635	
0,00476	
0,004695
TASBP	
ТамбЭнСб-п
46	
149 755	
0,2935	
0,283	
0,2825	
0,305	
0,2945
MAGE	
МагадЭн ао
20	
143 190	
5,97	
6,1	
5,9	
6,1	
5,92
VGSB	
ВолгЭнСб
23	
138 590	
3,96	
4	
3,945	
4	
3,965
NAUK	
iНПОНаука
38	
135 718	
199,6	
201	
197,6	
203,6	
199,6
VLHZ	
ВХЗ-ао
14	
129 960	
54,15	
54,2	
53,9	
54,2	
54,2
ELTZ	
Электрцинк
59	
126 232	
169	
170	
166,5	
171	
167,5
CHKZ	
ЧКПЗ ао
12	
125 600	
5 240	
5 300	
5 200	
5 300	
5 220
DZRDP	
iДонскЗР п
63	
124 270	
1 570	
1 570	
1 540	
1 600	
1 570
STSBP	
СтаврЭнСбп
52	
115 405	
0,3785	
0,3835	
0,3775	
0,3835	
0,3775
KBTK	
КузбТК ао
31	
115 302	
146	
146,8	
145,2	
147,4	
146,8
MRKU	
МРСК Ур
40	
115 038	
0,137	
0,137	
0,1366	
0,1374	
0,137
YRSBP	
ТНСэнЯр-п
45	
108 630	
90	
88,5	
86,5	
93	
89
RDRB	
РДБанк ао
27	
108 000	
230	
230	
225	
235	
235
MFGSP	
Мегион-ап
26	
92 245	
288,5	
296,5	
278	
296,5	
290
TORSP	
ТРК ап
12	
86 955	
0,2805	
0,2795	
0,274	
0,282	
0,282
ARSA	
Арсагера
17	
81 780	
3,72	
3,72	
3,69	
3,77	
3,7
KUBE	
Кубанэнр
13	
80 324	
71,7	
72,7	
71,6	
72,7	
71,8
SAGOP	
СамарЭн-ап
14	
78 280	
0,487	
0,505	
0,479	
0,507	
0,484
TASB	
ТамбЭнСб
8	
76 860	
0,4045	
0,406	
0,4035	
0,406	
0,404
MRKK	
Россети СК
26	
76 204	
24,9	
25,06	
24,84	
25,2	
25,18
ASSB	
АстрЭнСб
27	
75 083	
0,7585	
0,756	
0,7555	
0,7685	
0,7565
PMSB	
ПермьЭнСб
19	
73 019	
132,8	
133	
132,3	
133	
133
KBSB	
ТНСэКубань
32	
69 795	
137	
136,5	
136	
138	
137
VJGZP	
Варьеган-п
18	
65 830	
329	
336	
325	
336	
326
TUZA	
ТЗА ао
14	
64 620	
104	
106	
104	
106	
105
SARE	
СаратЭн-ао
21	
61 896	
0,1346	
0,1388	
0,132	
0,1398	
0,132
SAREP	
СаратЭн-ап
22	
61 850	
0,1104	
0,1108	
0,1096	
0,1108	
0,1096
SLEN	
Сахэнер ао
29	
59 341	
5,82	
5,835	
5,78	
5,84	
5,81
YKENP	
Якутскэн-п
8	
57 030	
0,38	
0,3825	
0,378	
0,3825	
0,382
GAZAP	
ГАЗ ап
12	
56 070	
311,5	
308	
308	
313,5	
312
RTGZ	
ГазпРнД ао
2	
54 600	
27 300	
27 300	
27 300	
27 300	
27 300
VGSBP	
ВолгЭнСб-п
16	
51 040	
1,89	
1,895	
1,875	
1,895	
1,875
KRSBP	
Красэсб ап
22	
49 280	
7,14	
7,04	
7,04	
7,22	
7,12
UTAR	
ЮТэйр ао
20	
45 205	
6,75	
6,76	
6,74	
6,81	
6,74
OMZZP	
ОМЗ-ап
11	
45 070	
3 465	
3 440	
3 440	
3 485	
3 480
ROSB	
Росбанк ао
14	
44 424	
76,6	
76,4	
76	
77,8	
76,6
STSB	
СтаврЭнСб
28	
39 494	
0,5565	
0,568	
0,551	
0,5695	
0,5545
TORS	
ТРК ао
6	
38 780	
0,385	
0,391	
0,385	
0,391	
0,388
YRSB	
ТНСэнЯр
10	
37 660	
172	
168	
168	
174	
168
KTSBP	
КСБ ап
11	
34 250	
0,2855	
0,283	
0,283	
0,2885	
0,2855
KTSB	
КСБ ао
9	
33 242	
0,616	
0,624	
0,61	
0,624	
0,616
IGST	
Ижсталь2ао
17	
33 007	
943	
944	
941	
952	
948
LPSB	
ЛЭСК ао
13	
32 935	
8,05	
8,15	
8	
8,15	
8
DZRD	
iДонскЗР
15	
30 930	
2 060	
2 085	
2 035	
2 085	
2 040
UKUZ	
ЮжКузб. ао
13	
30 278	
504	
512	
500	
512	
500
RTSBP	
ТНСэнРст-п
6	
29 690	
0,495	
0,475	
0,475	
0,504	
0,504
JNOSP	
Слав-ЯНОСп
10	
27 872	
13,94	
13,84	
13,84	
14,1	
13,88
RTSB	
ТНСэнРст
3	
27 750	
0,555	
0,555	
0,555	
0,555	
0,555
KRSB	
Красэсб ао
17	
25 801	
7,17	
7,15	
7,13	
7,23	
7,19
MISBP	
ТНСэМаЭл-п
9	
24 830	
11,8	
11,8	
11,8	
12	
11,8
KROTP	
КрасОкт-1п
7	
23 695	
263,5	
266	
261	
266	
261
MAGEP	
МагадЭн ап
3	
23 550	
5,89	
5,89	
5,88	
5,89	
5,88
WTCM	
ЦМТ ао
20	
22 198	
8,88	
9	
8,82	
9	
8,82
KMEZ	
КМЗ
21	
21 369	
497	
499	
494,5	
501	
499
VSYD	
ВыбСудЗ ао
4	
16 040	
4 010	
4 040	
4 000	
4 040	
4 000
MFGS	
Мегион-ао
5	
16 000	
320	
321	
319	
322	
319
VSYDP	
ВыбСудЗ ап
3	
15 460	
3 860	
3 840	
3 840	
3 880	
3 880
MISB	
ТНСэнМарЭл
6	
10 950	
12,2	
12,2	
12,1	
12,2	
12,1
ROST	
РОСИНТЕРао
7	
10 496	
61,8	
62	
61,4	
62	
61,8
RLMN	
Роллман
22	
7 473	
17	
17	
16,9	
17,15	
16,95
RLMNP	
Роллман-п
12	
4 518	
18,08	
18,08	
17,88	
18,12	
18,12
KCHE	
КамчатЭ ао
2	
4 195	
0,21	
0,2105	
0,209	
0,2105	
0,21
KCHEP	
КамчатЭ ап
1	
3 850	
0,385	
0,385	
0,385	
0,385	
0,385
RUSI	
ИКРУСС-ИНВ
1	
3 830	
38,3	
38,3	
38,3	
38,3	
38,3
KAZTP	
Куйбазот-п
2	
3 080	
154	
154	
154	
154	
154
RZSB	
РязЭнСб
2	
1 814	
9,08	
9,1	
9,04	
9,1	
9,04
KRKO	
ТКЗКК ао
0	
0	
-	
-	
-	
-	
11,8
MORI	
Морион ао
0	
0	
-	
-	
-	
-	
4,31
GAZC	
ГАЗКОН-ао
0	
0	
-	
-	
-	
-	
295
GTSS	
ГЕОТЕК ао
0	
0	
-	
-	
-	
-	
-
KUNF	
КУЗОЦМ ао
0	
0	
-	
-	
-	
-	
-
PRTK	
ПРОТЕК ао
0	
0	
-	
-	
-	
-	
99,6
NPOF	
Физика ао
0	
0	
-	
-	
-	
-	
11 850
TRCN	
ТрансК ао
0	
0	
-	
-	
-	
-	
8 595
GAZS	
ГАЗ-сервис
0	
0	
-	
-	
-	
-	
293
KMTZ	
КосогМЗ ао
0	
0	
-	
-	
-	
-	
-
KZMS	
КЗМС ао
0	
0	
-	
-	
-	
-	
226
MSTT	
Мостотрест
0	
0	
-	
-	
-	
-	
161
TRFM	
ТрансФ ао
0	
0	
-	
-	
-	
-	
-
BISV	
БашИнСв ао
0	
0	
-	
-	
-	
-	
8,7
GAZT	
ГАЗ-Тек ао
0	
0	
-	
-	
-	
-	
85
HIMC	
Химпром ао
0	
0	
-	
-	
-	
-	
0,99
KOGK	
КоршГОК ао
0	
0	
-	
-	
-	
-	
45 000
KSGR	
Кокс ао
0	
0	
-	
-	
-	
-	
-
MOBB	
МосОблБанк
0	
0	
-	
-	
-	
-	
0,698
URKA	
Уркалий-ао
0	
0	
-	
-	
-	
-	
119,04
VZRZ	
Возрожд-ао
0	
0	
-	
-	
-	
-	
480
MFON	
МегаФон ао
0	
0	
-	
-	
-	
-	
650,6