SBER	
Сбербанк
115 923	
17 786 713 217	
197,67	
196,02	
195,12	
200,29	
200,29
LKOH	
ЛУКОЙЛ
52 181	
9 838 332 000	
5 106	
5 063	
5 036,5	
5 175	
5 140
GAZP	
ГАЗПРОМ ао
60 697	
9 411 722 612	
191,04	
189,7	
188,1	
194,11	
194,11
GMKN	
ГМКНорНик
27 487	
5 943 280 524	
19 836	
19 592	
19 504	
20 164	
20 164
ROSN	
Роснефть
40 298	
4 760 848 142	
339,2	
337	
335,7	
342,95	
341,5
SNGS	
Сургнфгз
38 639	
3 682 843 695	
36,535	
36,8	
35,08	
37,1	
36,875
TATN	
Татнфт 3ао
31 973	
2 743 675 856	
583,5	
583,8	
574,8	
598	
598
TRMK	
ТМК ао
61 965	
2 544 875 438	
55,02	
46,78	
46,76	
58	
57,24
SBERP	
Сбербанк-п
35 822	
2 179 334 053	
183,62	
182,8	
181,54	
185,17	
185,17
VTBR	
ВТБ ао
47 470	
2 177 946 995	
0,034595	
0,03437	
0,03392	
0,035	
0,035
MGNT	
Магнит ао
29 422	
2 118 724 730	
3 314	
3 230	
3 204	
3 377	
3 372,5
NVTK	
Новатэк ао
20 569	
2 118 101 191	
1 036,2	
1 033,8	
1 016,2	
1 053,8	
1 053,8
YNDX	
Yandex clA
28 515	
2 022 273 555	
2 666,2	
2 622	
2 600,2	
2 742,6	
2 742,6
MOEX	
МосБиржа
35 044	
1 790 586 052	
102,79	
101,02	
100	
104,3	
104,2
AFLT	
Аэрофлот
37 074	
1 781 349 776	
75,88	
75,06	
74,84	
77	
77
PLZL	
Полюс
16 450	
1 769 976 225	
10 957,5	
10 970	
10 846,5	
11 070	
11 050,5
SNGSP	
Сургнфгз-п
23 934	
1 293 447 253	
38,185	
37,7	
37,295	
38,7	
38,7
ALRS	
АЛРОСА ао
21 176	
1 197 539 496	
65,18	
65,3	
64,58	
65,58	
65,58
NLMK	
НЛМК ао
18 163	
1 080 628 241	
131,06	
131,12	
129,14	
133	
133
MTSS	
МТС-ао
12 029	
1 047 532 551	
310,3	
307,9	
306,1	
313,85	
313,85
IRAO	
ИнтерРАОао
16 104	
1 028 842 822	
5,255	
5,271	
5,19	
5,3315	
5,2865
FIVE	
FIVE-гдр
15 868	
914 606 305	
2 242	
2 259	
2 183	
2 290	
2 290
TCSG	
TCS-гдр
23 784	
818 801 666	
949,8	
940,4	
915	
967	
959
POLY	
Polymetal
13 486	
794 492 930	
1 307,1	
1 306,8	
1 270	
1 324,5	
1 324,5
CHMF	
СевСт-ао
12 766	
724 982 091	
889,8	
884	
878	
899,2	
899,2
AFKS	
Система ао
16 205	
688 590 701	
14,057	
13,84	
13,67	
14,41	
14,16
HYDR	
РусГидро
17 562	
645 418 796	
0,6311	
0,6324	
0,6233	
0,6394	
0,6357
RSTI	
Россети ао
15 388	
627 697 777	
1,2753	
1,242	
1,226	
1,3022	
1,2989
FEES	
ФСК ЕЭС ао
14 495	
525 600 956	
0,17502	
0,17414	
0,17102	
0,17844	
0,17824
TATNP	
Татнфт 3ап
12 305	
522 901 352	
551,6	
557,5	
542,2	
561,8	
555,4
SIBN	
Газпрнефть
9 296	
495 879 360	
337,7	
336,8	
333,7	
341,4	
338,9
MAGN	
ММК
8 094	
457 929 641	
39,345	
38,9	
38,645	
39,955	
39,955
PHOR	
ФосАгро ао
10 258	
409 293 147	
2 512	
2 462	
2 458	
2 563	
2 560
RUAL	
RUSAL plc
19 988	
401 560 565	
25,595	
25,9	
25,13	
25,945	
25,75
MTLR	
Мечел ао
23 298	
288 963 167	
65,67	
64,99	
64	
66,87	
66,26
RTKM	
Ростел -ао
12 800	
282 018 557	
77,67	
78,7	
76,3	
79	
79
CBOM	
МКБ ао
13 344	
279 335 078	
5,639	
5,625	
5,541	
5,685	
5,63
TRNFP	
Транснф ап
1 044	
247 247 850	
156 800	
158 100	
155 100	
159 150	
157 700
BANEP	
Башнефт ап
4 241	
185 042 102	
1 386,5	
1 388	
1 368	
1 403	
1 382,5
TGKA	
ТГК-1
8 086	
154 353 102	
0,01111	
0,011092	
0,010932	
0,01137	
0,01122
OGKB	
ОГК-2 ао
8 380	
142 293 930	
0,6042	
0,5888	
0,5853	
0,615	
0,6139
UPRO	
Юнипро ао
4 660	
121 910 364	
2,632	
2,615	
2,584	
2,668	
2,66
DSKY	
ДетскийМир
6 951	
114 001 523	
98,84	
98,46	
97,58	
100	
100
MSNG	
+МосЭнерго
4 219	
111 367 741	
1,9945	
2,01	
1,96	
2,04	
2,0205
MTLRP	
Мечел ап
3 273	
93 381 729	
65,7	
64,9	
64	
67	
65,75
LNTA	
Лента др
6 688	
79 971 092	
153,8	
151	
149,2	
155,5	
154
QIWI	
iQIWI
2 803	
62 033 404	
875	
874	
866	
886	
874,5
LSRG	
ЛСР ао
4 635	
58 391 964	
611,6	
603	
602	
619	
610
RASP	
Распадская
1 742	
56 392 424	
99,58	
99,22	
98,7	
100,84	
100,68
NMTP	
НМТП ао
8 094	
44 844 274	
8,73	
8,88	
8,655	
8,975	
8,725
NKNCP	
НКНХ ап
2 439	
42 652 842	
83,2	
83	
82,1	
84	
83
AKRN	
Акрон
726	
36 231 464	
6 000	
6 042	
5 980	
6 042	
6 000
RTKMP	
Ростел -ап
2 320	
35 554 657	
65,6	
66,1	
65	
66,3	
66,25
PIKK	
ПИК ао
2 164	
35 518 907	
397,4	
395,3	
395	
402,9	
402,9
PAZA	
ПавлАвт ао
1 704	
26 221 500	
9 870	
10 520	
8 170	
12 000	
9 110
MVID	
М.видео
1 045	
21 785 646	
378	
377,8	
374,1	
384,5	
380,4
ENPG	
ЭН+ГРУП ао
427	
21 752 420	
556,1	
559,9	
553,5	
569,9	
568,8
AGRO	
AGRO-гдр
2 227	
20 093 575	
606,4	
601	
601	
610	
605,6
ENRU	
ЭнелРос ао
1 365	
19 586 905	
0,908	
0,9115	
0,9	
0,9195	
0,907
RSTIP	
Россети ап
1 243	
19 126 067	
1,492	
1,472	
1,44	
1,518	
1,5
BANE	
Башнефт ао
1 058	
18 612 975	
1 691,5	
1 695,5	
1 663,5	
1 711	
1 693
BSPB	
БСП ао
2 468	
17 996 718	
46,99	
46,03	
46,03	
48	
46,8
UCSS	
ОКС ао
2 159	
17 126 410	
1 820	
1 630	
1 540	
2 090	
1 590
GCHE	
ЧеркизГ-ао
2 243	
16 923 367	
1 797	
1 849,5	
1 760	
1 849,5	
1 800
APTK	
Аптеки36и6
5 472	
13 545 088	
13,494	
13,35	
13,3	
14	
13,446
ENPL	
ENPL-гдр
646	
12 733 320	
535,8	
539,8	
530,6	
541,4	
540,2
MRKP	
МРСК ЦП
948	
12 594 378	
0,1703	
0,169	
0,1656	
0,1726	
0,1726
NSVZ	
НаукаСвяз
1 361	
12 424 045	
261,5	
237,5	
237,5	
290,5	
250,5
VSMO	
ВСМПО-АВСМ
280	
11 797 680	
19 720	
19 780	
19 560	
19 960	
19 960
ETLN	
ETLN-гдр
1 061	
11 249 351	
93,08	
95	
92,6	
95,98	
93
MRKV	
МРСКВол
955	
9 341 081	
0,0692	
0,0688	
0,06805	
0,0702	
0,06975
SVAV	
СОЛЛЕРС
217	
9 332 375	
255	
253	
251,5	
257,5	
256
OBUV	
ОР ао
1 056	
8 827 121	
31,1	
31,35	
30,75	
31,45	
31
RUGR	
Русгрэйн
5 384	
8 109 393	
7,838	
8,116	
7,53	
8,318	
7,85
GTRK	
ГТМ ао
1 247	
8 098 378	
35,3	
34,25	
32,6	
37,45	
37,4
TGKN	
ТГК-14
374	
7 994 540	
0,00345	
0,00333	
0,00329	
0,00351	
0,00348
TGKB	
ТГК-2
541	
7 978 660	
0,003845	
0,003885	
0,0038	
0,003895	
0,003855
KMAZ	
КАМАЗ
791	
7 502 866	
53,7	
54,6	
53	
54,8	
53,7
OMZZP	
ОМЗ-ап
984	
7 009 655	
3 840	
3 100	
3 100	
4 250	
3 520
NKNC	
НКНХ ао
869	
6 973 839	
99,5	
101,1	
97,45	
101,1	
100,3
BELU	
Белуга ао
399	
6 857 004	
1 308	
1 250	
1 249	
1 339	
1 318
SFIN	
САФМАР ао
462	
6 454 312	
453,6	
458,6	
451,2	
458,6	
455,6
AMEZ	
АшинскийМЗ
691	
5 908 228	
3,65	
3,64	
3,57	
3,765	
3,665
MRKC	
МРСК Центр
880	
5 694 831	
0,2496	
0,251	
0,2452	
0,254	
0,2532
RNFT	
РуссНфт ао
1 915	
5 470 784	
455,2	
456,2	
453,2	
464	
458,6
KMEZ	
КМЗ
867	
5 291 193	
453,5	
428,5	
402,5	
500	
430
AQUA	
РусАква ао
341	
4 415 930	
202	
204	
201	
204	
202,5
KZOS	
ОргСинт ао
452	
3 593 588	
91,1	
90,2	
90,1	
92	
91,6
MGTSP	
МГТС-4ап
210	
3 281 886	
2 260	
2 236	
2 236	
2 284	
2 256
FESH	
ДВМП ао
463	
3 106 746	
6,5	
6,6	
6,3	
6,66	
6,55
MSTT	
Мостотрест
350	
3 055 662	
160,05	
160,7	
158,05	
160,7	
160,35
LNZL	
Лензолото
145	
3 017 320	
8 200	
8 100	
8 100	
8 340	
8 190
CHKZ	
ЧКПЗ ао
239	
2 919 000	
5 760	
5 920	
5 340	
6 500	
5 640
LIFE	
iФармсинтз
360	
2 907 094	
6,3	
6,29	
6,125	
6,35	
6,33
KRKNP	
СаратНПЗ-п
103	
2 853 120	
15 420	
15 360	
15 340	
15 540	
15 380
UNAC	
iАвиастКао
348	
2 838 567	
0,483	
0,5035	
0,46	
0,5035	
0,492
MSRS	
МОЭСК
342	
2 759 080	
1,004	
0,974	
0,968	
1,0285	
1,019
ZILL	
ЗИЛ ао
398	
2 659 980	
1 422	
1 360	
1 304	
1 550	
1 402
RBCM	
РБК ао
718	
2 538 535	
3,106	
3,07	
3,028	
3,182	
3,152
TTLK	
Таттел. ао
286	
2 383 935	
0,2915	
0,2975	
0,287	
0,2975	
0,291
SELG	
Селигдар
202	
2 369 967	
17,19	
17,02	
17,02	
17,4	
17,22
ALNU	
АЛРОСА-Нюр
44	
2 308 800	
47 200	
47 400	
46 200	
47 800	
47 600
MRKZ	
МРСК СЗ
183	
2 307 094	
0,04705	
0,04695	
0,0465	
0,0476	
0,0473
KZOSP	
ОргСинт ап
927	
2 095 566	
12,82	
13,01	
12,56	
13,14	
12,97
RGSS	
РГС СК ао
370	
1 754 416	
0,1458	
0,147	
0,1422	
0,1492	
0,1488
CHEP	
ЧТПЗ ао
107	
1 649 350	
206	
204,5	
204	
209,5	
205,5
DVEC	
ДЭК ао
247	
1 529 502	
0,799	
0,783	
0,771	
0,857	
0,807
HIMCP	
Химпром ап
318	
1 512 432	
5,73	
5,75	
5,64	
5,9	
5,76
IRGZ	
ИркЭнерго
132	
1 432 334	
11,84	
11,8	
11,64	
12,1	
11,76
NAUK	
iНПОНаука
128	
1 284 482	
177,2	
185,2	
171,6	
188	
173,6
UWGN	
ОВК ао
244	
1 245 409	
249,4	
252,1	
244,5	
257,4	
251,9
USBN	
УралСиб ао
132	
1 236 229	
0,0672	
0,0674	
0,0668	
0,0678	
0,0672
MAGEP	
МагадЭн ап
46	
1 180 405	
4,14	
3,975	
3,87	
4,4	
4,105
PRTK	
ПРОТЕК ао
172	
1 101 634	
97,2	
97,9	
96	
98,8	
97,5
MOBB	
МосОблБанк
189	
993 955	
2,514	
2,468	
2,442	
2,59	
2,522
PMSBP	
ПермьЭнС-п
208	
862 926	
129	
127	
126,2	
131,8	
130,6
NKSH	
Нижкамшина
68	
822 350	
22,98	
22,28	
22,2	
24,2	
23,38
DASB	
ДагСб ао
229	
814 913	
0,1	
0,0999	
0,099	
0,101	
0,0997
MRKY	
РоссЮг ао
175	
798 595	
0,0501	
0,0494	
0,0494	
0,0515	
0,0509
GAZAP	
ГАЗ ап
69	
797 545	
327	
318,5	
317,5	
339	
339
YKEN	
Якутскэнрг
56	
774 830	
0,315	
0,311	
0,305	
0,325	
0,317
IRKT	
ИРКУТ-3
45	
772 940	
31,04	
31,18	
30,86	
31,4	
31,4
RUSI	
ИКРУСС-ИНВ
90	
771 890	
37,8	
37,4	
36,2	
39,8	
39
YAKG	
ЯТЭК ао
91	
743 560	
53,12	
52,5	
51,8	
54	
52,24
LNZLP	
Лензол. ап
78	
738 470	
3 550	
3 565	
3 520	
3 595	
3 550
TGKBP	
ТГК-2 ап
66	
711 090	
0,00671	
0,00674	
0,00657	
0,0068	
0,00672
CNTLP	
Телеграф-п
154	
703 520	
16,22	
16,2	
16,16	
16,3	
16,2
MRKU	
МРСК Ур
90	
674 586	
0,1432	
0,1422	
0,141	
0,146	
0,1432
LVHK	
Левенгук
224	
635 688	
7,79	
8,03	
7,6	
8,03	
7,8
VLHZ	
ВХЗ-ао
77	
632 745	
51,85	
53,5	
51,55	
53,6	
52
JNOSP	
Слав-ЯНОСп
60	
603 724	
14,14	
13,78	
13,46	
14,94	
14,18
KBTK	
КузбТК ао
84	
597 858	
162,6	
168,6	
159	
168,6	
160,2
TRCN	
ТрансК ао
39	
582 510	
8 205	
8 290	
8 150	
8 290	
8 190
SAGO	
СамарЭн-ао
67	
527 260	
0,382	
0,398	
0,378	
0,398	
0,384
NFAZ	
Нефтекамск
146	
517 514	
138	
142,8	
134,2	
144,6	
139,4
TORS	
ТРК ао
72	
508 600	
0,385	
0,368	
0,361	
0,406	
0,371
CNTL	
Телеграф
89	
504 205	
19,55	
19,6	
19,35	
19,75	
19,7
ROST	
РОСИНТЕРао
131	
502 520	
57,8	
58,2	
57	
59,4	
58,4
ABRD	
АбрауДюрсо
121	
500 820	
134	
134,5	
132	
135,5	
134,5
TASB	
ТамбЭнСб
27	
487 710	
0,2785	
0,263	
0,2625	
0,2995	
0,2885
TGKD	
Квадра
119	
464 261	
0,002965	
0,002965	
0,00292	
0,003025	
0,003025
RLMN	
Роллман
163	
457 826	
16,9	
17,5	
16,55	
17,5	
17
MAGE	
МагадЭн ао
47	
439 010	
4,48	
4,34	
4,28	
4,7	
4,4
RUSP	
Русполимет
36	
426 035	
0,546	
0,555	
0,54	
0,555	
0,5485
VZRZP	
Возрожд-п
91	
425 894	
304,2	
295,6	
294,6	
310	
307,8
KRSBP	
Красэсб ап
24	
414 060	
5,52	
5,3	
5,28	
5,7	
5,68
ELTZ	
Электрцинк
122	
412 732	
172,5	
173,5	
170,5	
176	
172
KLSB	
КалужскСК
80	
396 069	
10,48	
10,57	
10,36	
10,57	
10,46
RAVN	
Raven
17	
389 760	
31,4	
31,4	
31,2	
31,6	
31,6
UNKL	
ЮУНК ао
82	
381 370	
3 030	
2 780	
2 780	
3 300	
2 950
KUBE	
Кубанэнр
82	
367 500	
63,1	
66,2	
61,3	
67	
62,6
VRSB	
ТНСэнВорон
29	
366 960	
48,4	
47,8	
47	
49,2	
47,8
YKENP	
Якутскэн-п
46	
342 740	
0,293	
0,292	
0,2865	
0,299	
0,291
HALS	
Галс-Девел
110	
322 081	
751	
752	
720	
771	
771
CHMK	
ЧМК ао
64	
320 705	
2 325	
2 345	
2 245	
2 385	
2 305
NKHP	
НКХП ао
94	
319 015	
234,5	
238,5	
232,5	
238,5	
235,5
BRZL	
БурЗолото
69	
298 498	
811	
804	
804	
813	
811
DIOD	
ЗаводДИОД
67	
285 224	
4,91	
4,91	
4,89	
4,92	
4,91
MRKS	
МРСКСиб
27	
280 035	
0,215	
0,2165	
0,2145	
0,217	
0,2155
GAZA	
ГАЗ ао
23	
279 685	
378	
378,5	
371,5	
380	
377,5
MGTS	
МГТС-5ао
32	
278 715	
2 535	
2 520	
2 520	
2 550	
2 520
URKZ	
УрКузница
2	
274 860	
10 180	
10 180	
10 180	
10 180	
10 180
KUZB	
КузнецкийБ
278	
262 156	
0,0166	
0,01671	
0,01611	
0,01719	
0,01717
AVAN	
Авангрд-ао
62	
243 905	
700	
705	
690	
705	
700
PMSB	
ПермьЭнСб
70	
243 218	
130,1	
129,3	
128	
132,7	
131,1
TGKDP	
Квадра-п
71	
230 578	
0,003745	
0,003685	
0,00364	
0,003855	
0,003795
VJGZP	
Варьеган-п
36	
216 280	
313	
312	
307	
319	
317
WTCM	
ЦМТ ао
69	
214 916	
9,16	
9,22	
8,76	
9,92	
8,98
MRKK	
Россети СК
71	
202 080	
27,02	
26,6	
26,46	
27,48	
27,28
KROT	
КрасОкт-ао
32	
199 980	
312,5	
302	
302	
318	
313
UTAR	
ЮТэйр ао
44	
183 975	
6,46	
6,41	
6,38	
6,56	
6,41
BLNG	
Белон ао
56	
181 643	
4,002	
4	
3,99	
4,036	
4
ZVEZ	
ЗВЕЗДА ао
28	
178 660	
4,155	
4,125	
4,12	
4,19	
4,14
RKKE	
ЭнергияРКК
13	
177 170	
4 920	
4 930	
4 890	
4 950	
4 910
KOGK	
КоршГОК ао
4	
176 400	
44 200	
43 800	
43 600	
44 600	
44 600
KRSB	
Красэсб ао
17	
175 250	
5,48	
5,15	
5,15	
5,55	
5,54
RDRB	
РДБанк ао
18	
171 550	
265	
265	
260	
270	
265
WTCMP	
ЦМТ ап
95	
163 912	
8,78	
8,7	
8,5	
8,88	
8,78
SELGP	
Селигдар-п
36	
163 085	
26,3	
26,3	
26,1	
26,5	
26,15
LPSB	
ЛЭСК ао
76	
152 150	
7,35	
7,75	
7,2	
7,75	
7,4
MRSB	
МордЭнСб
21	
151 840	
0,337	
0,345	
0,328	
0,354	
0,35
TUZA	
ТЗА ао
36	
139 840	
79	
82	
76	
82	
80
ROLO	
Русолово
30	
131 610	
3,76	
3,808	
3,7	
3,84	
3,798
PRMB	
Приморье
4	
119 000	
17 000	
17 600	
16 600	
17 600	
17 200
MFGSP	
Мегион-ап
24	
112 570	
296,5	
297,5	
290,5	
304	
302
RTGZ	
ГазпРнД ао
4	
112 100	
22 400	
22 100	
22 100	
22 500	
22 500
KRKN	
СаратНПЗ
9	
106 850	
11 850	
11 850	
11 800	
12 000	
11 850
DZRDP	
iДонскЗР п
42	
96 830	
1 540	
1 540	
1 480	
1 590	
1 500
KROTP	
КрасОкт-1п
13	
90 550	
215,5	
216,5	
214	
219,5	
214,5
KRKOP	
ТКЗКК ап
44	
88 308	
3,805	
3,815	
3,73	
3,985	
3,96
RLMNP	
Роллман-п
57	
86 095	
17,86	
17,98	
17,22	
18,98	
17,84
VRSBP	
ТНСэнВор-п
10	
84 550	
30	
30,5	
30	
30,5	
30
JNOS	
Славн-ЯНОС
25	
74 035	
16,45	
16,6	
16,2	
16,65	
16,55
TORSP	
ТРК ап
17	
73 665	
0,254	
0,2545	
0,251	
0,256	
0,253
KAZT	
Куйбазот
16	
70 638	
147,2	
151,2	
144	
151,2	
150
KCHE	
КамчатЭ ао
27	
69 530	
0,183	
0,1745	
0,1735	
0,188	
0,187
KAZTP	
Куйбазот-п
24	
68 618	
152,6	
156	
150	
156,6	
153,6
KGKC	
КурганГКао
8	
68 360	
53	
53	
52	
54	
52
SARE	
СаратЭн-ао
33	
65 496	
0,111	
0,1126	
0,1052	
0,114	
0,1118
ROSB	
Росбанк ао
18	
63 530	
64,2	
63,2	
63,2	
64,8	
64,6
DZRD	
iДонскЗР
27	
62 500	
2 084	
2 042	
2 026	
2 186	
2 130
MISBP	
ТНСэМаЭл-п
28	
59 460	
10,6	
11	
10,2	
11,4	
10,6
ISKJ	
iИСКЧ ао
22	
55 125	
12,53	
12,55	
12,48	
12,57	
12,55
SAGOP	
СамарЭн-ап
12	
47 310	
0,364	
0,356	
0,351	
0,372	
0,372
IGST	
Ижсталь2ао
15	
40 943	
731	
721	
720	
764	
740
ASSB	
АстрЭнСб
25	
39 058	
0,592	
0,5855	
0,583	
0,5965	
0,595
MFGS	
Мегион-ао
5	
37 670	
314	
314	
311	
323,5	
323,5
BISVP	
БашИнСв ап
19	
36 146	
6,82	
6,9	
6,78	
6,9	
6,88
SZPR	
СЗПароход
18	
34 530	
706	
702	
692	
724	
722
NNSB	
ТНСэнНН ао
12	
32 965	
1 220	
1 200	
1 200	
1 245	
1 225
MGNZ	
СМЗ-ао
8	
32 740	
4 090	
3 980	
3 980	
4 250	
4 130
ARSA	
Арсагера
10	
31 720	
3,17	
3,16	
3,11	
3,26	
3,13
IGSTP	
Ижсталь ап
13	
29 918	
665	
667	
657	
671	
658
STSB	
СтаврЭнСб
10	
27 145	
0,348	
0,3515	
0,3435	
0,352	
0,3495
VGSB	
ВолгЭнСб
4	
24 860	
1,46	
1,44	
1,44	
1,47	
1,465
TASBP	
ТамбЭнСб-п
11	
23 820	
0,1985	
0,1925	
0,1925	
0,2	
0,1995
RTSBP	
ТНСэнРст-п
7	
22 470	
0,249	
0,247	
0,247	
0,25	
0,25
VSYD	
ВыбСудЗ ао
6	
22 110	
2 765	
2 805	
2 720	
2 805	
2 800
STSBP	
СтаврЭнСбп
19	
20 577	
0,2982	
0,3052	
0,2964	
0,3052	
0,3038
MISB	
ТНСэнМарЭл
14	
20 000	
11,1	
11,1	
11	
11,2	
11,2
ALBK	
БестЭфБ ао
16	
17 800	
52,5	
53	
51,5	
53	
52
KCHEP	
КамчатЭ ап
4	
17 030	
0,341	
0,342	
0,34	
0,342	
0,34
KTSB	
КСБ ао
16	
16 580	
0,488	
0,478	
0,478	
0,494	
0,488
VGSBP	
ВолгЭнСб-п
4	
15 335	
0,96	
0,94	
0,935	
0,965	
0,965
SLEN	
Сахэнер ао
12	
14 536	
4,275	
4,35	
4,105	
4,35	
4,3
INGR	
ИНГРАД ао
2	
13 680	
760	
760	
760	
760	
760
YRSBP	
ТНСэнЯр-п
12	
11 900	
79,5	
79,5	
78,5	
80	
80
TNSE	
ТНСэнрг ао
2	
10 835	
985	
985	
985	
985	
985
SAREP	
СаратЭн-ап
8	
9 364	
0,0852	
0,0842	
0,0834	
0,0886	
0,0866
KGKCP	
КурганГКап
4	
9 310	
55	
55	
54	
55,5	
55,5
CHGZ	
РН-ЗапСиб
3	
9 080	
30,4	
30,4	
30,2	
30,4	
30,2
VSYDP	
ВыбСудЗ ап
3	
8 080	
2 700	
2 680	
2 680	
2 700	
2 700
GEMA	
iММЦБ ао
6	
5 846	
730,5	
736,5	
722,5	
736,5	
731,5
RZSB	
РязЭнСб
1	
5 500	
5,5	
5,5	
5,5	
5,5	
5,5
NNSBP	
ТНСэнНН ап
2	
5 496	
550	
549	
549	
550	
550
YRSB	
ТНСэнЯр
2	
5 120	
172	
170	
170	
172	
172
VJGZ	
Варьеган
3	
3 044	
609	
615	
605	
615	
614
KTSBP	
КСБ ап
1	
2 310	
0,231	
0,231	
0,231	
0,231	
0,231
UKUZ	
ЮжКузб. ао
3	
1 488	
496	
482	
482	
504	
504
KBSB	
ТНСэКубань
1	
1 275	
127,5	
127,5	
127,5	
127,5	
127,5
FTRE	
БУДУЩЕЕ ао
0	
0	
-	
-	
-	
-	
80
KRKO	
ТКЗКК ао
0	
0	
-	
-	
-	
-	
11,8
KUNF	
КУЗОЦМ ао
0	
0	
-	
-	
-	
-	
-
NPOF	
Физика ао
0	
0	
-	
-	
-	
-	
11 850
GAZC	
ГАЗКОН-ао
0	
0	
-	
-	
-	
-	
295
GTSS	
ГЕОТЕК ао
0	
0	
-	
-	
-	
-	
-
TRFM	
ТрансФ ао
0	
0	
-	
-	
-	
-	
-
KMTZ	
КосогМЗ ао
0	
0	
-	
-	
-	
-	
-
KZMS	
КЗМС ао
0	
0	
-	
-	
-	
-	
226
RTSB	
ТНСэнРст
0	
0	
0,3	
-	
-	
-	
0,325
BISV	
БашИнСв ао
0	
0	
-	
-	
-	
-	
8,7
GAZS	
ГАЗ-сервис
0	
0	
-	
-	
-	
-	
293
HIMC	
Химпром ао
0	
0	
-	
-	
-	
-	
0,99
LSNG	
Ленэнерго
0	
0	
-	
-	
-	
-	
5,66
URKA	
Уркалий-ао
0	
0	
-	
-	
-	
-	
119,04
VZRZ	
Возрожд-ао
0	
0	
-	
-	
-	
-	
480
GAZT	
ГАЗ-Тек ао
0	
0	
-	
-	
-	
-	
85
KSGR	
Кокс ао
0	
0	
-	
-	
-	
-	
-
LSNGP	
Ленэнерг-п
0	
0	
-	
-	
-	
-	
119,95
MFON	
МегаФон ао
0	
0	
-	
-	
-	
-	
650,6
MORI	
Морион ао
0	
0	
-	
-	
-	
-	
4,31
RU000A0JVT35	
ИСУ ЕФГ-3
0	
0	
-	
-	
-	
-	
400