GAZP	
ГАЗПРОМ ао
96 167	
11 258 687 018	
184,56	
186,33	
183,1	
186,64	
185,34
LKOH	
ЛУКОЙЛ
46 023	
7 761 144 390	
4 795,5	
4 862,5	
4 733	
4 879	
4 832
SBER	
Сбербанк
39 814	
6 617 841 365	
195,59	
196	
194,6	
196,25	
196,02
ROSN	
Роснефть
25 424	
3 293 819 100	
344,9	
344,05	
340,25	
350	
348
GMKN	
ГМКНорНик
11 243	
2 599 919 304	
20 188	
20 320	
20 130	
20 370	
20 144
NVTK	
Новатэк ао
24 258	
2 005 727 062	
1 016,8	
1 032,2	
1 000,4	
1 034,8	
1 032
MOEX	
МосБиржа
39 250	
1 765 038 979	
126	
125,9	
124,2	
127,78	
127,09
SNGS	
Сургнфгз
15 201	
1 438 865 067	
36,79	
36,7	
36,235	
37,4	
37,2
YNDX	
Yandex clA
21 950	
1 404 249 646	
2 965,2	
2 979,2	
2 933	
2 992	
2 975,2
SBERP	
Сбербанк-п
28 492	
1 319 799 400	
179,36	
180,25	
178,23	
180,89	
179,79
TATN	
Татнфт 3ао
15 281	
1 140 833 520	
543,9	
546	
538,3	
549,5	
546,5
AFLT	
Аэрофлот
28 592	
1 125 998 751	
73,12	
74,78	
72,3	
74,78	
72,88
MGNT	
Магнит ао
14 949	
1 067 896 459	
3 668	
3 699,5	
3 640,5	
3 710	
3 663
VTBR	
ВТБ ао
28 556	
965 429 750	
0,035365	
0,03561	
0,03505	
0,035785	
0,035375
MTSS	
МТС-ао
12 843	
932 616 504	
324,1	
320,6	
320,5	
326,6	
325,3
PLZL	
Полюс
8 020	
918 834 413	
11 947	
11 973	
11 857	
11 985	
11 973
IRAO	
ИнтерРАОао
13 337	
737 997 259	
4,8875	
4,8775	
4,85	
4,9315	
4,878
SNGSP	
Сургнфгз-п
7 854	
628 194 630	
35,875	
36,05	
35,785	
36,07	
35,82
ALRS	
АЛРОСА ао
14 207	
597 846 249	
62,2	
62,8	
61,63	
62,83	
62,4
UPRO	
Юнипро ао
17 936	
575 842 574	
2,629	
2,693	
2,6	
2,695	
2,61
MAGN	
ММК
10 507	
530 622 142	
38,065	
38,62	
37,855	
38,75	
38,1
NLMK	
НЛМК ао
8 358	
469 883 409	
124,7	
125,22	
123,92	
125,58	
125
CHMF	
СевСт-ао
12 559	
452 066 296	
870	
873	
866,6	
873,8	
871,4
POLY	
Polymetal
9 206	
428 649 372	
1 504,4	
1 513,9	
1 491,1	
1 519	
1 503,1
CBOM	
МКБ ао
15 910	
404 681 028	
5,418	
5,391	
5,373	
5,465	
5,391
RSTI	
Россети ао
8 274	
359 746 438	
1,2927	
1,3	
1,2758	
1,31	
1,29
FIVE	
FIVE-гдр
5 558	
327 250 156	
2 229,5	
2 260	
2 218,5	
2 270	
2 227
TATNP	
Татнфт 3ап
6 878	
326 277 364	
514,2	
513,7	
508,6	
521,2	
519
FEES	
ФСК ЕЭС ао
8 686	
312 852 569	
0,18486	
0,183	
0,1818	
0,1875	
0,1863
HYDR	
РусГидро
10 774	
286 671 698	
0,6281	
0,6356	
0,6224	
0,6368	
0,6343
SIBN	
Газпрнефть
6 284	
279 637 905	
329,4	
330,8	
326	
331,9	
331,9
AFKS	
Система ао
5 815	
215 665 520	
14,327	
14,41	
14,176	
14,485	
14,485
LSRG	
ЛСР ао
15 144	
209 761 748	
596,6	
599,2	
587,6	
602	
598,6
TRNFP	
Транснф ап
927	
180 748 350	
135 600	
136 000	
135 200	
136 750	
135 300
TCSG	
TCS-гдр
4 244	
152 470 736	
1 037,4	
1 049,6	
1 027	
1 049,6	
1 038,4
OGKB	
ОГК-2 ао
9 779	
148 215 461	
0,6356	
0,6413	
0,621	
0,6457	
0,6405
RUAL	
RUSAL plc
8 641	
135 712 360	
25,925	
26,115	
25,705	
26,115	
25,8
MTLR	
Мечел ао
9 750	
115 798 359	
63,18	
63,62	
62,63	
64,05	
63,18
RTKM	
Ростел -ао
4 773	
106 030 721	
81,86	
82,5	
81,02	
82,72	
82,55
DSKY	
ДетскийМир
7 293	
80 130 773	
86,1	
86,5	
85,8	
86,5	
86,04
PHOR	
ФосАгро ао
2 069	
61 543 918	
2 732	
2 725	
2 717	
2 748	
2 730
TGKA	
ТГК-1
5 439	
57 057 944	
0,011596	
0,0117	
0,01148	
0,011736	
0,011644
TRMK	
ТМК ао
2 010	
56 942 599	
57,34	
56,94	
56,92	
57,52	
57,28
BANEP	
Башнефт ап
2 050	
45 361 287	
1 419,5	
1 410	
1 409	
1 427,5	
1 426,5
PIKK	
ПИК ао
4 587	
44 320 830	
377,6	
383	
376	
383,9	
379,9
TTLK	
Таттел. ао
2 285	
41 108 005	
0,356	
0,3515	
0,342	
0,36	
0,3535
QIWI	
iQIWI
1 909	
37 718 714	
933	
924	
924	
940	
930,5
RASP	
Распадская
1 022	
36 887 993	
105,14	
105,64	
104,52	
105,8	
105,32
SELG	
Селигдар
1 967	
32 627 203	
24,16	
23,5	
23,5	
24,39	
24,35
MTLRP	
Мечел ап
1 552	
28 558 977	
70,8	
71,65	
70,05	
71,7	
71,3
RSTIP	
Россети ап
1 423	
27 795 056	
1,905	
1,905	
1,888	
1,917	
1,91
LNTA	
Лента др
3 067	
26 609 410	
157,3	
158,4	
155,8	
158,4	
157,5
MSNG	
+МосЭнерго
937	
18 445 617	
1,9665	
1,9825	
1,9505	
1,9825	
1,977
IRGZ	
ИркЭнерго
1 478	
17 803 872	
13,66	
12,54	
12,52	
14,4	
13,42
ETLN	
ETLN-гдр
761	
17 048 218	
84	
83,52	
83,22	
84,5	
84,5
OBUV	
ОР ао
1 177	
16 475 210	
30,35	
31,05	
30,15	
31,05	
30,2
MVID	
М.видео
755	
15 998 207	
361,2	
361	
358,2	
363,5	
362
BSPB	
БСП ао
5 654	
14 600 503	
40,24	
40,8	
40,1	
40,87	
40,21
NMTP	
НМТП ао
1 526	
14 361 828	
8,63	
8,695	
8,58	
8,695	
8,69
VSMO	
ВСМПО-АВСМ
272	
12 451 480	
18 020	
18 020	
17 980	
18 200	
18 000
RTKMP	
Ростел -ап
1 187	
12 408 773	
71,7	
72,25	
71,05	
72,25	
71,8
MAGE	
МагадЭн ао
935	
11 036 860	
5,17	
5,04	
4,77	
5,88	
4,85
TGKB	
ТГК-2
504	
10 792 555	
0,00467	
0,004765	
0,004595	
0,00478	
0,004715
LIFE	
iФармсинтз
960	
10 645 754	
8,07	
8,255	
7,95	
8,365	
8,025
SFIN	
САФМАР ао
481	
10 210 360	
461,2	
470,8	
455,6	
470,8	
465,2
AKRN	
Акрон
528	
10 206 846	
5 826	
5 818	
5 798	
5 850	
5 844
ISKJ	
iИСКЧ ао
1 247	
10 204 059	
33,43	
33,25	
32,56	
34,24	
33,17
MRKP	
МРСК ЦП
548	
10 128 655	
0,1713	
0,1736	
0,17	
0,1736	
0,1715
NKNCP	
НКНХ ап
1 205	
9 945 590	
77,52	
78,26	
77,04	
78,38	
77,56
KRKNP	
СаратНПЗ-п
253	
8 589 260	
16 480	
16 460	
16 360	
16 700	
16 460
RBCM	
РБК ао
2 055	
8 210 573	
3,358	
3,5	
3,3	
3,5	
3,378
KBTK	
КузбТК ао
1 060	
7 856 700	
171,2	
157,8	
157	
188	
158,2
ENRU	
ЭнелРос ао
822	
7 407 370	
0,9265	
0,9295	
0,924	
0,93	
0,9255
MGTSP	
МГТС-4ап
593	
6 718 056	
2 474	
2 468	
2 442	
2 498	
2 480
AGRO	
AGRO-гдр
1 011	
5 297 051	
621,6	
620,2	
620	
625,6	
620,2
KZOS	
ОргСинт ао
631	
5 078 295	
89,5	
90,8	
88,7	
90,8	
89,8
MRKV	
МРСКВол
631	
4 643 116	
0,0648	
0,0651	
0,0644	
0,06515	
0,0645
NNSB	
ТНСэнНН ао
987	
4 616 585	
1 535	
1 225	
1 225	
1 745	
1 400
BANE	
Башнефт ао
424	
4 389 452	
1 750	
1 759	
1 738,5	
1 763	
1 755
SZPR	
СЗПароход
1 100	
4 357 668	
800	
566	
566	
874	
804
RNFT	
РуссНфт ао
1 763	
4 176 971	
426,2	
426,2	
423,2	
429,2	
427,4
MRKC	
МРСК Центр
414	
4 034 517	
0,2434	
0,2446	
0,2418	
0,2454	
0,2438
APTK	
Аптеки36и6
4 409	
3 808 819	
13,676	
13,5	
13,5	
13,798	
13,6
AMEZ	
АшинскийМЗ
591	
3 797 597	
4,065	
4,02	
3,965	
4,16	
4,075
FESH	
ДВМП ао
343	
3 650 712	
6,49	
6,58	
6,45	
6,58	
6,51
LNZL	
Лензолото
235	
3 637 140	
8 400	
8 340	
8 240	
8 490	
8 420
MSRS	
МОЭСК
283	
3 450 357	
1,0295	
1,022	
1,022	
1,0395	
1,028
MAGEP	
МагадЭн ап
287	
3 303 740	
6,115	
6,275	
5,49	
8,57	
6,22
SELGP	
Селигдар-п
182	
2 950 475	
28,15	
28,15	
28,05	
28,3	
28,2
TGKBP	
ТГК-2 ап
145	
2 918 710	
0,00746	
0,00755	
0,00737	
0,00759	
0,00739
RLMN	
Роллман
736	
2 721 648	
23,1	
22,35	
22	
24,05	
22,5
UWGN	
ОВК ао
224	
2 668 318	
248,7	
249,9	
243,3	
253	
251,9
WTCMP	
ЦМТ ап
301	
2 565 746	
8,44	
8,72	
8,28	
8,74	
8,48
NKNC	
НКНХ ао
519	
2 527 963	
91,8	
91,95	
91,25	
92,8	
91,8
YRSBP	
ТНСэнЯр-п
544	
2 507 955	
92,5	
82	
79	
104	
83,5
YRSB	
ТНСэнЯр
512	
2 431 800	
184	
158	
154	
210	
160
KRKOP	
ТКЗКК ап
714	
2 364 240	
6,17	
5,91	
5,75	
6,585	
6,01
YAKG	
ЯТЭК ао
126	
2 130 845	
43,2	
43,35	
43	
44,05	
43,85
RTSB	
ТНСэнРст
316	
2 083 500	
0,375	
0,43	
0,355	
0,43	
0,38
NNSBP	
ТНСэнНН ап
563	
2 074 179	
619	
538	
518	
663	
595
GCHE	
ЧеркизГ-ао
318	
2 047 498	
1 723,5	
1 722,5	
1 715	
1 734,5	
1 724
GTRK	
ГТМ ао
439	
1 905 633	
41,75	
42,95	
41,1	
42,95	
42,3
BELU	
Белуга ао
137	
1 871 496	
1 488	
1 474	
1 465	
1 500	
1 500
USBN	
УралСиб ао
132	
1 810 920	
0,0699	
0,0707	
0,0696	
0,0715	
0,0701
GEMA	
iММЦБ ао
222	
1 657 289	
678,5	
678,5	
672	
690	
690
ENPG	
ЭН+ГРУП ао
69	
1 581 378	
632,5	
630,5	
630	
637	
630
RUSP	
Русполимет
101	
1 519 320	
0,6495	
0,6305	
0,614	
0,697	
0,635
UTAR	
ЮТэйр ао
203	
1 497 376	
6,26	
6,7	
6,18	
6,7	
6,26
RGSS	
РГС СК ао
225	
1 460 258	
0,151	
0,1526	
0,15	
0,1536	
0,1514
CNTLP	
Телеграф-п
208	
1 437 614	
18,24	
18,2	
18,1	
18,32	
18,24
YKENP	
Якутскэн-п
137	
1 420 805	
0,343	
0,3205	
0,3205	
0,38	
0,34
RZSB	
РязЭнСб
84	
1 419 620	
7,9	
8,18	
7,7	
8,2	
7,96
UNAC	
iАвиастКао
194	
1 334 854	
0,4835	
0,4805	
0,48	
0,49	
0,485
YKEN	
Якутскэнрг
66	
1 319 050	
0,3525	
0,341	
0,3405	
0,354	
0,354
TRCN	
ТрансК ао
48	
1 299 200	
8 225	
8 220	
8 170	
8 250	
8 225
KBSB	
ТНСэКубань
190	
1 220 550	
148,5	
133,5	
132	
170	
134,5
PMSBP	
ПермьЭнС-п
214	
1 199 576	
128,4	
126,4	
125,6	
129	
128,4
RUGR	
Русгрэйн
1 589	
1 071 468	
7,674	
7,704	
7,606	
7,772	
7,69
KLSB	
КалужскСК
228	
1 048 704	
11,14	
11,12	
10,7	
11,58	
11,28
UNKL	
ЮУНК ао
105	
975 180	
3 330	
3 420	
3 220	
3 460	
3 350
ALNU	
АЛРОСА-Нюр
19	
920 600	
48 400	
47 800	
47 800	
49 000	
48 200
MSTT	
Мостотрест
118	
891 210	
155,8	
157	
154,65	
157	
156,05
MISB	
ТНСэнМарЭл
133	
870 290	
11,9	
11,1	
10,9	
12,7	
10,9
KMAZ	
КАМАЗ
275	
855 611	
55,7	
55,7	
55,1	
56,2	
56
IRKT	
ИРКУТ-3
100	
845 496	
30,2	
29,78	
29,78	
30,44	
30,26
INGR	
ИНГРАД ао
299	
808 496	
763	
771	
755	
777	
765
KTSB	
КСБ ао
175	
807 686	
0,606	
0,636	
0,592	
0,638	
0,606
CHMK	
ЧМК ао
81	
797 605	
2 195	
2 240	
2 180	
2 240	
2 195
AQUA	
РусАква ао
114	
745 290	
194,5	
194,5	
193,5	
196	
194
ELTZ	
Электрцинк
203	
737 746	
178	
183	
175	
183,5	
177,5
MRKS	
МРСКСиб
45	
736 550	
0,219	
0,2145	
0,2105	
0,2245	
0,2175
SVAV	
СОЛЛЕРС
71	
724 445	
256	
257	
255	
258	
256,5
KTSBP	
КСБ ап
115	
714 830	
0,272	
0,273	
0,2615	
0,283	
0,2745
DIOD	
ЗаводДИОД
117	
709 233	
5,99	
5,99	
5,97	
6,03	
5,98
MISBP	
ТНСэМаЭл-п
143	
708 400	
10,2	
9,6	
9,4	
10,8	
10
BRZL	
БурЗолото
108	
668 032	
836	
838	
831	
854	
832
BLNG	
Белон ао
95	
664 143	
3,99	
3,962	
3,96	
4,036	
3,96
TASBP	
ТамбЭнСб-п
84	
650 245	
0,232	
0,216	
0,211	
0,249	
0,2185
KMEZ	
КМЗ
146	
643 507	
462,5	
476,5	
458	
476,5	
462,5
TGKD	
Квадра
106	
614 813	
0,00319	
0,003225	
0,00313	
0,003225	
0,00322
TASB	
ТамбЭнСб
105	
607 240	
0,2905	
0,2945	
0,28	
0,3	
0,297
WTCM	
ЦМТ ао
190	
598 288	
9,28	
8,98	
8,98	
9,64	
9,04
VLHZ	
ВХЗ-ао
71	
592 513	
49,05	
49	
48,8	
49,5	
49,5
GAZA	
ГАЗ ао
38	
573 920	
377,5	
378,5	
371	
388	
382
CHEP	
ЧТПЗ ао
105	
554 860	
200,5	
207,5	
197	
207,5	
201
LNZLP	
Лензол. ап
61	
507 655	
3 705	
3 690	
3 690	
3 725	
3 695
KAZT	
Куйбазот
45	
499 984	
139	
137,2	
137,2	
139,2	
138,6
CNTL	
Телеграф
54	
497 000	
22,4	
22,5	
22,15	
22,75	
22,25
MOBB	
МосОблБанк
94	
491 100	
2,406	
2,44	
2,37	
2,44	
2,414
SLEN	
Сахэнер ао
28	
436 395	
4,05	
4,055	
4	
4,1	
4,075
RTSBP	
ТНСэнРст-п
114	
434 690	
0,294	
0,32	
0,277	
0,32	
0,298
VSYD	
ВыбСудЗ ао
64	
428 915	
4 290	
4 395	
4 200	
4 480	
4 200
DVEC	
ДЭК ао
95	
414 653	
0,818	
0,82	
0,811	
0,822	
0,822
DASB	
ДагСб ао
75	
407 198	
0,097	
0,0965	
0,0957	
0,0979	
0,0962
KZOSP	
ОргСинт ап
431	
390 128	
12,54	
12,72	
12,35	
12,76	
12,53
SARE	
СаратЭн-ао
104	
388 272	
0,1184	
0,1166	
0,1134	
0,1278	
0,116
RLMNP	
Роллман-п
187	
388 240	
21,18	
21,5	
20,5	
21,5	
21,26
MRKY	
РоссЮг ао
103	
366 773	
0,0503	
0,04965	
0,04965	
0,051	
0,05045
PMSB	
ПермьЭнСб
107	
353 336	
130,4	
130,9	
129,3	
131,9	
131,4
MGTS	
МГТС-5ао
46	
324 940	
2 800	
2 835	
2 735	
2 850	
2 810
PAZA	
ПавлАвт ао
33	
320 750	
8 220	
8 250	
8 100	
8 330	
8 180
MRKZ	
МРСК СЗ
138	
315 474	
0,04935	
0,0498	
0,0483	
0,04985	
0,04985
SAREP	
СаратЭн-ап
65	
309 666	
0,0944	
0,0976	
0,0916	
0,0988	
0,0926
MRKU	
МРСК Ур
64	
301 614	
0,1508	
0,1518	
0,15	
0,1518	
0,151
HIMCP	
Химпром ап
63	
289 684	
5,88	
5,9	
5,81	
5,99	
5,91
NSVZ	
НаукаСвяз
39	
286 080	
223,5	
223,5	
220	
225	
221,5
TGKN	
ТГК-14
46	
285 350	
0,00332	
0,00332	
0,00331	
0,00334	
0,00334
KRSB	
Красэсб ао
23	
284 710	
6,33	
6,33	
6,25	
6,33	
6,33
TORS	
ТРК ао
27	
256 720	
0,362	
0,362	
0,352	
0,37	
0,37
PRTK	
ПРОТЕК ао
68	
254 365	
98,2	
97,6	
97,6	
98,8	
98,4
RTGZ	
ГазпРнД ао
12	
250 850	
20 900	
21 850	
20 300	
21 850	
21 250
VRSB	
ТНСэнВорон
24	
229 960	
49	
49,6	
48,2	
49,6	
48,2
VZRZP	
Возрожд-п
22	
212 866	
291,6	
293	
289,8	
293	
291,8
VJGZP	
Варьеган-п
19	
193 950	
329	
329	
324	
339	
339
TGKDP	
Квадра-п
49	
185 294	
0,004465	
0,004385	
0,00438	
0,00449	
0,00446
MFGS	
Мегион-ао
3	
181 560	
349	
348	
348	
350	
348
KRKN	
СаратНПЗ
14	
181 450	
12 100	
12 150	
11 900	
12 200	
12 200
BISVP	
БашИнСв ап
33	
181 073	
6,96	
6,96	
6,95	
7,01	
7,01
ZVEZ	
ЗВЕЗДА ао
26	
171 520	
4,4	
4,41	
4,38	
4,475	
4,44
JNOSP	
Слав-ЯНОСп
19	
171 014	
14,02	
14	
14	
14,24	
14,16
ABRD	
АбрауДюрсо
65	
156 220	
131,5	
131	
130,5	
132	
131
ARSA	
Арсагера
19	
156 170	
3,25	
3,32	
3,22	
3,32	
3,23
NFAZ	
Нефтекамск
28	
155 240	
149,4	
148	
147,8	
152	
151
TUZA	
ТЗА ао
83	
152 550	
95	
95	
94	
98	
96
KRSBP	
Красэсб ап
19	
144 160	
6,56	
6,62	
6,36	
6,7	
6,52
MGNZ	
СМЗ-ао
12	
141 570	
4 290	
4 300	
4 160	
4 350	
4 170
ROLO	
Русолово
16	
139 958	
3,784	
3,81	
3,762	
3,81	
3,79
MRSB	
МордЭнСб
13	
136 200	
0,349	
0,351	
0,347	
0,36	
0,36
KOGK	
КоршГОК ао
3	
136 000	
45 400	
45 600	
45 200	
45 600	
45 200
DZRD	
iДонскЗР
29	
128 465	
2 105	
2 105	
2 070	
2 130	
2 080
NKHP	
НКХП ао
24	
124 180	
234,5	
234	
233,5	
235	
234,5
OMZZP	
ОМЗ-ап
22	
109 000	
3 515	
3 500	
3 485	
3 580	
3 515
KROT	
КрасОкт-ао
21	
106 465	
332,5	
326	
326	
337	
330,5
DZRDP	
iДонскЗР п
44	
104 640	
1 590	
1 640	
1 530	
1 650	
1 620
RKKE	
ЭнергияРКК
9	
94 090	
4 950	
4 890	
4 890	
4 970	
4 930
KUZB	
КузнецкийБ
109	
91 963	
0,01678	
0,01676	
0,01652	
0,0169	
0,0167
KUBE	
Кубанэнр
25	
91 479	
64	
63,3	
63,3	
64,7	
64
AVAN	
Авангрд-ао
16	
89 230	
805	
810	
790	
810	
805
IGST	
Ижсталь2ао
12	
85 641	
874	
869	
855	
875	
875
ASSB	
АстрЭнСб
35	
85 310	
0,618	
0,629	
0,6085	
0,629	
0,6205
ALBK	
БестЭфБ ао
23	
78 755	
53,5	
55	
53	
55,5	
53,5
PRMB	
Приморье
3	
70 600	
17 600	
17 600	
17 600	
17 800	
17 800
VSYDP	
ВыбСудЗ ап
14	
68 240	
4 540	
4 500	
4 500	
4 600	
4 520
RAVN	
Raven
9	
63 695	
33,5	
31,65	
31,6	
34	
33,95
MRKK	
Россети СК
44	
61 407	
26,48	
26,28	
26,14	
26,6	
26,36
LVHK	
Левенгук
33	
54 919	
8,2	
8,25	
8,13	
8,35	
8,21
NAUK	
iНПОНаука
13	
54 300	
175,2	
176	
171	
176	
175,2
KROTP	
КрасОкт-1п
6	
53 445	
232,5	
233	
230,5	
235	
234,5
UCSS	
ОКС ао
11	
47 410	
1 440	
1 430	
1 430	
1 450	
1 450
GAZAP	
ГАЗ ап
7	
46 305	
331	
327,5	
327,5	
331,5	
331,5
ROST	
РОСИНТЕРао
15	
45 884	
58,8	
58,8	
58	
59	
58,6
NKSH	
Нижкамшина
13	
45 436	
22,72	
22,42	
22,42	
22,9	
22,64
KGKC	
КурганГКао
18	
44 850	
53	
53	
52	
53	
53
JNOS	
Славн-ЯНОС
12	
44 025	
18,35	
18,4	
18,25	
18,6	
18,5
VGSB	
ВолгЭнСб
9	
44 015	
1,465	
1,46	
1,46	
1,48	
1,465
VJGZ	
Варьеган
9	
42 383	
614	
610	
610	
618	
615
URKZ	
УрКузница
3	
40 320	
10 080	
10 020	
10 020	
10 260	
10 260
HALS	
Галс-Девел
29	
40 140	
743	
740	
723	
755	
750
TNSE	
ТНСэнрг ао
13	
39 795	
995	
985	
965	
1 005	
1 000
TORSP	
ТРК ап
14	
36 840	
0,263	
0,2595	
0,2595	
0,2655	
0,261
ZILL	
ЗИЛ ао
9	
32 935	
1 315	
1 330	
1 315	
1 350	
1 320
STSBP	
СтаврЭнСбп
18	
31 914	
0,2875	
0,2865	
0,2865	
0,2885	
0,288
CHKZ	
ЧКПЗ ао
6	
30 460	
5 080	
4 900	
4 900	
5 160	
5 120
KGKCP	
КурганГКап
18	
29 415	
53,5	
53,5	
53	
54	
54
MFGSP	
Мегион-ап
9	
28 055	
311,5	
308,5	
308,5	
316,5	
315
KAZTP	
Куйбазот-п
14	
27 988	
140	
138,4	
138,4	
142,6	
139,8
VRSBP	
ТНСэнВор-п
8	
26 750	
33,5	
33,5	
33	
34	
34
ROSB	
Росбанк ао
11	
23 816	
72,2	
72,6	
71,2	
72,6	
72
CHGZ	
РН-ЗапСиб
7	
23 160	
33,2	
32,4	
31,6	
34,6	
34,6
UKUZ	
ЮжКузб. ао
12	
22 422	
522	
520	
512	
528	
512
KCHEP	
КамчатЭ ап
6	
21 150	
0,353	
0,353	
0,343	
0,358	
0,343
RUSI	
ИКРУСС-ИНВ
5	
19 580	
39,2	
39,3	
39	
39,3	
39,1
STSB	
СтаврЭнСб
13	
15 697	
0,349	
0,351	
0,3455	
0,351	
0,3495
SAGOP	
СамарЭн-ап
3	
15 510	
0,388	
0,388	
0,387	
0,388	
0,387
IGSTP	
Ижсталь ап
17	
15 261	
694	
702	
688	
704	
695
KCHE	
КамчатЭ ао
7	
12 560	
0,1795	
0,183	
0,177	
0,183	
0,182
SAGO	
СамарЭн-ао
2	
8 020	
0,402	
0,402	
0,4	
0,402	
0,4
LPSB	
ЛЭСК ао
5	
5 590	
8	
7,9	
7,9	
8	
8
VGSBP	
ВолгЭнСб-п
1	
4 060	
1,015	
1,015	
1,015	
1,015	
1,015
KUNF	
КУЗОЦМ ао
0	
0	
-	
-	
-	
-	
-
GAZC	
ГАЗКОН-ао
0	
0	
-	
-	
-	
-	
295
GAZS	
ГАЗ-сервис
0	
0	
-	
-	
-	
-	
293
GAZT	
ГАЗ-Тек ао
0	
0	
-	
-	
-	
-	
85
GTSS	
ГЕОТЕК ао
0	
0	
-	
-	
-	
-	
-
HIMC	
Химпром ао
0	
0	
-	
-	
-	
-	
0,99
KMTZ	
КосогМЗ ао
0	
0	
-	
-	
-	
-	
-
KRKO	
ТКЗКК ао
0	
0	
-	
-	
-	
-	
11,8
KSGR	
Кокс ао
0	
0	
-	
-	
-	
-	
-
KUNF	
КУЗОЦМ ао
0	
0	
-	
-	
-	
-	
-
KZMS	
КЗМС ао
0	
0	
-	
-	
-	
-	
226
LSNG	
Ленэнерго
0	
0	
-	
-	
-	
-	
5,66
LSNGP	
Ленэнерг-п
0	
0	
-	
-	
-	
-	
119,95
MFON	
МегаФон ао
0	
0	
-	
-	
-	
-	
650,6
MORI	
Морион ао
0	
0	
-	
-	
-	
-	
4,31
NPOF	
Физика ао
0	
0	
-	
-	
-	
-	
11 850
RDRB	
РДБанк ао
0	
0	
-	
-	
-	
-	
255
TRFM	
ТрансФ ао
0	
0	
-	
-	
-	
-	
-
URKA	
Уркалий-ао
0	
0	
-	
-	
-	
-	
119,04
VZRZ	
Возрожд-ао
0	
0	
-	
-	
-	
-	
480