SBER	
Сбербанк
95 436	
19 572 072 820	
220,34	
219,8	
217,45	
223,15	
220,3
GMKN	
ГМКНорНик
43 256	
10 254 615 446	
20 576	
20 500	
20 150	
20 844	
20 502
LKOH	
ЛУКОЙЛ
45 789	
8 473 264 076	
5 441,5	
5 490	
5 351	
5 527,5	
5 372
GAZP	
ГАЗПРОМ ао
59 850	
8 235 131 421	
205,08	
204,98	
202,97	
206,5	
204,91
AFLT	
Аэрофлот
96 607	
6 940 126 463	
93,76	
90,54	
90,16	
95,7	
95,7
ROSN	
Роснефть
34 898	
5 095 198 295	
402,7	
407	
395	
408,25	
400,15
TATN	
Татнфт 3ао
47 435	
4 592 875 280	
586,3	
575	
570,5	
597,4	
578,4
PLZL	
Полюс
28 868	
3 329 248 937	
10 068	
10 290	
9 952	
10 302,5	
10 149
SNGS	
Сургнфгз
21 888	
2 679 474 537	
40,84	
40,35	
39,855	
41,85	
40,305
HYDR	
РусГидро
44 559	
2 584 204 663	
0,7759	
0,7439	
0,74	
0,804	
0,7888
MGNT	
Магнит ао
26 586	
2 456 952 914	
3 937	
3 866,5	
3 855	
3 989	
3 950
SBERP	
Сбербанк-п
27 213	
2 095 528 876	
201,11	
201,42	
198,76	
202,6	
200,5
ALRS	
АЛРОСА ао
37 317	
2 059 846 968	
66,54	
65,5	
65,09	
67,81	
66,5
SIBN	
Газпрнефть
22 503	
1 983 694 953	
360,15	
355,15	
354,05	
366	
358
MTSS	
МТС-ао
20 888	
1 767 263 826	
328	
327	
324,05	
331,45	
325,5
SNGSP	
Сургнфгз-п
21 073	
1 547 179 065	
34,315	
34,71	
34,05	
34,715	
34,145
NVTK	
Новатэк ао
13 731	
1 415 651 473	
1 085,8	
1 095,8	
1 076,4	
1 095,8	
1 080
VTBR	
ВТБ ао
31 839	
1 395 256 551	
0,03771	
0,03775	
0,0374	
0,037945	
0,037695
IRAO	
ИнтерРАОао
16 118	
1 345 136 486	
5,099	
5,05	
5,0045	
5,177	
5,135
MOEX	
МосБиржа
22 964	
1 340 558 171	
117,27	
118,56	
116	
119,17	
116,66
POLY	
Polymetal
18 423	
1 154 076 101	
1 225,7	
1 238	
1 210,7	
1 249,9	
1 245,9
CHMF	
СевСт-ао
18 408	
1 083 257 714	
949,2	
952,4	
944	
956,6	
944
YNDX	
Yandex clA
15 578	
1 054 726 464	
2 896,6	
2 896,6	
2 866	
2 917,8	
2 873,2
NLMK	
НЛМК ао
16 912	
929 766 080	
138,34	
139,88	
137,1	
140	
137,58
TATNP	
Татнфт 3ап
14 612	
896 812 782	
567,3	
552,8	
552,2	
575,4	
561,8
RSTI	
Россети ао
19 262	
781 330 724	
1,5938	
1,62	
1,57	
1,6426	
1,5763
DSKY	
ДетскийМир
26 899	
672 937 044	
100,16	
101,34	
97	
102,16	
98
FIVE	
FIVE-гдр
10 277	
569 626 227	
2 119	
2 130	
2 105,5	
2 140	
2 120
TRNFP	
Транснф ап
2 131	
536 879 800	
139 000	
140 450	
137 550	
140 450	
137 600
FEES	
ФСК ЕЭС ао
9 584	
479 016 269	
0,18448	
0,18414	
0,18322	
0,1856	
0,184
AFKS	
Система ао
8 998	
470 649 789	
16,974	
17,089	
16,761	
17,109	
16,947
MVID	
М.видео
9 344	
351 533 984	
420,6	
411,8	
407,7	
429,9	
418
MAGN	
ММК
5 282	
350 917 214	
42,68	
42,75	
42,23	
43,2	
42,99
TCSG	
TCS-гдр
10 371	
334 862 942	
1 247,2	
1 230	
1 216,4	
1 262,4	
1 246,8
LNTA	
Лента др
16 624	
303 164 954	
174,4	
168,4	
167,6	
180	
176
TRMK	
ТМК ао
2 013	
280 492 975	
59,82	
59,8	
59,52	
59,96	
59,96
RUAL	
РУСАЛ ао
12 989	
280 183 446	
27,92	
27,88	
27,7	
28,16	
27,75
LSRG	
ЛСР ао
12 225	
277 553 690	
668	
647,8	
647,8	
679,6	
666
MTLR	
Мечел ао
15 814	
251 154 613	
70,07	
70,99	
68,22	
71,5	
69,11
CBOM	
МКБ ао
9 116	
226 740 454	
5,511	
5,495	
5,475	
5,54	
5,484
UPRO	
Юнипро ао
4 742	
215 126 561	
2,796	
2,78	
2,755	
2,816	
2,808
BANEP	
Башнефт ап
5 648	
202 708 030	
1 468	
1 463,5	
1 450	
1 478	
1 461
PHOR	
ФосАгро ао
4 038	
186 041 490	
2 790	
2 814	
2 764	
2 824	
2 785
TGKA	
ТГК-1
9 548	
169 024 891	
0,013124	
0,013002	
0,01295	
0,01337	
0,013038
RASP	
Распадская
3 410	
166 258 298	
108,76	
106,5	
105,02	
111	
109,88
OGKB	
ОГК-2 ао
7 141	
145 667 773	
0,7158	
0,7132	
0,7055	
0,7258	
0,7072
RTKM	
Ростел -ао
4 512	
138 414 087	
84,26	
84,9	
83,93	
84,9	
84,2
LSNGP	
РСетиЛЭ-п
4 012	
129 906 873	
169,1	
167,55	
167,1	
170,35	
170,3
OBUV	
ОР ао
10 364	
120 049 870	
33,35	
30,5	
30,1	
35,5	
34
AKRN	
Акрон
3 864	
114 965 312	
5 658	
5 714	
5 574	
5 768	
5 652
UTAR	
ЮТэйр ао
10 392	
101 233 577	
8,47	
6,79	
6,79	
9,37	
7,66
MSNG	
+МосЭнерго
4 288	
99 489 614	
2,1425	
2,1955	
2,0885	
2,1955	
2,1835
ZILL	
ЗИЛ ао
5 128	
96 211 090	
3 400	
3 285	
3 070	
4 100	
3 435
KRKNP	
СаратНПЗ-п
2 735	
93 827 520	
17 480	
17 680	
17 000	
17 700	
17 660
MOBB	
МосОблБанк
21 061	
82 899 815	
0,756	
0,606	
0,468	
0,934	
0,934
RSTIP	
Россети ап
3 161	
79 798 662	
2,367	
2,378	
2,345	
2,39	
2,377
NKNCP	
НКНХ ап
4 296	
79 609 927	
88,8	
87,56	
87,56	
89,76	
89
BSPB	
БСП ао
5 268	
71 019 355	
42,91	
41,2	
41,2	
44	
43,09
PIKK	
ПИК ао
1 399	
61 048 509	
392,4	
390,2	
387,9	
399,2	
398,2
ENRU	
ЭнелРос ао
2 233	
60 478 320	
0,9945	
0,9925	
0,989	
0,9975	
0,9955
QIWI	
iQIWI
2 694	
57 451 280	
1 013,5	
1 010	
996,5	
1 026	
1 025
MTLRP	
Мечел ап
2 657	
51 576 099	
80,7	
79,95	
79,1	
81,8	
80,2
AGRO	
AGRO-гдр
2 965	
46 214 305	
654	
648,4	
648,4	
662	
655
ETLN	
ETLN-гдр
2 132	
35 148 419	
92,02	
92,32	
91,18	
92,98	
92,16
TGKB	
ТГК-2
1 739	
32 927 225	
0,00446	
0,004265	
0,004255	
0,00464	
0,00438
BANE	
Башнефт ао
1 771	
32 678 148	
1 831,5	
1 841	
1 810,5	
1 846	
1 820
SFIN	
САФМАР ао
528	
29 375 674	
469,6	
460	
459,2	
473,6	
467,6
NMTP	
НМТП ао
2 408	
28 821 572	
9,605	
9,495	
9,425	
9,675	
9,58
RTKMP	
Ростел -ап
1 835	
24 169 189	
75,1	
75,15	
74,3	
75,6	
75
VSMO	
ВСМПО-АВСМ
341	
13 750 500	
18 700	
18 480	
18 420	
18 920	
18 880
NKNC	
НКНХ ао
920	
13 673 543	
99,1	
100	
98,4	
100,35	
99
PRTK	
ПРОТЕК ао
297	
12 087 708	
98,9	
98,2	
97,8	
99,6	
98,6
CHEP	
ЧТПЗ ао
699	
9 864 335	
218	
213	
213	
226	
217
MRKP	
МРСК ЦП
835	
9 203 873	
0,1909	
0,1896	
0,1892	
0,192	
0,191
TGKBP	
ТГК-2 ап
489	
9 042 040	
0,00785	
0,00736	
0,00736	
0,00819	
0,0075
INGR	
ИНГРАД ао
563	
8 869 488	
818	
817	
805	
1 099	
807
MRKV	
РсетВол ао
788	
8 568 290	
0,06645	
0,0658	
0,06565	
0,06675	
0,06615
SELG	
Селигдар
834	
8 175 652	
23,39	
23,6	
23,2	
23,99	
23,48
LIFE	
iФармсинтз
948	
8 113 811	
7,235	
7,38	
7,12	
7,4	
7,25
SVAV	
СОЛЛЕРС
444	
7 734 735	
256	
258,5	
234	
261	
256
GEMA	
iММЦБ ао
357	
7 496 194	
606	
620	
599	
620	
605,5
AQUA	
РусАква ао
495	
7 421 265	
222,5	
215	
214	
225,5	
221
IRKT	
ИРКУТ-3
545	
7 372 824	
36,88	
36,66	
35,38	
37,8	
37,24
DVEC	
ДЭК ао
766	
7 196 201	
0,966	
0,96	
0,934	
1,025	
0,965
MRKU	
МРСК Ур
627	
6 763 420	
0,1618	
0,1624	
0,1602	
0,1672	
0,1612
MSRS	
РСетиМР ао
571	
6 500 132	
1,1295	
1,12	
1,12	
1,136	
1,1285
ROST	
РОСИНТЕРао
678	
6 375 002	
65	
59,2	
59,2	
70	
64
LSNG	
РСетиЛЭ
905	
6 301 983	
6,14	
6,15	
6,05	
6,22	
6,2
APTK	
Аптеки36и6
3 017	
6 121 912	
13,85	
13,8	
13,698	
14,04	
13,764
FESH	
ДВМП ао
452	
6 113 937	
7,89	
7,59	
7,59	
8	
7,85
GCHE	
ЧеркизГ-ао
492	
5 936 901	
1 722	
1 720	
1 715	
1 733	
1 724,5
RNFT	
РуссНфт ао
1 416	
5 820 553	
447,2	
448,8	
440,8	
448,8	
448,2
ISKJ	
iИСКЧ ао
890	
5 722 000	
27,52	
28,01	
27,14	
28,11	
27,69
KMAZ	
КАМАЗ
759	
5 642 045	
59,7	
60,4	
58,5	
60,6	
59,4
MRKC	
МРСК Центр
635	
5 196 343	
0,2654	
0,266	
0,2636	
0,267	
0,2658
MGTSP	
МГТС-4ап
627	
5 035 408	
2 030	
2 062	
2 020	
2 062	
2 030
ENPG	
ЭН+ГРУП ао
172	
4 324 192	
613,5	
611	
609,5	
616,5	
611
MSTT	
Мостотрест
325	
4 006 831	
160,2	
161,8	
159,35	
161,8	
159,5
PMSBP	
ПермьЭнС-п
373	
3 413 372	
159	
162	
158	
165,8	
159,4
MRKZ	
МРСК СЗ
533	
3 401 122	
0,05055	
0,0506	
0,04815	
0,05215	
0,0506
YAKG	
ЯТЭК ао
314	
3 369 950	
41,3	
40,1	
39,5	
43,35	
40
MAGE	
МагадЭн ао
185	
3 358 980	
7,51	
7,55	
7,1	
7,82	
7,31
LNZL	
Лензолото
165	
3 355 070	
8 240	
8 180	
8 160	
8 300	
8 210
UNAC	
iАвиастКао
468	
3 326 207	
0,472	
0,472	
0,4685	
0,4765	
0,4725
NFAZ	
Нефтекамск
517	
3 172 376	
170,4	
161,8	
158,8	
184,8	
164,8
GTRK	
ГТМ ао
415	
2 884 750	
42,1	
42,45	
41,65	
42,55	
42,2
IRGZ	
ИркЭнерго
257	
2 786 036	
12,12	
12,1	
11,94	
12,4	
11,98
BELU	
Белуга ао
264	
2 689 828	
1 371	
1 369	
1 353	
1 404	
1 367
KZOS	
ОргСинт ао
521	
2 589 746	
91,7	
91,4	
90,5	
92,3	
91,1
TTLK	
Таттел. ао
349	
2 440 065	
0,289	
0,289	
0,2815	
0,2925	
0,288
SELGP	
Селигдар-п
286	
2 373 095	
25,7	
26,05	
25,35	
26,3	
25,6
PMSB	
ПермьЭнСб
294	
2 359 270	
159,2	
164	
155,5	
164	
159,2
CNTLP	
Телеграф-п
215	
2 355 050	
17,26	
17,56	
17,06	
17,56	
17,46
LPSB	
ЛЭСК ао
592	
2 344 295	
7,8	
8,3	
7,45	
8,3	
8,05
UWGN	
ОВК ао
318	
2 188 311	
242,8	
242	
240,3	
245	
243,6
MGTS	
МГТС-5ао
100	
2 143 035	
2 470	
2 500	
2 400	
2 500	
2 495
TGKN	
ТГК-14
138	
2 134 000	
0,00326	
0,00324	
0,0032	
0,00329	
0,00326
KRSB	
Красэсб ао
121	
2 088 280	
8,03	
7,89	
7,78	
8,24	
8
PAZA	
ПавлАвт ао
158	
2 088 090	
8 250	
8 440	
7 800	
8 890	
8 080
EELT	
ЕвроЭлтех
240	
1 983 682	
7,26	
7,54	
7,18	
7,54	
7,3
RZSB	
РязЭнСб
143	
1 750 000	
9,46	
9,12	
9	
10	
9,7
CHGZ	
РН-ЗапСиб
181	
1 713 320	
37,8	
35	
31,8	
47,8	
35,8
KZOSP	
ОргСинт ап
661	
1 712 279	
12,18	
12,49	
12,02	
12,49	
12,21
DIOD	
ЗаводДИОД
311	
1 667 781	
5,77	
5,71	
5,7	
5,84	
5,76
AMEZ	
АшинскийМЗ
485	
1 647 125	
4,095	
4,08	
4,035	
4,125	
4,09
RGSS	
РГС СК ао
244	
1 601 160	
0,1528	
0,1526	
0,1514	
0,1544	
0,1526
KRSBP	
Красэсб ап
67	
1 503 700	
8,18	
8	
7,98	
8,42	
8,26
TRCN	
ТрансК ао
67	
1 488 120	
8 550	
8 370	
8 370	
8 600	
8 560
KRKN	
СаратНПЗ
71	
1 356 850	
13 700	
13 650	
13 450	
13 900	
13 800
VLHZ	
ВХЗ-ао
214	
1 281 162	
48,85	
48,7	
48,15	
49,45	
49,45
ALNU	
АЛРОСА-Нюр
25	
1 274 800	
51 000	
50 200	
50 200	
51 600	
51 000
RUGR	
Русгрэйн
1 056	
1 182 896	
7,508	
7,506	
7,434	
7,68	
7,5
MAGEP	
МагадЭн ап
127	
1 169 670	
6,645	
6,95	
6,325	
7,15	
6,84
RUSP	
Русполимет
57	
1 116 530	
0,607	
0,6105	
0,585	
0,617	
0,616
KUBE	
Кубанэнр
213	
1 110 775	
73,2	
70,9	
70,9	
77	
73,7
RBCM	
РБК ао
287	
1 070 805	
3,344	
3,338	
3,234	
3,404	
3,332
YKEN	
Якутскэнрг
142	
1 014 025	
0,3635	
0,347	
0,347	
0,374	
0,3565
VZRZP	
Возрожд-п
127	
834 326	
310,2	
304	
303,2	
319	
309,6
LNZLP	
Лензол. ап
124	
813 190	
3 550	
3 590	
3 510	
3 590	
3 575
MFGSP	
Мегион-ап
30	
798 820	
349	
340	
340	
350	
345,5
KROT	
КрасОкт-ао
60	
788 880	
346	
344,5	
343	
350	
344
KBSB	
ТНСэКубань
60	
779 725	
144,5	
140	
136	
154	
144,5
USBN	
УралСиб ао
131	
771 959	
0,0725	
0,0722	
0,0714	
0,0748	
0,0725
PRMB	
Приморье
29	
701 400	
23 400	
24 600	
22 400	
24 600	
24 000
WTCM	
ЦМТ ао
68	
690 792	
8,74	
9,02	
8,66	
9,02	
8,8
URKZ	
УрКузница
30	
689 000	
11 120	
11 020	
10 600	
11 300	
11 280
NKHP	
НКХП ао
72	
659 295	
232	
232,5	
231	
233	
232
BISVP	
БашИнСв ап
57	
651 727	
7,63	
7,57	
7,46	
7,7	
7,65
KLSB	
КалужскСК
108	
645 068	
11,16	
11,28	
11,01	
11,3	
11,22
RLMN	
Роллман
229	
640 016	
19,1	
19,95	
18,9	
19,95	
19,35
HIMCP	
Химпром ап
91	
630 124	
5,93	
5,9	
5,81	
5,96	
5,92
MRKS	
РсетСиб ао
76	
609 365	
0,2315	
0,234	
0,2305	
0,234	
0,2315
DZRD	
iДонскЗР
179	
585 260	
1 915	
1 950	
1 855	
1 980	
1 930
SAREP	
СаратЭн-ап
104	
579 136	
0,0872	
0,0926	
0,0602	
0,098	
0,0904
ASSB	
АстрЭнСб
176	
561 538	
0,7885	
0,7725	
0,7725	
0,7965	
0,7855
TGKD	
Квадра
107	
524 150	
0,00303	
0,003035	
0,003	
0,003075	
0,003045
NAUK	
iНПОНаука
85	
518 742	
181,4	
181,6	
178,6	
184,8	
181,4
DZRDP	
iДонскЗР п
159	
514 920	
1 540	
1 600	
1 500	
1 600	
1 570
VJGZP	
Варьеган-п
60	
510 820	
365	
366	
351	
370	
364
CHMK	
ЧМК ао
80	
497 450	
2 500	
2 520	
2 470	
2 535	
2 500
ROSB	
Росбанк ао
106	
479 740	
72	
75	
70,6	
75,8	
71,2
VSYD	
ВыбСудЗ ао
22	
469 420	
4 045	
4 085	
3 915	
4 085	
4 010
KMEZ	
КМЗ
125	
457 768	
467,5	
459,5	
458,5	
470	
462,5
MRKY	
РоссЮг ао
112	
448 124	
0,05155	
0,0508	
0,05075	
0,05225	
0,05195
KUZB	
КузнецкийБ
280	
440 675	
0,01704	
0,01722	
0,01671	
0,01747	
0,017
KOGK	
КоршГОК ао
9	
416 200	
46 200	
46 800	
45 800	
47 000	
46 200
KRKOP	
ТКЗКК ап
125	
396 432	
5,815	
5,825	
5,805	
5,955	
5,805
CNTL	
Телеграф
77	
393 035	
20,9	
21,5	
20,6	
21,6	
20,6
MFGS	
Мегион-ао
14	
392 475	
360	
361,5	
360	
362	
360
NSVZ	
НаукаСвяз
76	
376 150	
229,5	
234	
226	
242	
229,5
ROLO	
Русолово
55	
367 408	
3,868	
3,876	
3,822	
3,96	
3,85
NKSH	
Нижкамшина
19	
366 288	
22,62	
22,84	
22,32	
22,84	
22,7
GAZAP	
ГАЗ ап
42	
364 855	
323	
315,5	
315,5	
325	
324,5
RLMNP	
Роллман-п
216	
357 960	
19,3	
19,02	
18,78	
19,78	
19,4
TASBP	
ТамбЭнСб-п
53	
353 795	
0,3105	
0,3235	
0,3	
0,324	
0,308
TASB	
ТамбЭнСб
63	
349 100	
0,323	
0,3215	
0,32	
0,3355	
0,327
WTCMP	
ЦМТ ап
68	
314 642	
8,06	
8,04	
8	
8,2	
8,04
MGNZ	
СМЗ-ао
23	
313 420	
4 070	
4 140	
4 010	
4 140	
4 070
TUZA	
ТЗА ао
68	
312 280	
97	
96	
95	
99	
96
GAZA	
ГАЗ ао
36	
307 505	
389	
393	
385,5	
397	
387,5
ZVEZ	
ЗВЕЗДА ао
42	
305 740	
4,63	
4,605	
4,595	
4,715	
4,62
YKENP	
Якутскэн-п
56	
302 355	
0,3475	
0,3345	
0,3345	
0,374	
0,3375
VSYDP	
ВыбСудЗ ап
35	
291 700	
3 880	
3 980	
3 800	
4 060	
3 940
ABRD	
АбрауДюрсо
92	
288 645	
130,5	
130	
130	
131	
131
RAVN	
Raven
38	
281 115	
31,25	
29,85	
29,85	
31,75	
31,55
TORSP	
ТРК ап
30	
280 040	
0,283	
0,283	
0,2795	
0,284	
0,2835
LVHK	
Левенгук
64	
279 095	
8,09	
8,1	
7,98	
8,18	
8,17
KAZT	
Куйбазот
60	
278 318	
143,6	
148	
141	
148	
143,8
JNOS	
Славн-ЯНОС
76	
266 565	
18,75	
19,7	
18,5	
19,7	
18,8
SZPR	
СЗПароход
76	
255 422	
788	
788	
784	
808	
788
BRZL	
БурЗолото
64	
254 154	
828	
827	
827	
833	
827
TORS	
ТРК ао
30	
254 080	
0,403	
0,4	
0,397	
0,407	
0,405
KBTK	
КузбТК ао
68	
253 896	
156,8	
155,6	
155	
160,4	
157,6
KROTP	
КрасОкт-1п
46	
252 920	
260,5	
255,5	
253,5	
275,5	
259
MRKK	
Россети СК
90	
214 761	
26,1	
26,56	
26,02	
26,56	
26,32
OMZZP	
ОМЗ-ап
38	
208 135	
3 470	
3 430	
3 420	
3 530	
3 455
STSB	
СтаврЭнСб
63	
189 052	
0,382	
0,3885	
0,373	
0,389	
0,384
STSBP	
СтаврЭнСбп
101	
177 698	
0,3215	
0,3225	
0,3125	
0,33	
0,33
VGSB	
ВолгЭнСб
38	
158 230	
1,615	
1,61	
1,585	
1,68	
1,67
KAZTP	
Куйбазот-п
34	
156 636	
147,8	
149,6	
145,4	
149,6	
147
UKUZ	
ЮжКузб. ао
27	
146 974	
532	
510	
510	
542	
534
NNSBP	
ТНСэнНН ап
30	
126 514	
534	
532	
531	
558	
558
SLEN	
Сахэнер ао
20	
126 009	
4,17	
4,165	
4,155	
4,23	
4,17
RKKE	
ЭнергияРКК
19	
118 770	
4 950	
4 900	
4 900	
4 990	
4 980
UNKL	
ЮУНК ао
18	
117 880	
3 370	
3 390	
3 340	
3 430	
3 370
HALS	
Галс-Девел
34	
113 064	
780	
771	
770	
793	
785
UCSS	
ОКС ао
26	
109 880	
1 430	
1 410	
1 410	
1 440	
1 440
CHKZ	
ЧКПЗ ао
10	
105 540	
5 280	
5 200	
5 200	
5 340	
5 240
BLNG	
Белон ао
20	
93 454	
4,046	
4,05	
4,03	
4,08	
4,05
SAGO	
СамарЭн-ао
16	
91 540	
0,398	
0,4	
0,394	
0,4	
0,4
VRSB	
ТНСэнВорон
12	
90 540	
47,8	
47,4	
47,2	
48	
47,8
ARSA	
Арсагера
13	
86 120	
3,31	
3,35	
3,29	
3,35	
3,3
ELTZ	
Электрцинк
79	
85 534	
173	
172,5	
171,5	
174,5	
173
SAGOP	
СамарЭн-ап
22	
83 520	
0,38	
0,382	
0,372	
0,39	
0,386
KGKC	
КурганГКао
28	
82 680	
54	
54	
54	
55	
54
KCHE	
КамчатЭ ао
22	
78 650	
0,1965	
0,188	
0,188	
0,2005	
0,1995
IGSTP	
Ижсталь ап
32	
76 965	
687	
682	
682	
696	
688
KGKCP	
КурганГКап
41	
76 085	
57,5	
58,5	
57	
59	
58
RTSBP	
ТНСэнРст-п
20	
71 710	
0,276	
0,28	
0,272	
0,285	
0,279
JNOSP	
Слав-ЯНОСп
14	
68 230	
15,16	
15,36	
15	
15,36	
15,2
NNSB	
ТНСэнНН ао
4	
66 065	
1 270	
1 275	
1 270	
1 285	
1 285
AVAN	
Авангрд-ао
32	
64 830	
730	
735	
725	
740	
725
IGST	
Ижсталь2ао
23	
62 000	
849	
858	
824	
862	
857
MRSB	
МордЭнСб
13	
60 890	
0,358	
0,357	
0,354	
0,36	
0,36
SARE	
СаратЭн-ао
10	
60 680	
0,119	
0,121	
0,1184	
0,1212	
0,1206
TNSE	
ТНСэнрг ао
14	
59 410	
990	
965	
965	
995	
990
RUSI	
ИКРУСС-ИНВ
11	
49 850	
38,3	
38,2	
38,2	
38,8	
38,7
MISB	
ТНСэнМарЭл
7	
49 640	
11,3	
11,5	
11,2	
11,5	
11,3
VJGZ	
Варьеган
24	
45 543	
599	
599	
593	
605	
603
RDRB	
РДБанк ао
15	
44 600	
250	
250	
245	
250	
250
VGSBP	
ВолгЭнСб-п
17	
40 540	
1,125	
1,16	
1,1	
1,16	
1,13
MISBP	
ТНСэМаЭл-п
15	
35 500	
10,2	
10,4	
10	
10,6	
10,2
RTSB	
ТНСэнРст
6	
30 450	
0,34	
0,34	
0,335	
0,34	
0,335
VRSBP	
ТНСэнВор-п
7	
27 700	
31	
31	
30,5	
31	
30,5
KTSB	
КСБ ао
20	
27 174	
0,566	
0,56	
0,56	
0,57	
0,564
TGKDP	
Квадра-п
16	
21 073	
0,003975	
0,003885	
0,003885	
0,004035	
0,004025
RTGZ	
ГазпРнД ао
1	
20 900	
20 900	
20 900	
20 900	
20 900	
20 900
KTSBP	
КСБ ап
6	
19 400	
0,2425	
0,243	
0,2415	
0,243	
0,242
ALBK	
БестЭфБ ао
10	
14 050	
56	
56	
56	
57	
57
YRSB	
ТНСэнЯр
2	
5 040	
168	
168	
168	
168	
168
YRSBP	
ТНСэнЯр-п
2	
1 755	
88	
89,5	
86	
89,5	
86
BISV	
БашИнСв ао
0	
0	
-	
-	
-	
-	
8,7
GAZC	
ГАЗКОН-ао
0	
0	
-	
-	
-	
-	
295
GAZS	
ГАЗ-сервис
0	
0	
-	
-	
-	
-	
293
GAZT	
ГАЗ-Тек ао
0	
0	
-	
-	
-	
-	
85
GTSS	
ГЕОТЕК ао
0	
0	
-	
-	
-	
-	
-
HIMC	
Химпром ао
0	
0	
-	
-	
-	
-	
0,99
KCHEP	
КамчатЭ ап
0	
0	
-	
-	
-	
-	
0,351
KMTZ	
КосогМЗ ао
0	
0	
-	
-	
-	
-	
-
KRKO	
ТКЗКК ао
0	
0	
-	
-	
-	
-	
11,8
KSGR	
Кокс ао
0	
0	
-	
-	
-	
-	
-
KUNF	
КУЗОЦМ ао
0	
0	
-	
-	
-	
-	
-
KZMS	
КЗМС ао
0	
0	
-	
-	
-	
-	
226
MFON	
МегаФон ао
0	
0	
-	
-	
-	
-	
650,6
MORI	
Морион ао
0	
0	
-	
-	
-	
-	
4,31
NPOF	
Физика ао
0	
0	
-	
-	
-	
-	
11 850
TRFM	
ТрансФ ао
0	
0	
-	
-	
-	
-	
-
URKA	
Уркалий-ао
0	
0	
-	
-	
-	
-	
119,04
VZRZ	
Возрожд-ао
0	
0	
-	
-	
-	
-	
480