SBER	
Сбербанк
53 610	
8 859 053 776	
210,59	
210,8	
209,3	
212,29	
209,42
LKOH	
ЛУКОЙЛ
36 922	
7 753 038 974	
5 439,5	
5 465	
5 405	
5 479	
5 430,5
GMKN	
ГМКНорНик
35 761	
6 620 175 938	
18 866	
18 618	
18 570	
19 036	
18 928
GAZP	
ГАЗПРОМ ао
55 208	
6 133 621 613	
199,5	
197,98	
197,55	
201,19	
200,79
MTSS	
МТС-ао
52 317	
3 400 899 025	
320,4	
320,95	
317,85	
323,2	
318,95
POLY	
Polymetal
30 670	
3 075 295 363	
1 419,3	
1 409	
1 406,1	
1 436,8	
1 428,6
PLZL	
Полюс
24 213	
3 025 040 165	
12 775,5	
12 710	
12 556	
12 961	
12 914
YNDX	
Yandex clA
22 689	
2 052 505 458	
3 588,2	
3 595,4	
3 553	
3 636	
3 571,6
MGNT	
Магнит ао
16 699	
1 534 781 629	
4 215	
4 240	
4 184	
4 276,5	
4 213
SNGS	
Сургнфгз
16 498	
1 515 778 094	
39,39	
39,765	
38,815	
40,26	
38,845
SBERP	
Сбербанк-п
20 179	
1 291 714 465	
192,97	
193,9	
191,57	
194,36	
192,6
TATN	
Татнфт 3ао
16 996	
1 271 459 402	
560,7	
566,7	
556,5	
567,1	
559,7
MOEX	
МосБиржа
19 197	
1 078 500 164	
122,44	
122,79	
121,7	
123,69	
122,02
ALRS	
АЛРОСА ао
20 127	
1 063 194 861	
66,55	
66,3	
66,08	
66,92	
66,9
ROSN	
Роснефть
11 296	
1 041 131 903	
364,95	
366	
362,75	
366,8	
365,7
VTBR	
ВТБ ао
29 209	
1 014 592 965	
0,035455	
0,035705	
0,035275	
0,03575	
0,035375
AFKS	
Система ао
15 843	
994 440 929	
17,755	
17,335	
17,205	
18,07	
18
SNGSP	
Сургнфгз-п
13 112	
869 332 467	
35,8	
35,98	
35,615	
36,09	
35,615
HYDR	
РусГидро
19 172	
827 620 592	
0,7653	
0,7523	
0,7471	
0,7795	
0,7744
NVTK	
Новатэк ао
9 877	
760 654 733	
1 039	
1 030,2	
1 029,6	
1 048,2	
1 042,8
IRAO	
ИнтерРАОао
8 940	
744 900 671	
5,0685	
5,069	
5,0235	
5,0935	
5,079
AFLT	
Аэрофлот
14 820	
605 190 547	
80,82	
80,36	
80,12	
81,38	
80,44
FIVE	
FIVE-гдр
7 501	
463 175 719	
2 543	
2 615	
2 523	
2 615	
2 537,5
CHMF	
СевСт-ао
10 527	
447 449 889	
892,8	
890	
886	
897,4	
890
NLMK	
НЛМК ао
7 628	
410 120 029	
142,66	
142,94	
141,78	
143,46	
142,1
TRNFP	
Транснф ап
1 503	
367 698 800	
138 200	
137 650	
137 300	
139 000	
139 000
MAGN	
ММК
5 381	
349 395 103	
38,405	
38,14	
38,07	
38,6	
38,31
SIBN	
Газпрнефть
6 611	
345 006 470	
328,4	
328,55	
327,05	
329,8	
327,9
ENRU	
ЭнелРос ао
12 520	
292 915 359	
0,9565	
0,9605	
0,948	
0,9695	
0,9625
DSKY	
ДетскийМир
7 683	
289 641 076	
106,38	
106,24	
106	
106,94	
106,3
FEES	
ФСК ЕЭС ао
7 062	
259 596 067	
0,19188	
0,19014	
0,18982	
0,19358	
0,19086
MAIL	
MAIL-гдр
12 387	
253 329 859	
1 849,8	
1 878	
1 835	
1 889,8	
1 838,6
TATNP	
Татнфт 3ап
6 398	
249 812 089	
545,5	
553,5	
542,5	
553,5	
542,5
CBOM	
МКБ ао
9 830	
231 862 469	
5,644	
5,668	
5,614	
5,699	
5,62
OGKB	
ОГК-2 ао
6 993	
225 012 212	
0,8003	
0,798	
0,7937	
0,8046	
0,8
RUAL	
РУСАЛ ао
9 452	
224 313 715	
26,84	
26,775	
26,4	
27,08	
26,95
RSTI	
Россети ао
4 414	
212 667 476	
1,5416	
1,5284	
1,5227	
1,5525	
1,5448
NKNCP	
НКНХ ап
7 635	
201 422 380	
91	
91,5	
90	
91,86	
91,16
POGR	
Petropavl
5 998	
198 125 703	
23,02	
23,46	
22,68	
23,495	
23,29
RTKM	
Ростел -ао
6 937	
185 521 911	
87,2	
88,24	
86,6	
88,54	
86,6
UPRO	
Юнипро ао
4 032	
177 413 852	
2,865	
2,838	
2,831	
2,879	
2,851
BANEP	
Башнефт ап
7 681	
132 655 136	
1 361,5	
1 374	
1 348,5	
1 374,5	
1 349
TCSG	
TCS-гдр
5 251	
108 302 538	
1 462	
1 472	
1 436	
1 496,4	
1 460
PHOR	
ФосАгро ао
2 822	
85 190 699	
2 614	
2 613	
2 601	
2 627	
2 620
TGKA	
ТГК-1
5 290	
78 370 712	
0,012354	
0,0125	
0,0122	
0,012532	
0,0122
LSRG	
ЛСР ао
3 258	
74 422 393	
733	
727,8	
726,2	
737,4	
730,4
AQUA	
РусАква ао
1 224	
66 473 960	
191,5	
199	
190	
203	
197
LNTA	
Лента др
4 213	
63 565 951	
173,4	
171	
171	
175	
173,8
CNTLP	
Телеграф-п
2 181	
58 915 040	
27,32	
27	
26,92	
27,7	
27,3
TRMK	
ТМК ао
461	
56 543 073	
59,96	
59,9	
59,9	
60	
59,9
NMTP	
НМТП ао
4 844	
56 151 551	
10,645	
10,72	
10,585	
10,75	
10,63
PIKK	
ПИК ао
2 539	
53 580 502	
425,1	
424,1	
419,3	
425,9	
420,1
MSNG	
+МосЭнерго
1 959	
52 182 690	
2,1345	
2,136	
2,1185	
2,1495	
2,1255
QIWI	
iQIWI
2 578	
51 831 868	
1 285	
1 321	
1 251,5	
1 325	
1 254
MSTT	
Мостотрест
4 129	
48 204 492	
166,55	
146,5	
146,4	
176,4	
159,95
MTLR	
Мечел ао
3 963	
45 247 588	
65,29	
65,29	
64,8	
65,87	
64,8
RASP	
Распадская
762	
41 394 425	
111,04	
110	
109,5	
112,44	
109,5
NKNC	
НКНХ ао
1 880	
38 440 787	
101,55	
101	
100,2	
102,7	
102,6
MVID	
М.видео
884	
25 148 860	
401,9	
403,5	
401	
405	
401
ETLN	
ETLN-гдр
1 611	
24 784 481	
99,6	
98,5	
98,42	
99,94	
99,32
RTKMP	
Ростел -ап
2 619	
24 471 765	
80,55	
80,95	
80	
81,3	
80,35
LNZL	
Лензолото
799	
23 004 930	
9 370	
9 150	
9 050	
9 550	
9 550
BANE	
Башнефт ао
1 290	
17 269 045	
1 767,5	
1 784,5	
1 760	
1 788	
1 760
APTK	
Аптеки36и6
3 552	
14 422 943	
14,16	
14,042	
14	
14,338	
14,066
SFIN	
САФМАР ао
570	
13 567 348	
457,6	
463,8	
456,6	
463,8	
456,8
AGRO	
AGRO-гдр
883	
13 394 304	
653,8	
652,6	
650,2	
657	
655,4
MTLRP	
Мечел ап
704	
13 342 216	
85,1	
85,1	
84,75	
85,65	
84,85
LSNGP	
РСетиЛЭ-п
897	
12 112 290	
156,75	
157,7	
155	
158,25	
155,1
CNTL	
Телеграф
913	
10 881 580	
29,7	
30,3	
29	
30,6	
29,85
AKRN	
Акрон
470	
10 754 548	
5 670	
5 694	
5 640	
5 696	
5 640
SELG	
Селигдар
1 011	
10 222 640	
26,01	
24,6	
24,55	
26,64	
26,25
RSTIP	
Россети ап
786	
9 343 983	
2,098	
2,08	
2,07	
2,126	
2,07
KZOS	
ОргСинт ао
765	
8 122 469	
90	
90,2	
89	
92,3	
89,3
BSPB	
БСП ао
964	
7 398 883	
41,11	
41,11	
40,9	
41,29	
41,22
MRKP	
МРСК ЦП
522	
7 234 497	
0,1957	
0,1966	
0,1942	
0,1968	
0,1953
LNZLP	
Лензол. ап
600	
6 943 040	
3 895	
3 895	
3 850	
3 945	
3 920
OBUV	
ОР ао
675	
6 840 226	
32,25	
32,1	
32	
32,65	
32,1
RNFT	
РуссНфт ао
575	
5 987 271	
540,2	
534,6	
534,6	
542,8	
542,8
KRKNP	
СаратНПЗ-п
242	
5 226 400	
16 080	
15 880	
15 880	
16 280	
16 060
ISKJ	
iИСКЧ ао
551	
5 187 427	
26,05	
26,3	
25,76	
26,69	
25,91
YAKG	
ЯТЭК ао
27	
4 954 250	
41,25	
41,25	
41,2	
41,35	
41,25
VSMO	
ВСМПО-АВСМ
105	
4 933 760	
18 760	
18 940	
18 700	
18 940	
18 800
LIFE	
iФармсинтз
432	
3 920 734	
6,58	
6,63	
6,53	
6,63	
6,57
ALNU	
АЛРОСА-Нюр
39	
3 637 400	
55 200	
55 200	
54 400	
55 600	
55 400
ENPG	
ЭН+ГРУП ао
235	
3 377 109	
587	
586,5	
585	
590	
587,5
UNKL	
ЮУНК ао
326	
3 376 220	
4 320	
4 160	
4 090	
4 530	
4 270
MGTSP	
МГТС-4ап
270	
3 022 510	
2 000	
2 010	
1 980	
2 026	
2 000
PRTK	
ПРОТЕК ао
111	
2 999 834	
99,5	
99,6	
98,9	
99,7	
99,5
MRKV	
РсетВол ао
403	
2 830 298	
0,07375	
0,0747	
0,07325	
0,07495	
0,07355
TGKB	
ТГК-2
169	
2 680 795	
0,00391	
0,00393	
0,003895	
0,00393	
0,003915
KAZT	
Куйбазот
327	
2 647 124	
154,6	
150,8	
147	
162,8	
148,4
FESH	
ДВМП ао
168	
2 567 706	
7,41	
7,32	
7,32	
7,47	
7,46
KROT	
КрасОкт-ао
237	
2 449 035	
326	
346	
233	
352	
349,5
GCHE	
ЧеркизГ-ао
318	
2 403 920	
1 743	
1 760	
1 738	
1 760	
1 748
URKZ	
УрКузница
50	
2 269 080	
16 060	
12 680	
12 680	
13 380	
12 780
TNSE	
ТНСэнрг ао
168	
2 143 120	
1 030	
1 005	
1 000	
1 095	
1 000
KLSB	
КалужскСК
267	
2 041 729	
11,61	
11,54	
11,43	
11,95	
11,57
MRKC	
МРСК Центр
401	
2 016 567	
0,2816	
0,284	
0,28	
0,2856	
0,2824
SVAV	
СОЛЛЕРС
109	
1 896 615	
259	
257,5	
257	
260	
259
CHGZ	
РН-ЗапСиб
133	
1 865 380	
35,6	
33,6	
33	
36,6	
34,4
KMAZ	
КАМАЗ
227	
1 691 024	
57	
57,4	
56,5	
57,4	
56,8
VRSBP	
ТНСэнВор-п
94	
1 634 050	
54	
56	
52,5	
56,5	
53
SELGP	
Селигдар-п
135	
1 547 900	
26,35	
26,3	
26	
26,65	
26,35
DIOD	
ЗаводДИОД
255	
1 542 985	
6,21	
6,11	
6,11	
6,28	
6,19
MRKU	
МРСК Ур
85	
1 499 880	
0,158	
0,1552	
0,1552	
0,1588	
0,1566
KZOSP	
ОргСинт ап
639	
1 492 817	
11,97	
12,01	
11,78	
12,23	
11,98
KRKOP	
ТКЗКК ап
491	
1 388 090	
5,99	
6,25	
5,74	
6,4	
5,9
MSRS	
РСетиМР ао
93	
1 349 204	
1,1205	
1,117	
1,114	
1,129	
1,119
ZILL	
ЗИЛ ао
100	
1 343 780	
2 630	
2 575	
2 565	
2 700	
2 590
IRGZ	
ИркЭнерго
136	
1 218 438	
11,96	
11,94	
11,68	
12,18	
11,84
DVEC	
ДЭК ао
136	
1 192 948	
1,023	
1,022	
1,015	
1,038	
1,029
KAZTP	
Куйбазот-п
134	
1 188 054	
153,8	
151,8	
150	
158,8	
152,2
ASSB	
АстрЭнСб
227	
1 176 275	
0,855	
0,854	
0,8435	
0,86	
0,856
BELU	
Белуга ао
117	
976 657	
1 368	
1 370	
1 353	
1 379	
1 354
IRKT	
ИРКУТ-3
72	
961 108	
34,82	
34,68	
34,34	
35,16	
34,44
RTSB	
ТНСэнРст
98	
923 250	
0,4	
0,405	
0,39	
0,41	
0,395
PMSBP	
ПермьЭнС-п
79	
769 058	
130,2	
129,4	
129,2	
131	
130
GAZAP	
ГАЗ ап
61	
745 935	
312	
319,5	
310	
319,5	
316
YKEN	
Якутскэнрг
35	
736 755	
0,3665	
0,3685	
0,36	
0,377	
0,365
ABRD	
АбрауДюрсо
99	
705 520	
129,5	
129,5	
129	
130,5	
129
TRCN	
ТрансК ао
25	
704 495	
8 590	
8 575	
8 570	
8 605	
8 600
MOBB	
МосОблБанк
291	
669 965	
0,858	
0,872	
0,85	
0,872	
0,86
SLEN	
Сахэнер ао
122	
613 241	
4,54	
4,68	
4,495	
4,765	
4,55
RZSB	
РязЭнСб
33	
611 580	
9,86	
9,88	
9,78	
9,98	
9,86
UNAC	
iАвиастКао
98	
593 664	
0,476	
0,4755	
0,4745	
0,478	
0,477
GTRK	
ГТМ ао
172	
578 548	
42	
42,1	
41,85	
42,25	
42
KRKN	
СаратНПЗ
29	
565 750	
12 850	
13 050	
12 700	
13 050	
13 000
PAZA	
ПавлАвт ао
41	
517 340	
7 610	
7 740	
7 560	
7 740	
7 630
INGR	
ИНГРАД ао
145	
513 901	
732	
738	
728	
738	
730
AMEZ	
АшинскийМЗ
154	
512 785	
4,145	
4,155	
4,11	
4,175	
4,13
KOGK	
КоршГОК ао
7	
507 600	
46 200	
46 000	
46 000	
46 400	
46 200
NNSBP	
ТНСэнНН ап
87	
500 418	
604	
588	
586	
625	
620
TORSP	
ТРК ап
59	
493 480	
0,261	
0,2635	
0,26	
0,2665	
0,263
LSNG	
РСетиЛЭ
110	
490 096	
6,02	
6,06	
6	
6,06	
6,03
RUGR	
Русгрэйн
433	
456 504	
7,086	
7,1	
7,038	
7,148	
7,07
CHKZ	
ЧКПЗ ао
19	
452 520	
5 260	
5 300	
5 240	
5 320	
5 240
MGTS	
МГТС-5ао
36	
432 515	
2 415	
2 350	
2 350	
2 425	
2 395
KMEZ	
КМЗ
159	
430 283	
450,5	
456,5	
445	
461	
452
VGSBP	
ВолгЭнСб-п
120	
416 675	
1,14	
1,155	
1,105	
1,21	
1,15
MFGSP	
Мегион-ап
35	
411 570	
343	
335,5	
335,5	
348	
340
RUSP	
Русполимет
46	
399 540	
0,655	
0,6645	
0,6345	
0,6705	
0,6595
KUZB	
КузнецкийБ
247	
391 520	
0,01614	
0,01558	
0,0155	
0,01674	
0,016
BRZL	
БурЗолото
53	
386 982	
825	
830	
823	
830	
826
MAGEP	
МагадЭн ап
34	
382 370	
6,27	
6,445	
6,235	
6,445	
6,39
MRKY	
РоссЮг ао
65	
360 905	
0,04985	
0,04965	
0,04965	
0,04995	
0,04975
TASB	
ТамбЭнСб
47	
287 235	
0,442	
0,455	
0,424	
0,463	
0,4405
PMSB	
ПермьЭнСб
54	
282 530	
130,8	
129,8	
129,8	
131,3	
131,3
UTAR	
ЮТэйр ао
50	
271 406	
7,33	
7,42	
7,3	
7,42	
7,32
CHEP	
ЧТПЗ ао
71	
264 020	
201,5	
201,5	
199	
203	
202
HIMCP	
Химпром ап
56	
261 560	
5,92	
6	
5,87	
6	
5,96
RGSS	
РГС СК ао
116	
258 195	
0,1472	
0,1484	
0,1468	
0,1492	
0,1472
MRKZ	
МРСК СЗ
74	
255 034	
0,0499	
0,04955	
0,04915	
0,0504	
0,04955
KUBE	
Кубанэнр
38	
252 948	
72,1	
71,9	
71,7	
72,9	
71,7
MFGS	
Мегион-ао
2	
250 825	
380	
380	
380	
382,5	
382,5
KBSB	
ТНСэКубань
78	
247 685	
173	
180,5	
170	
180,5	
174,5
UWGN	
ОВК ао
122	
247 283	
235,7	
235,7	
234,1	
237,7	
236
TTLK	
Таттел. ао
43	
245 125	
0,282	
0,28	
0,28	
0,2835	
0,281
TASBP	
ТамбЭнСб-п
40	
244 005	
0,364	
0,3605	
0,36	
0,3725	
0,371
MRKS	
РсетСиб ао
34	
236 365	
0,241	
0,241	
0,24	
0,2435	
0,243
MISBP	
ТНСэМаЭл-п
48	
230 140	
12,2	
12	
12	
12,4	
12,4
GEMA	
iММЦБ ао
66	
226 270	
610	
609	
607	
612	
610,5
KRSB	
Красэсб ао
25	
215 490	
6,95	
7,01	
6,87	
7,01	
6,88
VJGZP	
Варьеган-п
13	
213 450	
350	
349	
349	
350	
350
VRSB	
ТНСэнВорон
24	
213 380	
54,8	
55	
53,4	
55	
55
NKHP	
НКХП ао
34	
212 865	
229	
230	
228	
230	
228
PRMB	
Приморье
9	
209 400	
23 200	
23 400	
23 000	
23 400	
23 400
BISVP	
БашИнСв ап
44	
197 280	
8,43	
8,36	
8,36	
8,47	
8,41
CHMK	
ЧМК ао
20	
195 060	
2 470	
2 485	
2 455	
2 485	
2 470
LVHK	
Левенгук
59	
191 288	
7,78	
7,92	
7,7	
7,92	
7,82
MRSB	
МордЭнСб
27	
188 910	
0,343	
0,345	
0,34	
0,353	
0,344
ZVEZ	
ЗВЕЗДА ао
29	
180 835	
4,52	
4,48	
4,4	
4,67	
4,54
RLMN	
Роллман
81	
177 068	
18,5	
18,6	
18,35	
18,65	
18,6
STSBP	
СтаврЭнСбп
136	
175 322	
0,347	
0,3425	
0,341	
0,35	
0,35
WTCMP	
ЦМТ ап
19	
173 946	
8,02	
8,18	
8	
8,18	
8,04
RLMNP	
Роллман-п
49	
168 932	
19,56	
19,34	
19,22	
19,68	
19,28
GAZA	
ГАЗ ао
23	
168 075	
391	
387,5	
385	
394,5	
390
TGKBP	
ТГК-2 ап
21	
163 520	
0,0071	
0,00708	
0,00705	
0,00716	
0,00716
USBN	
УралСиб ао
41	
160 839	
0,0687	
0,0692	
0,0684	
0,0692	
0,0688
NAUK	
iНПОНаука
30	
160 712	
182,6	
182	
180	
183,8	
183
VZRZP	
Возрожд-п
40	
156 550	
313,2	
309,2	
309,2	
318,6	
313,2
RBCM	
РБК ао
85	
144 645	
3,208	
3,222	
3,19	
3,228	
3,216
MISB	
ТНСэнМарЭл
24	
141 580	
12,8	
12,6	
12,4	
13	
12,6
VLHZ	
ВХЗ-ао
49	
139 336	
48,7	
49,35	
48,25	
49,35	
49
NNSB	
ТНСэнНН ао
35	
136 905	
1 330	
1 320	
1 300	
1 380	
1 335
KGKCP	
КурганГКап
22	
135 870	
54	
54	
54	
55	
54,5
KROTP	
КрасОкт-1п
25	
116 755	
259,5	
264	
255	
265,5	
261
YKENP	
Якутскэн-п
20	
115 995	
0,341	
0,34	
0,335	
0,3475	
0,34
VGSB	
ВолгЭнСб
26	
115 395	
1,605	
1,615	
1,585	
1,62	
1,61
VSYD	
ВыбСудЗ ао
21	
114 670	
4 095	
4 045	
4 040	
4 140	
4 045
NSVZ	
НаукаСвяз
44	
114 235	
228,5	
228	
226,5	
230	
230
UCSS	
ОКС ао
12	
110 490	
1 440	
1 440	
1 430	
1 450	
1 450
KRSBP	
Красэсб ап
14	
106 820	
7,12	
7,1	
7,02	
7,26	
7,14
TGKN	
ТГК-14
28	
106 450	
0,00313	
0,00313	
0,00312	
0,00315	
0,00315
STSB	
СтаврЭнСб
46	
105 994	
0,3895	
0,398	
0,385	
0,4	
0,394
SAGO	
СамарЭн-ао
14	
102 560	
0,446	
0,45	
0,426	
0,45	
0,44
UKUZ	
ЮжКузб. ао
37	
94 498	
528	
536	
522	
536	
530
MAGE	
МагадЭн ао
13	
94 270	
7,25	
7,44	
7,14	
7,44	
7,21
KTSBP	
КСБ ап
15	
93 360	
0,2595	
0,252	
0,252	
0,2665	
0,256
ELTZ	
Электрцинк
52	
90 447	
161	
165	
160	
165	
161,5
TGKD	
Квадра
39	
84 986	
0,00308	
0,003095	
0,00307	
0,0031	
0,003095
RAVN	
Raven
14	
82 290	
29,4	
29,15	
29,15	
29,9	
29,5
ROST	
РОСИНТЕРао
19	
81 574	
61,4	
61,6	
60,2	
61,8	
60,4
RKKE	
ЭнергияРКК
13	
80 940	
5 060	
5 040	
5 020	
5 120	
5 050
LPSB	
ЛЭСК ао
26	
78 760	
7,8	
7,75	
7,75	
7,85	
7,85
ROLO	
Русолово
16	
70 544	
3,92	
3,944	
3,868	
3,944	
3,94
RTSBP	
ТНСэнРст-п
16	
68 680	
0,312	
0,314	
0,308	
0,317	
0,317
ARSA	
Арсагера
3	
67 880	
3,23	
3,28	
3,23	
3,28	
3,23
VSYDP	
ВыбСудЗ ап
9	
61 060	
4 080	
4 040	
4 040	
4 100	
4 100
TGKDP	
Квадра-п
34	
58 949	
0,003985	
0,00399	
0,0039	
0,004025	
0,00393
BLNG	
Белон ао
16	
57 405	
4,014	
4,06	
4,004	
4,06	
4,016
TORS	
ТРК ао
6	
56 940	
0,379	
0,375	
0,375	
0,38	
0,38
MRKK	
Россети СК
44	
56 207	
26,14	
26,2	
25,94	
26,76	
26,3
MGNZ	
СМЗ-ао
7	
44 250	
4 020	
4 060	
4 010	
4 060	
4 030
NKSH	
Нижкамшина
5	
42 942	
22,6	
22,52	
22,52	
22,68	
22,52
WTCM	
ЦМТ ао
23	
38 716	
8,8	
8,82	
8,78	
8,86	
8,84
DZRD	
iДонскЗР
10	
38 270	
1 915	
1 915	
1 905	
1 925	
1 920
SAGOP	
СамарЭн-ап
9	
36 570	
0,406	
0,404	
0,402	
0,414	
0,405
IGSTP	
Ижсталь ап
17	
32 491	
663	
651	
651	
670	
669
KBTK	
КузбТК ао
13	
30 358	
151,8	
151	
151	
154	
151,6
ALBK	
БестЭфБ ао
12	
27 955	
52,5	
53,5	
52,5	
53,5	
52,5
RDRB	
РДБанк ао
6	
24 950	
250	
250	
245	
250	
250
VJGZ	
Варьеган
8	
24 859	
592	
595	
587	
595	
591
ROSB	
Росбанк ао
17	
24 470	
70	
71	
69,4	
71	
69,8
SAREP	
СаратЭн-ап
10	
23 674	
0,0912	
0,0922	
0,0908	
0,0922	
0,091
RTGZ	
ГазпРнД ао
1	
23 550	
23 550	
23 550	
23 550	
23 550	
23 550
RUSI	
ИКРУСС-ИНВ
4	
22 320	
37,2	
37,4	
37,1	
37,4	
37,2
KCHE	
КамчатЭ ао
9	
19 180	
0,213	
0,216	
0,2105	
0,216	
0,211
AVAN	
Авангрд-ао
12	
16 420	
685	
680	
680	
695	
690
OMZZP	
ОМЗ-ап
5	
16 385	
3 275	
3 295	
3 260	
3 295	
3 265
YRSBP	
ТНСэнЯр-п
10	
13 600	
85	
85,5	
84,5	
86	
86
DZRDP	
iДонскЗР п
4	
12 960	
1 620	
1 620	
1 620	
1 620	
1 620
HALS	
Галс-Девел
3	
11 618	
775	
775	
774	
776	
776
NFAZ	
Нефтекамск
5	
9 866	
164,4	
165,6	
164	
165,6	
165
KTSB	
КСБ ао
6	
9 028	
0,602	
0,594	
0,594	
0,608	
0,608
TUZA	
ТЗА ао
6	
8 490	
94	
95	
94	
95	
94
YRSB	
ТНСэнЯр
3	
4 980	
166	
166	
166	
166	
166
JNOSP	
Слав-ЯНОСп
2	
4 264	
14,22	
14,24	
14,2	
14,24	
14,2
JNOS	
Славн-ЯНОС
2	
3 785	
18,95	
18,9	
18,9	
18,95	
18,95
IGST	
Ижсталь2ао
4	
3 355	
839	
842	
833	
842	
840
KGKC	
КурганГКао
2	
3 250	
54	
55	
54	
55	
54
SARE	
СаратЭн-ао
1	
1 196	
0,1196	
0,1196	
0,1196	
0,1196	
0,1196
BISV	
БашИнСв ао
0	
0	
-	
-	
-	
-	
8,7
GAZC	
ГАЗКОН-ао
0	
0	
-	
-	
-	
-	
295
GAZS	
ГАЗ-сервис
0	
0	
-	
-	
-	
-	
293
GAZT	
ГАЗ-Тек ао
0	
0	
-	
-	
-	
-	
85
GTSS	
ГЕОТЕК ао
0	
0	
-	
-	
-	
-	
-
HIMC	
Химпром ао
0	
0	
-	
-	
-	
-	
0,99
KCHEP	
КамчатЭ ап
0	
0	
-	
-	
-	
-	
0,355
KMTZ	
КосогМЗ ао
0	
0	
-	
-	
-	
-	
-
KRKO	
ТКЗКК ао
0	
0	
-	
-	
-	
-	
11,8
KSGR	
Кокс ао
0	
0	
-	
-	
-	
-	
-
KUNF	
КУЗОЦМ ао
0	
0	
-	
-	
-	
-	
-
KZMS	
КЗМС ао
0	
0	
-	
-	
-	
-	
226
MFON	
МегаФон ао
0	
0	
-	
-	
-	
-	
650,6
MORI	
Морион ао
0	
0	
-	
-	
-	
-	
4,31
NPOF	
Физика ао
0	
0	
-	
-	
-	
-	
11 850
TRFM	
ТрансФ ао
0	
0	
-	
-	
-	
-	
-
URKA	
Уркалий-ао
0	
0	
-	
-	
-	
-	
119,04
VZRZ	
Возрожд-ао
0	
0	
-	
-	
-	
-	
480