YNDX	
Yandex clA
118 601	
15 642 564 923	
4 815,2	
4 980,6	
4 660,2	
5 035	
4 740
SBER	
Сбербанк
100 282	
15 302 879 362	
218,54	
222	
216,29	
222,48	
217,25
GAZP	
ГАЗПРОМ ао
117 337	
11 114 772 944	
174,08	
176,99	
172,4	
177,43	
172,57
LKOH	
ЛУКОЙЛ
47 435	
6 184 044 214	
4 748,5	
4 801	
4 684,5	
4 822	
4 710
GMKN	
ГМКНорНик
26 435	
5 698 981 548	
19 954	
20 050	
19 680	
20 178	
19 862
PLZL	
Полюс
25 923	
3 619 342 378	
17 078,5	
17 493	
16 820,5	
17 527	
17 014,5
POLY	
Polymetal
38 552	
3 563 089 406	
1 963,8	
2 007,4	
1 902,3	
2 027,8	
1 953,1
SBERP	
Сбербанк-п
48 021	
2 390 466 913	
211,33	
214,3	
209,03	
214,47	
210,75
ROSN	
Роснефть
17 964	
1 850 551 319	
368,5	
370,15	
364,5	
372,65	
367,8
ALRS	
АЛРОСА ао
38 680	
1 742 047 329	
69,27	
68,48	
68,28	
69,75	
69,3
TATN	
Татнфт 3ао
30 314	
1 702 445 122	
526,1	
534	
519,1	
534,7	
522,9
SNGS	
Сургнфгз
15 888	
1 605 349 343	
34,88	
35,3	
34,355	
35,435	
34,625
MGNT	
Магнит ао
14 586	
1 411 408 850	
4 523	
4 562,5	
4 448,5	
4 582,5	
4 538
CHMF	
СевСт-ао
20 403	
1 266 469 523	
930,6	
930	
926	
936,8	
931
MAIL	
MAIL-гдр
33 459	
1 217 351 064	
2 118,4	
2 199,8	
2 069,2	
2 205	
2 110,2
NVTK	
Новатэк ао
11 682	
1 128 888 688	
1 101,8	
1 118,8	
1 084	
1 118,8	
1 111,6
MTSS	
МТС-ао
14 698	
1 097 533 359	
332,25	
336,95	
328,2	
336,95	
332,5
MOEX	
МосБиржа
20 601	
1 095 702 365	
136,57	
137,15	
134,55	
137,86	
136,25
NLMK	
НЛМК ао
13 080	
1 022 383 339	
159,78	
160,02	
158,52	
161	
159,26
MAGN	
ММК
16 369	
1 017 076 817	
36,51	
36,995	
36,15	
37,18	
36,47
VTBR	
ВТБ ао
33 413	
935 808 963	
0,034795	
0,03525	
0,0345	
0,035285	
0,034765
SNGSP	
Сургнфгз-п
11 172	
851 168 786	
37,245	
37,27	
36,925	
37,5	
37,09
IRAO	
ИнтерРАОао
12 339	
845 855 771	
5,25	
5,333	
5,182	
5,356	
5,22
HYDR	
РусГидро
20 104	
843 844 830	
0,7292	
0,7295	
0,7166	
0,7439	
0,7236
FIVE	
FIVE-гдр
10 295	
688 891 666	
2 675	
2 639,5	
2 627	
2 709,5	
2 681,5
SIBN	
Газпрнефть
13 179	
627 424 661	
307,45	
313,75	
302,7	
314,6	
305,3
DSKY	
ДетскийМир
18 342	
553 270 112	
110,72	
111,36	
109,2	
111,98	
110,34
TCSG	
TCS-гдр
11 946	
543 640 987	
1 856,8	
1 900	
1 804	
1 919,8	
1 837,6
AFKS	
Система ао
9 541	
460 918 956	
20,416	
20,8	
20,081	
20,8	
20,738
POGR	
Petropavl
8 458	
438 997 878	
35,085	
36	
34,5	
36	
35,105
AFLT	
Аэрофлот
11 014	
430 403 307	
81,34	
81,94	
80,68	
82,26	
81,54
FEES	
ФСК ЕЭС ао
8 307	
385 898 485	
0,19932	
0,19886	
0,1976	
0,2014	
0,2007
TRNFP	
Транснф ап
1 382	
342 714 150	
135 400	
137 300	
134 350	
137 300	
135 200
RTKM	
Ростел -ао
10 430	
307 087 142	
95,31	
96,55	
93,62	
96,71	
95,41
TATNP	
Татнфт 3ап
11 391	
295 620 206	
513,3	
521,4	
508	
521,4	
512,9
RSTI	
Россети ао
5 935	
248 165 103	
1,4355	
1,465	
1,413	
1,4668	
1,448
CBOM	
МКБ ао
8 666	
227 714 891	
5,8	
5,855	
5,74	
5,862	
5,775
RUAL	
РУСАЛ ао
7 962	
214 507 731	
31,545	
31,8	
31,15	
31,92	
31,555
MVID	
М.видео
4 282	
176 466 017	
559,6	
568,8	
548	
569	
567,5
PIKK	
ПИК ао
4 364	
173 398 396	
554,5	
555,5	
550	
562	
553,2
PHOR	
ФосАгро ао
4 062	
169 112 095	
2 764	
2 805	
2 730	
2 805	
2 756
UPRO	
Юнипро ао
3 067	
159 009 361	
2,725	
2,741	
2,712	
2,751	
2,729
MTLR	
Мечел ао
8 120	
125 515 431	
61,51	
63	
60,6	
63,71	
60,98
BANEP	
Башнефт ап
7 598	
107 314 259	
1 286	
1 310	
1 265,5	
1 310,5	
1 280,5
OGKB	
ОГК-2 ао
3 651	
95 467 543	
0,7223	
0,725	
0,7164	
0,731	
0,7259
LSRG	
ЛСР ао
5 696	
89 334 883	
814,2	
823,6	
801,2	
829	
815,4
LNTA	
Лента др
4 279	
63 849 222	
203,6	
205	
201,5	
206,5	
202,5
QIWI	
iQIWI
3 174	
59 033 477	
1 238	
1 250	
1 213	
1 265	
1 226,5
AGRO	
AGRO-гдр
3 184	
55 407 045	
736,6	
740	
725	
746,8	
731,4
ETLN	
ETLN-гдр
2 695	
54 741 914	
116,7	
115,14	
115	
117,98	
116,84
RTKMP	
Ростел -ап
3 432	
45 603 543	
86,1	
86,65	
84,7	
87,5	
86,05
TGKA	
ТГК-1
4 603	
42 791 366	
0,011256	
0,0113	
0,01117	
0,011396	
0,01127
ENRU	
ЭнелРос ао
1 860	
42 193 028	
0,909	
0,912	
0,9035	
0,919	
0,9055
RASP	
Распадская
1 186	
38 750 922	
112,68	
112,24	
111,1	
114,26	
111,56
MTLRP	
Мечел ап
2 924	
37 234 297	
66,85	
68,45	
65,15	
68,75	
66,8
SFIN	
САФМАР ао
78	
36 008 054	
528,4	
527,4	
527,4	
529,2	
528,2
AQUA	
РусАква ао
1 495	
30 953 855	
227,5	
229	
222	
232	
225,5
NMTP	
НМТП ао
2 636	
29 187 656	
8,64	
8,705	
8,55	
8,75	
8,6
AKRN	
Акрон
571	
27 345 688	
5 968	
5 974	
5 904	
6 000	
6 000
NKNCP	
НКНХ ап
2 203	
21 509 020	
77,64	
78,9	
76	
78,98	
77,1
LSNGP	
РСетиЛЭ-п
924	
20 822 258	
148,95	
149,65	
148,1	
149,9	
148,1
VGSB	
ВолгЭнСб
1 758	
19 710 810	
4,81	
4,08	
4	
5,28	
4,535
BSPB	
БСП ао
1 501	
17 940 040	
42,41	
42,84	
42	
43,03	
42,33
MRKP	
МРСК ЦП
992	
17 915 969	
0,212	
0,2132	
0,2086	
0,216	
0,2107
SELG	
Селигдар
1 105	
17 029 889	
44,07	
45,77	
43,15	
45,77	
43,6
MSNG	
+МосЭнерго
858	
16 600 133	
2,0265	
2,052	
2,006	
2,058	
2,0185
SAGO	
СамарЭн-ао
1 018	
14 883 860	
0,636	
0,718	
0,59	
0,778	
0,6
RSTIP	
Россети ап
1 108	
12 373 525	
1,993	
2,02	
1,959	
2,04	
2
BANE	
Башнефт ао
956	
10 653 533	
1 688,5	
1 711	
1 663,5	
1 720	
1 671,5
VSMO	
ВСМПО-АВСМ
287	
10 342 600	
17 500	
17 600	
17 360	
17 680	
17 380
ALBK	
БестЭфБ ао
1 632	
9 606 115	
64,5	
60	
58	
74	
60,5
OBUV	
ОР ао
3 068	
9 212 762	
34	
34,5	
33,5	
34,9	
33,7
PRMB	
Приморье
229	
9 107 200	
29 600	
28 000	
27 000	
31 600	
27 400
NFAZ	
Нефтекамск
348	
8 665 936	
185	
179,6	
174,4	
190	
184,2
VGSBP	
ВолгЭнСб-п
1 195	
7 901 950	
2,415	
2,01	
2	
2,695	
2,055
SAGOP	
СамарЭн-ап
859	
7 890 550	
0,489	
0,548	
0,454	
0,555	
0,46
LIFE	
iФармсинтз
750	
6 656 005	
7,205	
7,3	
7,1	
7,355	
7,155
MRKC	
МРСК Центр
680	
6 555 141	
0,2892	
0,2862	
0,286	
0,2942	
0,2872
ROLO	
Русолово
456	
6 552 344	
6,652	
7,026	
6,32	
7,026	
6,58
CNTLP	
Телеграф-п
851	
6 437 630	
14,3	
14,4	
14,12	
14,5	
14,46
SELGP	
Селигдар-п
412	
6 309 080	
34,55	
35,15	
34	
35,2	
34,4
MRKV	
РсетВол ао
561	
6 166 302	
0,0705	
0,0704	
0,06985	
0,071	
0,07015
ENPG	
ЭН+ГРУП ао
441	
5 976 040	
653,5	
664	
648	
664	
650,5
ISKJ	
iИСКЧ ао
537	
5 921 067	
22,31	
22,28	
21,44	
22,95	
22,27
HIMCP	
Химпром ап
787	
5 880 925	
7,25	
7,45	
7,1	
7,65	
7,23
GCHE	
ЧеркизГ-ао
526	
5 071 000	
1 862,5	
1 860	
1 835	
1 889,5	
1 847,5
TRMK	
ТМК ао
252	
4 988 431	
58,56	
58,86	
58,22	
59	
58,68
MGTSP	
МГТС-4ап
186	
4 881 722	
1 984	
1 998	
1 980	
2 000	
1 980
LNZL	
Лензолото
132	
4 684 590	
18 020	
18 070	
17 930	
18 090	
18 020
UNKL	
ЮУНК ао
404	
4 637 910	
6 690	
6 930	
6 500	
6 930	
6 700
FESH	
ДВМП ао
470	
4 587 813	
7,45	
7,6	
7,3	
7,61	
7,45
KRKNP	
СаратНПЗ-п
160	
4 435 760	
15 500	
15 500	
15 460	
15 580	
15 500
RTGZ	
ГазпРнД ао
63	
4 151 150	
27 850	
27 200	
27 200	
27 950	
27 550
LNZLP	
Лензол. ап
341	
4 144 990	
4 415	
4 500	
4 365	
4 500	
4 390
SARE	
СаратЭн-ао
715	
3 809 390	
0,1492	
0,1362	
0,1336	
0,155	
0,1448
SVAV	
СОЛЛЕРС
172	
3 771 455	
282,5	
284,5	
277	
286	
280
LSNG	
РСетиЛЭ
534	
3 702 762	
5,63	
5,94	
4,5	
5,94	
5,68
CNTL	
Телеграф
423	
3 235 045	
16,95	
16,9	
16,75	
17,2	
16,85
KMAZ	
КАМАЗ
617	
3 044 491	
61,7	
63,2	
60,6	
63,4	
61,6
RNFT	
РуссНфт ао
488	
3 040 364	
418,6	
427,2	
414,6	
427,2	
416,2
TGKB	
ТГК-2
152	
2 630 185	
0,00427	
0,00437	
0,004225	
0,00437	
0,00425
NSVZ	
НаукаСвяз
251	
2 616 910	
222	
225,5	
219	
227	
220
RUGR	
Русгрэйн
1 707	
2 481 481	
9,472	
9,542	
9,312	
9,8	
9,476
BRZL	
БурЗолото
369	
2 415 727	
1 087	
1 111	
1 057	
1 129	
1 092
APTK	
Аптеки36и6
680	
2 305 671	
13,402	
13,39	
13,356	
13,42	
13,416
UNAC	
iАвиастКао
333	
2 211 291	
0,451	
0,4535	
0,4485	
0,456	
0,45
RBCM	
РБК ао
650	
2 207 446	
3,314	
3,27	
3,222	
3,476	
3,248
NKNC	
НКНХ ао
456	
2 160 506	
90,25	
90,4	
90	
90,95	
90,1
KLSB	
КалужскСК
431	
2 103 066	
13,34	
12,94	
12,93	
13,8	
13,3
MAGE	
МагадЭн ао
145	
2 020 390	
6,05	
5,86	
5,63	
6,3	
5,74
ABRD	
АбрауДюрсо
278	
1 991 695	
204,5	
208	
201,5	
208	
205
AMEZ	
АшинскийМЗ
501	
1 947 801	
4,49	
4,57	
4,375	
4,59	
4,495
MSTT	
Мостотрест
230	
1 915 935	
150,85	
153,9	
150	
153,9	
150,25
MSRS	
РСетиМР ао
191	
1 909 391	
1,162	
1,178	
1,1515	
1,178	
1,1705
CHMK	
ЧМК ао
283	
1 823 585	
2 600	
2 615	
2 500	
2 715	
2 635
ALNU	
АЛРОСА-Нюр
19	
1 685 400	
56 200	
56 200	
56 000	
56 800	
56 000
MRKZ	
МРСК СЗ
264	
1 603 188	
0,0492	
0,0499	
0,04875	
0,05	
0,04885
BELU	
Белуга ао
214	
1 555 328	
1 294	
1 312	
1 281	
1 312	
1 291
KZOS	
ОргСинт ао
313	
1 455 907	
85,5	
85,8	
85,1	
86,3	
85,2
TTLK	
Таттел. ао
110	
1 268 480	
0,322	
0,3215	
0,32	
0,33	
0,3235
RDRB	
РДБанк ао
205	
1 232 750	
240	
235	
230	
260	
230
RKKE	
ЭнергияРКК
78	
1 168 510	
7 210	
7 370	
7 020	
7 400	
7 260
TGKN	
ТГК-14
117	
1 155 530	
0,00312	
0,00318	
0,0031	
0,00319	
0,00311
NKHP	
НКХП ао
206	
1 136 465	
271	
282,5	
263	
282,5	
267,5
TGKD	
Квадра
115	
1 075 359	
0,003435	
0,003495	
0,00341	
0,003495	
0,003435
VRSB	
ТНСэнВорон
94	
1 069 680	
79,2	
73,4	
73,4	
82,8	
79,4
MRKU	
МРСК Ур
106	
1 027 968	
0,144	
0,1458	
0,1424	
0,146	
0,1432
NKSH	
Нижкамшина
109	
987 866	
22,76	
22,52	
22,14	
23,24	
22,24
TASBP	
ТамбЭнСб-п
37	
975 130	
0,3185	
0,3195	
0,316	
0,3315	
0,3295
UWGN	
ОВК ао
299	
964 830	
226,8	
230	
225	
230	
225,4
PAZA	
ПавлАвт ао
71	
964 680	
8 180	
8 150	
8 100	
8 440	
8 150
IRGZ	
ИркЭнерго
137	
962 800	
12,16	
12,32	
12	
12,44	
12,08
AVAN	
Авангрд-ао
132	
946 465	
900	
900	
870	
915	
880
STSB	
СтаврЭнСб
277	
916 780	
0,5445	
0,554	
0,523	
0,5935	
0,548
UTAR	
ЮТэйр ао
117	
900 081	
6,9	
7,06	
6,83	
7,06	
6,89
RGSS	
РГС СК ао
207	
899 899	
0,1454	
0,1482	
0,144	
0,1482	
0,145
GAZA	
ГАЗ ао
77	
835 705	
407,5	
403	
395	
418	
401
CHGZ	
РН-ЗапСиб
104	
809 160	
54,6	
55	
52,4	
57,8	
53,8
GEMA	
iММЦБ ао
106	
798 290	
589,5	
589	
588,5	
594	
590
ZILL	
ЗИЛ ао
61	
795 640	
2 470	
2 505	
2 450	
2 540	
2 465
STSBP	
СтаврЭнСбп
178	
767 956	
0,3965	
0,409	
0,39	
0,41	
0,3965
LPSB	
ЛЭСК ао
214	
762 300	
8,4	
8	
7,95	
8,7	
8,3
DIOD	
ЗаводДИОД
240	
678 297	
6,84	
7,06	
6,55	
7,06	
6,8
IRKT	
ИРКУТ-3
108	
671 084	
33,9	
34,22	
33,72	
34,24	
33,9
SAREP	
СаратЭн-ап
222	
659 752	
0,1236	
0,1178	
0,1178	
0,1264	
0,123
ASSB	
АстрЭнСб
190	
659 164	
0,78	
0,767	
0,76	
0,8025	
0,76
PMSBP	
ПермьЭнС-п
110	
657 572	
130	
130,4	
129	
131,2	
129,8
HALS	
Галс-Девел
120	
639 644	
1 274	
1 258	
1 229	
1 319	
1 256
KRKOP	
ТКЗКК ап
215	
620 410	
8,155	
8,135	
8	
8,335	
8,115
CHEP	
ЧТПЗ ао
119	
610 690	
204	
202	
202	
205,5	
203
RTSB	
ТНСэнРст
60	
598 000	
0,605	
0,59	
0,58	
0,625	
0,605
RTSBP	
ТНСэнРст-п
53	
597 460	
0,524	
0,521	
0,518	
0,538	
0,532
VRSBP	
ТНСэнВор-п
76	
579 750	
46	
44,5	
44,5	
47,5	
46,5
KUZB	
КузнецкийБ
345	
519 508	
0,0154	
0,01533	
0,0152	
0,0156	
0,01538
GTRK	
ГТМ ао
110	
500 083	
43	
42,95	
42,55	
43,2	
43,1
KZOSP	
ОргСинт ап
365	
486 710	
11,35	
11,49	
11,27	
11,5	
11,33
USBN	
УралСиб ао
59	
423 929	
0,0685	
0,0684	
0,0683	
0,069	
0,0689
MAGEP	
МагадЭн ап
39	
418 290	
6,44	
6,64	
6,33	
6,65	
6,34
URKZ	
УрКузница
17	
401 840	
16 080	
16 000	
15 900	
16 280	
15 900
ZVEZ	
ЗВЕЗДА ао
57	
394 950	
4,815	
4,9	
4,75	
4,905	
4,78
NAUK	
iНПОНаука
58	
389 272	
201,6	
202	
200,4	
204	
201
SLEN	
Сахэнер ао
74	
353 790	
6,83	
6,895	
6,75	
6,9	
6,815
KUBE	
Кубанэнр
64	
352 352	
73,1	
75,6	
71,5	
75,6	
72,8
BLNG	
Белон ао
130	
339 421	
4,05	
4,156	
4,032	
4,156	
4,04
MRKY	
РоссЮг ао
85	
325 259	
0,04945	
0,04965	
0,04895	
0,04985	
0,04925
EELT	
ЕвроЭлтех
95	
312 694	
8	
7,82	
7,82	
8,3	
7,9
BISVP	
БашИнСв ап
91	
308 097	
10,27	
10,3	
10,14	
10,44	
10,15
DZRDP	
iДонскЗР п
48	
302 240	
1 870	
1 860	
1 840	
1 880	
1 860
YKEN	
Якутскэнрг
44	
296 950	
0,396	
0,4015	
0,39	
0,4035	
0,394
KRSB	
Красэсб ао
35	
291 387	
6,89	
6,82	
6,82	
6,95	
6,86
ELTZ	
Электрцинк
86	
291 374	
181,5	
184,5	
177,5	
186	
178
KCHEP	
КамчатЭ ап
56	
287 410	
0,378	
0,366	
0,348	
0,395	
0,384
VJGZP	
Варьеган-п
41	
286 370	
345	
348	
340	
351	
343
VZRZP	
Возрожд-п
34	
284 286	
312,4	
325	
310,6	
325	
310,8
TUZA	
ТЗА ао
79	
284 250	
105	
103	
103	
107	
104
YKENP	
Якутскэн-п
32	
271 885	
0,3725	
0,384	
0,356	
0,384	
0,3705
KBTK	
КузбТК ао
58	
250 640	
152	
151,8	
148,4	
156,2	
152
KCHE	
КамчатЭ ао
64	
250 570	
0,209	
0,2185	
0,198	
0,2185	
0,214
MISBP	
ТНСэМаЭл-п
47	
243 410	
12	
12,1	
11,8	
12,4	
12,4
MFGS	
Мегион-ао
46	
239 390	
347	
360	
310,5	
360	
358
DZRD	
iДонскЗР
75	
237 885	
2 070	
2 030	
2 015	
2 130	
2 080
KMEZ	
КМЗ
112	
231 841	
500,5	
508	
495	
513	
499,5
TGKBP	
ТГК-2 ап
66	
228 320	
0,00709	
0,00725	
0,00704	
0,00726	
0,00707
KROT	
КрасОкт-ао
31	
225 415	
382	
377	
375	
387,5	
378,5
TORSP	
ТРК ап
15	
208 175	
0,2775	
0,283	
0,2765	
0,283	
0,2765
VLHZ	
ВХЗ-ао
44	
204 457	
54,4	
54,45	
54	
54,9	
54,15
RUSP	
Русполимет
72	
203 436	
0,646	
0,6465	
0,6395	
0,653	
0,6425
DVEC	
ДЭК ао
47	
196 992	
0,916	
0,917	
0,913	
0,924	
0,913
WTCM	
ЦМТ ао
60	
193 942	
9,06	
9,12	
9,02	
9,16	
9,02
IGST	
Ижсталь2ао
45	
189 808	
978	
1 004	
960	
1 010	
991
CHKZ	
ЧКПЗ ао
24	
186 200	
5 320	
5 460	
5 260	
5 460	
5 380
YAKG	
ЯТЭК ао
26	
183 715	
41,75	
42,05	
41,3	
42,05	
41,8
PMSB	
ПермьЭнСб
45	
182 606	
131,4	
131,1	
130,2	
132,6	
131,2
UCSS	
ОКС ао
18	
180 690	
1 460	
1 460	
1 450	
1 470	
1 460
MGTS	
МГТС-5ао
36	
177 930	
2 225	
2 215	
2 210	
2 250	
2 210
NNSB	
ТНСэнНН ао
31	
176 980	
1 750	
1 830	
1 705	
1 830	
1 705
KTSBP	
КСБ ап
43	
163 725	
0,273	
0,2715	
0,2685	
0,2765	
0,2685
TASB	
ТамбЭнСб
26	
153 030	
0,4025	
0,399	
0,3975	
0,418	
0,41
MRKS	
РсетСиб ао
14	
145 915	
0,2355	
0,237	
0,234	
0,237	
0,2345
TGKDP	
Квадра-п
34	
142 917	
0,004005	
0,004005	
0,003985	
0,004045	
0,004015
KOGK	
КоршГОК ао
3	
136 200	
45 400	
45 400	
45 400	
45 400	
45 400
KBSB	
ТНСэКубань
36	
131 925	
139	
138,5	
138	
140	
138
VJGZ	
Варьеган
33	
127 376	
615	
634	
607	
634	
611
INGR	
ИНГРАД ао
32	
126 711	
797	
789	
788	
812	
790
RAVN	
Raven
14	
122 440	
29,85	
30	
29,7	
30,1	
29,85
ARSA	
Арсагера
13	
110 650	
4,08	
4,08	
4,08	
4,14	
4,08
WTCMP	
ЦМТ ап
43	
89 806	
8,16	
8,3	
8,12	
8,32	
8,14
KAZT	
Куйбазот
21	
88 220	
152,2	
153,2	
151,4	
154	
152,6
MGNZ	
СМЗ-ао
16	
87 790	
4 620	
4 670	
4 600	
4 670	
4 600
UKUZ	
ЮжКузб. ао
18	
86 656	
526	
526	
524	
528	
526
ROSB	
Росбанк ао
37	
86 580	
78	
79,2	
77	
80	
78,2
KTSB	
КСБ ао
55	
86 486	
0,622	
0,626	
0,608	
0,634	
0,618
RLMN	
Роллман
63	
82 726	
18	
18,1	
17,9	
18,1	
17,9
KROTP	
КрасОкт-1п
5	
82 500	
275	
275	
275	
275	
275
VSYDP	
ВыбСудЗ ап
20	
82 500	
3 920	
3 980	
3 900	
3 980	
3 900
TNSE	
ТНСэнрг ао
35	
79 325	
1 005	
1 015	
990	
1 020	
1 000
IGSTP	
Ижсталь ап
18	
72 529	
885	
884	
881	
895	
884
YRSB	
ТНСэнЯр
16	
67 640	
170	
172	
168	
172	
170
KRKN	
СаратНПЗ
4	
63 400	
12 700	
12 800	
12 600	
12 800	
12 650
ROST	
РОСИНТЕРао
23	
62 648	
61,4	
61	
60,8	
62	
61,2
GAZAP	
ГАЗ ап
9	
61 300	
306,5	
307	
305	
307	
307
RUSI	
ИКРУСС-ИНВ
12	
60 530	
37,8	
38,2	
37,7	
38,2	
37,7
VSYD	
ВыбСудЗ ао
8	
59 445	
3 965	
3 935	
3 925	
4 055	
3 960
LVHK	
Левенгук
22	
58 161	
7,97	
8,01	
7,94	
8,08	
7,94
MISB	
ТНСэнМарЭл
18	
54 960	
12,2	
12,2	
12,1	
12,4	
12,4
KRSBP	
Красэсб ап
27	
51 978	
6,94	
6,8	
6,8	
7,1	
6,9
JNOSP	
Слав-ЯНОСп
4	
49 690	
14,2	
14,2	
14,18	
14,2	
14,2
MRSB	
МордЭнСб
10	
49 090	
0,409	
0,41	
0,404	
0,413	
0,404
KGKC	
КурганГКао
35	
45 775	
58	
58	
57	
58,5	
58,5
JNOS	
Славн-ЯНОС
10	
40 005	
18,2	
18,45	
18,15	
18,45	
18,2
MFGSP	
Мегион-ап
11	
34 800	
316,5	
318	
316	
318	
316
NNSBP	
ТНСэнНН ап
14	
33 571	
658	
650	
643	
660	
660
TORS	
ТРК ао
5	
33 140	
0,414	
0,414	
0,413	
0,417	
0,414
RZSB	
РязЭнСб
4	
32 392	
9,26	
9,26	
9,24	
9,28	
9,28
KGKCP	
КурганГКап
14	
31 575	
54,5	
55,5	
54	
55,5	
55
MRKK	
Россети СК
13	
31 398	
25,32	
25,84	
25,12	
25,84	
25,18
OMZZP	
ОМЗ-ап
6	
31 310	
3 480	
3 505	
3 475	
3 505	
3 475
RLMNP	
Роллман-п
18	
14 854	
18,12	
18,16	
18,06	
18,42	
18,1
KAZTP	
Куйбазот-п
6	
10 404	
148,6	
147,4	
147,4	
149,2	
149
YRSBP	
ТНСэнЯр-п
1	
875	
87,5	
87,5	
87,5	
87,5	
87,5
KUNF	
КУЗОЦМ ао
0	
0	
-	
-	
-	
-	
-
PRTK	
ПРОТЕК ао
0	
0	
-	
-	
-	
-	
99,6
GAZC	
ГАЗКОН-ао
0	
0	
-	
-	
-	
-	
295
GTSS	
ГЕОТЕК ао
0	
0	
-	
-	
-	
-	
-
NPOF	
Физика ао
0	
0	
-	
-	
-	
-	
11 850
TRCN	
ТрансК ао
0	
0	
-	
-	
-	
-	
8 595
KMTZ	
КосогМЗ ао
0	
0	
-	
-	
-	
-	
-
KZMS	
КЗМС ао
0	
0	
-	
-	
-	
-	
226
TRFM	
ТрансФ ао
0	
0	
-	
-	
-	
-	
-
GAZS	
ГАЗ-сервис
0	
0	
-	
-	
-	
-	
293
HIMC	
Химпром ао
0	
0	
-	
-	
-	
-	
0,99
GAZT	
ГАЗ-Тек ао
0	
0	
-	
-	
-	
-	
85
KSGR	
Кокс ао
0	
0	
-	
-	
-	
-	
-
MOBB	
МосОблБанк
0	
0	
-	
-	
-	
-	
0,698
URKA	
Уркалий-ао
0	
0	
-	
-	
-	
-	
119,04
VZRZ	
Возрожд-ао
0	
0	
-	
-	
-	
-	
480
BISV	
БашИнСв ао
0	
0	
-	
-	
-	
-	
8,7
MFON	
МегаФон ао
0	
0	
-	
-	
-	
-	
650,6
KRKO	
ТКЗКК ао
0	
0	
-	
-	
-	
-	
11,8
MORI	
Морион ао
0	
0	
-	
-	
-	
-	
4,31