SBER	
Сбербанк
80 140	
10 346 732 011	
208,82	
211,2	
207,26	
211,43	
208
GAZP	
ГАЗПРОМ ао
66 571	
6 136 424 298	
167,33	
168,19	
166,15	
168,86	
167
YNDX	
Yandex clA
38 863	
4 299 701 272	
4 750,4	
4 804	
4 690,2	
4 816,6	
4 745
LKOH	
ЛУКОЙЛ
28 076	
4 273 260 597	
4 475,5	
4 481,5	
4 431	
4 503	
4 491
GMKN	
ГМКНорНик
19 918	
3 824 836 128	
18 760	
18 664	
18 562	
18 996	
18 996
AFLT	
Аэрофлот
79 257	
3 132 324 660	
63,22	
64	
61,8	
64,92	
62,02
PLZL	
Полюс
18 352	
2 988 416 498	
16 825,5	
16 630	
16 551	
16 968,5	
16 950
MTSS	
МТС-ао
22 090	
2 120 442 804	
334,35	
333,1	
332,05	
336,7	
334,5
MGNT	
Магнит ао
16 207	
1 847 786 908	
4 746	
4 770	
4 695	
4 799	
4 710
TATN	
Татнфт 3ао
28 898	
1 603 000 236	
464,5	
469,2	
461,1	
473,5	
466,2
ROSN	
Роснефть
12 780	
1 580 737 172	
391	
390	
386,1	
394,2	
391,75
POLY	
Polymetal
17 729	
1 572 701 417	
1 674,3	
1 681,3	
1 658,8	
1 691,4	
1 682,4
NLMK	
НЛМК ао
16 263	
1 466 631 475	
173,96	
172,32	
172,1	
175,4	
174,34
MOEX	
МосБиржа
21 189	
1 382 385 494	
151,15	
152,81	
149,67	
153,34	
150,29
ALRS	
АЛРОСА ао
25 886	
1 239 373 585	
77,21	
76,01	
76,01	
77,97	
77,9
FLOT	
Совкомфлот
31 771	
1 162 828 009	
99,7	
100,5	
98,3	
101	
100,5
AFKS	
Система ао
16 940	
1 037 717 775	
23,814	
23,59	
23,517	
24,117	
23,622
IRAO	
ИнтерРАОао
12 973	
1 026 233 267	
5,3775	
5,33	
5,3125	
5,44	
5,34
SBERP	
Сбербанк-п
17 491	
959 231 233	
200,64	
201,21	
200,22	
201,76	
200,87
MAIL	
MAIL-гдр
18 197	
922 833 816	
2 178,2	
2 168,2	
2 157	
2 196,4	
2 179,2
NVTK	
Новатэк ао
9 852	
880 690 076	
1 096,4	
1 105,8	
1 083	
1 112,6	
1 091
HYDR	
РусГидро
22 062	
775 804 143	
0,7294	
0,7263	
0,7253	
0,7326	
0,728
SNGS	
Сургнфгз
6 940	
750 136 898	
35,29	
35,415	
35,105	
35,58	
35,27
CHMF	
СевСт-ао
10 532	
705 713 683	
1 000	
993	
993	
1 007,8	
1 001
MAGN	
ММК
9 678	
682 019 356	
36,595	
36,89	
36,375	
36,945	
36,6
VTBR	
ВТБ ао
25 583	
618 626 123	
0,033325	
0,0334	
0,033055	
0,033505	
0,03344
SNGSP	
Сургнфгз-п
7 932	
591 501 293	
38,7	
38,665	
38,4	
39,85	
38,67
DSKY	
ДетскийМир
8 931	
423 134 667	
119,72	
118,02	
118,02	
120,84	
119
TATNP	
Татнфт 3ап
10 925	
403 824 288	
453,6	
456,6	
450,8	
460	
455
TCSG	
TCS-гдр
7 702	
400 391 155	
1 941,4	
1 950,2	
1 924,8	
1 959	
1 930
SIBN	
Газпрнефть
10 044	
351 754 678	
286,15	
288,3	
283,05	
290,7	
283,05
CBOM	
МКБ ао
6 461	
241 897 844	
5,697	
5,695	
5,668	
5,719	
5,695
FIVE	
FIVE-гдр
3 810	
220 506 303	
2 857	
2 881	
2 834	
2 905	
2 846,5
FEES	
ФСК ЕЭС ао
5 188	
205 373 054	
0,19714	
0,1953	
0,1952	
0,1986	
0,19672
RTKM	
Ростел -ао
6 937	
203 995 154	
95	
95,6	
94,5	
95,6	
94,6
MVID	
М.видео
3 204	
200 057 830	
679,5	
684	
670,1	
692	
675
POGR	
Petropavl
4 418	
173 887 831	
32,92	
33,06	
32,72	
33,275	
33
RSTI	
Россети ао
3 215	
161 042 149	
1,431	
1,4348	
1,4205	
1,439	
1,4272
TRNFP	
Транснф ап
596	
137 893 650	
146 550	
146 150	
146 050	
147 050	
146 700
PIKK	
ПИК ао
3 262	
137 607 469	
568,6	
568,9	
564	
572,1	
572
RUAL	
РУСАЛ ао
8 152	
127 499 330	
31,285	
31,095	
30,95	
31,75	
31,24
AGRO	
AGRO-гдр
4 982	
112 857 040	
746	
739,8	
730	
761,6	
744
LSRG	
ЛСР ао
4 866	
109 848 124	
873,2	
880	
863,8	
880	
872
LNTA	
Лента др
9 614	
98 809 940	
223,3	
224,5	
219,7	
227	
220,4
UPRO	
Юнипро ао
1 759	
96 790 496	
2,759	
2,744	
2,744	
2,77	
2,75
HHRU	
iHHRU-адр
681	
77 857 740	
1 875,4	
1 866,8	
1 800,2	
1 890,6	
1 854
PHOR	
ФосАгро ао
1 599	
52 432 165	
2 867	
2 869	
2 855	
2 880	
2 866
RASP	
Распадская
1 088	
42 353 064	
120,06	
120,68	
119,12	
121,24	
119,8
APTK	
Аптеки36и6
7 227	
41 700 171	
13,974	
13,948	
13,73	
14,1	
13,996
MTLR	
Мечел ао
5 627	
37 083 614	
60,89	
60,81	
60,4	
61,53	
60,42
OGKB	
ОГК-2 ао
1 724	
34 603 508	
0,7563	
0,76	
0,7507	
0,7663	
0,751
HIMCP	
Химпром ап
2 294	
21 969 053	
7,05	
7,85	
6,7	
7,86	
7,02
LNZL	
Лензолото
159	
19 746 940	
18 970	
18 840	
18 840	
19 100	
19 100
BANEP	
Башнефт ап
1 201	
19 246 746	
1 224	
1 225	
1 221,5	
1 228	
1 222
QIWI	
iQIWI
1 525	
18 205 255	
1 338,5	
1 340,5	
1 325	
1 359	
1 346
FESH	
ДВМП ао
910	
17 252 096	
10,27	
10,35	
9,94	
10,53	
10,24
AQUA	
РусАква ао
1 022	
16 918 580	
246,5	
250,5	
235,5	
254,5	
245,5
ETLN	
ETLN-гдр
3 940	
15 194 363	
123,1	
122,82	
122,66	
123,6	
122,96
OBUV	
ОР ао
2 718	
15 123 704	
30,45	
30,7	
30,1	
30,85	
30,25
EELT	
ЕвроЭлтех
197	
14 053 855	
7,84	
7,56	
7,56	
8,2	
8,1
NMTP	
НМТП ао
1 210	
13 163 798	
8,455	
8,475	
8,41	
8,5	
8,435
ENRU	
ЭнелРос ао
1 126	
12 776 407	
0,9185	
0,9205	
0,915	
0,922	
0,9185
RTKMP	
Ростел -ап
1 090	
12 578 337	
86,1	
86,85	
85,6	
87,05	
85,95
AKRN	
Акрон
360	
12 206 596	
6 134	
6 184	
6 064	
6 184	
6 154
BSPB	
БСП ао
1 687	
11 192 045	
41,89	
42,01	
41,5	
42,43	
41,75
TGKA	
ТГК-1
1 198	
10 294 816	
0,010862	
0,010886	
0,010806	
0,010926	
0,01084
MRKC	
МРСК Центр
1 088	
10 139 637	
0,3016	
0,296	
0,295	
0,3052	
0,2992
MTLRP	
Мечел ап
932	
10 028 768	
68	
67,9	
67,05	
69,65	
67,9
BISVP	
БашИнСв ап
1 334	
9 642 876	
10,06	
10,13	
9,58	
10,63	
10
TRMK	
ТМК ао
298	
9 399 532	
60,94	
60,96	
60,88	
61,14	
60,94
MRKP	
МРСК ЦП
514	
9 333 092	
0,2224	
0,2227	
0,2201	
0,2234	
0,2231
INGR	
ИНГРАД ао
818	
8 597 069	
871	
845	
842	
939	
860
MRKV	
РсетВол ао
328	
7 431 681	
0,0689	
0,0693	
0,06835	
0,06965	
0,0688
ISKJ	
iИСКЧ ао
535	
7 295 604	
33,3	
33	
33	
33,61	
33,15
LSNGP	
РСетиЛЭ-п
513	
6 789 309	
152,35	
152,95	
152	
153	
152,8
SVAV	
СОЛЛЕРС
77	
6 553 130	
287,5	
287,5	
284,5	
289,5	
288
NKNCP	
НКНХ ап
549	
6 270 677	
76,88	
76,88	
76,66	
77,08	
76,9
GCHE	
ЧеркизГ-ао
422	
6 059 648	
1 856	
1 851	
1 840	
1 867	
1 847,5
LIFE	
iФармсинтз
593	
5 929 008	
6,77	
6,765	
6,69	
6,85	
6,785
BELU	
Белуга ао
294	
5 669 014	
1 253	
1 265	
1 245	
1 275	
1 249
NSVZ	
НаукаСвяз
907	
5 603 840	
210,5	
199,5	
199,5	
216	
211
MSNG	
+МосЭнерго
377	
4 998 390	
2,0335	
2,038	
2,0245	
2,0425	
2,0375
VSMO	
ВСМПО-АВСМ
94	
4 705 400	
17 120	
17 020	
17 000	
17 140	
17 100
SELG	
Селигдар
342	
4 647 512	
41,46	
42,07	
41,26	
42,07	
41,31
TGKD	
Квадра
1 642	
3 971 690	
0,003815	
0,00373	
0,003725	
0,003885	
0,0038
MRKS	
РсетСиб ао
72	
3 547 980	
0,2375	
0,232	
0,232	
0,2435	
0,237
ENPG	
ЭН+ГРУП ао
630	
3 343 584	
703	
705	
699,5	
709	
700
LNZLP	
Лензол. ап
254	
3 054 195	
3 885	
3 920	
3 865	
3 945	
3 870
RSTIP	
Россети ап
325	
2 563 598	
1,998	
2,002	
1,991	
2,008	
1,998
KRKNP	
СаратНПЗ-п
117	
2 537 740	
15 280	
15 380	
15 200	
15 380	
15 380
ABRD	
АбрауДюрсо
399	
2 511 005	
199	
195,5	
195	
202,5	
198,5
SELGP	
Селигдар-п
196	
2 253 155	
34,6	
34,75	
34,4	
35	
34,6
TGKB	
ТГК-2
155	
2 206 665	
0,003985	
0,00399	
0,00391	
0,00403	
0,00396
KZOS	
ОргСинт ао
337	
2 101 224	
80,1	
80,5	
79,8	
80,6	
80
NKNC	
НКНХ ао
311	
2 089 610	
89,5	
89,95	
88,55	
89,95	
89,5
RUGR	
Русгрэйн
1 981	
1 975 505	
9,11	
9,14	
9,032	
9,198	
9,128
LVHK	
Левенгук
608	
1 971 643	
8,48	
8,18	
8,18	
8,98	
8,25
MSRS	
РСетиМР ао
124	
1 932 958	
1,17	
1,17	
1,1605	
1,188	
1,17
ROLO	
Русолово
121	
1 790 584	
6,132	
6,204	
6,05	
6,212	
6,092
CNTLP	
Телеграф-п
228	
1 728 136	
14,18	
14,14	
14,14	
14,24	
14,18
BANE	
Башнефт ао
222	
1 686 863	
1 631,5	
1 631	
1 628	
1 637	
1 630,5
MRSB	
МордЭнСб
108	
1 535 150	
0,436	
0,436	
0,432	
0,441	
0,435
CNTL	
Телеграф
143	
1 278 290	
16,65	
16,7	
16,5	
16,75	
16,55
GEMA	
iММЦБ ао
192	
1 199 383	
600,5	
602	
595,5	
606	
596,5
AMEZ	
АшинскийМЗ
584	
1 194 511	
4,765	
4,77	
4,705	
4,795	
4,77
VZRZP	
Возрожд-п
106	
1 171 458	
298,8	
300,2	
293	
305,6	
305,6
MGTSP	
МГТС-4ап
138	
1 171 228	
1 914	
1 916	
1 908	
1 922	
1 916
UWGN	
ОВК ао
589	
1 103 785	
201,1	
203,5	
198	
203,5	
200
KAZT	
Куйбазот
76	
1 005 780	
152,8	
153,4	
151,2	
154,6	
152,6
RBCM	
РБК ао
345	
992 325	
3,308	
3,3	
3,218	
3,366	
3,296
CHEP	
ЧТПЗ ао
76	
916 805	
209	
209	
207,5	
210	
208
KMAZ	
КАМАЗ
414	
899 713	
59,4	
59,3	
58,8	
59,8	
59,3
BRZL	
БурЗолото
165	
892 054	
960	
980	
946	
980	
948
KZOSP	
ОргСинт ап
750	
883 118	
11,07	
11,12	
10,98	
11,23	
11,04
ZILL	
ЗИЛ ао
32	
817 510	
2 490	
2 500	
2 480	
2 530	
2 515
MRKY	
РоссЮг ао
265	
677 017	
0,0469	
0,04735	
0,04675	
0,04735	
0,04695
SAGO	
СамарЭн-ао
58	
671 300	
0,588	
0,614	
0,57	
0,614	
0,596
RDRB	
РДБанк ао
107	
657 850	
220	
230	
215	
235	
220
YAKG	
ЯТЭК ао
30	
653 325	
50,25	
50,75	
50	
50,8	
50
RNFT	
РуссНфт ао
738	
644 869	
346,2	
345,6	
345	
348,6	
345,6
KLSB	
КалужскСК
154	
641 696	
12,86	
13,11	
12,7	
13,16	
12,84
MRKZ	
МРСК СЗ
128	
638 251	
0,0492	
0,0497	
0,049	
0,0497	
0,04935
YKEN	
Якутскэнрг
60	
609 100	
0,3855	
0,3865	
0,3825	
0,393	
0,3835
GTRK	
ГТМ ао
613	
590 066	
42,5	
42,1	
42,1	
42,75	
42,45
UNAC	
iАвиастКао
260	
588 752	
0,424	
0,4275	
0,4215	
0,4295	
0,422
DIOD	
ЗаводДИОД
104	
517 850	
7,26	
7,21	
7,06	
7,38	
7,37
NKHP	
НКХП ао
74	
470 655	
256	
259	
253	
259	
255,5
KGKCP	
КурганГКап
54	
446 025	
57	
57	
56	
58	
56,5
TTLK	
Таттел. ао
50	
410 055	
0,3305	
0,3385	
0,326	
0,3385	
0,328
LSNG	
РСетиЛЭ
176	
405 294	
5,58	
5,55	
5,53	
5,61	
5,6
TGKBP	
ТГК-2 ап
122	
368 178	
0,00678	
0,00684	
0,00668	
0,00689	
0,00684
TGKN	
ТГК-14
42	
360 680	
0,00306	
0,00304	
0,00304	
0,00307	
0,00304
UNKL	
ЮУНК ао
42	
352 780	
6 530	
6 570	
6 500	
6 590	
6 520
KBTK	
КузбТК ао
71	
340 122	
147,2	
146	
145,2	
152,8	
146,2
AVAN	
Авангрд-ао
82	
327 295	
820	
840	
800	
845	
825
YKENP	
Якутскэн-п
32	
325 595	
0,374	
0,3775	
0,3705	
0,3775	
0,372
KRKOP	
ТКЗКК ап
93	
313 464	
8,47	
8,335	
8,31	
8,725	
8,425
ZVEZ	
ЗВЕЗДА ао
26	
312 655	
4,405	
4,41	
4,4	
4,445	
4,4
MGNZ	
СМЗ-ао
42	
308 570	
4 900	
5 000	
4 800	
5 000	
4 920
NAUK	
iНПОНаука
72	
296 936	
198	
199,4	
195,8	
200,4	
196
HALS	
Галс-Девел
43	
296 305	
1 153	
1 148	
1 142	
1 162	
1 146
KMEZ	
КМЗ
217	
294 734	
515,5	
499	
491,5	
528	
523,5
TGKDP	
Квадра-п
54	
294 249	
0,004745	
0,004745	
0,0047	
0,00476	
0,00476
KBSB	
ТНСэКубань
74	
289 855	
135	
136,5	
133,5	
136,5	
134,5
ALBK	
БестЭфБ ао
77	
286 580	
58,5	
58,5	
57,5	
60	
58,5
IRKT	
ИРКУТ-3
44	
284 600	
32,72	
32,68	
32,54	
33	
32,82
ALNU	
АЛРОСА-Нюр
5	
284 200	
56 800	
56 800	
56 800	
57 000	
56 800
TUZA	
ТЗА ао
59	
275 040	
103	
104	
102	
104	
103
PMSBP	
ПермьЭнС-п
64	
243 318	
130,2	
130,2	
129,6	
130,6	
130
UTAR	
ЮТэйр ао
61	
232 300	
6,69	
6,7	
6,66	
6,73	
6,72
BLNG	
Белон ао
18	
223 375	
4,168	
4,186	
4,15	
4,196	
4,194
DVEC	
ДЭК ао
113	
219 714	
0,908	
0,909	
0,906	
0,91	
0,908
CHMK	
ЧМК ао
45	
218 950	
2 490	
2 480	
2 480	
2 500	
2 490
PMSB	
ПермьЭнСб
45	
211 891	
131,6	
133,3	
130,2	
133,5	
132
NFAZ	
Нефтекамск
43	
211 650	
205,4	
210,8	
204	
210,8	
204,2
MRKU	
МРСК Ур
82	
209 274	
0,1358	
0,1358	
0,1356	
0,1366	
0,1358
KUZB	
КузнецкийБ
143	
199 981	
0,01376	
0,01389	
0,01358	
0,01398	
0,01383
SFIN	
САФМАР ао
17	
194 770	
475	
475,8	
473	
479	
473,2
ASSB	
АстрЭнСб
40	
191 035	
0,752	
0,7545	
0,75	
0,7545	
0,7505
NNSBP	
ТНСэнНН ап
79	
190 625	
701	
721	
689	
721	
713
RUSP	
Русполимет
84	
183 834	
0,636	
0,6375	
0,6305	
0,639	
0,635
MGTS	
МГТС-5ао
21	
179 795	
2 165	
2 165	
2 155	
2 180	
2 165
RAVN	
Raven
16	
176 295	
28	
28,2	
27,9	
28,2	
27,95
KRSB	
Красэсб ао
42	
175 019	
7,09	
7,14	
7,05	
7,19	
7,09
RGSS	
РГС СК ао
59	
174 116	
0,1448	
0,1448	
0,1432	
0,146	
0,1448
MAGE	
МагадЭн ао
17	
169 490	
5,84	
5,9	
5,8	
5,9	
5,85
KAZTP	
Куйбазот-п
22	
160 072	
152,4	
153,2	
151,4	
153,6	
152,2
MRKK	
Россети СК
54	
159 432	
24,5	
25,24	
24,02	
25,24	
24,68
NNSB	
ТНСэнНН ао
48	
151 215	
2 045	
2 150	
1 900	
2 150	
2 000
RKKE	
ЭнергияРКК
22	
144 640	
6 570	
6 530	
6 520	
6 660	
6 660
RLMN	
Роллман
19	
143 808	
17	
17,15	
16,9	
17,15	
17
VRSB	
ТНСэнВорон
16	
137 560	
68,8	
68,6	
68,2	
69,8	
68,4
KOGK	
КоршГОК ао
3	
136 600	
45 600	
45 400	
45 400	
45 600	
45 600
KRSBP	
Красэсб ап
29	
135 412	
7,08	
7,12	
7,04	
7,14	
7,08
PAZA	
ПавлАвт ао
16	
128 550	
8 030	
8 100	
7 940	
8 130	
7 990
VLHZ	
ВХЗ-ао
28	
117 609	
53,45	
53,5	
53,35	
53,8	
53,8
VJGZP	
Варьеган-п
14	
113 880	
325	
328	
324	
328	
326
ARSA	
Арсагера
23	
111 300	
3,71	
3,71	
3,64	
3,75	
3,64
SAGOP	
СамарЭн-ап
12	
111 090	
0,483	
0,495	
0,48	
0,495	
0,48
GAZA	
ГАЗ ао
19	
106 415	
394	
391	
390,5	
399	
399
USBN	
УралСиб ао
21	
106 015	
0,0667	
0,067	
0,0665	
0,067	
0,0666
ROST	
РОСИНТЕРао
20	
105 496	
61,4	
62	
61	
62	
61,2
RTSB	
ТНСэнРст
14	
98 200	
0,545	
0,55	
0,535	
0,56	
0,545
STSBP	
СтаврЭнСбп
31	
91 871	
0,378	
0,378	
0,3745	
0,3815	
0,3785
SAREP	
СаратЭн-ап
32	
90 252	
0,1114	
0,1094	
0,1064	
0,1168	
0,1092
IGSTP	
Ижсталь ап
20	
87 348	
840	
849	
835	
852	
838
ELTZ	
Электрцинк
43	
85 988	
167	
168	
166	
169	
166,5
KUBE	
Кубанэнр
13	
84 552	
71,7	
72	
71,5	
72,3	
72,2
MAGEP	
МагадЭн ап
7	
81 420	
5,82	
5,82	
5,81	
5,82	
5,82
STSB	
СтаврЭнСб
52	
80 573	
0,5445	
0,554	
0,5415	
0,5575	
0,553
URKZ	
УрКузница
5	
79 300	
15 860	
15 920	
15 780	
15 920	
15 800
SLEN	
Сахэнер ао
25	
77 833	
5,725	
5,81	
5,7	
5,81	
5,78
RTSBP	
ТНСэнРст-п
11	
74 400	
0,496	
0,501	
0,49	
0,501	
0,491
JNOSP	
Слав-ЯНОСп
4	
70 786	
13,88	
13,88	
13,86	
13,88	
13,88
VGSB	
ВолгЭнСб
5	
67 405	
3,965	
3,995	
3,94	
3,995	
3,965
LPSB	
ЛЭСК ао
6	
67 250	
8	
8	
7,95	
8,05	
8,05
TASBP	
ТамбЭнСб-п
12	
60 660	
0,289	
0,2885	
0,285	
0,2935	
0,292
RLMNP	
Роллман-п
31	
56 486	
18,1	
18,1	
17,92	
18,24	
18,14
RTGZ	
ГазпРнД ао
2	
54 500	
27 250	
27 250	
27 250	
27 250	
27 250
TORSP	
ТРК ап
4	
53 200	
0,28	
0,28	
0,28	
0,28	
0,28
RZSB	
РязЭнСб
13	
52 560	
9,06	
9,02	
9,02	
9,14	
9,12
IRGZ	
ИркЭнерго
28	
48 520	
11,56	
11,72	
11,52	
11,72	
11,54
VJGZ	
Варьеган
20	
47 783	
605	
603	
601	
608	
605
RUSI	
ИКРУСС-ИНВ
5	
45 650	
38	
38,1	
38	
38,3	
38,3
NKSH	
Нижкамшина
5	
42 158	
22,18	
22,16	
22,16	
22,42	
22,18
UCSS	
ОКС ао
10	
42 010	
1 450	
1 450	
1 440	
1 460	
1 450
VGSBP	
ВолгЭнСб-п
13	
37 870	
1,895	
1,885	
1,86	
1,93	
1,87
SARE	
СаратЭн-ао
17	
36 292	
0,1344	
0,133	
0,1326	
0,1364	
0,1342
KROTP	
КрасОкт-1п
8	
34 280	
263,5	
265,5	
259	
266	
259,5
YRSB	
ТНСэнЯр
6	
33 800	
170	
170	
168	
170	
168
KTSBP	
КСБ ап
11	
31 590	
0,287	
0,2865	
0,2815	
0,291	
0,2885
TORS	
ТРК ао
8	
31 100	
0,389	
0,394	
0,383	
0,394	
0,393
KCHEP	
КамчатЭ ап
7	
29 520	
0,369	
0,376	
0,362	
0,376	
0,367
VSYDP	
ВыбСудЗ ап
5	
26 600	
3 800	
3 840	
3 780	
3 840	
3 800
CHGZ	
РН-ЗапСиб
5	
26 080	
52,2	
52,2	
52	
52,2	
52
PRMB	
Приморье
1	
26 000	
26 000	
26 000	
26 000	
26 000	
26 000
WTCMP	
ЦМТ ап
20	
25 968	
8,12	
8,1	
8,08	
8,14	
8,1
KGKC	
КурганГКао
12	
25 480	
55,5	
56	
55	
56	
55
YRSBP	
ТНСэнЯр-п
9	
23 220	
89,5	
90	
88	
90,5	
90,5
TNSE	
ТНСэнрг ао
11	
22 520	
1 025	
1 020	
1 020	
1 035	
1 030
IGST	
Ижсталь2ао
12	
21 738	
945	
957	
940	
957	
941
MFGS	
Мегион-ао
6	
18 925	
315,5	
317	
312,5	
317	
314,5
GAZAP	
ГАЗ ап
5	
18 605	
310	
313,5	
308,5	
313,5	
313
DZRD	
iДонскЗР
9	
18 295	
2 035	
2 045	
2 025	
2 045	
2 030
VSYD	
ВыбСудЗ ао
4	
15 805	
3 950	
3 840	
3 840	
4 030	
3 905
KTSB	
КСБ ао
5	
14 732	
0,614	
0,614	
0,61	
0,614	
0,614
KROT	
КрасОкт-ао
4	
14 680	
367	
368,5	
365,5	
368,5	
366,5
ROSB	
Росбанк ао
7	
14 664	
77,2	
77	
77	
77,4	
77,4
MISB	
ТНСэнМарЭл
7	
14 480	
12,1	
12,1	
12	
12,1	
12,1
KRKN	
СаратНПЗ
1	
12 100	
12 100	
12 100	
12 100	
12 100	
12 100
DZRDP	
iДонскЗР п
7	
10 940	
1 560	
1 560	
1 550	
1 570	
1 560
JNOS	
Славн-ЯНОС
2	
7 270	
18,2	
18,3	
18,05	
18,3	
18,05
OMZZP	
ОМЗ-ап
2	
6 915	
3 460	
3 455	
3 455	
3 460	
3 460
UKUZ	
ЮжКузб. ао
8	
5 546	
504	
506	
500	
506	
500
CHKZ	
ЧКПЗ ао
1	
5 240	
5 240	
5 240	
5 240	
5 240	
5 240
MISBP	
ТНСэМаЭл-п
4	
4 760	
11,9	
12	
11,8	
12	
12
VRSBP	
ТНСэнВор-п
1	
4 550	
45,5	
45,5	
45,5	
45,5	
45,5
TASB	
ТамбЭнСб
1	
4 090	
0,409	
0,409	
0,409	
0,409	
0,409
WTCM	
ЦМТ ао
2	
1 784	
8,92	
8,92	
8,92	
8,92	
8,92
BISV	
БашИнСв ао
0	
0	
-	
-	
-	
-	
8,7
MORI	
Морион ао
0	
0	
-	
-	
-	
-	
4,31
GAZC	
ГАЗКОН-ао
0	
0	
-	
-	
-	
-	
295
GTSS	
ГЕОТЕК ао
0	
0	
-	
-	
-	
-	
-
KUNF	
КУЗОЦМ ао
0	
0	
-	
-	
-	
-	
-
PRTK	
ПРОТЕК ао
0	
0	
-	
-	
-	
-	
99,6
NPOF	
Физика ао
0	
0	
-	
-	
-	
-	
11 850
TRCN	
ТрансК ао
0	
0	
-	
-	
-	
-	
8 595
GAZS	
ГАЗ-сервис
0	
0	
-	
-	
-	
-	
293
KMTZ	
КосогМЗ ао
0	
0	
-	
-	
-	
-	
-
KZMS	
КЗМС ао
0	
0	
-	
-	
-	
-	
226
MSTT	
Мостотрест
0	
0	
-	
-	
-	
-	
161
TRFM	
ТрансФ ао
0	
0	
-	
-	
-	
-	
-
BISV	
БашИнСв ао
0	
0	
-	
-	
-	
-	
8,7
GAZT	
ГАЗ-Тек ао
0	
0	
-	
-	
-	
-	
85
HIMC	
Химпром ао
0	
0	
-	
-	
-	
-	
0,99
KCHE	
КамчатЭ ао
0	
0	
-	
-	
-	
-	
0,21
KSGR	
Кокс ао
0	
0	
-	
-	
-	
-	
-
MFGSP	
Мегион-ап
0	
0	
-	
-	
-	
-	
290
MOBB	
МосОблБанк
0	
0	
-	
-	
-	
-	
0,698
URKA	
Уркалий-ао
0	
0	
-	
-	
-	
-	
119,04
URKA	
Уркалий-ао
0	
0	
-	
-	
-	
-	
119,04
VZRZ	
Возрожд-ао
0	
0	
-	
-	
-	
-	
480