SBER	
Сбербанк
140 586	
22 320 788 796	
202,95	
202,4	
199,3	
205,44	
203,61
GAZP	
ГАЗПРОМ ао
100 889	
16 286 012 510	
193,09	
195,69	
189,88	
196,26	
193,86
LKOH	
ЛУКОЙЛ
72 399	
11 894 937 808	
5 180	
5 198	
5 052	
5 275	
5 201
ROSN	
Роснефть
81 225	
9 485 805 376	
349,85	
347,9	
341,5	
355	
353
GMKN	
ГМКНорНик
40 671	
7 332 981 236	
20 698	
20 350	
20 284	
21 254	
21 138
VTBR	
ВТБ ао
89 209	
4 568 638 059	
0,036145	
0,035605	
0,035375	
0,03694	
0,0364
TATN	
Татнфт 3ао
47 206	
4 310 084 860	
601,3	
603,4	
586	
610	
606,2
SNGS	
Сургнфгз
39 169	
4 076 240 208	
37,475	
37,5	
36,6	
38,08	
37,52
NVTK	
Новатэк ао
35 458	
3 820 449 399	
1 066,4	
1 073,8	
1 032,4	
1 092,6	
1 073
YNDX	
Yandex clA
37 242	
2 827 644 693	
2 700,4	
2 724,8	
2 661,2	
2 755,8	
2 697,2
SBERP	
Сбербанк-п
43 749	
2 713 814 347	
186,85	
187	
184,43	
188,23	
186,6
MOEX	
МосБиржа
37 903	
2 567 145 064	
105,39	
105	
103,93	
106,9	
106,9
PLZL	
Полюс
24 929	
2 409 779 338	
11 166,5	
11 130	
10 937	
11 324	
11 260,5
AFLT	
Аэрофлот
42 769	
2 266 797 254	
78,28	
77,72	
77,32	
79,58	
78,48
MGNT	
Магнит ао
31 103	
2 218 811 419	
3 334	
3 390	
3 287,5	
3 418,5	
3 318
TRMK	
ТМК ао
34 465	
1 960 850 593	
57,3	
57,5	
56,68	
57,76	
57,26
ALRS	
АЛРОСА ао
34 573	
1 810 517 514	
66,49	
65,93	
65,61	
67,4	
67,33
MTSS	
МТС-ао
19 730	
1 773 991 373	
311,45	
314,65	
308,95	
314,7	
310,45
SIBN	
Газпрнефть
28 642	
1 719 635 047	
344,95	
344,4	
340,1	
348,25	
341,65
SNGSP	
Сургнфгз-п
17 567	
1 441 071 740	
38,31	
38,685	
37,8	
38,86	
38,255
AFKS	
Система ао
26 535	
1 317 197 049	
14,369	
14,256	
13,75	
14,67	
14,12
IRAO	
ИнтерРАОао
21 966	
1 309 886 078	
5,2915	
5,32	
5,201	
5,3885	
5,271
POLY	
Polymetal
23 312	
1 268 846 030	
1 352	
1 320,2	
1 301,6	
1 396,1	
1 396,1
CHMF	
СевСт-ао
22 160	
1 184 563 277	
896,4	
900	
885,2	
905	
905
TATNP	
Татнфт 3ап
21 820	
1 004 747 484	
568,5	
564,3	
558,1	
578,7	
572
NLMK	
НЛМК ао
16 211	
991 300 924	
132,78	
133,72	
130,4	
134,6	
133,46
TCSG	
TCS-гдр
20 011	
983 336 222	
958,4	
980	
920	
1 002	
931
FEES	
ФСК ЕЭС ао
17 789	
733 597 445	
0,18074	
0,181	
0,17812	
0,18188	
0,18002
RSTI	
Россети ао
16 125	
648 036 712	
1,3327	
1,3154	
1,3033	
1,3588	
1,3391
HYDR	
РусГидро
16 925	
594 465 178	
0,6387	
0,6402	
0,6287	
0,6497	
0,637
MAGN	
ММК
10 040	
583 562 576	
39,885	
40,15	
39,32	
40,185	
40,18
BANEP	
Башнефт ап
22 280	
566 263 979	
1 422,5	
1 402	
1 392	
1 500	
1 442
FIVE	
FIVE-гдр
11 070	
561 730 018	
2 264	
2 302,5	
2 234	
2 305,5	
2 275
RUAL	
RUSAL plc
18 677	
530 193 458	
25,865	
25,85	
25,55	
26,17	
26,025
UPRO	
Юнипро ао
9 391	
426 446 480	
2,685	
2,661	
2,619	
2,72	
2,649
PHOR	
ФосАгро ао
7 580	
391 939 379	
2 560	
2 579	
2 515	
2 594	
2 575
TRNFP	
Транснф ап
1 384	
323 106 150	
156 900	
158 800	
155 050	
158 950	
156 000
MTLR	
Мечел ао
18 008	
311 686 589	
67,26	
67,06	
66,17	
68,56	
67,37
RTKM	
Ростел -ао
14 148	
307 503 563	
79	
79,88	
77,9	
80	
78,45
CBOM	
МКБ ао
11 325	
281 681 768	
5,701	
5,699	
5,63	
5,785	
5,689
OGKB	
ОГК-2 ао
12 272	
242 010 585	
0,6111	
0,6139	
0,595	
0,6274	
0,605
DSKY	
ДетскийМир
12 310	
217 641 214	
101,36	
100,2	
98,56	
102,84	
101,46
TGKA	
ТГК-1
6 532	
138 805 438	
0,011346	
0,01138	
0,011218	
0,011496	
0,01126
LSRG	
ЛСР ао
13 282	
123 255 526	
616,2	
618,2	
608,6	
626,6	
612
MSNG	
+МосЭнерго
3 594	
116 574 480	
2,026	
2,0605	
1,996	
2,09	
2,023
BANE	
Башнефт ао
4 676	
115 901 235	
1 752,5	
1 747,5	
1 717,5	
1 812,5	
1 785
MTLRP	
Мечел ап
3 579	
108 526 771	
66,65	
66,5	
65,7	
67,25	
66,55
BSPB	
БСП ао
6 953	
102 372 123	
46,26	
46,2	
42,2	
55,18	
45,79
RASP	
Распадская
3 491	
98 823 681	
101,56	
101,14	
100,54	
102,6	
101,98
LNTA	
Лента др
8 018	
93 890 251	
155,5	
157	
152,5	
158,2	
153,6
RTKMP	
Ростел -ап
5 315	
80 613 573	
66,8	
66,25	
66,05	
68,05	
66,6
NMTP	
НМТП ао
8 916	
78 964 765	
8,645	
8,765	
8,505	
8,855	
8,605
QIWI	
iQIWI
3 193	
63 326 402	
877,5	
883	
865,5	
888	
875
GTRK	
ГТМ ао
5 926	
57 408 825	
43,75	
37,9	
37,6	
50,85	
46
NKNCP	
НКНХ ап
3 044	
53 063 277	
83,32	
83,78	
82,92	
83,8	
83,44
MVID	
М.видео
1 621	
52 636 114	
381,2	
383,4	
378	
386	
381,3
AGRO	
AGRO-гдр
3 785	
44 571 287	
611,2	
602,2	
602,2	
619,6	
607,2
AKRN	
Акрон
1 190	
43 127 808	
5 960	
6 002	
4 486	
6 004	
5 982
ETLN	
ETLN-гдр
2 287	
39 114 895	
92,04	
93,02	
90	
93,62	
91
ENRU	
ЭнелРос ао
1 919	
38 739 002	
0,9255	
0,913	
0,913	
0,93	
0,9255
PIKK	
ПИК ао
1 682	
34 082 312	
398,2	
401,1	
395	
404,7	
398,7
APTK	
Аптеки36и6
10 027	
32 052 915	
13,256	
13,428	
12,678	
13,59	
13,168
MRKP	
МРСК ЦП
1 489	
29 132 960	
0,1752	
0,172	
0,1701	
0,1781	
0,177
ENPL	
ENPL-гдр
802	
25 814 678	
548,6	
535,6	
535,6	
556	
551,6
ENPG	
ЭН+ГРУП ао
457	
24 517 938	
557,3	
569,8	
554,5	
569,8	
559,6
RSTIP	
Россети ап
1 352	
23 262 721	
1,523	
1,504	
1,48	
1,578	
1,527
OBUV	
ОР ао
2 375	
23 141 603	
31,9	
31,35	
31,15	
33,2	
31,85
TGKB	
ТГК-2
1 020	
21 721 550	
0,00394	
0,00383	
0,00383	
0,004045	
0,00389
NKNC	
НКНХ ао
1 458	
18 304 726	
98,85	
101	
66	
101,4	
100,4
VSMO	
ВСМПО-АВСМ
408	
17 758 420	
20 180	
20 140	
19 920	
20 500	
20 120
GCHE	
ЧеркизГ-ао
1 235	
12 491 436	
1 830,5	
1 800	
1 800	
1 855	
1 810,5
MSTT	
Мостотрест
859	
11 890 030	
158,2	
161,4	
153,45	
162,35	
157,9
LIFE	
iФармсинтз
1 041	
10 441 532	
6,19	
6,3	
6,045	
6,34	
6,26
MGTSP	
МГТС-4ап
507	
9 890 120	
2 296	
2 272	
2 258	
2 366	
2 314
TGKN	
ТГК-14
567	
9 552 740	
0,00365	
0,00351	
0,00351	
0,00377	
0,00359
SELG	
Селигдар
872	
9 524 751	
17,7	
17,29	
17,02	
18,49	
17,89
MRKC	
МРСК Центр
837	
9 244 088	
0,2532	
0,252	
0,2504	
0,2578	
0,2534
KZOS	
ОргСинт ао
797	
8 384 441	
93	
90,5	
90,2	
94	
93,5
KRKNP	
СаратНПЗ-п
228	
7 981 160	
15 400	
15 480	
15 300	
15 500	
15 440
PAZA	
ПавлАвт ао
455	
7 345 370	
9 520	
9 700	
8 900	
10 320	
9 100
AMEZ	
АшинскийМЗ
1 334	
7 267 760	
3,83	
3,71	
3,69	
3,96	
3,8
MSRS	
МОЭСК
407	
6 849 934	
1,0355	
1,03	
1,02	
1,045	
1,04
MRKV	
МРСКВол
719	
6 796 894	
0,071	
0,06905	
0,06905	
0,0717	
0,0712
TRCN	
ТрансК ао
101	
6 409 340	
8 270	
8 320	
8 190	
8 320	
8 250
FESH	
ДВМП ао
531	
6 162 596	
6,68	
6,66	
6,52	
6,78	
6,67
LNZL	
Лензолото
312	
6 140 110	
8 150	
8 200	
8 080	
8 210	
8 160
SFIN	
САФМАР ао
589	
5 849 590	
453,6	
453	
451,4	
461	
452,8
AQUA	
РусАква ао
342	
5 771 270	
202,5	
203,5	
200,5	
204,5	
202,5
RNFT	
РуссНфт ао
1 691	
5 586 435	
464,6	
466,8	
459,8	
467	
467
KMAZ	
КАМАЗ
822	
4 914 471	
54	
55,7	
53,3	
55,7	
53,9
RBCM	
РБК ао
745	
4 721 839	
3,106	
3,166	
3	
3,196	
3,162
BELU	
Белуга ао
309	
4 539 092	
1 328	
1 320	
1 300	
1 388	
1 320
OMZZP	
ОМЗ-ап
555	
4 392 930	
4 005	
3 685	
3 520	
4 270	
3 820
SVAV	
СОЛЛЕРС
367	
3 878 660	
255,5	
257,5	
250	
259	
255
RUGR	
Русгрэйн
2 731	
3 717 603	
7,894	
7,852	
7,63	
8,16	
7,858
VLHZ	
ВХЗ-ао
540	
3 572 068	
54,4	
52,45	
52,45	
58,85	
52,9
RGSS	
РГС СК ао
638	
3 449 371	
0,1504	
0,1468	
0,1468	
0,155	
0,1504
UNAC	
iАвиастКао
442	
3 384 030	
0,508	
0,492	
0,492	
0,518	
0,504
TGKD	
Квадра
198	
3 147 140	
0,003005	
0,00301	
0,002975	
0,00311	
0,00302
TTLK	
Таттел. ао
352	
3 088 595	
0,2905	
0,298	
0,271	
0,308	
0,292
JNOS	
Славн-ЯНОС
535	
2 879 700	
17,9	
17,3	
17	
19,85	
18,1
DASB	
ДагСб ао
562	
2 839 819	
0,099	
0,1001	
0,0957	
0,1027	
0,0983
ALNU	
АЛРОСА-Нюр
45	
2 620 000	
48 600	
48 000	
47 600	
49 800	
47 600
KZOSP	
ОргСинт ап
994	
2 552 173	
13,26	
13,08	
12,9	
13,42	
13,15
USBN	
УралСиб ао
279	
2 348 512	
0,0682	
0,0676	
0,0673	
0,069	
0,0687
NSVZ	
НаукаСвяз
267	
2 164 260	
252,5	
252,5	
242	
263	
244,5
IRGZ	
ИркЭнерго
283	
2 146 748	
11,86	
11,6	
11,6	
12,08	
11,78
LNZLP	
Лензол. ап
149	
2 144 065	
3 575	
3 580	
3 505	
3 600	
3 590
UWGN	
ОВК ао
327	
2 092 372	
262,8	
251,7	
251	
267	
267
UCSS	
ОКС ао
440	
2 092 160	
1 510	
1 440	
1 440	
1 570	
1 530
ELTZ	
Электрцинк
291	
2 075 954	
174	
173	
165	
181	
174
TGKBP	
ТГК-2 ап
124	
1 811 090	
0,00689	
0,0069	
0,00678	
0,00698	
0,00684
MGTS	
МГТС-5ао
157	
1 800 650	
2 665	
2 590	
2 560	
2 790	
2 695
MRKY	
РоссЮг ао
224	
1 771 316	
0,05135	
0,0507	
0,0505	
0,0518	
0,0508
RAVN	
Raven
30	
1 725 700	
31,8	
31,8	
31,4	
32,6	
32,4
MFGSP	
Мегион-ап
124	
1 632 835	
321,5	
302,5	
302,5	
339,5	
313,5
WTCM	
ЦМТ ао
144	
1 615 228	
8,98	
8,98	
8,74	
9,3	
9,1
MRKZ	
МРСК СЗ
175	
1 613 293	
0,04775	
0,04755	
0,0472	
0,048	
0,04785
CNTLP	
Телеграф-п
188	
1 526 926	
16,34	
16,28	
16,2	
16,44	
16,38
IRKT	
ИРКУТ-3
128	
1 486 218	
31,3	
30,76	
30,76	
31,88	
31,12
HIMCP	
Химпром ап
294	
1 406 979	
5,76	
5,84	
5,65	
5,85	
5,84
RUSI	
ИКРУСС-ИНВ
172	
1 395 960	
42	
39,5	
37,3	
45	
40,8
BRZL	
БурЗолото
240	
1 242 697	
818	
806	
805	
827	
825
DVEC	
ДЭК ао
192	
1 186 009	
0,816	
0,778	
0,778	
0,822	
0,806
CNTL	
Телеграф
185	
1 183 500	
19,75	
19,5	
19,05	
20,3	
19,7
YAKG	
ЯТЭК ао
106	
1 181 488	
52,28	
51,86	
51	
53,8	
52,4
VZRZP	
Возрожд-п
143	
1 177 656	
314	
314	
300	
320	
313,8
MFGS	
Мегион-ао
126	
1 158 070	
370	
325,5	
325,5	
440	
342
IGST	
Ижсталь2ао
246	
1 115 686	
812	
725	
725	
888	
812
ZILL	
ЗИЛ ао
121	
1 057 458	
1 410	
1 352	
1 352	
1 450	
1 396
PMSBP	
ПермьЭнС-п
152	
1 046 222	
130,6	
132,8	
129,2	
132,8	
131,2
KAZT	
Куйбазот
126	
1 025 894	
145,6	
144,2	
139	
154,2	
148,4
CHEP	
ЧТПЗ ао
126	
924 945	
206,5	
209,5	
199,5	
209,5	
207
PRTK	
ПРОТЕК ао
184	
911 693	
97,3	
97,5	
96,1	
99,2	
97,3
ABRD	
АбрауДюрсо
163	
806 045	
135	
134,5	
133,5	
136	
135
LVHK	
Левенгук
263	
804 348	
7,68	
7,65	
7,48	
7,87	
7,75
KLSB	
КалужскСК
185	
786 331	
10,54	
10,5	
10,43	
10,69	
10,59
KMEZ	
КМЗ
219	
757 375	
435,5	
437,5	
426,5	
450,5	
439,5
SELGP	
Селигдар-п
137	
693 855	
26,6	
26,1	
26,1	
26,85	
26,8
KROT	
КрасОкт-ао
91	
689 275	
319	
306,5	
306	
327	
324
YKEN	
Якутскэнрг
49	
682 875	
0,3265	
0,324	
0,315	
0,33	
0,3155
CHMK	
ЧМК ао
75	
655 995	
2 375	
2 340	
2 325	
2 405	
2 395
NAUK	
iНПОНаука
77	
605 172	
175,4	
173,6	
173,6	
178,6	
176,2
MRKK	
Россети СК
132	
588 198	
28,18	
27,48	
26,58	
29,16	
27,52
HALS	
Галс-Девел
93	
587 869	
781	
758	
758	
805	
783
MAGEP	
МагадЭн ап
35	
579 525	
4,08	
4,275	
3,96	
4,385	
4,17
TASB	
ТамбЭнСб
69	
573 130	
0,2895	
0,2985	
0,283	
0,308	
0,287
IGSTP	
Ижсталь ап
138	
550 113	
715	
670	
670	
768	
700
VJGZP	
Варьеган-п
83	
541 050	
318	
321	
315	
322	
318
AVAN	
Авангрд-ао
63	
536 095	
710	
705	
695	
720	
715
RUSP	
Русполимет
62	
528 580	
0,5505	
0,5475	
0,5455	
0,5595	
0,549
KRKN	
СаратНПЗ
32	
525 200	
11 950	
12 050	
11 800	
12 300	
12 050
MRKS	
МРСКСиб
43	
524 690	
0,216	
0,2175	
0,2145	
0,2175	
0,215
MRKU	
МРСК Ур
91	
519 450	
0,1456	
0,1448	
0,1442	
0,1468	
0,145
PMSB	
ПермьЭнСб
129	
508 546	
133,8	
132,5	
129,5	
135,6	
135,3
RDRB	
РДБанк ао
72	
495 700	
270	
270	
260	
285	
265
NKSH	
Нижкамшина
65	
493 596	
23,28	
24	
22,8	
24,18	
23,22
UTAR	
ЮТэйр ао
63	
484 378	
6,62	
6,5	
6,45	
6,7	
6,54
JNOSP	
Слав-ЯНОСп
121	
479 628	
14,54	
14,42	
14	
15,02	
14,28
CHKZ	
ЧКПЗ ао
52	
447 500	
5 520	
5 500	
5 420	
5 680	
5 440
ROLO	
Русолово
61	
437 460	
3,804	
3,814	
3,762	
3,83	
3,78
RLMN	
Роллман
119	
435 830	
16,8	
17,1	
16	
17,2	
17
TORSP	
ТРК ап
80	
425 640	
0,2535	
0,2505	
0,25	
0,262	
0,255
NKHP	
НКХП ао
67	
403 360	
234,5	
235	
233	
235	
235
DIOD	
ЗаводДИОД
59	
380 316	
4,91	
4,92	
4,9	
4,92	
4,9
KBTK	
КузбТК ао
76	
377 334	
162,6	
163	
156,6	
166	
163,2
KAZTP	
Куйбазот-п
70	
372 672	
149,8	
154,8	
147,4	
154,8	
150,6
KROTP	
КрасОкт-1п
42	
324 475	
220,5	
214	
214	
226	
220
YKENP	
Якутскэн-п
47	
305 015	
0,299	
0,2965	
0,2925	
0,309	
0,2975
WTCMP	
ЦМТ ап
103	
296 026	
8,94	
8,82	
8,54	
9,08	
9,08
MOBB	
МосОблБанк
80	
275 859	
2,53	
2,568	
2,472	
2,568	
2,512
RKKE	
ЭнергияРКК
33	
274 510	
4 900	
4 910	
4 870	
4 970	
4 890
MAGE	
МагадЭн ао
45	
272 230	
4,46	
4,23	
4,23	
4,69	
4,51
KOGK	
КоршГОК ао
6	
269 400	
45 000	
46 000	
44 000	
46 000	
44 800
GAZA	
ГАЗ ао
35	
262 800	
381	
385	
376	
385	
376,5
ZVEZ	
ЗВЕЗДА ао
49	
262 600	
4,17	
4,215	
4,095	
4,235	
4,215
GAZAP	
ГАЗ ап
37	
251 755	
349,5	
341	
341	
363	
350
KUZB	
КузнецкийБ
260	
247 855	
0,01743	
0,0171	
0,01685	
0,01771	
0,0177
KGKCP	
КурганГКап
57	
246 445	
58,5	
40	
40	
62	
57
UNKL	
ЮУНК ао
62	
228 190	
3 040	
2 920	
2 920	
3 110	
3 060
VJGZ	
Варьеган
80	
214 373	
621	
614	
610	
644	
625
ASSB	
АстрЭнСб
92	
207 901	
0,6045	
0,597	
0,59	
0,618	
0,5905
KRSB	
Красэсб ао
24	
207 360	
5,6	
5,59	
5,55	
5,7	
5,62
TGKDP	
Квадра-п
45	
193 792	
0,00379	
0,003795	
0,003725	
0,003885	
0,00382
NFAZ	
Нефтекамск
43	
192 454	
139,6	
136	
134,8	
141	
140,4
LPSB	
ЛЭСК ао
53	
188 770	
7,45	
7,45	
7,35	
7,55	
7,45
MGNZ	
СМЗ-ао
37	
174 200	
4 360	
4 220	
4 110	
4 610	
4 300
SAGO	
СамарЭн-ао
13	
165 140	
0,394	
0,398	
0,382	
0,4	
0,388
URKZ	
УрКузница
12	
150 160	
10 020	
10 180	
9 900	
10 200	
9 900
BLNG	
Белон ао
78	
149 568	
4,032	
3,918	
3,918	
4,1	
3,998
KUBE	
Кубанэнр
38	
139 962	
63,6	
61,6	
61,5	
64,8	
64,1
TUZA	
ТЗА ао
23	
127 830	
81	
81	
79	
82	
80
VRSB	
ТНСэнВорон
10	
124 180	
47,8	
47,8	
47,4	
48,2	
48
DZRDP	
iДонскЗР п
34	
116 590	
1 530	
1 530	
1 500	
1 560	
1 550
SAGOP	
СамарЭн-ап
21	
113 400	
0,378	
0,375	
0,369	
0,385	
0,38
ISKJ	
iИСКЧ ао
40	
111 752	
12,56	
12,8	
12,36	
12,87	
12,44
BISVP	
БашИнСв ап
51	
109 567	
6,89	
6,8	
6,78	
7,04	
6,9
ARSA	
Арсагера
24	
102 630	
3,21	
3,17	
3,13	
3,36	
3,21
GEMA	
iММЦБ ао
18	
95 505	
723,5	
723	
722,5	
731,5	
728,5
DZRD	
iДонскЗР
22	
94 222	
2 142	
2 200	
2 002	
2 200	
2 190
SZPR	
СЗПароход
23	
82 200	
722	
722	
706	
724	
718
VRSBP	
ТНСэнВор-п
12	
75 050	
31	
31	
31	
31,5	
31
ROST	
РОСИНТЕРао
37	
73 978	
58,4	
58,4	
57	
59,2	
58,2
KTSB	
КСБ ао
32	
70 162	
0,502	
0,494	
0,484	
0,528	
0,498
MRSB	
МордЭнСб
11	
69 810	
0,348	
0,334	
0,333	
0,354	
0,349
VSYD	
ВыбСудЗ ао
10	
67 105	
2 795	
2 730	
2 730	
2 840	
2 750
KCHE	
КамчатЭ ао
26	
64 950	
0,1855	
0,188	
0,174	
0,191	
0,1875
KRSBP	
Красэсб ап
9	
62 100	
5,66	
5,76	
5,56	
5,76	
5,66
ROSB	
Росбанк ао
26	
54 676	
65,2	
64,6	
64,6	
66	
65
STSB	
СтаврЭнСб
15	
52 998	
0,342	
0,3515	
0,339	
0,3515	
0,348
VGSBP	
ВолгЭнСб-п
23	
48 245	
0,965	
0,99	
0,87	
1	
0,93
UKUZ	
ЮжКузб. ао
28	
45 660	
502	
502	
498	
502	
500
SARE	
СаратЭн-ао
11	
43 880	
0,1126	
0,1104	
0,1104	
0,115	
0,1146
INGR	
ИНГРАД ао
5	
41 580	
770	
770	
770	
770	
770
RLMNP	
Роллман-п
28	
40 995	
17,98	
18,1	
17,86	
18,22	
17,9
ALBK	
БестЭфБ ао
14	
36 120	
52,5	
53	
52	
53	
52
NNSBP	
ТНСэнНН ап
13	
36 022	
538	
527	
527	
541	
537
KRKOP	
ТКЗКК ап
16	
33 900	
3,99	
3,985	
3,825	
4,07	
3,945
KBSB	
ТНСэКубань
13	
32 045	
133,5	
136,5	
127,5	
136,5	
130,5
STSBP	
СтаврЭнСбп
34	
31 412	
0,2992	
0,2914	
0,2912	
0,3036	
0,3008
CHGZ	
РН-ЗапСиб
9	
28 400	
31,6	
33,2	
31	
33,2	
31,4
KGKC	
КурганГКао
13	
27 620	
53	
54	
52	
55	
53
RZSB	
РязЭнСб
5	
27 300	
5,43	
5,51	
5,31	
5,51	
5,48
MISBP	
ТНСэМаЭл-п
10	
25 600	
10,8	
10,8	
10,6	
10,8	
10,8
VGSB	
ВолгЭнСб
8	
24 835	
1,46	
1,475	
1,435	
1,475	
1,435
TASBP	
ТамбЭнСб-п
5	
21 930	
0,1995	
0,2025	
0,1955	
0,2025	
0,1955
SLEN	
Сахэнер ао
25	
20 041	
4,265	
4,3	
4,15	
4,4	
4,225
PRMB	
Приморье
1	
17 000	
17 000	
17 000	
17 000	
17 000	
17 000
VSYDP	
ВыбСудЗ ап
6	
16 340	
2 720	
2 720	
2 680	
2 740	
2 700
YRSBP	
ТНСэнЯр-п
10	
14 275	
79,5	
79	
77,5	
80	
78,5
TNSE	
ТНСэнрг ао
6	
10 820	
985	
995	
980	
995	
990
KTSBP	
КСБ ап
4	
9 515	
0,236	
0,235	
0,235	
0,242	
0,242
MISB	
ТНСэнМарЭл
5	
6 680	
11,1	
11,2	
11	
11,2	
11,2
SAREP	
СаратЭн-ап
6	
5 164	
0,0862	
0,0846	
0,0846	
0,0872	
0,0872
YRSB	
ТНСэнЯр
3	
5 060	
170	
170	
168	
170	
168
KCHEP	
КамчатЭ ап
1	
3 450	
0,345	
0,345	
0,345	
0,345	
0,345
RTSBP	
ТНСэнРст-п
1	
2 550	
0,255	
0,255	
0,255	
0,255	
0,255
NNSB	
ТНСэнНН ао
1	
1 265	
1 265	
1 265	
1 265	
1 265	
1 265
FTRE	
БУДУЩЕЕ ао
0	
0	
-	
-	
-	
-	
80
KRKO	
ТКЗКК ао
0	
0	
-	
-	
-	
-	
11,8
TORS	
ТРК ао
0	
0	
0,355	
-	
-	
-	
0,371
RTGZ	
ГазпРнД ао
0	
0	
-	
-	
-	
-	
22 500
KUNF	
КУЗОЦМ ао
0	
0	
-	
-	
-	
-	
-
NPOF	
Физика ао
0	
0	
-	
-	
-	
-	
11 850
GAZC	
ГАЗКОН-ао
0	
0	
-	
-	
-	
-	
295
GTSS	
ГЕОТЕК ао
0	
0	
-	
-	
-	
-	
-
TRFM	
ТрансФ ао
0	
0	
-	
-	
-	
-	
-
KMTZ	
КосогМЗ ао
0	
0	
-	
-	
-	
-	
-
KZMS	
КЗМС ао
0	
0	
-	
-	
-	
-	
226
RTSB	
ТНСэнРст
0	
0	
0,3	
-	
-	
-	
0,325
BISV	
БашИнСв ао
0	
0	
-	
-	
-	
-	
8,7
GAZS	
ГАЗ-сервис
0	
0	
-	
-	
-	
-	
293
HIMC	
Химпром ао
0	
0	
-	
-	
-	
-	
0,99
LSNG	
Ленэнерго
0	
0	
-	
-	
-	
-	
5,66
URKA	
Уркалий-ао
0	
0	
-	
-	
-	
-	
119,04
VZRZ	
Возрожд-ао
0	
0	
-	
-	
-	
-	
480
GAZT	
ГАЗ-Тек ао
0	
0	
-	
-	
-	
-	
85
KSGR	
Кокс ао
0	
0	
-	
-	
-	
-	
-
LSNGP	
Ленэнерг-п
0	
0	
-	
-	
-	
-	
119,95
MFON	
МегаФон ао
0	
0	
-	
-	
-	
-	
650,6
VZRZ	
Возрожд-ао
0	
0	
-	
-	
-	
-	
480
RU000A0JVT35	
ИСУ ЕФГ-3
0	
0	
-	
-	
-	
-	
400