SBER	
Сбербанк
78 613	
15 045 754 085	
217,53	
221,13	
215,44	
221,88	
217,23
LKOH	
ЛУКОЙЛ
37 819	
7 451 984 499	
5 362,5	
5 400	
5 305,5	
5 428,5	
5 425
GAZP	
ГАЗПРОМ ао
51 714	
7 194 653 687	
203,37	
205,44	
201,57	
206,1	
204,84
GMKN	
ГМКНорНик
30 043	
5 756 258 406	
20 280	
20 520	
20 102	
20 642	
20 248
AFLT	
Аэрофлот
83 531	
5 648 118 084	
94,04	
96,72	
91,58	
97,74	
92,4
ROSN	
Роснефть
26 707	
4 042 672 676	
399,4	
403	
394,3	
403,9	
402
PLZL	
Полюс
32 269	
3 795 438 592	
10 421,5	
10 149,5	
10 075	
10 680	
10 465
TATN	
Татнфт 3ао
32 249	
3 389 369 603	
582,7	
580	
575	
589,7	
586,5
MTSS	
МТС-ао
20 750	
2 164 999 401	
328,1	
326,95	
324,65	
330,35	
329,15
POLY	
Polymetal
26 488	
2 088 692 382	
1 265,9	
1 247,2	
1 231,4	
1 286,5	
1 286,5
SNGS	
Сургнфгз
15 915	
1 599 245 812	
40,195	
40,53	
39,62	
40,775	
40,715
SBERP	
Сбербанк-п
20 402	
1 579 611 430	
198,45	
201,99	
195,12	
202,24	
198,45
SNGSP	
Сургнфгз-п
19 564	
1 477 894 434	
34,2	
34,155	
34,005	
34,34	
34,3
MGNT	
Магнит ао
17 942	
1 450 272 329	
3 941	
3 967	
3 916,5	
3 997	
3 929
NVTK	
Новатэк ао
13 215	
1 343 134 323	
1 076,6	
1 088	
1 065,4	
1 092,8	
1 078
ALRS	
АЛРОСА ао
26 801	
1 228 954 254	
65,51	
66,45	
65,07	
66,8	
65,28
CHMF	
СевСт-ао
18 469	
1 220 252 309	
947,4	
946,6	
938	
954	
948
HYDR	
РусГидро
26 730	
1 202 526 152	
0,7784	
0,798	
0,767	
0,8024	
0,7799
MOEX	
МосБиржа
23 639	
1 147 780 329	
115,28	
116,8	
114,51	
117,39	
115,05
VTBR	
ВТБ ао
31 938	
1 043 110 676	
0,03752	
0,0378	
0,037165	
0,037835	
0,0377
SIBN	
Газпрнефть
12 173	
1 021 077 117	
355,7	
358,6	
352,5	
359,95	
358,2
AFKS	
Система ао
16 666	
970 934 209	
16,894	
16,95	
16,606	
17,169	
16,943
YNDX	
Yandex clA
11 852	
970 374 144	
2 882,4	
2 897	
2 855	
2 905	
2 902
IRAO	
ИнтерРАОао
11 182	
888 082 104	
5,0365	
5,1405	
4,9875	
5,1465	
5,041
NLMK	
НЛМК ао
12 537	
864 966 286	
137,6	
138,02	
135,92	
138,78	
137
FIVE	
FIVE-гдр
14 986	
784 545 117	
2 080	
2 123	
2 052	
2 130,5	
2 070,5
FEES	
ФСК ЕЭС ао
16 623	
684 625 679	
0,1827	
0,18534	
0,181	
0,18542	
0,182
RSTI	
Россети ао
15 256	
683 057 425	
1,5533	
1,579	
1,5402	
1,5878	
1,55
MAGN	
ММК
8 317	
615 924 188	
42,25	
42,755	
41,565	
42,95	
42,635
TRNFP	
Транснф ап
2 617	
614 885 150	
138 350	
137 950	
137 300	
139 350	
138 100
TATNP	
Татнфт 3ап
11 746	
590 154 541	
565,5	
562	
553,4	
575	
575
TCSG	
TCS-гдр
14 355	
406 406 784	
1 209,2	
1 256	
1 180	
1 259,4	
1 214
DSKY	
ДетскийМир
12 720	
350 675 853	
98,3	
98,48	
97,24	
99,5	
98,5
CBOM	
МКБ ао
9 492	
318 812 018	
5,486	
5,49	
5,424	
5,512	
5,505
LNTA	
Лента др
14 143	
224 063 479	
177,4	
177,8	
171,8	
183,3	
173,4
MVID	
М.видео
5 403	
218 113 032	
413,9	
424,8	
400,3	
426,5	
419
RTKM	
Ростел -ао
6 703	
211 863 514	
84,05	
84,21	
83,07	
84,9	
84,9
RUAL	
РУСАЛ ао
11 557	
190 841 315	
27,585	
27,8	
27,15	
28,08	
27,8
LSNGP	
РСетиЛЭ-п
7 620	
184 254 026	
168,95	
169,05	
166,1	
171,2	
168,65
OGKB	
ОГК-2 ао
7 179	
178 726 051	
0,7014	
0,7079	
0,6922	
0,7133	
0,7022
LSRG	
ЛСР ао
9 771	
171 668 219	
661,8	
678	
651,6	
683,4	
654
MTLR	
Мечел ао
11 956	
157 043 109	
68,04	
68,83	
67,08	
69,26	
68,12
UPRO	
Юнипро ао
3 562	
129 987 260	
2,808	
2,818	
2,782	
2,834	
2,81
TGKA	
ТГК-1
8 143	
113 010 019	
0,01299	
0,01303	
0,0129	
0,013164	
0,013
TRMK	
ТМК ао
879	
111 456 361	
59,8	
59,96	
59,64	
59,96	
59,9
MOBB	
МосОблБанк
13 127	
108 479 519	
1,234	
0,984	
0,934	
1,306	
1,306
PHOR	
ФосАгро ао
2 361	
107 729 666	
2 800	
2 800	
2 783	
2 810	
2 801
VSMO	
ВСМПО-АВСМ
1 570	
103 099 120	
19 500	
18 900	
18 560	
20 140	
19 600
OBUV	
ОР ао
7 912	
94 891 514	
35,8	
34,95	
34,5	
36,95	
36,15
RASP	
Распадская
1 792	
89 708 380	
108,8	
109,98	
107,5	
111,5	
109,06
BANEP	
Башнефт ап
2 991	
82 608 646	
1 456	
1 470	
1 451	
1 470	
1 460
KRKNP	
СаратНПЗ-п
2 186	
72 417 600	
17 040	
17 680	
16 720	
17 700	
16 880
BSPB	
БСП ао
4 829	
64 956 419	
44,12	
43,43	
43,3	
44,7	
43,71
UTAR	
ЮТэйр ао
6 578	
58 342 612	
8,35	
7,88	
7,67	
9,1	
7,86
RSTIP	
Россети ап
2 245	
58 068 657	
2,374	
2,375	
2,361	
2,387	
2,38
MTLRP	
Мечел ап
2 109	
56 975 838	
81,7	
80	
79,95	
83,35	
81,3
MSNG	
+МосЭнерго
2 027	
55 401 467	
2,135	
2,1835	
2,1	
2,199	
2,14
QIWI	
iQIWI
2 426	
52 437 164	
1 034,5	
1 046	
1 018	
1 049	
1 042,5
NKNCP	
НКНХ ап
2 709	
48 079 974	
88,78	
89,88	
87,5	
89,92	
88,74
AKRN	
Акрон
1 406	
47 513 740	
5 664	
5 716	
5 612	
5 716	
5 644
ETLN	
ETLN-гдр
1 612	
40 694 798	
92,56	
92,98	
91,4	
93,58	
91,5
NMTP	
НМТП ао
3 032	
40 526 157	
9,465	
9,625	
9,325	
9,695	
9,4
ALNU	
АЛРОСА-Нюр
427	
37 665 800	
55 600	
50 600	
50 000	
59 600	
57 000
MRKV	
РсетВол ао
1 666	
37 480 147	
0,06835	
0,0667	
0,0664	
0,0698	
0,0695
ENRU	
ЭнелРос ао
1 378	
37 357 459	
0,9955	
0,9965	
0,995	
0,997	
0,997
ZILL	
ЗИЛ ао
2 104	
34 599 195	
3 050	
3 370	
2 665	
3 465	
2 820
PIKK	
ПИК ао
1 255	
33 850 303	
395	
398,2	
390,1	
401,1	
395,1
RTKMP	
Ростел -ап
1 572	
30 765 512	
74,55	
75	
74	
75,2	
75,2
SELG	
Селигдар
1 423	
24 695 506	
24,3	
23,3	
23,3	
24,83	
24,36
SFIN	
САФМАР ао
453	
24 173 468	
465,4	
467	
463	
469	
463,2
ENPG	
ЭН+ГРУП ао
359	
24 044 950	
614	
610	
599	
620	
618
AGRO	
AGRO-гдр
1 935	
19 556 702	
648,8	
659	
642	
662	
648,4
BANE	
Башнефт ао
1 124	
16 791 869	
1 811,5	
1 838	
1 794	
1 838	
1 815
MRKP	
МРСК ЦП
716	
11 506 755	
0,1921	
0,1922	
0,1903	
0,1939	
0,1939
TASB	
ТамбЭнСб
1 250	
9 082 370	
0,403	
0,329	
0,3255	
0,439	
0,4095
FESH	
ДВМП ао
674	
8 760 515	
7,69	
7,79	
7,4	
8	
7,57
UNAC	
iАвиастКао
691	
7 642 007	
0,478	
0,4735	
0,473	
0,4835	
0,4765
GEMA	
iММЦБ ао
896	
7 124 532	
623	
608	
608	
648,5	
622,5
APTK	
Аптеки36и6
2 279	
6 405 176	
13,676	
13,916	
13,6	
13,916	
13,652
LNZL	
Лензолото
290	
6 307 580	
8 350	
8 290	
8 220	
8 470	
8 430
TGKB	
ТГК-2
391	
6 065 810	
0,00434	
0,00437	
0,004275	
0,004485	
0,00432
PRTK	
ПРОТЕК ао
254	
5 688 723	
99,2	
99,3	
98,2	
99,7	
99,4
MSTT	
Мостотрест
303	
5 601 762	
158,6	
160,6	
158,1	
160,6	
158,25
NKNC	
НКНХ ао
526	
5 424 861	
99,1	
100,45	
98,55	
100,45	
98,9
RNFT	
РуссНфт ао
1 307	
5 410 227	
449,8	
449	
443,6	
452,6	
451,8
MAGE	
МагадЭн ао
281	
4 911 960	
7,95	
7,13	
7,11	
8,93	
8,44
VLHZ	
ВХЗ-ао
702	
4 580 340	
51,8	
49,45	
49,45	
53,65	
51,35
DVEC	
ДЭК ао
296	
4 258 269	
0,954	
0,969	
0,938	
0,98	
0,954
BELU	
Белуга ао
367	
4 232 820	
1 344	
1 398	
1 309	
1 398	
1 341
LSNG	
РСетиЛЭ
473	
4 168 406	
6,19	
6,25	
6,09	
6,29	
6,21
MRKC	
МРСК Центр
436	
4 126 552	
0,2654	
0,2658	
0,262	
0,267	
0,2654
ISKJ	
iИСКЧ ао
523	
3 624 918	
27,23	
27,9	
27,05	
27,9	
27,17
MAGEP	
МагадЭн ап
131	
3 571 255	
7,185	
6,87	
6,675	
7,7	
7,595
IRKT	
ИРКУТ-3
227	
3 496 730	
36,9	
37,24	
36,18	
37,96	
36,84
TASBP	
ТамбЭнСб-п
304	
3 370 835	
0,4015	
0,297	
0,297	
0,431	
0,4255
MGTSP	
МГТС-4ап
427	
3 088 836	
2 024	
2 020	
2 010	
2 038	
2 020
LIFE	
iФармсинтз
546	
2 972 890	
7,27	
7,29	
7,185	
7,435	
7,22
MSRS	
РСетиМР ао
286	
2 940 823	
1,1235	
1,1335	
1,12	
1,1335	
1,126
AQUA	
РусАква ао
196	
2 879 205	
221	
224	
216,5	
225	
219
ROST	
РОСИНТЕРао
358	
2 865 282	
63,2	
64,6	
60	
68	
62,6
SVAV	
СОЛЛЕРС
128	
2 832 215	
257	
259,5	
255	
259,5	
258
GCHE	
ЧеркизГ-ао
369	
2 652 759	
1 716	
1 730	
1 704	
1 732	
1 714
MRKS	
РсетСиб ао
91	
2 439 285	
0,2335	
0,231	
0,2305	
0,24	
0,2355
CHEP	
ЧТПЗ ао
286	
2 384 255	
213,5	
218	
210	
218	
214
BISVP	
БашИнСв ап
264	
2 196 423	
8,13	
7,76	
7,76	
8,36	
8,09
RZSB	
РязЭнСб
162	
2 092 280	
10,16	
9,64	
9,42	
10,78	
9,96
CHKZ	
ЧКПЗ ао
201	
2 000 960	
5 760	
5 300	
5 300	
6 080	
5 360
MRKU	
МРСК Ур
181	
1 964 186	
0,1604	
0,1612	
0,159	
0,1628	
0,161
USBN	
УралСиб ао
217	
1 826 488	
0,0706	
0,0713	
0,07	
0,073	
0,0714
PMSBP	
ПермьЭнС-п
241	
1 817 724	
158,6	
159,4	
157,4	
159,6	
158,4
EELT	
ЕвроЭлтех
209	
1 776 627	
7,42	
7,32	
7,24	
7,52	
7,48
KMAZ	
КАМАЗ
412	
1 764 531	
58,3	
58,5	
56	
59,5	
58
RGSS	
РГС СК ао
218	
1 703 926	
0,1522	
0,153	
0,1508	
0,154	
0,1536
KZOS	
ОргСинт ао
312	
1 698 536	
90,7	
91,8	
90	
91,9	
90,9
GTRK	
ГТМ ао
298	
1 628 712	
42,4	
42,5	
41,8	
43,3	
42,65
MRKZ	
МРСК СЗ
186	
1 609 839	
0,0508	
0,0503	
0,05015	
0,0518	
0,0517
TGKBP	
ТГК-2 ап
99	
1 599 550	
0,00741	
0,00763	
0,00723	
0,00766	
0,00743
RTGZ	
ГазпРнД ао
12	
1 548 800	
20 950	
20 900	
20 750	
21 000	
20 750
KTSBP	
КСБ ап
220	
1 540 540	
0,2605	
0,2485	
0,246	
0,278	
0,249
DIOD	
ЗаводДИОД
237	
1 440 439	
5,82	
5,76	
5,76	
5,89	
5,76
INGR	
ИНГРАД ао
220	
1 399 389	
811	
815	
802	
819	
809
SELGP	
Селигдар-п
151	
1 392 635	
25,85	
25,7	
25,55	
26	
26
KLSB	
КалужскСК
116	
1 382 666	
11,08	
11,27	
11,05	
11,27	
11,12
UKUZ	
ЮжКузб. ао
205	
1 305 060	
582	
540	
532	
626	
604
KZOSP	
ОргСинт ап
684	
1 283 165	
12,12	
12,16	
11,9	
12,48	
12,09
PAZA	
ПавлАвт ао
98	
1 257 450	
7 810	
7 710	
7 700	
8 010	
7 810
LNZLP	
Лензол. ап
132	
1 256 970	
3 635	
3 590	
3 550	
3 690	
3 680
VZRZP	
Возрожд-п
122	
1 241 610	
323,4	
320	
315,2	
335	
319,4
MGTS	
МГТС-5ао
99	
1 163 735	
2 435	
2 500	
2 405	
2 500	
2 465
AMEZ	
АшинскийМЗ
272	
1 153 690	
4,04	
4,07	
4,015	
4,1	
4,04
TGKN	
ТГК-14
77	
1 151 970	
0,00324	
0,00327	
0,00322	
0,00328	
0,00326
UWGN	
ОВК ао
248	
1 132 032	
243	
244,8	
239,2	
244,8	
242,1
KBSB	
ТНСэКубань
127	
1 118 360	
144,5	
150	
132,5	
152,5	
142
RTSB	
ТНСэнРст
151	
1 117 200	
0,37	
0,34	
0,34	
0,41	
0,355
NFAZ	
Нефтекамск
87	
1 014 294	
172,8	
165,8	
165,8	
177	
172
IRGZ	
ИркЭнерго
154	
953 410	
11,9	
12,14	
11,8	
12,14	
11,82
PRMB	
Приморье
35	
940 400	
23 600	
23 600	
22 400	
24 800	
24 000
YAKG	
ЯТЭК ао
92	
918 675	
40,3	
40,1	
39,7	
41,2	
40
TTLK	
Таттел. ао
103	
837 650	
0,288	
0,291	
0,2855	
0,292	
0,287
CHMK	
ЧМК ао
117	
836 120	
2 490	
2 510	
2 450	
2 515	
2 495
KRSB	
Красэсб ао
73	
813 700	
8,06	
8	
7,98	
8,2	
8
YKEN	
Якутскэнрг
99	
801 310	
0,3515	
0,3575	
0,34	
0,367	
0,3585
PMSB	
ПермьЭнСб
135	
795 606	
159,8	
159,8	
156,8	
161,6	
160,5
KRSBP	
Красэсб ап
48	
764 880	
8,22	
8,36	
8,1	
8,4	
8,14
KRKOP	
ТКЗКК ап
63	
754 515	
5,795	
5,82	
5,695	
5,86	
5,705
KTSB	
КСБ ао
249	
739 026	
0,596	
0,564	
0,56	
0,626	
0,592
ROLO	
Русолово
77	
721 924	
3,862	
3,912	
3,786	
3,922	
3,884
RLMN	
Роллман
123	
705 062	
19,2	
19,35	
18,95	
19,45	
19,2
NKSH	
Нижкамшина
58	
696 884	
22,78	
22,52	
22,24	
24	
23,12
ASSB	
АстрЭнСб
165	
692 240	
0,793	
0,7945	
0,782	
0,8045	
0,791
KAZT	
Куйбазот
138	
681 658	
141,8	
144,8	
139	
146,8	
145,2
GAZA	
ГАЗ ао
32	
597 400	
385,5	
387	
384	
391	
387,5
CNTL	
Телеграф
90	
591 700	
20,55	
20,95	
20,1	
21,05	
20,55
STSB	
СтаврЭнСб
176	
587 420	
0,388	
0,3715	
0,37	
0,41	
0,392
RUGR	
Русгрэйн
411	
551 503	
7,492	
7,508	
7,45	
7,58	
7,466
BLNG	
Белон ао
70	
550 871	
4,066	
4,074	
4,002	
4,136	
4,106
HIMCP	
Химпром ап
80	
543 747	
5,9	
5,91	
5,84	
5,97	
5,86
KMEZ	
КМЗ
140	
513 320	
470	
458	
450	
480	
468,5
KOGK	
КоршГОК ао
11	
509 200	
46 200	
45 600	
45 400	
46 800	
46 800
KRKN	
СаратНПЗ
25	
506 050	
13 700	
13 550	
13 550	
13 800	
13 750
RBCM	
РБК ао
156	
505 001	
3,318	
3,326	
3,3	
3,348	
3,328
CNTLP	
Телеграф-п
76	
497 338	
17,28	
17,4	
17,22	
17,44	
17,28
ROSB	
Росбанк ао
102	
486 328	
73,8	
72,8	
71,8	
76	
71,8
DZRD	
iДонскЗР
127	
470 945	
1 885	
1 925	
1 855	
1 930	
1 895
WTCMP	
ЦМТ ап
20	
470 006	
8,14	
8,16	
8,04	
8,22	
8,18
ALBK	
БестЭфБ ао
112	
452 250	
54,5	
57	
53,5	
57	
55,5
URKZ	
УрКузница
26	
451 980	
11 300	
11 480	
11 040	
11 500	
11 180
KROT	
КрасОкт-ао
48	
450 045	
343,5	
344,5	
342	
349	
342,5
MRSB	
МордЭнСб
21	
434 880	
0,362	
0,354	
0,354	
0,364	
0,364
TUZA	
ТЗА ао
79	
400 970	
94	
96	
93	
97	
95
MRKY	
РоссЮг ао
102	
389 390	
0,05145	
0,05135	
0,05105	
0,05215	
0,0516
TRCN	
ТрансК ао
27	
375 830	
8 540	
8 585	
8 370	
8 600	
8 525
KGKCP	
КурганГКап
76	
361 850	
58,5	
58,5	
57	
59,5	
58,5
TGKD	
Квадра
110	
358 169	
0,003035	
0,003045	
0,00302	
0,00307	
0,003065
LPSB	
ЛЭСК ао
74	
355 545	
8,1	
8,05	
7,95	
8,2	
8,05
VSYD	
ВыбСудЗ ао
56	
349 815	
3 885	
3 945	
3 865	
3 950	
3 935
BRZL	
БурЗолото
69	
345 227	
830	
828	
827	
835	
832
RAVN	
Raven
30	
345 145	
31,65	
31,65	
31,5	
31,85	
31,8
YRSB	
ТНСэнЯр
28	
342 000	
176	
168	
168	
180	
176
NAUK	
iНПОНаука
44	
340 168	
180	
181,6	
179	
181,6	
180,6
ABRD	
АбрауДюрсо
70	
334 615	
130	
130	
130	
131	
130,5
LVHK	
Левенгук
53	
320 013	
8,16	
8,02	
8,02	
8,2	
8,15
STSBP	
СтаврЭнСбп
155	
305 983	
0,332	
0,3305	
0,32	
0,342	
0,332
SZPR	
СЗПароход
51	
292 724	
790	
786	
782	
798	
790
NKHP	
НКХП ао
54	
285 780	
232,5	
234,5	
231	
235	
233
ZVEZ	
ЗВЕЗДА ао
40	
265 055	
4,57	
4,675	
4,55	
4,675	
4,56
RTSBP	
ТНСэнРст-п
49	
253 920	
0,292	
0,292	
0,281	
0,306	
0,295
JNOSP	
Слав-ЯНОСп
49	
237 100	
14,46	
14,84	
14,38	
14,84	
14,42
UNKL	
ЮУНК ао
24	
220 820	
3 400	
3 350	
3 330	
3 450	
3 420
RUSP	
Русполимет
14	
219 505	
0,6095	
0,627	
0,6065	
0,627	
0,6075
SLEN	
Сахэнер ао
36	
215 621	
4,155	
4,155	
4,08	
4,215	
4,165
KUZB	
КузнецкийБ
137	
215 158	
0,01678	
0,01699	
0,0167	
0,01708	
0,01687
OMZZP	
ОМЗ-ап
52	
214 730	
3 465	
3 420	
3 405	
3 525	
3 430
NSVZ	
НаукаСвяз
45	
200 210	
233	
239	
226,5	
239	
230
RDRB	
РДБанк ао
46	
192 500	
255	
255	
245	
255	
255
VGSB	
ВолгЭнСб
57	
185 110	
1,715	
1,675	
1,635	
1,83	
1,665
KBTK	
КузбТК ао
43	
171 964	
156,4	
156,6	
155	
158,4	
156,4
CHGZ	
РН-ЗапСиб
25	
171 960	
34,4	
35,2	
34	
36,2	
34,6
SAGO	
СамарЭн-ао
18	
165 520	
0,394	
0,396	
0,392	
0,398	
0,396
HALS	
Галс-Девел
40	
155 957	
772	
785	
764	
788	
771
KUBE	
Кубанэнр
69	
125 197	
72,4	
73	
70,2	
74	
72,7
ELTZ	
Электрцинк
123	
125 102	
170,5	
172,5	
169,5	
173	
171
RUSI	
ИКРУСС-ИНВ
29	
119 210	
38,5	
38,8	
37,7	
39	
38,4
VRSB	
ТНСэнВорон
7	
118 480	
47,4	
47,6	
47,2	
47,6	
47,4
MISBP	
ТНСэМаЭл-п
21	
108 920	
10,2	
10,4	
10	
10,4	
10,2
NNSB	
ТНСэнНН ао
29	
108 215	
1 290	
1 305	
1 275	
1 315	
1 275
TORSP	
ТРК ап
18	
107 065	
0,282	
0,2815	
0,28	
0,2835	
0,28
VRSBP	
ТНСэнВор-п
21	
100 000	
30,5	
31	
30	
31	
31
WTCM	
ЦМТ ао
26	
93 978	
8,88	
8,92	
8,76	
8,94	
8,94
ARSA	
Арсагера
6	
93 070	
3,32	
3,29	
3,28	
3,37	
3,34
AVAN	
Авангрд-ао
32	
92 670	
725	
730	
720	
735	
730
KAZTP	
Куйбазот-п
35	
88 364	
147,4	
149,8	
145,8	
149,8	
146,4
SAREP	
СаратЭн-ап
30	
86 958	
0,0916	
0,0898	
0,0898	
0,0938	
0,0922
GAZAP	
ГАЗ ап
24	
83 165	
320	
320,5	
318,5	
322	
320,5
RKKE	
ЭнергияРКК
10	
69 870	
4 990	
5 000	
4 970	
5 010	
4 970
YKENP	
Якутскэн-п
8	
69 455	
0,3475	
0,34	
0,34	
0,357	
0,345
RLMNP	
Роллман-п
78	
68 809	
19,44	
19,52	
19,08	
19,84	
19,54
MRKK	
Россети СК
51	
64 596	
26,26	
26,46	
26,1	
26,54	
26,24
VJGZ	
Варьеган
9	
62 952	
600	
604	
596	
604	
602
IGST	
Ижсталь2ао
19	
53 901	
856	
839	
839	
862	
855
VJGZP	
Варьеган-п
14	
53 670	
358	
357	
354	
364	
357
TORS	
ТРК ао
4	
51 940	
0,4	
0,403	
0,399	
0,403	
0,399
KGKC	
КурганГКао
23	
51 090	
55	
54	
54	
56	
56
DZRDP	
iДонскЗР п
13	
49 610	
1 600	
1 600	
1 580	
1 610	
1 610
IGSTP	
Ижсталь ап
32	
47 895	
684	
671	
671	
688	
683
JNOS	
Славн-ЯНОС
13	
44 910	
18,7	
19,1	
18,55	
19,1	
18,9
MISB	
ТНСэнМарЭл
12	
40 300	
11,2	
11,3	
11,1	
11,3	
11,2
MFGSP	
Мегион-ап
10	
40 085	
334	
338	
328	
340	
335
MFGS	
Мегион-ао
10	
38 930	
354	
355	
353	
355,5	
353,5
UCSS	
ОКС ао
14	
35 940	
1 440	
1 440	
1 430	
1 450	
1 450
VSYDP	
ВыбСудЗ ап
6	
31 640	
3 960	
3 940	
3 860	
4 000	
3 860
TGKDP	
Квадра-п
18	
31 390	
0,004025	
0,00403	
0,003895	
0,004045	
0,00404
KCHE	
КамчатЭ ао
10	
27 910	
0,1995	
0,1995	
0,196	
0,2	
0,1985
MGNZ	
СМЗ-ао
2	
16 190	
4 050	
4 040	
4 040	
4 050	
4 050
SARE	
СаратЭн-ао
2	
15 620	
0,1202	
0,1202	
0,12	
0,1202	
0,12
KROTP	
КрасОкт-1п
4	
15 545	
259	
258,5	
253,5	
261,5	
261,5
NNSBP	
ТНСэнНН ап
10	
10 319	
543	
540	
534	
559	
543
SAGOP	
СамарЭн-ап
2	
7 780	
0,389	
0,389	
0,389	
0,389	
0,389
TNSE	
ТНСэнрг ао
4	
3 970	
995	
990	
990	
995	
995
VGSBP	
ВолгЭнСб-п
2	
2 235	
1,12	
1,11	
1,11	
1,125	
1,125
YRSBP	
ТНСэнЯр-п
2	
1 725	
86,5	
85,5	
85,5	
87	
87
GAZC	
ГАЗКОН-ао
0	
0	
-	
-	
-	
-	
295
GTSS	
ГЕОТЕК ао
0	
0	
-	
-	
-	
-	
-
TRFM	
ТрансФ ао
0	
0	
-	
-	
-	
-	
-
KMTZ	
КосогМЗ ао
0	
0	
-	
-	
-	
-	
-
KZMS	
КЗМС ао
0	
0	
-	
-	
-	
-	
226
GAZS	
ГАЗ-сервис
0	
0	
-	
-	
-	
-	
293
HIMC	
Химпром ао
0	
0	
-	
-	
-	
-	
0,99
URKA	
Уркалий-ао
0	
0	
-	
-	
-	
-	
119,04
VZRZ	
Возрожд-ао
0	
0	
-	
-	
-	
-	
480
GAZT	
ГАЗ-Тек ао
0	
0	
-	
-	
-	
-	
85
KCHEP	
КамчатЭ ап
0	
0	
-	
-	
-	
-	
0,351
KSGR	
Кокс ао
0	
0	
-	
-	
-	
-	
-
MFON	
МегаФон ао
0	
0	
-	
-	
-	
-	
650,6
MORI	
Морион ао
0	
0	
-	
-	
-	
-	
4,31
BISV	
БашИнСв ао
0	
0	
-	
-	
-	
-	
8,7
KRKO	
ТКЗКК ао
0	
0	
-	
-	
-	
-	
11,8
KUNF	
КУЗОЦМ ао
0	
0	
-	
-	
-	
-	
-
NPOF	
Физика ао
0	
0	
-	
-	
-	
-	
11 850