SBER	
Сбербанк
52 799	
9 485 167 255	
209,9	
210,7	
208,1	
211,7	
208,72
LKOH	
ЛУКОЙЛ
74 742	
8 741 650 293	
5 120	
5 157,5	
5 061	
5 175	
5 085,5
GAZP	
ГАЗПРОМ ао
71 294	
8 117 351 480	
200,3	
201,48	
198,4	
202	
199,42
GMKN	
ГМКНорНик
39 656	
7 790 409 402	
18 660	
19 002	
18 422	
19 078	
18 550
PLZL	
Полюс
30 592	
4 326 046 343	
13 219,5	
12 954,5	
12 921	
13 394	
13 300
MGNT	
Магнит ао
26 212	
2 920 235 191	
4 322,5	
4 240	
4 224	
4 385	
4 308,5
MTSS	
МТС-ао
30 299	
2 070 361 967	
318,15	
321,15	
314	
322	
316,25
POLY	
Polymetal
22 643	
2 023 655 636	
1 440,6	
1 430	
1 421,1	
1 452,7	
1 443,9
YNDX	
Yandex clA
21 233	
1 789 359 741	
3 609,4	
3 590	
3 575,4	
3 658	
3 588,4
TATN	
Татнфт 3ао
21 122	
1 673 083 808	
555,6	
561,9	
549,2	
562,1	
551
MOEX	
МосБиржа
22 571	
1 446 181 256	
124,07	
122,65	
122,37	
124,95	
124,57
ROSN	
Роснефть
13 356	
1 438 738 827	
364,4	
366,85	
360,65	
367,45	
363,85
ALRS	
АЛРОСА ао
22 433	
1 406 271 061	
66,4	
66,77	
65,65	
66,98	
66,17
SBERP	
Сбербанк-п
19 783	
1 209 583 798	
193,01	
193,48	
191,39	
194,38	
191,59
SNGSP	
Сургнфгз-п
11 303	
1 168 792 725	
36,04	
35,755	
35,7	
36,15	
36,08
NVTK	
Новатэк ао
12 841	
1 053 541 028	
1 030,8	
1 045,4	
1 021	
1 047	
1 024,8
AFLT	
Аэрофлот
19 462	
1 039 495 794	
81,14	
80,9	
80,4	
82	
80,52
SNGS	
Сургнфгз
11 046	
995 787 144	
38,88	
38,99	
38,41	
39,435	
38,6
IRAO	
ИнтерРАОао
11 713	
980 441 453	
5,06	
5,0855	
5,026	
5,09	
5,0495
VTBR	
ВТБ ао
29 770	
901 366 630	
0,03525	
0,03564	
0,035	
0,03564	
0,035025
CHMF	
СевСт-ао
20 961	
892 017 334	
880,8	
894	
867,8	
896,8	
872
FIVE	
FIVE-гдр
11 878	
868 686 492	
2 501,5	
2 558,5	
2 461,5	
2 558,5	
2 509
NLMK	
НЛМК ао
12 522	
800 802 035	
140,98	
142,44	
138,92	
142,82	
139,96
AFKS	
Система ао
13 352	
757 677 318	
18,067	
18	
17,887	
18,359	
18
HYDR	
РусГидро
15 641	
616 125 480	
0,7675	
0,7766	
0,748	
0,7788	
0,7537
SIBN	
Газпрнефть
10 481	
479 735 893	
325,4	
328,95	
322,45	
329,15	
322,65
MAGN	
ММК
6 249	
447 335 915	
38,6	
38,565	
38,265	
38,76	
38,675
CBOM	
МКБ ао
10 759	
399 886 462	
5,627	
5,627	
5,554	
5,657	
5,6
TRNFP	
Транснф ап
1 413	
362 502 000	
138 200	
138 500	
136 750	
139 550	
136 750
TATNP	
Татнфт 3ап
7 843	
344 713 812	
540,3	
548,8	
533,1	
548,8	
534,9
OGKB	
ОГК-2 ао
10 055	
302 896 200	
0,7648	
0,756	
0,7536	
0,773	
0,7668
RUAL	
РУСАЛ ао
13 073	
299 069 832	
26,625	
26,905	
26,33	
27,1	
26,505
MAIL	
MAIL-гдр
11 711	
298 768 608	
1 810	
1 840,2	
1 782,6	
1 855	
1 808
FEES	
ФСК ЕЭС ао
7 726	
295 537 110	
0,19038	
0,19198	
0,18862	
0,19214	
0,1893
RSTI	
Россети ао
5 058	
272 481 776	
1,5455	
1,5627	
1,528	
1,5637	
1,5443
POGR	
Petropavl
4 646	
201 917 666	
23,485	
23,3	
22,905	
24,1	
24,1
DSKY	
ДетскийМир
9 833	
185 883 184	
104,26	
104,12	
103,54	
105,3	
105,3
NKNCP	
НКНХ ап
11 823	
184 241 674	
82,84	
83	
81,6	
84,22	
83,2
LNZL	
Лензолото
6 873	
181 531 100	
11 010	
9 580	
9 340	
12 990	
11 450
RTKM	
Ростел -ао
5 821	
141 794 840	
86,87	
87,17	
85,6	
87,86	
85,6
ENRU	
ЭнелРос ао
6 121	
111 350 335	
0,9715	
0,963	
0,961	
0,9795	
0,969
UPRO	
Юнипро ао
2 514	
101 605 312	
2,867	
2,861	
2,845	
2,887	
2,852
TCSG	
TCS-гдр
4 181	
101 000 816	
1 467,6	
1 463	
1 452,2	
1 489	
1 470,2
PHOR	
ФосАгро ао
2 837	
88 806 534	
2 602	
2 616	
2 593	
2 619	
2 594
TGKA	
ТГК-1
4 387	
81 767 572	
0,012342	
0,01228	
0,0122	
0,012466	
0,01235
NMTP	
НМТП ао
3 786	
81 093 937	
10,625	
10,66	
10,57	
10,725	
10,61
AKRN	
Акрон
1 930	
80 377 814	
5 580	
5 608	
5 534	
5 636	
5 600
BANEP	
Башнефт ап
3 450	
79 674 729	
1 362,5	
1 355,5	
1 350,5	
1 374	
1 350,5
PIKK	
ПИК ао
4 263	
69 117 174	
417,4	
419,3	
416,2	
420,4	
416,2
LNTA	
Лента др
3 628	
54 072 248	
174,6	
178,1	
172,1	
178,1	
174,9
LSRG	
ЛСР ао
3 124	
50 353 713	
727,4	
733,6	
715,6	
735	
717
QIWI	
iQIWI
2 246	
47 327 400	
1 272	
1 270	
1 257	
1 294	
1 277,5
SFIN	
САФМАР ао
631	
45 109 500	
459	
465,4	
456,6	
466,6	
465,4
NKNC	
НКНХ ао
2 918	
44 083 352	
94,45	
95,3	
93	
96,45	
94,7
CNTLP	
Телеграф-п
1 520	
42 145 038	
27,4	
27,4	
27,06	
27,5	
27,3
LNZLP	
Лензол. ап
2 926	
41 741 055	
4 065	
3 950	
3 865	
4 355	
4 060
MTLR	
Мечел ао
3 599	
37 374 667	
65,07	
64,95	
64,53	
65,61	
64,69
MSNG	
+МосЭнерго
1 443	
33 602 802	
2,117	
2,1255	
2,1055	
2,1355	
2,1065
AGRO	
AGRO-гдр
1 947	
32 382 466	
652,2	
655	
647,4	
657	
652,6
MVID	
М.видео
972	
32 198 291	
401,4	
401	
400,1	
404,2	
400,1
TRMK	
ТМК ао
358	
30 693 942	
60	
60	
59,94	
60,08	
59,94
ETLN	
ETLN-гдр
2 187	
30 585 427	
98,22	
99,4	
96,8	
99,7	
97,06
BANE	
Башнефт ао
1 711	
29 409 894	
1 745,5	
1 787,5	
1 724	
1 787,5	
1 724
MTLRP	
Мечел ап
906	
26 934 537	
84,7	
84,75	
83,6	
85,45	
84,1
VSMO	
ВСМПО-АВСМ
554	
22 869 180	
18 520	
18 740	
18 360	
18 860	
18 380
CNTL	
Телеграф
1 208	
22 566 725	
28,9	
30	
28,2	
30	
28,7
LSNGP	
РСетиЛЭ-п
1 082	
22 402 434	
155,35	
156,15	
154,75	
157,15	
155,25
RASP	
Распадская
705	
22 227 549	
109,82	
110,34	
108,66	
111,02	
109,46
RTKMP	
Ростел -ап
2 301	
21 315 917	
80,65	
81	
80	
81,25	
80,05
DIOD	
ЗаводДИОД
2 197	
17 459 606	
6,75	
6,2	
6,17	
7,2	
6,75
RSTIP	
Россети ап
785	
16 666 031	
2,108	
2,083	
2,07	
2,128	
2,08
BSPB	
БСП ао
1 344	
15 779 922	
40,95	
40,86	
40,73	
41,29	
40,73
ASSB	
АстрЭнСб
1 690	
14 114 473	
0,8865	
0,873	
0,802	
0,996	
0,862
SELG	
Селигдар
1 185	
13 079 133	
26,37	
26,24	
26	
26,7	
26
MRKP	
МРСК ЦП
544	
10 059 114	
0,1959	
0,1969	
0,1948	
0,1969	
0,1957
KRKNP	
СаратНПЗ-п
355	
9 331 380	
15 960	
16 000	
15 740	
16 200	
15 740
AQUA	
РусАква ао
478	
6 509 000	
200	
198,5	
198	
202	
200
RNFT	
РуссНфт ао
87	
6 427 795	
539,2	
541	
533,2	
541	
533,2
LIFE	
iФармсинтз
633	
6 028 445	
6,54	
6,59	
6,475	
6,595	
6,505
UNAC	
iАвиастКао
328	
5 349 904	
0,473	
0,474	
0,463	
0,48	
0,47
MSRS	
РСетиМР ао
259	
5 297 379	
1,1115	
1,126	
1,102	
1,1265	
1,11
KZOS	
ОргСинт ао
803	
4 940 620	
87,2	
87	
85,6	
88	
87,2
OBUV	
ОР ао
714	
4 425 618	
32,05	
32,25	
31,5	
32,4	
31,85
MRKV	
РсетВол ао
453	
4 375 832	
0,07345	
0,074	
0,0727	
0,074	
0,07295
URKZ	
УрКузница
145	
4 360 900	
13 720	
12 900	
12 880	
15 000	
13 720
MFGSP	
Мегион-ап
15	
3 802 430	
348	
347,5	
330,5	
348	
335
MRKC	
МРСК Центр
403	
3 403 775	
0,2822	
0,2838	
0,28	
0,2874	
0,282
SELGP	
Селигдар-п
189	
3 307 040	
26,85	
26,5	
26,25	
27,05	
26,85
ENPG	
ЭН+ГРУП ао
249	
3 230 486	
583,5	
587,5	
581,5	
594	
583,5
APTK	
Аптеки36и6
1 002	
3 087 471	
14,028	
14,036	
13,96	
14,098	
14,014
FESH	
ДВМП ао
266	
2 992 502	
7,46	
7,47	
7,4	
7,54	
7,49
ISKJ	
iИСКЧ ао
432	
2 836 756	
25,74	
26,2	
25,33	
26,2	
25,75
TGKB	
ТГК-2
189	
2 824 325	
0,003895	
0,003895	
0,00387	
0,003915	
0,003895
MSTT	
Мостотрест
313	
2 728 932	
166,5	
159,6	
159,05	
161,95	
160,25
SVAV	
СОЛЛЕРС
118	
2 608 000	
261	
259,5	
258	
262,5	
259
DVEC	
ДЭК ао
281	
2 418 468	
1,032	
1,033	
0,999	
1,075	
1,025
MRKU	
МРСК Ур
108	
2 396 416	
0,1556	
0,1558	
0,154	
0,1578	
0,1552
GCHE	
ЧеркизГ-ао
323	
2 383 964	
1 739	
1 744	
1 730	
1 747,5	
1 732
CHEP	
ЧТПЗ ао
79	
2 197 150	
203	
203	
203	
204	
203
YAKG	
ЯТЭК ао
35	
2 136 960	
41,25	
41,25	
41,25	
41,35	
41,25
CHGZ	
РН-ЗапСиб
183	
2 090 140	
36	
34,8	
33,4	
38	
34,4
PRTK	
ПРОТЕК ао
117	
2 079 536	
99,5	
99,2	
99	
99,7	
99,5
AMEZ	
АшинскийМЗ
518	
1 955 431	
4,135	
4,16	
4,075	
4,23	
4,145
INGR	
ИНГРАД ао
267	
1 892 566	
733	
737	
727	
738	
735
MGTSP	
МГТС-4ап
148	
1 710 176	
2 000	
1 992	
1 992	
2 014	
1 996
RBCM	
РБК ао
369	
1 660 311	
3,162	
3,21	
3,124	
3,22	
3,152
IRKT	
ИРКУТ-3
109	
1 651 770	
34,34	
34,54	
34,1	
34,6	
34,42
MOBB	
МосОблБанк
635	
1 579 444	
0,832	
0,86	
0,81	
0,864	
0,838
BELU	
Белуга ао
79	
1 553 290	
1 367	
1 380	
1 354	
1 380	
1 370
RGSS	
РГС СК ао
163	
1 514 497	
0,1472	
0,147	
0,1468	
0,1494	
0,1488
PMSBP	
ПермьЭнС-п
210	
1 446 864	
128,4	
129,2	
127,4	
130	
130
GTRK	
ГТМ ао
327	
1 435 862	
41,85	
41,95	
41,5	
42,3	
41,5
ZILL	
ЗИЛ ао
135	
1 376 875	
2 605	
2 570	
2 560	
2 650	
2 610
VRSBP	
ТНСэнВор-п
146	
1 321 800	
49,5	
51,5	
47,5	
52,5	
48
SLEN	
Сахэнер ао
128	
1 215 766	
4,495	
4,64	
4,4	
4,71	
4,45
MRKY	
РоссЮг ао
269	
1 167 974	
0,0491	
0,0496	
0,04875	
0,0497	
0,0488
STSBP	
СтаврЭнСбп
288	
1 161 383	
0,3485	
0,352	
0,3315	
0,365	
0,353
TTLK	
Таттел. ао
109	
1 149 415	
0,2825	
0,2815	
0,2795	
0,286	
0,2815
KZOSP	
ОргСинт ап
440	
940 541	
11,83	
12	
11,8	
12	
11,8
PRMB	
Приморье
27	
927 800	
23 800	
23 400	
23 400	
24 600	
23 400
GEMA	
iММЦБ ао
161	
899 009	
607,5	
610,5	
605,5	
611,5	
608
UNKL	
ЮУНК ао
122	
873 190	
4 140	
4 270	
4 000	
4 280	
4 040
PMSB	
ПермьЭнСб
74	
871 459	
130,3	
130,1	
129	
131,4	
129,8
VLHZ	
ВХЗ-ао
99	
869 992	
49,3	
48,9	
48,9	
49,75	
49,5
TRCN	
ТрансК ао
22	
840 730	
8 580	
8 545	
8 540	
8 600	
8 585
MRSB	
МордЭнСб
45	
830 990	
0,341	
0,343	
0,34	
0,344	
0,34
USBN	
УралСиб ао
125	
790 260	
0,0682	
0,0686	
0,0679	
0,069	
0,0679
LSNG	
РСетиЛЭ
134	
761 047	
6,01	
6,02	
5,99	
6,03	
5,99
KMAZ	
КАМАЗ
156	
724 084	
57	
56,4	
56,4	
57,4	
56,8
ALNU	
АЛРОСА-Нюр
11	
665 400	
55 400	
55 600	
55 400	
55 800	
55 400
IRGZ	
ИркЭнерго
103	
627 468	
11,76	
11,82	
11,64	
11,92	
11,66
MGNZ	
СМЗ-ао
24	
619 800	
4 000	
4 050	
3 980	
4 050	
4 000
TORSP	
ТРК ап
75	
610 915	
0,259	
0,2635	
0,257	
0,264	
0,2625
CHMK	
ЧМК ао
56	
596 435	
2 495	
2 475	
2 465	
2 510	
2 470
RUSP	
Русполимет
39	
562 695	
0,647	
0,6475	
0,644	
0,648	
0,645
UWGN	
ОВК ао
123	
546 471	
236	
238	
234,1	
238,9	
236,2
KRKOP	
ТКЗКК ап
163	
521 360	
5,73	
5,82	
5,67	
5,89	
5,69
KLSB	
КалужскСК
97	
520 391	
11,49	
11,58	
11,35	
11,6	
11,49
TGKBP	
ТГК-2 ап
52	
443 930	
0,00705	
0,00709	
0,007	
0,00712	
0,00704
TGKN	
ТГК-14
50	
408 860	
0,00312	
0,00314	
0,00311	
0,00314	
0,00312
JNOSP	
Слав-ЯНОСп
107	
395 890	
14,84	
14,46	
14,3	
15,88	
14,3
RUGR	
Русгрэйн
479	
389 085	
7,088	
7,07	
7,04	
7,14	
7,06
KRSBP	
Красэсб ап
30	
383 240	
7,1	
7,28	
7	
7,28	
7,1
TGKD	
Квадра
42	
383 172	
0,00308	
0,00309	
0,00306	
0,0031	
0,00309
JNOS	
Славн-ЯНОС
71	
379 330	
19,25	
19,1	
18,75	
19,75	
19,1
VRSB	
ТНСэнВорон
50	
355 620	
52,4	
53,2	
51	
53,8	
52,2
KRSB	
Красэсб ао
26	
352 050	
6,9	
6,96	
6,76	
7,09	
6,8
KRKN	
СаратНПЗ
21	
350 250	
12 950	
12 800	
12 800	
13 050	
12 950
BISVP	
БашИнСв ап
97	
326 587	
8,29	
8,45	
8,15	
8,47	
8,25
TNSE	
ТНСэнрг ао
75	
324 160	
980	
995	
970	
1 010	
980
MRKZ	
МРСК СЗ
65	
321 000	
0,0494	
0,0505	
0,04905	
0,0505	
0,0493
ROLO	
Русолово
27	
307 860	
3,948	
3,9	
3,9	
4	
3,966
BRZL	
БурЗолото
59	
297 393	
828	
824	
824	
831	
830
MRKS	
РсетСиб ао
17	
290 795	
0,2405	
0,242	
0,24	
0,242	
0,24
WTCM	
ЦМТ ао
82	
272 822	
8,7	
8,84	
8,6	
8,84	
8,68
SAGO	
СамарЭн-ао
28	
269 580	
0,428	
0,448	
0,426	
0,448	
0,426
VZRZP	
Возрожд-п
65	
267 622	
314,8	
313,6	
308,8	
324	
317,8
RZSB	
РязЭнСб
18	
258 500	
9,94	
9,98	
9,82	
10	
9,86
MGTS	
МГТС-5ао
29	
251 755	
2 400	
2 350	
2 350	
2 440	
2 370
ELTZ	
Электрцинк
77	
225 153	
160,5	
158	
158	
162	
159,5
KAZT	
Куйбазот
56	
223 664	
148,2	
146,4	
145	
153	
148,6
MAGEP	
МагадЭн ап
29	
198 695	
6,17	
6,45	
6,135	
6,45	
6,215
GAZAP	
ГАЗ ап
12	
195 000	
314,5	
316	
313,5	
316	
314
HIMCP	
Химпром ап
66	
193 170	
5,94	
5,93	
5,88	
5,99	
5,99
ROST	
РОСИНТЕРао
48	
190 090	
61,2	
61,6	
60	
62,6	
60,6
MISB	
ТНСэнМарЭл
24	
187 650	
12,7	
12,5	
12,4	
12,9	
12,8
UKUZ	
ЮжКузб. ао
21	
186 614	
526	
526	
524	
528	
524
ZVEZ	
ЗВЕЗДА ао
18	
171 440	
4,51	
4,52	
4,5	
4,565	
4,5
TASB	
ТамбЭнСб
37	
167 330	
0,4405	
0,4455	
0,4305	
0,4455	
0,4415
YKEN	
Якутскэнрг
26	
165 095	
0,359	
0,365	
0,355	
0,365	
0,356
VGSB	
ВолгЭнСб
22	
159 840	
1,6	
1,59	
1,57	
1,62	
1,59
GAZA	
ГАЗ ао
25	
157 505	
384	
385,5	
382	
392,5	
384,5
RDRB	
РДБанк ао
22	
156 900	
250	
245	
245	
250	
245
ROSB	
Росбанк ао
77	
150 056	
72,2	
70	
69,4	
74,4	
73,6
MISBP	
ТНСэМаЭл-п
28	
147 860	
12,4	
12,6	
12,2	
12,6	
12,6
WTCMP	
ЦМТ ап
33	
145 188	
8,08	
8,08	
8	
8,14	
8,06
TASBP	
ТамбЭнСб-п
32	
141 530	
0,363	
0,3655	
0,361	
0,3655	
0,361
KBSB	
ТНСэКубань
8	
140 350	
171	
171	
170,5	
175	
173
VGSBP	
ВолгЭнСб-п
57	
138 030	
1,12	
1,12	
1,11	
1,19	
1,125
RTSB	
ТНСэнРст
21	
137 000	
0,39	
0,39	
0,39	
0,395	
0,39
NAUK	
iНПОНаука
22	
130 912	
181,8	
183,4	
180,2	
183,8	
180,4
UTAR	
ЮТэйр ао
38	
129 072	
7,29	
7,37	
7,25	
7,37	
7,27
NKSH	
Нижкамшина
9	
128 190	
22,9	
22,08	
22,08	
23,06	
22,32
KGKCP	
КурганГКап
23	
126 150	
55	
55	
54	
56	
54
ABRD	
АбрауДюрсо
42	
125 770	
129,5	
130	
129	
130	
129,5
MAGE	
МагадЭн ао
17	
121 920	
7,08	
7,54	
7	
7,54	
7
NKHP	
НКХП ао
35	
121 275	
229	
229,5	
228	
230	
228
VSYD	
ВыбСудЗ ао
25	
120 375	
4 015	
4 040	
4 000	
4 045	
4 000
PAZA	
ПавлАвт ао
14	
114 600	
7 640	
7 650	
7 600	
7 690	
7 640
HALS	
Галс-Девел
14	
111 609	
775	
780	
760	
780	
764
RKKE	
ЭнергияРКК
15	
111 040	
5 050	
5 090	
5 010	
5 110	
5 030
TGKDP	
Квадра-п
48	
101 295	
0,00391	
0,003925	
0,003895	
0,003985	
0,0039
MRKK	
Россети СК
65	
86 967	
26,04	
26,02	
25,9	
26,46	
26
KROT	
КрасОкт-ао
20	
86 750	
347	
351,5	
345	
351,5	
346
NSVZ	
НаукаСвяз
33	
83 965	
227	
227,5	
224,5	
229	
225
BLNG	
Белон ао
45	
83 236	
4,042	
4	
4	
4,082	
4,068
RTSBP	
ТНСэнРст-п
12	
77 420	
0,31	
0,315	
0,306	
0,315	
0,311
RLMN	
Роллман
39	
76 719	
18,65	
18,4	
18,4	
18,75	
18,65
SAGOP	
СамарЭн-ап
14	
72 040	
0,4	
0,408	
0,395	
0,408	
0,402
STSB	
СтаврЭнСб
46	
64 462	
0,3905	
0,4015	
0,3865	
0,4015	
0,3875
LPSB	
ЛЭСК ао
27	
62 600	
7,75	
7,75	
7,7	
7,75	
7,75
NFAZ	
Нефтекамск
17	
59 862	
166,4	
164,8	
164,8	
168,4	
167,6
RLMNP	
Роллман-п
14	
55 781	
19,58	
19,12	
19,12	
19,68	
19,6
UCSS	
ОКС ао
10	
54 410	
1 430	
1 440	
1 430	
1 450	
1 450
IGSTP	
Ижсталь ап
21	
52 724	
667	
666	
656	
674	
660
RTGZ	
ГазпРнД ао
2	
46 200	
23 100	
23 100	
23 100	
23 100	
23 100
KOGK	
КоршГОК ао
1	
46 200	
46 200	
46 200	
46 200	
46 200	
46 200
VSYDP	
ВыбСудЗ ап
6	
44 980	
4 080	
4 060	
4 060	
4 140	
4 140
MFGS	
Мегион-ао
5	
44 940	
374,5	
375	
372	
375	
372
VJGZ	
Варьеган
14	
43 433	
587	
587	
584	
594	
586
OMZZP	
ОМЗ-ап
12	
42 950	
3 305	
3 290	
3 260	
3 325	
3 310
TORS	
ТРК ао
7	
37 830	
0,378	
0,376	
0,375	
0,381	
0,376
KMEZ	
КМЗ
19	
37 496	
452	
451	
451	
453	
451
KUZB	
КузнецкийБ
100	
35 221	
0,01579	
0,01609	
0,01554	
0,01609	
0,01581
TUZA	
ТЗА ао
6	
34 780	
94	
94	
94	
94	
94
NNSB	
ТНСэнНН ао
17	
33 630	
1 345	
1 355	
1 320	
1 410	
1 320
DZRD	
iДонскЗР
11	
33 075	
1 945	
1 930	
1 930	
1 950	
1 950
KAZTP	
Куйбазот-п
13	
30 222	
151,2	
149,2	
149,2	
153,8	
150,6
DZRDP	
iДонскЗР п
11	
28 480	
1 580	
1 600	
1 570	
1 610	
1 610
SAREP	
СаратЭн-ап
5	
26 388	
0,091	
0,0912	
0,0908	
0,0912	
0,091
CHKZ	
ЧКПЗ ао
5	
26 380	
5 280	
5 260	
5 260	
5 300	
5 260
ARSA	
Арсагера
8	
26 190	
3,27	
3,3	
3,24	
3,32	
3,25
KUBE	
Кубанэнр
18	
25 726	
71,5	
71,7	
71,2	
71,7	
71,2
YKENP	
Якутскэн-п
6	
23 525	
0,336	
0,34	
0,334	
0,34	
0,3345
KCHE	
КамчатЭ ао
5	
14 695	
0,21	
0,21	
0,209	
0,2105	
0,21
ALBK	
БестЭфБ ао
6	
13 890	
53,5	
53,5	
52,5	
53,5	
52,5
LVHK	
Левенгук
8	
12 566	
7,85	
7,86	
7,84	
7,86	
7,86
RAVN	
Raven
3	
11 790	
29,5	
29,5	
29,2	
29,7	
29,2
YRSBP	
ТНСэнЯр-п
2	
11 180	
86	
86	
86	
86	
86
KCHEP	
КамчатЭ ап
3	
10 560	
0,352	
0,348	
0,348	
0,354	
0,354
AVAN	
Авангрд-ао
11	
9 640	
690	
680	
680	
690	
690
IGST	
Ижсталь2ао
6	
9 221	
838	
846	
834	
846	
835
KROTP	
КрасОкт-1п
3	
7 700	
256,5	
255	
255	
257,5	
257,5
KGKC	
КурганГКао
4	
6 490	
54	
55	
54	
55	
54
KTSB	
КСБ ао
6	
5 416	
0,602	
0,606	
0,598	
0,61	
0,598
KTSBP	
КСБ ап
2	
5 195	
0,26	
0,254	
0,254	
0,2655	
0,26
SARE	
СаратЭн-ао
4	
4 720	
0,118	
0,118	
0,118	
0,118	
0,118
KBTK	
КузбТК ао
3	
4 574	
152,6	
152	
152	
153,4	
152
VJGZP	
Варьеган-п
1	
3 500	
350	
350	
350	
350	
350
YRSB	
ТНСэнЯр
1	
1 660	
166	
166	
166	
166	
166
NNSBP	
ТНСэнНН ап
1	
608	
608	
608	
608	
608	
608
GAZC	
ГАЗКОН-ао
0	
0	
-	
-	
-	
-	
295
GTSS	
ГЕОТЕК ао
0	
0	
-	
-	
-	
-	
-
NPOF	
Физика ао
0	
0	
-	
-	
-	
-	
11 850
KMTZ	
КосогМЗ ао
0	
0	
-	
-	
-	
-	
-
KZMS	
КЗМС ао
0	
0	
-	
-	
-	
-	
226
TRFM	
ТрансФ ао
0	
0	
-	
-	
-	
-	
-
GAZS	
ГАЗ-сервис
0	
0	
-	
-	
-	
-	
293
HIMC	
Химпром ао
0	
0	
-	
-	
-	
-	
0,99
GAZT	
ГАЗ-Тек ао
0	
0	
-	
-	
-	
-	
85
KSGR	
Кокс ао
0	
0	
-	
-	
-	
-	
-
URKA	
Уркалий-ао
0	
0	
-	
-	
-	
-	
119,04
VZRZ	
Возрожд-ао
0	
0	
-	
-	
-	
-	
480
MFON	
МегаФон ао
0	
0	
-	
-	
-	
-	
650,6
BISV	
БашИнСв ао
0	
0	
-	
-	
-	
-	
8,7
KRKO	
ТКЗКК ао
0	
0	
-	
-	
-	
-	
11,8
MORI	
Морион ао
0	
0	
-	
-	
-	
-	
4,31
KUNF	
КУЗОЦМ ао
0	
0	
-	
-	
-	
-	
-
RUSI	
ИКРУСС-ИНВ
0	
0	
-	
-	
-	
-	
37,2