SBER	
Сбербанк
63 085	
10 478 057 858	
218	
217,01	
216,8	
218,88	
217,48
POLY	
Polymetal
86 840	
8 601 441 095	
1 893,7	
1 895	
1 861	
1 920,9	
1 890
YNDX	
Yandex clA
70 090	
7 953 995 668	
4 704,8	
4 698,8	
4 650	
4 759	
4 694,8
GAZP	
ГАЗПРОМ ао
71 636	
7 295 015 317	
173,75	
172,72	
172,33	
175,35	
172,7
LKOH	
ЛУКОЙЛ
37 767	
5 086 465 871	
4 700,5	
4 701	
4 664	
4 758,5	
4 681
PLZL	
Полюс
32 107	
4 224 242 857	
16 676	
17 014,5	
16 518	
17 074	
16 582,5
GMKN	
ГМКНорНик
18 830	
3 390 437 766	
19 706	
19 842	
19 602	
19 900	
19 602
ROSN	
Роснефть
13 663	
1 701 905 791	
370,15	
367,7	
367,35	
372,75	
371,05
CHMF	
СевСт-ао
22 266	
1 510 403 036	
941	
928	
927	
947,4	
946,4
TATN	
Татнфт 3ао
17 224	
1 390 283 272	
526,6	
519,7	
519,7	
531,3	
528,5
SBERP	
Сбербанк-п
28 764	
1 383 817 929	
210,88	
210,75	
210	
211,91	
210,92
MGNT	
Магнит ао
16 589	
1 247 101 776	
4 462,5	
4 532	
4 403	
4 532	
4 465
SNGS	
Сургнфгз
11 285	
1 202 177 742	
35,09	
34,565	
34,415	
35,365	
35,015
NLMK	
НЛМК ао
15 407	
1 186 603 879	
159,82	
158,52	
158,1	
160,56	
159,48
IRAO	
ИнтерРАОао
13 121	
993 238 191	
5,288	
5,2195	
5,158	
5,355	
5,3195
NVTK	
Новатэк ао
11 797	
963 480 386	
1 100,8	
1 108,2	
1 087,8	
1 121,8	
1 088,6
DSKY	
ДетскийМир
17 816	
917 176 073	
111,66	
110,48	
109,6	
112,26	
112,1
MAGN	
ММК
15 160	
815 123 872	
36,915	
36,355	
36,205	
37,52	
37,435
MAIL	
MAIL-гдр
19 737	
793 810 459	
2 136,6	
2 101	
2 072,4	
2 170	
2 143
ALRS	
АЛРОСА ао
19 534	
786 342 452	
69,26	
69,36	
68,75	
69,76	
69,23
SNGSP	
Сургнфгз-п
11 130	
752 775 339	
37,39	
37,02	
37,02	
37,66	
37,59
MTSS	
МТС-ао
11 746	
716 773 126	
332,95	
331,15	
330,05	
336,65	
334,5
MOEX	
МосБиржа
13 129	
548 896 498	
136,1	
136,15	
135,05	
137,07	
135,9
HYDR	
РусГидро
14 849	
518 360 856	
0,7302	
0,723	
0,7182	
0,7409	
0,7398
VTBR	
ВТБ ао
18 999	
517 167 055	
0,034925	
0,03483	
0,03471	
0,03506	
0,035005
FIVE	
FIVE-гдр
8 186	
453 341 392	
2 618	
2 675	
2 585	
2 700	
2 586,5
TCSG	
TCS-гдр
8 771	
387 197 324	
1 820,4	
1 830	
1 800	
1 858,4	
1 837,6
AFKS	
Система ао
9 995	
342 617 600	
20,489	
20,48	
20,229	
20,774	
20,7
AFLT	
Аэрофлот
8 752	
333 157 974	
81,76	
81,14	
80,96	
82,2	
82,08
SIBN	
Газпрнефть
6 047	
270 519 089	
305,6	
304,5	
303,4	
308,9	
304,4
CBOM	
МКБ ао
7 602	
259 049 416	
5,818	
5,835	
5,762	
5,839	
5,825
MVID	
М.видео
5 270	
242 204 534	
577,4	
567,4	
559,3	
591,1	
586,4
FEES	
ФСК ЕЭС ао
6 515	
239 448 955	
0,19828	
0,20002	
0,19744	
0,2001	
0,1987
TATNP	
Татнфт 3ап
7 458	
232 245 542	
516,5	
511,8	
510,4	
521,1	
518,2
POGR	
Petropavl
4 621	
222 068 759	
34,795	
35,1	
34,25	
35,49	
35,285
RTKM	
Ростел -ао
6 594	
206 303 437	
94,69	
95	
93,93	
95,68	
94,66
RUAL	
РУСАЛ ао
8 478	
202 919 007	
31,25	
31,095	
30,78	
31,61	
31,425
RSTI	
Россети ао
3 904	
194 577 829	
1,431	
1,4351	
1,4158	
1,4518	
1,4518
TRNFP	
Транснф ап
879	
176 417 950	
135 700	
134 800	
134 800	
137 000	
135 550
PHOR	
ФосАгро ао
4 023	
172 057 632	
2 767	
2 759	
2 741	
2 792	
2 741
MTLR	
Мечел ао
20 679	
155 932 863	
61,86	
60,92	
60,66	
63,66	
62,18
UPRO	
Юнипро ао
3 967	
147 098 196	
2,721	
2,723	
2,693	
2,749	
2,749
PIKK	
ПИК ао
3 828	
147 022 330	
561,3	
552,2	
551	
568,5	
561,2
LSRG	
ЛСР ао
5 126	
70 649 426	
807,8	
815	
782,2	
859	
804,8
LNTA	
Лента др
3 937	
61 677 396	
202,6	
201,5	
200	
204,9	
203
QIWI	
iQIWI
3 646	
60 811 421	
1 206	
1 229,5	
1 194,5	
1 229,5	
1 206,5
OGKB	
ОГК-2 ао
2 431	
53 936 116	
0,7242	
0,7233	
0,7174	
0,7337	
0,7337
AGRO	
AGRO-гдр
2 817	
53 142 978	
726,4	
734	
719	
734	
730
MTLRP	
Мечел ап
3 001	
41 685 753	
68,25	
66,8	
65,85	
70,8	
68,85
ETLN	
ETLN-гдр
1 754	
39 276 973	
117,58	
116,5	
115,74	
118,5	
118,38
TGKA	
ТГК-1
1 663	
35 055 800	
0,01131	
0,01129	
0,011192	
0,01139	
0,01136
BANEP	
Башнефт ап
2 331	
33 682 312	
1 284	
1 288	
1 273	
1 295	
1 294
APTK	
Аптеки36и6
3 901	
32 810 571	
13,382	
13,402	
12,9	
13,584	
13,458
SELG	
Селигдар
1 493	
32 610 651	
42,43	
43,81	
41,5	
44,25	
42,8
SFIN	
САФМАР ао
175	
31 972 654	
528,6	
528,8	
528,2	
528,8	
528,2
ENRU	
ЭнелРос ао
1 346	
29 533 472	
0,91	
0,909	
0,9045	
0,9155	
0,9125
RASP	
Распадская
671	
23 921 816	
112,24	
111,22	
111,22	
112,9	
112,7
MRKV	
РсетВол ао
3 897	
22 177 247	
0,06805	
0,07	
0,0672	
0,0708	
0,068
AQUA	
РусАква ао
1 175	
18 135 520	
227,5	
226	
225,5	
230	
226
RTKMP	
Ростел -ап
1 509	
16 599 127	
86,25	
84,85	
84,8	
86,65	
86,5
TRMK	
ТМК ао
419	
14 870 222	
58,7	
58,36	
58,16	
58,84	
58,84
NMTP	
НМТП ао
1 615	
14 729 300	
8,62	
8,635	
8,56	
8,65	
8,62
NKNCP	
НКНХ ап
1 562	
12 558 631	
77,08	
77,1	
76,58	
77,76	
77,54
VRSB	
ТНСэнВорон
800	
11 410 120	
87,2	
82,4	
77	
95	
80,4
MSNG	
+МосЭнерго
635	
11 377 363	
2,03	
2,04	
2,01	
2,0505	
2,0505
MRSB	
МордЭнСб
1 011	
10 760 020	
0,446	
0,415	
0,408	
0,477	
0,414
FESH	
ДВМП ао
497	
10 737 666	
7,62	
7,5	
7,35	
7,79	
7,65
MRKP	
МРСК ЦП
660	
9 156 438	
0,2117	
0,208	
0,208	
0,2148	
0,2145
BSPB	
БСП ао
845	
8 731 485	
42,32	
42,68	
42,01	
42,68	
42,58
OBUV	
ОР ао
1 338	
7 936 210	
34,25	
33,75	
33,5	
34,85	
34,6
SELGP	
Селигдар-п
370	
7 875 405	
34,75	
34,15	
33,85	
35,75	
35,6
AKRN	
Акрон
360	
7 591 446	
5 992	
6 000	
5 952	
6 010	
6 010
LNZL	
Лензолото
135	
7 236 340	
18 000	
18 060	
17 830	
18 100	
18 080
RNFT	
РуссНфт ао
730	
7 227 619	
414	
421	
403,4	
426,4	
415,8
ISKJ	
iИСКЧ ао
765	
6 439 583	
22,91	
22,27	
22,03	
23,45	
23,35
LSNGP	
РСетиЛЭ-п
591	
6 034 482	
148,6	
148	
148	
149,2	
149,15
KRKNP	
СаратНПЗ-п
214	
5 492 640	
15 480	
15 560	
15 300	
15 600	
15 520
ENPG	
ЭН+ГРУП ао
346	
5 234 425	
645,5	
646,5	
642,5	
650	
644
BANE	
Башнефт ао
538	
5 154 663	
1 675	
1 670	
1 668	
1 689,5	
1 674
VSMO	
ВСМПО-АВСМ
180	
4 794 900	
17 380	
17 360	
17 300	
17 460	
17 400
ROLO	
Русолово
456	
4 603 396	
6,254	
6,58	
5	
6,608	
6,45
RUGR	
Русгрэйн
2 630	
4 304 647	
9,128	
9,402	
8,95	
9,48	
9,138
KMAZ	
КАМАЗ
554	
4 290 292	
62,3	
61	
61	
63,3	
62,5
CNTLP	
Телеграф-п
457	
3 980 320	
14,3	
14,38	
14,2	
14,52	
14,32
RSTIP	
Россети ап
375	
3 612 244	
1,998	
2,004	
1,983	
2,007	
1,998
VRSBP	
ТНСэнВор-п
348	
3 434 800	
48	
47	
46	
50,5	
47,5
NFAZ	
Нефтекамск
107	
3 232 510	
188	
186,2	
184	
190	
185,6
HIMCP	
Химпром ап
569	
3 188 140	
7,44	
7,26	
7,06	
7,68	
7,4
VGSB	
ВолгЭнСб
444	
3 159 000	
4,155	
4,785	
4,005	
4,84	
4,085
GCHE	
ЧеркизГ-ао
380	
2 949 861	
1 853	
1 852	
1 835	
1 878,5	
1 860
VGSBP	
ВолгЭнСб-п
403	
2 704 250	
1,905	
2,065	
1,82	
2,14	
1,855
BLNG	
Белон ао
732	
2 654 500	
4,236	
4,078	
4,03	
4,518	
4,16
LIFE	
iФармсинтз
470	
2 571 494	
7,105	
7,16	
7,05	
7,19	
7,13
KZOS	
ОргСинт ао
449	
2 549 345	
84,9	
85,2	
84,6	
85,7	
85,2
SVAV	
СОЛЛЕРС
128	
2 262 375	
276,5	
276,5	
274,5	
279	
278,5
BELU	
Белуга ао
253	
2 261 782	
1 291	
1 310	
1 279	
1 370	
1 296
LVHK	
Левенгук
571	
2 197 360	
8,36	
8	
7,94	
8,73	
8,18
CNTL	
Телеграф
369	
2 141 340	
16,7	
16,95	
16,6	
16,95	
16,7
RTSBP	
ТНСэнРст-п
276	
2 120 000	
0,568	
0,521	
0,514	
0,63	
0,535
LNZLP	
Лензол. ап
178	
1 968 385	
4 345	
4 360	
4 305	
4 390	
4 390
BRZL	
БурЗолото
298	
1 938 120	
1 112	
1 097	
1 085	
1 132	
1 120
TGKB	
ТГК-2
101	
1 848 995	
0,00428	
0,00427	
0,0042	
0,004295	
0,004295
SAGO	
СамарЭн-ао
134	
1 821 220	
0,578	
0,608	
0,56	
0,61	
0,578
ABRD	
АбрауДюрсо
315	
1 819 990	
202,5	
206	
197	
206	
203,5
NKHP	
НКХП ао
357	
1 790 480	
263,5	
268,5	
257	
275	
263,5
LSNG	
РСетиЛЭ
438	
1 786 676	
5,67	
5,6	
5,59	
5,84	
5,78
CHEP	
ЧТПЗ ао
144	
1 737 340	
204	
205	
201,5	
206	
206
NKNC	
НКНХ ао
359	
1 727 970	
89,85	
90	
89,7	
90,15	
89,85
IRKT	
ИРКУТ-3
122	
1 718 638	
34,1	
33,9	
33,54	
34,48	
34,28
MRKZ	
МРСК СЗ
293	
1 656 951	
0,0484	
0,04875	
0,04805	
0,0497	
0,0485
SAGOP	
СамарЭн-ап
180	
1 637 930	
0,443	
0,458	
0,431	
0,467	
0,445
AMEZ	
АшинскийМЗ
335	
1 444 523	
4,52	
4,48	
4,375	
4,59	
4,58
KLSB	
КалужскСК
249	
1 426 939	
13,32	
13,17	
12,81	
13,75	
13,32
RTSB	
ТНСэнРст
132	
1 334 650	
0,635	
0,61	
0,6	
0,66	
0,615
MGTSP	
МГТС-4ап
167	
1 268 500	
1 978	
1 974	
1 970	
1 988	
1 980
PRMB	
Приморье
41	
1 179 600	
27 400	
28 000	
26 000	
28 000	
28 000
NSVZ	
НаукаСвяз
173	
1 137 495	
218,5	
222,5	
217,5	
223	
219
UNKL	
ЮУНК ао
106	
1 109 000	
6 680	
6 630	
6 600	
6 770	
6 700
IRGZ	
ИркЭнерго
168	
1 106 374	
12,02	
12	
11,8	
12,26	
12,2
MRKC	
МРСК Центр
351	
1 025 853	
0,2876	
0,2894	
0,2856	
0,29	
0,289
SARE	
СаратЭн-ао
159	
993 960	
0,142	
0,1504	
0,135	
0,1506	
0,141
ELTZ	
Электрцинк
281	
947 211	
159	
179,5	
115	
184,5	
174,5
GAZA	
ГАЗ ао
112	
929 360	
397	
397,5	
384,5	
413,5	
406
UNAC	
iАвиастКао
211	
882 835	
0,4495	
0,45	
0,447	
0,4515	
0,4485
MSRS	
РСетиМР ао
70	
853 671	
1,16	
1,17	
1,156	
1,17	
1,163
KRKN	
СаратНПЗ
39	
851 650	
12 900	
12 650	
12 650	
13 100	
12 800
UTAR	
ЮТэйр ао
86	
826 969	
6,94	
6,91	
6,71	
7,04	
6,98
TTLK	
Таттел. ао
62	
806 360	
0,3225	
0,32	
0,318	
0,3265	
0,322
STSB	
СтаврЭнСб
168	
804 093	
0,5465	
0,521	
0,521	
0,568	
0,562
MRKU	
МРСК Ур
92	
802 522	
0,1434	
0,143	
0,142	
0,1456	
0,145
KTSBP	
КСБ ап
162	
764 125	
0,282	
0,271	
0,2705	
0,3005	
0,2835
NNSB	
ТНСэнНН ао
131	
753 870	
1 795	
1 735	
1 655	
1 925	
1 840
GEMA	
iММЦБ ао
59	
711 668	
590	
590	
588,5	
594	
590
RBCM	
РБК ао
206	
673 816	
3,286	
3,24	
3,238	
3,31	
3,254
ZILL	
ЗИЛ ао
46	
671 190	
2 495	
2 510	
2 450	
2 530	
2 480
RGSS	
РГС СК ао
176	
636 663	
0,1448	
0,145	
0,1436	
0,1462	
0,1456
KUZB	
КузнецкийБ
374	
591 757	
0,01504	
0,01508	
0,0149	
0,01529	
0,01507
MSTT	
Мостотрест
109	
575 575	
149,9	
150	
149,1	
150,4	
149,95
DIOD	
ЗаводДИОД
168	
551 883	
6,75	
6,83	
6,7	
6,83	
6,76
RKKE	
ЭнергияРКК
55	
546 540	
7 100	
7 100	
6 920	
7 200	
7 080
ALBK	
БестЭфБ ао
149	
543 535	
61	
61	
59	
62,5	
60,5
TGKD	
Квадра
74	
537 751	
0,00342	
0,00342	
0,003395	
0,003445	
0,00341
USBN	
УралСиб ао
57	
523 702	
0,0682	
0,068	
0,0651	
0,069	
0,0685
KTSB	
КСБ ао
204	
450 296	
0,64	
0,632	
0,602	
0,672	
0,618
RDRB	
РДБанк ао
75	
447 800	
230	
230	
225	
235	
225
URKZ	
УрКузница
14	
446 520	
15 940	
16 240	
15 820	
16 240	
15 900
CHGZ	
РН-ЗапСиб
50	
413 700	
52,4	
53,4	
51,8	
53,4	
52,4
KOGK	
КоршГОК ао
3	
406 800	
45 200	
45 200	
45 200	
45 200	
45 200
RTGZ	
ГазпРнД ао
14	
395 450	
26 350	
27 300	
25 100	
27 300	
26 850
ALNU	
АЛРОСА-Нюр
6	
392 800	
56 200	
56 200	
56 000	
56 200	
56 000
KZOSP	
ОргСинт ап
292	
381 139	
11,24	
11,4	
11,1	
11,4	
11,32
NNSBP	
ТНСэнНН ап
72	
378 471	
678	
673	
651	
687	
686
PMSBP	
ПермьЭнС-п
59	
366 988	
129,6	
128,6	
128,6	
131	
130,4
MRKY	
РоссЮг ао
128	
359 492	
0,0489	
0,04915	
0,0484	
0,04915	
0,04895
AVAN	
Авангрд-ао
66	
357 700	
885	
885	
860	
900	
875
GTRK	
ГТМ ао
86	
325 527	
42,65	
42,5	
42,5	
43	
42,9
EELT	
ЕвроЭлтех
91	
315 810	
7,88	
7,88	
7,66	
7,96	
7,8
STSBP	
СтаврЭнСбп
141	
313 730	
0,393	
0,385	
0,384	
0,3995	
0,399
SAREP	
СаратЭн-ап
71	
297 464	
0,121	
0,1278	
0,115	
0,129	
0,118
UWGN	
ОВК ао
67	
288 422	
225,9	
229,9	
225	
229,9	
225,7
BISVP	
БашИнСв ап
108	
283 527	
9,98	
10,14	
9,76	
10,14	
10,12
RAVN	
Raven
26	
283 345	
29,2	
30,15	
29	
30,15	
29,3
VLHZ	
ВХЗ-ао
78	
282 357	
54,2	
53,3	
53,25	
54,7	
54,15
RUSP	
Русполимет
73	
252 953	
0,6505	
0,65	
0,64	
0,654	
0,65
MFGS	
Мегион-ао
27	
237 700	
349,5	
350,5	
340	
350,5	
347
PAZA	
ПавлАвт ао
28	
236 600	
8 160	
8 340	
7 900	
8 340	
8 190
KUBE	
Кубанэнр
25	
207 538	
73,1	
74	
72,7	
74	
73
SLEN	
Сахэнер ао
32	
202 421	
6,86	
6,74	
6,735	
6,905	
6,895
KCHE	
КамчатЭ ао
22	
192 945	
0,2145	
0,211	
0,203	
0,217	
0,2085
JNOS	
Славн-ЯНОС
33	
190 090	
18,45	
18,05	
18,05	
18,65	
18,5
HALS	
Галс-Девел
37	
188 756	
1 234	
1 247	
1 223	
1 247	
1 228
KMEZ	
КМЗ
106	
186 270	
509	
502	
500	
516	
511
ASSB	
АстрЭнСб
68	
178 646	
0,77	
0,7605	
0,7605	
0,783	
0,7685
PMSB	
ПермьЭнСб
40	
177 643	
130,6	
129,1	
129,1	
132,5	
131,4
YAKG	
ЯТЭК ао
15	
162 745	
41,75	
41,75	
41,5	
41,9	
41,85
MRKS	
РсетСиб ао
12	
159 310	
0,2345	
0,234	
0,234	
0,237	
0,234
RLMN	
Роллман
110	
158 186	
18,1	
18	
17,65	
18,25	
17,85
MAGE	
МагадЭн ао
19	
155 250	
5,75	
5,62	
5,61	
5,82	
5,78
ZVEZ	
ЗВЕЗДА ао
21	
154 845	
4,69	
4,745	
4,635	
4,795	
4,64
KROT	
КрасОкт-ао
21	
145 590	
383	
384,5	
379	
385	
383,5
KBSB	
ТНСэКубань
36	
144 000	
138,5	
137,5	
137	
139	
138,5
NAUK	
iНПОНаука
35	
142 828	
201,2	
201	
200	
202,6	
200,6
JNOSP	
Слав-ЯНОСп
1	
142 000	
14,2	
14,2	
14,2	
14,2	
14,2
TUZA	
ТЗА ао
42	
138 070	
107	
103	
103	
109	
109
TGKN	
ТГК-14
25	
131 650	
0,00313	
0,00315	
0,00311	
0,00315	
0,00312
KAZT	
Куйбазот
25	
131 604	
153	
152,8	
152	
154,8	
152,8
OMZZP	
ОМЗ-ап
24	
130 460	
3 525	
3 475	
3 475	
3 615	
3 510
MRKK	
Россети СК
56	
130 441	
25,78	
24,5	
24,22	
26,2	
25,4
VJGZP	
Варьеган-п
21	
130 070	
342	
343	
337	
346	
343
CHMK	
ЧМК ао
22	
129 460	
2 640	
2 640	
2 620	
2 660	
2 645
DZRDP	
iДонскЗР п
24	
127 390	
1 870	
1 850	
1 850	
1 880	
1 880
MAGEP	
МагадЭн ап
10	
123 700	
6,51	
6,49	
6,45	
6,56	
6,56
MISB	
ТНСэнМарЭл
29	
122 490	
12,2	
12,5	
12,2	
12,5	
12,5
INGR	
ИНГРАД ао
44	
120 461	
793	
785	
784	
801	
795
YKENP	
Якутскэн-п
23	
119 740	
0,363	
0,366	
0,353	
0,3765	
0,37
MISBP	
ТНСэМаЭл-п
33	
118 240	
12,3	
12,2	
12,1	
12,5	
12,3
TGKBP	
ТГК-2 ап
62	
115 281	
0,00707	
0,00706	
0,00701	
0,00714	
0,0071
ROSB	
Росбанк ао
45	
112 680	
77,2	
79	
76,4	
79	
78
WTCMP	
ЦМТ ап
21	
108 372	
8,14	
8,18	
8,1	
8,2	
8,12
TNSE	
ТНСэнрг ао
25	
105 765	
990	
990	
980	
1 000	
1 000
MGNZ	
СМЗ-ао
14	
100 480	
4 570	
4 590	
4 530	
4 600	
4 600
MGTS	
МГТС-5ао
28	
100 270	
2 230	
2 225	
2 205	
2 250	
2 250
TASB	
ТамбЭнСб
18	
99 670	
0,4155	
0,4105	
0,4105	
0,4195	
0,4195
NKSH	
Нижкамшина
17	
99 116	
22,52	
22,32	
22,32	
22,76	
22,46
KRSBP	
Красэсб ап
33	
83 394	
6,78	
7,04	
6,32	
7,04	
6,9
KAZTP	
Куйбазот-п
13	
82 882	
148	
148,6	
147,2	
149,8	
148,8
ARSA	
Арсагера
20	
80 580	
4,03	
4	
4	
4,08	
4,02
KGKC	
КурганГКао
38	
75 195	
56,5	
56,5	
55,5	
59	
58
KRKOP	
ТКЗКК ап
58	
73 911	
8,215	
8,25	
8,12	
8,25	
8,21
YKEN	
Якутскэнрг
10	
66 745	
0,3925	
0,3995	
0,389	
0,3995	
0,391
RZSB	
РязЭнСб
15	
66 652	
9,26	
9,26	
9,22	
9,32	
9,24
KBTK	
КузбТК ао
21	
66 214	
150,4	
149,4	
149,4	
152	
150,2
TORSP	
ТРК ап
5	
64 325	
0,2795	
0,28	
0,2775	
0,28	
0,2775
DZRD	
iДонскЗР
23	
61 595	
2 055	
2 085	
2 020	
2 095	
2 040
DVEC	
ДЭК ао
27	
56 759	
0,915	
0,914	
0,912	
0,92	
0,916
TASBP	
ТамбЭнСб-п
14	
54 045	
0,318	
0,312	
0,312	
0,323	
0,3165
UCSS	
ОКС ао
9	
51 100	
1 460	
1 460	
1 460	
1 460	
1 460
TGKDP	
Квадра-п
16	
46 766	
0,003995	
0,00393	
0,00393	
0,00409	
0,004015
VZRZP	
Возрожд-п
7	
46 570	
310,4	
310,8	
308	
311	
310,2
ROST	
РОСИНТЕРао
15	
42 156	
61	
61,2	
61	
62	
61,8
VJGZ	
Варьеган
18	
42 109	
610	
610	
602	
620	
615
WTCM	
ЦМТ ао
9	
40 674	
9,04	
9,04	
9,02	
9,04	
9,04
UKUZ	
ЮжКузб. ао
10	
35 838	
528	
522	
522	
528	
528
RLMNP	
Роллман-п
27	
33 062	
18,36	
18,14	
18,14	
18,5	
18,5
IGST	
Ижсталь2ао
9	
30 838	
995	
1 010	
975	
1 010	
991
LPSB	
ЛЭСК ао
14	
29 065	
8,3	
8,3	
8,1	
8,35	
8,35
IGSTP	
Ижсталь ап
12	
28 246	
883	
896	
880	
896	
883
VSYDP	
ВыбСудЗ ап
7	
27 540	
3 940	
3 980	
3 880	
3 980	
3 960
KRSB	
Красэсб ао
20	
25 463	
6,88	
6,99	
6,85	
6,99	
6,88
GAZAP	
ГАЗ ап
4	
18 315	
305,5	
303	
303	
306,5	
306,5
YRSB	
ТНСэнЯр
5	
16 980	
170	
170	
168	
170	
170
KGKCP	
КурганГКап
10	
15 275	
54,5	
55	
54,5	
55	
55
KCHEP	
КамчатЭ ап
3	
11 340	
0,378	
0,37	
0,37	
0,389	
0,382
RUSI	
ИКРУСС-ИНВ
3	
11 340	
37,8	
37,9	
37,6	
37,9	
37,9
CHKZ	
ЧКПЗ ао
2	
10 740	
5 380	
5 340	
5 340	
5 400	
5 400
VSYD	
ВыбСудЗ ао
2	
8 070	
4 035	
4 040	
4 030	
4 040	
4 030
KROTP	
КрасОкт-1п
3	
8 060	
268,5	
265	
265	
275,5	
265,5
MFGSP	
Мегион-ап
1	
3 155	
315,5	
315,5	
315,5	
315,5	
315,5
YRSBP	
ТНСэнЯр-п
2	
2 625	
87,5	
87,5	
87,5	
87,5	
87,5
BISV	
БашИнСв ао
0	
0	
-	
-	
-	
-	
8,7
PRTK	
ПРОТЕК ао
0	
0	
-	
-	
-	
-	
99,6
GAZC	
ГАЗКОН-ао
0	
0	
-	
-	
-	
-	
295
GTSS	
ГЕОТЕК ао
0	
0	
-	
-	
-	
-	
-
NPOF	
Физика ао
0	
0	
-	
-	
-	
-	
11 850
TRCN	
ТрансК ао
0	
0	
-	
-	
-	
-	
8 595
KMTZ	
КосогМЗ ао
0	
0	
-	
-	
-	
-	
-
KZMS	
КЗМС ао
0	
0	
-	
-	
-	
-	
226
TRFM	
ТрансФ ао
0	
0	
-	
-	
-	
-	
-
GAZS	
ГАЗ-сервис
0	
0	
-	
-	
-	
-	
293
HIMC	
Химпром ао
0	
0	
-	
-	
-	
-	
0,99
GAZT	
ГАЗ-Тек ао
0	
0	
-	
-	
-	
-	
85
KSGR	
Кокс ао
0	
0	
-	
-	
-	
-	
-
MOBB	
МосОблБанк
0	
0	
-	
-	
-	
-	
0,698
URKA	
Уркалий-ао
0	
0	
-	
-	
-	
-	
119,04
VZRZ	
Возрожд-ао
0	
0	
-	
-	
-	
-	
480
BISV	
БашИнСв ао
0	
0	
-	
-	
-	
-	
8,7
MFON	
МегаФон ао
0	
0	
-	
-	
-	
-	
650,6
KRKO	
ТКЗКК ао
0	
0	
-	
-	
-	
-	
11,8
MORI	
Морион ао
0	
0	
-	
-	
-	
-	
4,31
TORS	
ТРК ао
0	
0	
-	
-	
-	
-	
0,414