SBER	
Сбербанк
99 680	
13 514 648 160	
206,27	
208,47	
204,4	
208,96	
206
GMKN	
ГМКНорНик
38 587	
7 916 168 452	
19 294	
18 988	
18 820	
19 488	
19 478
GAZP	
ГАЗПРОМ ао
63 446	
6 944 984 232	
167,19	
167,8	
165,77	
168,19	
167,07
AFLT	
Аэрофлот
146 154	
6 650 001 505	
59,92	
60,66	
59	
61,5	
60
YNDX	
Yandex clA
47 452	
5 128 772 802	
4 687,4	
4 732,2	
4 620,8	
4 766	
4 725,8
LKOH	
ЛУКОЙЛ
26 353	
3 800 951 243	
4 453,5	
4 510	
4 411	
4 510,5	
4 453,5
FLOT	
Совкомфлот
36 268	
3 250 445 613	
102,29	
100,5	
100,13	
103,29	
103
ALRS	
АЛРОСА ао
43 789	
2 555 031 774	
76,15	
77,89	
74,56	
78,64	
75,62
SBERP	
Сбербанк-п
34 066	
2 087 764 789	
199,55	
200,02	
197,53	
201,32	
199,8
PLZL	
Полюс
13 666	
2 038 133 892	
16 945	
16 950	
16 780	
17 063	
17 000
TATN	
Татнфт 3ао
33 694	
1 689 766 013	
456,4	
455,3	
451,5	
460,2	
458,4
MGNT	
Магнит ао
18 272	
1 542 066 070	
4 661	
4 718	
4 597	
4 719,5	
4 684,5
MTSS	
МТС-ао
20 649	
1 376 590 538	
329,55	
328,8	
327,5	
331,15	
329,9
POLY	
Polymetal
16 566	
1 283 359 659	
1 697,2	
1 683,9	
1 680,2	
1 709	
1 706,8
SNGS	
Сургнфгз
11 883	
1 257 941 094	
34,71	
35,18	
34,41	
35,26	
34,64
MOEX	
МосБиржа
17 718	
1 193 162 954	
149,79	
150,29	
148,84	
151,28	
149,59
ROSN	
Роснефть
11 862	
1 188 272 499	
386,6	
393	
383,8	
393	
386,2
MAGN	
ММК
21 184	
1 133 868 168	
36,06	
36,7	
35,63	
36,7	
35,72
SNGSP	
Сургнфгз-п
16 015	
1 084 715 304	
38,005	
38,63	
37,705	
38,63	
37,85
NLMK	
НЛМК ао
16 954	
1 030 313 741	
169,68	
170,44	
167,02	
171,86	
169
NVTK	
Новатэк ао
11 100	
1 006 366 473	
1 088,6	
1 078,2	
1 076	
1 098,6	
1 090
IRAO	
ИнтерРАОао
11 977	
869 040 450	
5,313	
5,35	
5,2625	
5,3795	
5,3055
AFKS	
Система ао
12 997	
785 276 859	
23,499	
23,75	
23,322	
23,826	
23,454
POGR	
Petropavl
17 607	
725 800 666	
31,89	
32,55	
31,21	
32,575	
31,925
MAIL	
MAIL-гдр
14 059	
598 365 351	
2 165,8	
2 185,4	
2 150,4	
2 185,4	
2 171,8
HYDR	
РусГидро
18 038	
471 909 350	
0,7203	
0,7258	
0,7119	
0,7299	
0,7142
TCSG	
TCS-гдр
11 027	
465 746 402	
1 967,8	
1 926	
1 910	
2 002	
1 992
VTBR	
ВТБ ао
22 848	
463 560 005	
0,03322	
0,033475	
0,033005	
0,033475	
0,03318
CHMF	
СевСт-ао
9 955	
458 563 816	
1 001	
1 004,2	
995,4	
1 007	
997,8
TATNP	
Татнфт 3ап
16 194	
404 557 724	
443,5	
445	
438,8	
449,9	
442,3
DSKY	
ДетскийМир
12 636	
364 552 026	
117,3	
119	
115,6	
119,42	
116,3
FIVE	
FIVE-гдр
6 166	
315 011 223	
2 832,5	
2 859,5	
2 810	
2 865	
2 826,5
MVID	
М.видео
5 316	
248 842 431	
663,9	
678,9	
654	
679,3	
658
CBOM	
МКБ ао
7 257	
236 751 593	
5,658	
5,678	
5,625	
5,692	
5,692
PIKK	
ПИК ао
4 400	
219 051 592	
558,7	
557	
547,1	
569,8	
567,6
RUAL	
РУСАЛ ао
10 106	
218 907 520	
31,67	
31,7	
31,095	
32,385	
31,9
RTKM	
Ростел -ао
9 509	
210 759 599	
93,5	
94,95	
92,56	
94,95	
93
TRNFP	
Транснф ап
889	
203 902 550	
146 050	
147 000	
145 350	
147 000	
145 550
LNTA	
Лента др
11 728	
166 920 153	
218,8	
223,3	
215,8	
223,6	
216,2
FEES	
ФСК ЕЭС ао
4 959	
165 715 017	
0,19544	
0,1977	
0,19444	
0,1977	
0,1945
SIBN	
Газпрнефть
4 832	
165 351 917	
285,75	
286	
283,55	
288,25	
286,05
RSTI	
Россети ао
3 396	
159 139 001	
1,419	
1,4298	
1,4105	
1,4316	
1,4213
PHOR	
ФосАгро ао
3 133	
114 293 441	
2 848	
2 867	
2 828	
2 873	
2 850
LSRG	
ЛСР ао
7 460	
92 692 802	
849,8	
859,8	
841,2	
859,8	
847,6
UPRO	
Юнипро ао
2 179	
79 660 899	
2,736	
2,748	
2,732	
2,75	
2,737
MTLR	
Мечел ао
6 864	
71 264 929	
60,13	
60,42	
59,32	
60,85	
60,46
OGKB	
ОГК-2 ао
2 276	
55 260 787	
0,7469	
0,751	
0,7382	
0,7598	
0,739
AGRO	
AGRO-гдр
2 553	
46 204 413	
742,8	
745	
735,8	
749	
739
QIWI	
iQIWI
2 523	
43 857 696	
1 321	
1 340,5	
1 287	
1 352,5	
1 308
TRMK	
ТМК ао
409	
40 291 039	
60,94	
60,92	
60,88	
61,04	
60,92
BANEP	
Башнефт ап
1 941	
33 577 313	
1 223	
1 227,5	
1 216	
1 229,5	
1 220
HHRU	
iHHRU-адр
403	
32 047 504	
1 841,4	
1 852,8	
1 826,2	
1 852,8	
1 835,4
APTK	
Аптеки36и6
5 660	
30 836 417	
13,998	
14,028	
13,842	
14,128	
14,08
RASP	
Распадская
1 142	
29 246 449	
118,9	
119,2	
117,88	
119,8	
118,5
RTKMP	
Ростел -ап
2 581	
28 903 966	
85,15	
86	
84,55	
86,2	
84,9
LSNGP	
РСетиЛЭ-п
1 008	
28 901 105	
153,65	
152,95	
151,75	
154,9	
153,4
TGKA	
ТГК-1
2 173	
28 503 409	
0,010794	
0,010846	
0,010726	
0,010902	
0,010738
NMTP	
НМТП ао
2 642	
25 225 887	
8,405	
8,435	
8,33	
8,485	
8,345
ETLN	
ETLN-гдр
4 636	
22 311 225	
122,16	
123,5	
121,56	
123,92	
121,8
ISKJ	
iИСКЧ ао
1 282	
21 327 174	
31,99	
33	
31,54	
33	
31,95
ENRU	
ЭнелРос ао
1 893	
20 386 225	
0,915	
0,918	
0,9105	
0,922	
0,916
OBUV	
ОР ао
3 189	
18 091 547	
30,45	
30,4	
29,95	
31,05	
30,7
LNZL	
Лензолото
112	
14 714 580	
19 090	
19 140	
18 910	
19 190	
19 050
FESH	
ДВМП ао
1 021	
14 362 067	
10,17	
10,14	
9,91	
10,67	
10,21
AQUA	
РусАква ао
843	
14 268 415	
241,5	
247,5	
236	
247,5	
236,5
AKRN	
Акрон
341	
13 100 342	
6 084	
6 126	
6 054	
6 166	
6 086
BSPB	
БСП ао
1 550	
12 999 397	
41,56	
41,53	
41,16	
41,96	
41,65
MTLRP	
Мечел ап
906	
11 112 077	
67	
67,7	
66,05	
68	
66,75
INGR	
ИНГРАД ао
458	
8 261 654	
862	
860	
843	
872	
872
MRKP	
МРСК ЦП
471	
7 974 817	
0,2208	
0,2241	
0,219	
0,2243	
0,2204
BRZL	
БурЗолото
1 070	
7 048 651	
1 005	
967	
932	
1 083	
1 010
MRKC	
МРСК Центр
961	
6 415 414	
0,3022	
0,2988	
0,2982	
0,306	
0,3006
SELG	
Селигдар
474	
6 021 917	
41,96	
41,78	
41,35	
42,49	
42,45
MSNG	
+МосЭнерго
469	
5 933 793	
2,03	
2,046	
2,0185	
2,049	
2,031
SVAV	
СОЛЛЕРС
128	
5 698 315	
289,5	
290	
285,5	
290,5	
288
VSMO	
ВСМПО-АВСМ
135	
5 381 480	
17 080	
17 100	
17 000	
17 140	
17 060
TTLK	
Таттел. ао
248	
5 070 975	
0,336	
0,3255	
0,3245	
0,34	
0,3375
NKNCP	
НКНХ ап
724	
4 954 870	
76,72	
77,06	
76,46	
77,06	
76,54
ENPG	
ЭН+ГРУП ао
729	
4 518 849	
694	
700	
690	
700	
694
LNZLP	
Лензол. ап
308	
4 338 715	
3 820	
3 855	
3 785	
3 870	
3 830
MSRS	
РСетиМР ао
161	
4 098 626	
1,158	
1,1575	
1,1445	
1,1705	
1,16
SELGP	
Селигдар-п
290	
3 646 670	
35,15	
34,55	
34,45	
35,9	
35,4
RSTIP	
Россети ап
366	
3 504 352	
1,995	
1,998	
1,99	
2,006	
1,998
LIFE	
iФармсинтз
589	
3 468 183	
6,71	
6,795	
6,62	
6,835	
6,715
RLMN	
Роллман
955	
3 311 851	
17,85	
17,1	
16,95	
22	
17,1
KRKNP	
СаратНПЗ-п
135	
3 236 500	
15 260	
15 380	
15 200	
15 400	
15 300
KZOS	
ОргСинт ао
636	
3 075 311	
79,2	
80,5	
78,9	
80,5	
79,4
GCHE	
ЧеркизГ-ао
407	
2 835 615	
1 848,5	
1 841	
1 840	
1 859,5	
1 849
UNAC	
iАвиастКао
592	
2 756 265	
0,4145	
0,4205	
0,408	
0,428	
0,4115
BANE	
Башнефт ао
349	
2 644 688	
1 631,5	
1 630	
1 627	
1 636	
1 632
CNTLP	
Телеграф-п
389	
2 547 678	
14,14	
14,2	
14,08	
14,2	
14,12
BELU	
Белуга ао
373	
2 206 833	
1 245	
1 265	
1 185	
1 267	
1 252
EELT	
ЕвроЭлтех
313	
2 164 222	
8,04	
7,76	
7,6	
8,16	
8,1
ABRD	
АбрауДюрсо
286	
2 081 150	
198,5	
195	
195	
203	
198,5
MRKV	
РсетВол ао
286	
2 041 406	
0,06845	
0,06835	
0,0682	
0,0689	
0,06875
TGKB	
ТГК-2
154	
2 019 070	
0,004	
0,004005	
0,00394	
0,00408	
0,003955
MGTSP	
МГТС-4ап
239	
1 940 830	
1 904	
1 916	
1 894	
1 916	
1 894
ROLO	
Русолово
136	
1 933 032	
6,118	
6,12	
5,98	
6,28	
6,22
TGKD	
Квадра
935	
1 909 804	
0,003775	
0,003765	
0,00374	
0,003845	
0,003815
NKNC	
НКНХ ао
434	
1 890 534	
88,55	
89,2	
87,5	
90,9	
88,1
RNFT	
РуссНфт ао
733	
1 739 017	
342,2	
343,8	
340	
348,4	
340,6
HIMCP	
Химпром ап
372	
1 722 940	
6,98	
6,99	
6,84	
7,06	
6,98
KMAZ	
КАМАЗ
666	
1 652 733	
59,7	
59,1	
59,1	
62	
59,6
AMEZ	
АшинскийМЗ
689	
1 589 828	
4,675	
4,78	
4,635	
4,79	
4,69
MRKS	
РсетСиб ао
67	
1 571 325	
0,2425	
0,239	
0,239	
0,247	
0,2465
SFIN	
САФМАР ао
43	
1 457 922	
476,4	
470,4	
469,8	
479	
476,6
IRKT	
ИРКУТ-3
143	
1 441 168	
32,38	
32,72	
32,06	
33,02	
32,1
CNTL	
Телеграф
224	
1 244 725	
16,55	
16,4	
16,4	
16,7	
16,5
BISVP	
БашИнСв ап
298	
1 197 939	
9,88	
10	
9,81	
10	
9,82
RGSS	
РГС СК ао
190	
1 118 740	
0,1418	
0,144	
0,1402	
0,145	
0,1418
KZOSP	
ОргСинт ап
663	
961 401	
10,95	
11,04	
10,8	
11,13	
11
MRSB	
МордЭнСб
78	
924 450	
0,438	
0,441	
0,434	
0,441	
0,44
VLHZ	
ВХЗ-ао
176	
900 736	
54,5	
53,35	
53,15	
56,95	
53,8
LSNG	
РСетиЛЭ
263	
837 815	
5,54	
5,58	
5,5	
5,6	
5,54
CHEP	
ЧТПЗ ао
91	
800 240	
208	
209	
205	
210	
210
UWGN	
ОВК ао
483	
796 894	
198,4	
202	
197,2	
202	
198,5
ALNU	
АЛРОСА-Нюр
14	
793 400	
56 600	
57 200	
56 000	
57 200	
57 000
RTGZ	
ГазпРнД ао
18	
764 400	
26 350	
26 900	
25 900	
27 000	
26 300
TGKBP	
ТГК-2 ап
282	
729 802	
0,00659	
0,0069	
0,00633	
0,0069	
0,00663
NSVZ	
НаукаСвяз
175	
702 280	
208	
213	
204,5	
213,5	
205,5
NFAZ	
Нефтекамск
56	
697 548	
207,6	
209,8	
205,2	
209,8	
208,8
MRKU	
МРСК Ур
149	
694 440	
0,1346	
0,1354	
0,1334	
0,136	
0,1352
RUGR	
Русгрэйн
1 290	
693 553	
9,084	
9,166	
9,012	
9,166	
9,084
GTRK	
ГТМ ао
964	
658 532	
42,55	
42,75	
42,25	
42,75	
42,55
DIOD	
ЗаводДИОД
137	
642 877	
7,14	
7,16	
7,07	
7,4	
7,18
IRGZ	
ИркЭнерго
117	
624 836	
11,36	
11,58	
11,24	
11,62	
11,34
NAUK	
iНПОНаука
122	
595 324	
194,6	
197,6	
192,8	
197,8	
194
VZRZP	
Возрожд-п
44	
547 436	
297,6	
297,6	
296	
304	
296,4
MAGEP	
МагадЭн ап
63	
540 970	
6,15	
5,69	
5,69	
6,4	
6,15
UNKL	
ЮУНК ао
43	
504 490	
6 550	
6 540	
6 500	
6 610	
6 540
SAGOP	
СамарЭн-ап
86	
502 050	
0,456	
0,489	
0,444	
0,489	
0,463
TGKN	
ТГК-14
30	
471 820	
0,00306	
0,00304	
0,00304	
0,00307	
0,00306
RBCM	
РБК ао
121	
447 236	
3,298	
3,294	
3,292	
3,328	
3,294
MRKY	
РоссЮг ао
304	
436 680	
0,04685	
0,04655	
0,04655	
0,0472	
0,047
TNSE	
ТНСэнрг ао
51	
406 070	
1 005	
1 020	
995	
1 040	
1 000
TGKDP	
Квадра-п
133	
404 907	
0,004765	
0,004765	
0,004585	
0,00499	
0,00477
MFGS	
Мегион-ао
93	
402 440	
327	
316,5	
316,5	
341	
319
KRSBP	
Красэсб ап
83	
399 108	
6,64	
7,16	
6	
7,18	
7,06
RLMNP	
Роллман-п
314	
362 638	
18,5	
18,18	
17,98	
19,26	
18,28
MRKZ	
МРСК СЗ
177	
361 052	
0,0491	
0,0497	
0,04875	
0,0497	
0,0494
LVHK	
Левенгук
79	
337 649	
8,18	
8,29	
8,13	
8,49	
8,2
DZRDP	
iДонскЗР п
78	
332 320	
1 520	
1 590	
1 460	
1 600	
1 540
YKEN	
Якутскэнрг
33	
323 955	
0,381	
0,383	
0,379	
0,385	
0,3795
KGKCP	
КурганГКап
101	
322 845	
56,5	
57	
56	
57	
56,5
MGNZ	
СМЗ-ао
54	
322 040	
4 880	
4 840	
4 750	
5 040	
4 980
NKHP	
НКХП ао
65	
317 460	
256	
259,5	
253,5	
259,5	
253,5
MFGSP	
Мегион-ап
50	
313 660	
293	
291,5	
287	
306	
290
YAKG	
ЯТЭК ао
22	
293 585	
49,75	
50,2	
49,5	
50,2	
50
IGSTP	
Ижсталь ап
51	
291 059	
851	
825	
825	
890	
837
MAGE	
МагадЭн ао
36	
287 700	
5,99	
5,78	
5,76	
6,17	
5,97
KLSB	
КалужскСК
106	
286 624	
13,09	
12,87	
12,87	
13,36	
13,07
ZVEZ	
ЗВЕЗДА ао
37	
280 195	
4,365	
4,4	
4,35	
4,4	
4,355
KBSB	
ТНСэКубань
40	
278 145	
134,5	
134,5	
134	
135,5	
135,5
HALS	
Галс-Девел
73	
272 600	
1 126	
1 140	
1 070	
1 158	
1 113
GAZA	
ГАЗ ао
33	
271 815	
394	
396,5	
390	
396,5	
391
UTAR	
ЮТэйр ао
68	
265 244	
6,68	
6,65	
6,64	
6,84	
6,68
KROT	
КрасОкт-ао
16	
240 190	
364	
365	
363	
365	
364
NNSB	
ТНСэнНН ао
57	
232 120	
1 870	
2 030	
1 820	
2 030	
1 905
BLNG	
Белон ао
32	
231 614	
4,204	
4,236	
4,162	
4,236	
4,17
ELTZ	
Электрцинк
93	
231 295	
163,5	
168	
162,5	
168	
165
SLEN	
Сахэнер ао
38	
226 810	
5,77	
5,66	
5,66	
5,84	
5,84
VRSB	
ТНСэнВорон
23	
219 080	
68,4	
69,4	
67,4	
70,2	
67,4
PMSBP	
ПермьЭнС-п
64	
205 298	
130	
130,4	
129,4	
130,4	
130
GEMA	
iММЦБ ао
80	
199 353	
595	
590	
590	
599	
595
RUSP	
Русполимет
99	
190 194	
0,634	
0,6305	
0,63	
0,64	
0,632
NNSBP	
ТНСэнНН ап
56	
189 956	
696	
718	
685	
718	
707
RKKE	
ЭнергияРКК
20	
177 240	
6 560	
6 690	
6 500	
6 700	
6 580
PMSB	
ПермьЭнСб
41	
176 167	
131,5	
132,2	
130,7	
132,2	
131,3
KUZB	
КузнецкийБ
197	
172 712	
0,01364	
0,01389	
0,01345	
0,01419	
0,0136
MRKK	
Россети СК
31	
169 092	
24,62	
24,62	
24,5	
24,74	
24,64
KAZT	
Куйбазот
30	
168 944	
153,6	
152,4	
151,6	
154	
152,8
SAGO	
СамарЭн-ао
21	
167 980	
0,58	
0,602	
0,57	
0,602	
0,59
CHMK	
ЧМК ао
41	
160 670	
2 470	
2 480	
2 455	
2 485	
2 480
KCHE	
КамчатЭ ао
34	
148 660	
0,2125	
0,217	
0,205	
0,22	
0,2125
KRKOP	
ТКЗКК ап
35	
141 065	
8,395	
8,43	
8,37	
8,475	
8,45
URKZ	
УрКузница
8	
140 420	
15 600	
15 880	
15 420	
15 880	
15 880
JNOSP	
Слав-ЯНОСп
15	
136 986	
13,7	
13,82	
13,62	
13,82	
13,66
UCSS	
ОКС ао
12	
135 440	
1 440	
1 450	
1 440	
1 450	
1 450
AVAN	
Авангрд-ао
50	
132 490	
825	
815	
810	
830	
825
MISBP	
ТНСэМаЭл-п
16	
129 970	
11,7	
11,9	
11,6	
11,9	
11,8
RDRB	
РДБанк ао
47	
129 650	
220	
220	
215	
225	
215
DVEC	
ДЭК ао
66	
128 191	
0,909	
0,907	
0,906	
0,913	
0,909
TASBP	
ТамбЭнСб-п
31	
119 035	
0,2975	
0,297	
0,285	
0,3135	
0,2855
YKENP	
Якутскэн-п
13	
107 250	
0,37	
0,3705	
0,369	
0,3705	
0,37
WTCMP	
ЦМТ ап
23	
105 552	
8,06	
8,16	
8	
8,16	
8,14
ARSA	
Арсагера
11	
104 750	
3,61	
3,58	
3,57	
3,69	
3,69
ALBK	
БестЭфБ ао
17	
104 730	
57,5	
57,5	
57,5	
58,5	
58
PAZA	
ПавлАвт ао
12	
104 490	
8 040	
8 090	
7 940	
8 100	
8 000
PRMB	
Приморье
4	
104 400	
26 200	
26 200	
26 000	
26 200	
26 000
VJGZ	
Варьеган
43	
104 065	
602	
607	
595	
607	
600
RTSB	
ТНСэнРст
13	
103 000	
0,54	
0,56	
0,53	
0,57	
0,54
RTSBP	
ТНСэнРст-п
12	
98 080	
0,49	
0,5	
0,488	
0,5	
0,496
KUBE	
Кубанэнр
32	
96 159	
70,7	
71,5	
70,1	
72,2	
70,9
STSBP	
СтаврЭнСбп
37	
90 862	
0,374	
0,378	
0,3725	
0,378	
0,3725
VGSB	
ВолгЭнСб
9	
90 540	
3,935	
3,95	
3,92	
3,95	
3,92
IGST	
Ижсталь2ао
31	
90 195	
949	
954	
933	
961	
942
VGSBP	
ВолгЭнСб-п
27	
79 505	
1,85	
1,88	
1,81	
1,925	
1,855
RUSI	
ИКРУСС-ИНВ
2	
79 420	
37,8	
38,2	
37,8	
38,2	
37,8
STSB	
СтаврЭнСб
39	
78 712	
0,543	
0,5695	
0,537	
0,5695	
0,5395
MGTS	
МГТС-5ао
13	
73 965	
2 175	
2 175	
2 155	
2 180	
2 175
ROSB	
Росбанк ао
17	
71 716	
76,2	
76,8	
75	
76,8	
76
NKSH	
Нижкамшина
15	
70 796	
22,12	
22,36	
22,02	
22,36	
22,16
KBTK	
КузбТК ао
29	
70 246	
146,4	
150,6	
145,4	
150,6	
145,4
USBN	
УралСиб ао
14	
66 575	
0,0666	
0,0675	
0,0664	
0,0675	
0,0666
ASSB	
АстрЭнСб
18	
66 275	
0,753	
0,752	
0,7515	
0,7595	
0,7535
KGKC	
КурганГКао
26	
64 250	
55,5	
54,5	
54,5	
56	
55,5
CHGZ	
РН-ЗапСиб
11	
62 160	
51,8	
51,6	
51,6	
52,2	
51,8
RAVN	
Raven
18	
60 910	
27,7	
27,85	
27,5	
28	
27,6
DZRD	
iДонскЗР
21	
60 195	
2 005	
2 030	
2 000	
2 030	
2 000
KTSBP	
КСБ ап
15	
57 390	
0,287	
0,2925	
0,281	
0,2925	
0,2855
TUZA	
ТЗА ао
38	
56 670	
103	
103	
102	
104	
103
VJGZP	
Варьеган-п
16	
55 480	
326	
324	
322	
331	
327
KAZTP	
Куйбазот-п
10	
54 442	
151,2	
152,4	
150,4	
152,4	
150,4
TASB	
ТамбЭнСб
13	
52 665	
0,405	
0,412	
0,398	
0,4185	
0,4
KCHEP	
КамчатЭ ап
10	
49 320	
0,379	
0,375	
0,367	
0,385	
0,37
SAREP	
СаратЭн-ап
21	
46 174	
0,1074	
0,107	
0,106	
0,1118	
0,1064
KOGK	
КоршГОК ао
1	
45 600	
45 600	
45 600	
45 600	
45 600	
45 600
RZSB	
РязЭнСб
18	
42 452	
9,04	
9,06	
8,98	
9,12	
9
VRSBP	
ТНСэнВор-п
9	
40 450	
45	
45,5	
44,5	
45,5	
45,5
VSYD	
ВыбСудЗ ао
6	
38 475	
3 850	
3 825	
3 825	
3 965	
3 965
KRKN	
СаратНПЗ
2	
36 000	
12 000	
12 000	
12 000	
12 000	
12 000
LPSB	
ЛЭСК ао
15	
35 040	
7,95	
8,1	
7,95	
8,1	
8
KRSB	
Красэсб ао
13	
32 509	
7,07	
7,1	
7,04	
7,1	
7,05
KMEZ	
КМЗ
32	
29 792	
513,5	
516	
506	
519	
512,5
KROTP	
КрасОкт-1п
5	
28 550	
259,5	
258,5	
258,5	
261	
261
VSYDP	
ВыбСудЗ ап
7	
26 780	
3 820	
3 860	
3 780	
3 880	
3 880
SARE	
СаратЭн-ао
14	
23 732	
0,1318	
0,132	
0,1312	
0,1326	
0,1326
MISB	
ТНСэнМарЭл
8	
21 620	
12	
12,1	
11,9	
12,1	
12
CHKZ	
ЧКПЗ ао
4	
20 920	
5 240	
5 220	
5 220	
5 260	
5 260
WTCM	
ЦМТ ао
15	
19 464	
8,84	
8,84	
8,76	
8,92	
8,92
TORS	
ТРК ао
5	
19 350	
0,387	
0,391	
0,384	
0,391	
0,39
UKUZ	
ЮжКузб. ао
4	
12 500	
500	
498	
498	
502	
500
GAZAP	
ГАЗ ап
4	
12 355	
309	
309	
308,5	
309	
309
YRSB	
ТНСэнЯр
2	
11 720	
168	
168	
166	
168	
166
ZILL	
ЗИЛ ао
3	
9 960	
2 490	
2 475	
2 475	
2 505	
2 505
TORSP	
ТРК ап
3	
8 325	
0,2775	
0,2765	
0,2755	
0,2805	
0,2805
JNOS	
Славн-ЯНОС
2	
7 245	
18,1	
18,15	
18	
18,15	
18
ROST	
РОСИНТЕРао
8	
4 932	
61,6	
61,8	
61,2	
61,8	
61,8
KTSB	
КСБ ао
3	
3 680	
0,614	
0,62	
0,612	
0,62	
0,612
MFON	
МегаФон ао
0	
0	
-	
-	
-	
-	
650,6
DERZP	
Держава ап
0	
0	
-	
-	
-	
-	
-
GAZC	
ГАЗКОН-ао
0	
0	
-	
-	
-	
-	
295
GAZS	
ГАЗ-сервис
0	
0	
-	
-	
-	
-	
293
GAZT	
ГАЗ-Тек ао
0	
0	
-	
-	
-	
-	
85
GTSS	
ГЕОТЕК ао
0	
0	
-	
-	
-	
-	
-
HIMC	
Химпром ао
0	
0	
-	
-	
-	
-	
0,99
KMTZ	
КосогМЗ ао
0	
0	
-	
-	
-	
-	
-
KRKO	
ТКЗКК ао
0	
0	
-	
-	
-	
-	
11,8
KSGR	
Кокс ао
0	
0	
-	
-	
-	
-	
-
KUNF	
КУЗОЦМ ао
0	
0	
-	
-	
-	
-	
-
KZMS	
КЗМС ао
0	
0	
-	
-	
-	
-	
226
MFON	
МегаФон ао
0	
0	
-	
-	
-	
-	
650,6
MOBB	
МосОблБанк
0	
0	
-	
-	
-	
-	
0,698
MORI	
Морион ао
0	
0	
-	
-	
-	
-	
4,31
MSTT	
Мостотрест
0	
0	
-	
-	
-	
-	
161
NPOF	
Физика ао
0	
0	
-	
-	
-	
-	
11 850
OMZZP	
ОМЗ-ап
0	
0	
-	
-	
-	
-	
3 460
PRTK	
ПРОТЕК ао
0	
0	
-	
-	
-	
-	
99,6
TRCN	
ТрансК ао
0	
0	
-	
-	
-	
-	
8 595
TRFM	
ТрансФ ао
0	
0	
-	
-	
-	
-	
-
MOBB	
МосОблБанк
0	
0	
-	
-	
-	
-	
0,698
URKA	
Уркалий-ао
0	
0	
-	
-	
-	
-	
119,04
VZRZ	
Возрожд-ао
0	
0	
-	
-	
-	
-	
480